10.299377
9.505707
9.862442
10.78421
12.763016
13.354385
11.899902
9.652954
7.9722137
7.9590454
9.353668
10.38797
10.225159
9.080734
7.5687866
6.7655334
7.0025635
7.6454163
8.290649
8.7539215
8.938278
8.904755
9.019684
9.089111
8.990952
9.268677
9.667313
10.42627
10.276627
9.243546
9.236359
11.028412
12.694778
12.083054
9.939056
8.710831
9.455429
10.554367
10.731537
9.869629
8.346909
7.178543
6.9594727
7.2467804
7.6298523
7.786667
7.894409
7.708847
8.162552
8.988556
9.910324
10.457397
10.338882
10.097076
10.21199
10.572327
10.727936
10.828491
10.944611
12.352417
13.677597
13.039551
10.885956
8.86525
7.7483673
7.9757996
8.943069
9.569153
9.159744
7.993759
6.9989777
6.6458282
6.89003
7.6537933
8.581543
9.466202
9.958206
9.943848
9.591904
9.462616
9.663712
9.936661
9.966583
9.450638
9.0460205
9.704422
11.111023
11.905884
10.660904
8.88681
7.980591
8.648575
10.274246
11.630554
11.403107
9.883987
8.472595
7.633438
7.2431793
6.9474945
7.0336914
7.577179
7.7723083
8.215225
9.062775
9.948624
10.159317
9.885178
9.807373
10.22995
10.913498
11.181641
11.125381
11.282196
12.0902405
12.594223
11.762238
10.429871
9.567947
9.105881
8.795822
8.704849
8.764694
8.429504
7.6106873
6.838562
6.4962006
6.5404816
7.036087
7.69928
8.56958
9.429092
9.99292
10.018066
9.862442
10.055176
10.384369
10.465775
10.030029
9.219589
9.031647
10.334091
11.650909
11.205597
9.784622
9.091507
9.936661
11.25946
11.831665
10.834488
9.193253
7.8441315
6.9079895
6.541687
6.743988
7.305435
7.9039917
8.079956
8.311005
8.577942
8.998138
9.520065
10.085098
9.97258
9.91153
10.062363
10.113831
9.881592
10.154541
11.735901
13.581833
13.410645
11.015244
8.787445
8.342117
9.271072
9.842087
10.208405
10.2682495
9.347687
8.017715
7.091156
7.079178
7.562805
7.993759
8.151779
8.354095
8.797012
9.3824005
9.648163
9.418304
9.408737
9.7966
10.020462
9.897156
9.442261
8.721603
8.484573
10.125793
11.7981415
10.859619
9.020874
8.245163
8.940674
10.3628235
10.670486
9.412323
8.381622
8.421127
8.810181
8.637802
8.032074
7.791458
8.088333
7.7938538
6.934326
7.814209
9.278259
8.82814
7.973419
7.0576324
7.684906
8.503723
8.464233
8.066788
8.182907
9.642181
11.121796
11.826889
11.898712
11.346848
10.955383
12.440994
13.80928
12.314102
9.24234
7.130661
7.4431
9.584717
11.033203
10.630981
8.978989
7.5245056
7.0432587
7.2168427
7.3269806
6.893631
6.5799866
6.94989
7.6382294
8.549225
9.572739
10.282623
10.646545
10.393951
10.008484
10.140167
9.928284
8.735962
9.627808
13.202347
14.904633
12.502045
9.019684
7.798645
8.7659
9.199249
7.9315186
6.3573303
6.0185547
6.617096
7.1450195
7.6693573
8.0177
8.470215
9.49852
10.121017
9.731949
9.097488
9.037628
9.231567
9.4219055
10.28981
11.348038
11.107422
10.280228
12.020813
14.26059
13.627319
10.472961
8.283463
9.030457
10.235931
9.648163
7.8955994
6.2914886
5.830597
6.3932495
7.197693
7.909958
8.221222
7.9710236
7.7304077
7.962631
8.563583
9.24353
9.601471
9.626602
10.152145
11.453384
13.009628
13.476486
12.695984
11.605423
11.27861
11.345642
10.917084
9.83252
8.829346
8.441483
8.315781
8.208054
8.0464325
7.498169
6.929535
6.9031982
7.7268066
8.550415
8.890396
9.231567
9.460205
9.297409
8.777863
8.464218
8.837723
9.512894
10.215591
10.903915
11.846039
12.803711
12.46254
10.542389
9.007706
9.362045
10.735123
10.974548
9.485352
7.826172
7.324585
8.281067
9.057983
8.843704
7.751953
6.797867
6.6314545
7.2012787
7.842926
7.9985504
7.7770996
7.841736
8.792236
9.804977
10.179672
10.194031
10.395157
11.241501
11.637741
10.489731
10.268265
11.9561615
12.977295
11.551544
8.86525
7.6513977
8.513306
9.3405
9.198044
8.4965515
7.9279327
7.6777344
7.645401
8.158966
8.847305
9.001724
8.792236
8.722794
9.26149
9.900742
9.91391
9.423111
9.412338
10.192841
11.275024
10.960175
10.047989
10.854843
12.731888
13.381912
11.715546
9.344101
8.020111
7.7495575
7.774704
7.9518585
7.8680725
7.4933777
7.2958527
7.446686
7.7112427
7.8955994
7.7531433
7.6705475
8.352905
9.297409
9.615829
9.614639
10.377197
11.676041
12.419449
11.409103
10.104248
9.680481
9.957016
10.890747
11.654495
11.508453
10.174881
8.798218
8.01651
7.772293
7.8680725
7.7974396
7.708847
7.886017
8.255936
8.633026
8.465424
7.9159546
7.7351837
8.17572
9.030457
9.620621
10.069534
11.161301
12.585846
13.554291
12.786957
10.320938
8.968201
10.617813
12.356003
11.387543
8.66893
6.3381653
6.019745
7.671753
9.229172
9.725967
8.773071
7.36528
6.834976
7.3772583
7.9387054
8.056015
7.814209
7.6310425
7.70047
8.585129
9.4769745
9.553589
9.688858
10.603439
11.658096
11.976517
11.476135
10.331711
9.607452
10.1844635
11.999268
14.006805
11.934631
8.593506
8.835327
10.055176
9.032852
