0.05873108
-0.04725647
-0.37641907
-0.7657776
-1.011322
-0.8605957
-0.38601685
0.07737732
0.24995422
0.10508728
-0.1394043
-0.26350403
-0.21183777
-0.055252075
0.06619263
0.062469482
-0.017959595
-0.08241272
-0.095199585
-0.022232056
0.045959473
0.043823242
0.010803223
-0.05152893
-0.07601929
-0.08294678
-0.090408325
-0.0046539307
0.25527954
0.3564911
0.12106323
-0.21662903
-0.24327087
0.054473877
0.21746826
0.038497925
-0.16230774
-0.07122803
0.24676514
0.4976349
0.5088196
0.28297424
0.0028076172
-0.15005493
-0.11917114
-0.014770508
0.05821228
0.027297974
-0.11010742
-0.2374115
-0.25924683
-0.15005493
0.021987915
0.110946655
0.053955078
-0.046722412
-0.11489868
-0.15698242
-0.2571106
-0.44406128
-0.40838623
-0.042999268
0.3527527
0.50401306
0.35595703
0.0033416748
-0.29493713
-0.3386078
-0.17614746
-0.005706787
0.04170227
0.015579224
-0.019561768
-0.021697998
0.017196655
0.060333252
0.09655762
0.12852478
0.15568542
0.17166138
0.23451233
0.358078
0.48217773
0.5082855
0.30322266
-0.057373047
-0.2693634
-0.13194275
0.17805481
0.2941742
0.12745667
-0.17189026
-0.35404968
-0.28108215
-0.032348633
0.104019165
0.0635376
-0.008377075
-0.022232056
0.00440979
0.026779175
0.07684326
0.09762573
-0.02116394
-0.1585846
-0.17456055
-0.06111145
0.047027588
0.04862976
-0.043533325
-0.13461304
-0.14419556
-0.15219116
-0.2331543
-0.3327484
-0.28215027
-0.07548523
0.097091675
0.16793823
0.16793823
0.1104126
0.0033416748
-0.07548523
-0.048858643
0.040634155
0.09283447
0.0874939
0.050216675
-0.0030517578
-0.04246521
-0.073898315
-0.052581787
0.025177002
0.10720825
0.12638855
0.15248108
0.27764893
0.468338
0.5860443
0.49975586
0.17112732
-0.17137146
-0.17349243
0.13597107
0.34849548
0.23451233
-0.05897522
-0.24539185
-0.18467712
0.029968262
0.19030762
0.24195862
0.20095825
0.10134888
0.028366089
0.019851685
0.05128479
0.06512451
0.015594482
-0.06324768
-0.106918335
-0.057907104
0.06939697
0.18177795
0.12957764
-9.1552734E-4
-0.10424805
-0.213974
-0.44459534
-0.71624756
-0.7002716
-0.24645996
0.2749939
0.44117737
0.23344421
-0.078689575
-0.25231934
-0.29067993
-0.16230774
0.05821228
0.20574951
0.21427917
0.12425232
0.0635376
0.0635376
0.028366089
-0.07015991
-0.17082214
-0.17295837
-0.05152893
0.0635376
0.10241699
0.19828796
0.3772583
0.48112488
0.46566772
0.35435486
0.17858887
0.03956604
0.16633606
0.3293152
0.1578064
-0.19639587
-0.46217346
-0.44247437
-0.20118713
-0.050460815
-0.13887024
-0.26882935
-0.28533936
-0.21076965
-0.1559143
-0.2054596
-0.2885437
-0.35990906
-0.28375244
-0.090408325
0.10241699
0.24942017
0.17752075
0.07525635
0.038497925
0.19242859
0.37139893
0.37139893
0.19296265
0.08270264
0.21905518
0.36128235
0.31175232
0.09283447
-0.29014587
-0.6768341
-0.6203766
-0.16230774
0.16261292
0.06619263
-0.3109131
-0.5585785
-0.44247437
-0.13833618
0.06726074
0.07897949
0.033172607
0.083236694
0.23558044
0.3650055
0.36340332
0.30215454
0.28511047
0.30429077
0.39749146
0.5887146
0.76820374
0.8486328
0.7501068
0.5919037
0.4976349
0.33358765
-0.11117554
-0.48135376
-0.36097717
-0.06536865
-0.14047241
-0.5761719
-0.8792267
-0.7764282
-0.4962616
-0.35671997
-0.37908936
-0.3705597
-0.25125122
-0.073898315
0.07897949
0.104019165
0.047561646
0.068862915
0.14076233
0.18284607
0.22279358
0.35595703
0.4752655
0.44117737
0.3069458
0.12799072
-0.22676086
-0.7945404
-0.9522095
-0.5245056
-0.12715149
-0.27149963
-0.6257019
-0.5697632
-0.14207458
0.21160889
0.2584839
0.08377075
-0.07495117
-0.09094238
0.0038757324
0.12478638
0.18177795
0.1301117
0.026779175
-0.004119873
0.06513977
0.14501953
0.14822388
0.08963013
0.06726074
0.1503601
0.3234558
0.3980255
0.26487732
0.04170227
-0.07975769
-0.12875366
-0.23847961
-0.4461975
-0.6395416
-0.6699066
-0.53089905
-0.31303406
-0.123428345
-0.03501892
-0.024353027
0.020385742
0.18656921
0.33943176
0.36286926
0.3293152
0.32559204
0.35168457
0.34902954
0.32984924
0.32824707
0.29522705
0.16526794
-0.0051727295
-0.04725647
0.09176636
0.20574951
0.08218384
-0.18681335
-0.29174805
-0.11810303
0.05821228
0.007598877
-0.22355652
-0.36257935
-0.21769714
0.053955078
0.21479797
0.16952515
0.039031982
-0.015838623
0.06460571
0.20256042
0.27818298
0.24888611
0.19509888
0.2568817
0.37886047
0.3650055
0.18177795
0.001739502
-0.022216797
-0.01423645
-0.2102356
-0.48614502
-0.5665741
-0.45845032
-0.42861938
-0.61079407
-0.76737976
-0.6656494
-0.4461975
-0.2571106
-0.11756897
0.015060425
0.13543701
0.21372986
0.29896545
0.3740692
0.35594177
0.25741577
0.20254517
0.30108643
0.48059082
0.51200867
0.31173706
0.06939697
0.017181396
0.11520386
0.06300354
-0.26882935
-0.57829285
-0.5196991
-0.20704651
-0.0051879883
-0.00944519
-0.074417114
-0.109573364
-0.11010742
-0.045669556
0.05873108
0.12159729
0.14396667
0.16419983
0.21054077
0.27818298
0.26593018
0.19721985
0.22279358
0.3234558
0.2957611
0.106674194
-0.031814575
0.048095703
0.19242859
0.13703918
-0.047790527
-0.20492554
-0.33009338
-0.42222595
-0.4653778
-0.47177124
-0.46324158
-0.4089203
-0.3119812
-0.18467712
-0.057373047
0.01878357
0.07258606
0.14982605
0.23025513
0.29257202
0.29310608
0.2446289
0.20202637
0.22705078
0.29736328
0.28564453
0.165802
0.061401367
0.08111572
0.23930359
0.2600708
-0.057907104
-0.47763062
-0.4877472
-0.08187866
0.22865295
0.17538452
-0.15538025
-0.3812256
-0.32688904
-0.09573364
0.11946106
0.15834045
0.052886963
-0.0014648438
0.10241699
0.23876953
0.29522705
0.28297424
0.2472992
0.25634766
0.327713
0.33251953
0.17645264
-0.019561768
-0.10638428
-0.066970825
0.029968262
0.06993103
-0.04032898
-0.2720337
-0.5053253
-0.5458069
-0.34925842
-0.34925842
-0.5196991
-0.37641907
-0.06590271
