-0.16166687
-0.17338562
-0.3310547
-0.56274414
-0.6682129
-0.5339813
-0.24476624
0.0066375732
0.04499817
-0.1211853
-0.31134033
-0.38272095
-0.3757782
-0.33743286
-0.23944092
-0.13237
-0.07910156
-0.07644653
-0.14089966
-0.2538147
-0.2926941
-0.2191925
-0.080703735
0.08229065
0.1408844
0.16218567
0.17921448
0.22875977
0.36190796
0.48335266
0.4386139
0.25645447
0.15419006
0.2751007
0.47695923
0.5653839
0.48602295
0.3443451
0.27189636
0.29374695
0.3416748
0.30812073
0.2197113
0.17816162
0.22769165
0.24952698
0.17123413
0.040740967
-0.10681152
-0.15899658
-0.13717651
-0.106277466
-0.09402466
-0.117996216
-0.1643219
-0.20054626
-0.20960999
-0.2453003
-0.38111877
-0.5424957
-0.54196167
-0.3784485
-0.17019653
-0.078048706
-0.19522095
-0.44343567
-0.60694885
-0.63571167
-0.56433105
-0.4194641
-0.2607422
-0.12864685
-0.04714966
-0.023712158
-0.03703308
-0.062057495
-0.07537842
-0.06047058
-0.006149292
0.09133911
0.19148254
0.25431824
0.2751007
0.22929382
0.12542725
0.035949707
0.043395996
0.18986511
0.36244202
0.38215637
0.2596588
0.101989746
0.052459717
0.08973694
0.12702942
0.14033508
0.1690979
0.19413757
0.19946289
0.17655945
0.10519409
0.03807068
-0.022109985
-0.07965088
-0.0849762
-0.05886841
-0.031707764
-0.06047058
-0.13983154
-0.20056152
-0.18989563
-0.12864685
-0.14143372
-0.2687378
-0.41893005
-0.44129944
-0.32305908
-0.17338562
-0.11532593
-0.1600647
-0.24156189
-0.31027222
-0.35235596
-0.35714722
-0.30122375
-0.20321655
-0.13183594
-0.1366272
-0.20960999
-0.26818848
-0.2607422
-0.20056152
-0.11532593
-0.017868042
0.08761597
0.21011353
0.34220886
0.44554138
0.48921204
0.48335266
0.45246887
0.4077301
0.36883545
0.39227295
0.4247589
0.36297607
0.19839478
0.06843567
0.06417847
0.19467163
0.33262634
0.35499573
0.25912476
0.13554382
0.05671692
0.0077056885
-0.024780273
-0.049819946
-0.085494995
-0.13557434
-0.14356995
-0.0849762
-0.040756226
-0.07698059
-0.1446228
-0.195755
-0.2234497
-0.25914
-0.34703064
-0.42053223
-0.3784485
-0.1558075
0.10838318
0.2037201
0.06364441
-0.21759033
-0.46739197
-0.5382385
-0.3949585
-0.16752625
0.037002563
0.19039917
0.24899292
0.22076416
0.15100098
0.088150024
0.041275024
0.019958496
0.042877197
0.069503784
0.08547974
0.11689758
0.17495728
0.2836151
0.39866638
0.44554138
0.48283386
0.4663086
0.37576294
0.3320923
0.3262329
0.29374695
0.19732666
0.13182068
0.18721008
0.25805664
0.25805664
0.22822571
0.17442322
0.08760071
0.016235352
-0.026382446
-0.05140686
-0.08390808
-0.1281128
-0.16699219
-0.272995
-0.16433716
-0.0700531
-0.080703735
-0.06686401
-0.03756714
-0.03916931
-0.057281494
-0.04928589
-0.022125244
0.02848816
0.10359192
0.09880066
0.030090332
-0.06260681
-0.28736877
-0.4940338
-0.30708313
0.17123413
0.5818939
0.6900177
0.46098328
0.113708496
-0.1600647
-0.25115967
-0.13237
0.03541565
0.14247131
0.19892883
0.22555542
0.25486755
0.2756195
0.25912476
0.22129822
0.19573975
0.21224976
0.28735352
0.40931702
0.48814392
0.38108826
0.20159912
0.123306274
0.11903381
-0.045562744
-0.26393127
-0.31773376
-0.14888
0.11264038
0.11264038
-0.15475464
-0.38217163
-0.33903503
-0.13983154
0.011978149
-0.004547119
-0.11853027
-0.15048218
-0.078048706
-0.07965088
-0.27618408
-0.5302429
-0.6405029
-0.530777
-0.27618408
-0.059402466
-0.08177185
-0.22612
-0.2980194
-0.27192688
-0.34542847
-0.6431732
-0.6809845
-0.37046814
0.03274536
0.20639038
0.12063599
-8.087158E-4
-0.013061523
0.060440063
0.053527832
-0.08604431
-0.22930908
-0.27778625
-0.18510437
0.015701294
0.15312195
0.1179657
0.021026611
0.0034484863
0.121170044
0.2836151
0.34700012
0.2894745
0.17495728
0.16804504
0.2932129
0.40559387
0.38908386
0.20585632
-0.045013428
-0.19308472
-0.22291565
-0.21972656
-0.22558594
-0.18989563
-0.09030151
0.03274536
0.11103821
0.15046692
0.15419006
0.12435913
0.09613037
0.01676941
-0.12011719
-0.26820374
-0.34170532
-0.29003906
-0.17391968
-0.10307312
-0.14302063
-0.24102783
-0.27671814
-0.2218628
-0.08177185
0.0982666
0.20425415
0.15844727
0.013580322
-0.055145264
0.022094727
0.18508911
0.24047852
0.11584473
-0.050354004
-0.094558716
-0.0013427734
0.1451416
0.1845398
0.09880066
0.03541565
0.07748413
0.184021
0.28468323
0.29161072
0.19360352
0.12968445
0.1302185
0.111572266
0.04286194
-0.03010559
-0.021057129
0.0077056885
-0.07218933
-0.17178345
-0.1749878
-0.07858276
0.048721313
0.009307861
-0.1515503
-0.24742126
-0.17338562
0.026367188
0.1967926
0.23461914
0.13607788
0.0029144287
-0.06791687
-0.10574341
-0.15740967
-0.2815094
-0.4194641
-0.39709473
-0.22824097
-0.13397217
-0.17019653
-0.25541687
-0.2783203
-0.20321655
-0.18936157
-0.39762878
-0.59150696
-0.48817444
-0.07165527
0.36990356
0.54833984
0.44926453
0.2074585
0.03541565
0.0061035156
0.05883789
0.11903381
0.13342285
0.1174469
0.13607788
0.20692444
0.2601776
0.25326538
0.2037201
0.137146
0.05831909
0.0034484863
0.009307861
0.055130005
0.11317444
0.15419006
0.15419006
0.08174133
-0.04714966
-0.17552185
-0.21598816
-0.09669495
0.040740967
0.08282471
0.041809082
-0.014663696
-0.029052734
-0.015731812
-0.022109985
-0.06472778
-0.14515686
-0.25009155
-0.35447693
-0.37365723
-0.33370972
-0.28790283
-0.27085876
-0.26339722
-0.23091125
-0.20002747
-0.13397217
0.009307861
0.08387756
-0.024246216
-0.20960999
-0.17817688
0.12702942
0.47058105
0.582428
0.35499573
-0.020523071
-0.16752625
-0.041290283
0.12756348
0.13395691
0.029556274
-0.019454956
0.078552246
0.23994446
0.345932
0.33581543
0.25378418
0.19786072
0.19306946
0.17602539
0.12382507
0.08068848
0.08973694
0.12861633
0.19520569
0.29214478
0.3097229
0.16537476
-0.03916931
-0.1281128
-0.06100464
0.09347534
0.13874817
-0.011474609
-0.04449463
