1624763807230
1624763807242
1624763807261
1624763807276
1624763807296
1624763807316
1624763807336
1624763807356
1624763807376
1624763807396
1624763807417
1624763807436
1624763807459
1624763807477
1624763807496
1624763807517
1624763807537
1624763807558
1624763807578
1624763807599
1624763807618
1624763807637
1624763807657
1624763807677
1624763807698
1624763807719
1624763807737
1624763807760
1624763807779
1624763807798
1624763807816
1624763807837
1624763807859
1624763807877
1624763807898
1624763807917
1624763807940
1624763807957
1624763807976
1624763807996
1624763808017
1624763808037
1624763808057
1624763808077
1624763808097
1624763808117
1624763808137
1624763808157
1624763808178
1624763808201
1624763808216
1624763808236
1624763808256
1624763808277
1624763808300
1624763808316
1624763808337
1624763808357
1624763808376
1624763808396
1624763808417
1624763808437
1624763808456
1624763808476
1624763808497
1624763808517
1624763808536
1624763808557
1624763808577
1624763808597
1624763808617
1624763808639
1624763808657
1624763808677
1624763808698
1624763808717
1624763808738
1624763808757
1624763808777
1624763808798
1624763808817
1624763808839
1624763808857
1624763808877
1624763808898
1624763808918
1624763808938
1624763808957
1624763808978
1624763808998
1624763809018
1624763809038
1624763809057
1624763809077
1624763809098
1624763809118
1624763809138
1624763809158
1624763809178
1624763809199
1624763809218
1624763809249
1624763809257
1624763809278
1624763809297
1624763809318
1624763809338
1624763809358
1624763809378
1624763809399
1624763809419
1624763809437
1624763809458
1624763809480
1624763809498
1624763809518
1624763809538
1624763809558
1624763809579
1624763809598
1624763809618
1624763809638
1624763809658
1624763809678
1624763809698
1624763809719
1624763809739
1624763809759
1624763809778
1624763809798
1624763809818
1624763809838
1624763809858
1624763809879
1624763809899
1624763809919
1624763809938
1624763809958
1624763809978
1624763809997
1624763810019
1624763810039
1624763810059
1624763810078
1624763810099
1624763810119
1624763810138
1624763810158
1624763810178
1624763810198
1624763810218
1624763810238
1624763810259
1624763810279
1624763810299
1624763810320
1624763810339
1624763810358
1624763810378
1624763810399
1624763810419
1624763810439
1624763810459
1624763810478
1624763810498
1624763810518
1624763810538
1624763810558
1624763810578
1624763810598
1624763810618
1624763810638
1624763810658
1624763810678
1624763810698
1624763810718
1624763810739
1624763810759
1624763810778
1624763810798
1624763810818
1624763810838
1624763810858
1624763810878
1624763810898
1624763810919
1624763810938
1624763810958
1624763810980
1624763810998
1624763811019
1624763811039
1624763811058
1624763811078
1624763811099
1624763811119
1624763811139
1624763811159
1624763811178
1624763811198
1624763811219
1624763811239
1624763811258
1624763811278
1624763811299
1624763811318
1624763811338
1624763811358
1624763811378
1624763811398
1624763811419
1624763811438
1624763811458
1624763811479
1624763811499
1624763811532
1624763811537
1624763811558
1624763811578
1624763811599
1624763811628
1624763811638
1624763811658
1624763811678
1624763811699
1624763811723
1624763811740
1624763811758
1624763811778
1624763811799
1624763811819
1624763811839
1624763811859
1624763811878
1624763811898
1624763811919
1624763811939
1624763811958
1624763811978
1624763811999
1624763812019
1624763812040
1624763812058
1624763812079
1624763812099
1624763812119
1624763812139
1624763812159
1624763812179
1624763812199
1624763812219
1624763812239
1624763812259
1624763812279
1624763812299
1624763812319
1624763812339
1624763812359
1624763812379
1624763812399
1624763812419
1624763812439
1624763812459
1624763812479
1624763812499
1624763812519
1624763812539
1624763812560
1624763812579
1624763812599
1624763812618
1624763812638
1624763812658
1624763812680
1624763812699
1624763812719
1624763812739
1624763812760
1624763812779
1624763812799
1624763812819
1624763812839
1624763812859
1624763812879
1624763812899
1624763812918
1624763812939
1624763812959
1624763812981
1624763812999
1624763813020
1624763813039
1624763813060
1624763813079
1624763813099
1624763813119
1624763813139
1624763813159
1624763813179
1624763813198
1624763813219
1624763813239
1624763813259
1624763813279
1624763813300
1624763813319
1624763813339
1624763813360
1624763813379
1624763813399
1624763813419
1624763813439
1624763813459
1624763813479
1624763813499
1624763813519
1624763813540
1624763813559
1624763813580
1624763813600
1624763813620
1624763813639
1624763813659
1624763813680
1624763813699
1624763813719
1624763813739
1624763813759
1624763813779
1624763813800
1624763813820
1624763813840
1624763813860
1624763813880
1624763813900
1624763813921
1624763813940
1624763813961
1624763813980
1624763814000
1624763814021
1624763814040
1624763814059
1624763814080
1624763814100
1624763814120
1624763814140
1624763814160
1624763814180
1624763814200
1624763814220
1624763814240
1624763814259
1624763814279
1624763814300
1624763814321
1624763814341
1624763814360
1624763814380
1624763814400
1624763814420
1624763814439
1624763814460
1624763814479
1624763814500
1624763814520
1624763814540
1624763814560
1624763814580
1624763814601
1624763814621
1624763814640
1624763814660
1624763814680
1624763814700
1624763814720
1624763814740
1624763814760
1624763814780
1624763814800
1624763814820
1624763814840
1624763814860
1624763814880
1624763814901
1624763814919
1624763814940
1624763814960
1624763814980
1624763815001
1624763815021
1624763815041
1624763815060
1624763815080
1624763815101
1624763815121
1624763815141
1624763815160
1624763815180
1624763815201
1624763815221
1624763815240
1624763815260
1624763815280
1624763815301
1624763815322
1624763815340
1624763815360
1624763815380
1624763815400
1624763815420
1624763815440
1624763815461
1624763815481
1624763815501
1624763815520
1624763815540
1624763815560
1624763815580
1624763815601
1624763815621
1624763815640
1624763815660
1624763815680
1624763815701
1624763815721
1624763815740
1624763815760
1624763815780
1624763815800
1624763815820
1624763815840
1624763815860
1624763815881
1624763815900
1624763815921
1624763815941
1624763815961
1624763815981
1624763816000
1624763816022
1624763816041
1624763816061
1624763816081
1624763816100
1624763816122
1624763816141
1624763816161
1624763816180
1624763816199
1624763816219
1624763816239
1624763816259
1624763816279
1624763816299
1624763816319
1624763816340
1624763816360
1624763816380
1624763816401
1624763816420
1624763816441
1624763816461
1624763816481
1624763816501
1624763816521
1624763816541
1624763816560
1624763816581
1624763816600
1624763816621
1624763816641
1624763816662
1624763816681
1624763816700
1624763816721
1624763816742
1624763816762
1624763816781
1624763816801
1624763816820
1624763816841
1624763816859
1624763816881
1624763816902
