2.3112335
2.367508
2.7816925
3.0474548
2.937317
2.2238464
1.5115814
1.5319214
1.8479614
1.8539429
1.7090912
1.7701569
1.7557831
1.5929871
1.3128662
1.1548462
1.2206726
1.2996826
1.4194031
1.7617798
2.094574
2.169983
2.1975098
2.1568146
1.8898621
1.5750275
1.4026489
1.3703156
1.68396
1.8551483
1.7138824
1.4876251
1.2206879
1.0123901
0.5491028
-0.111694336
0.022384644
0.9489441
1.7653656
1.8611298
1.3667297
0.89746094
0.89746094
1.2817383
1.7581787
2.1089325
2.162796
2.1759644
2.2214508
2.2046967
2.0766144
1.8766937
1.802475
2.1292725
2.525528
2.6715698
2.3639069
2.0490723
1.9281616
1.9269714
1.9401398
1.5151672
0.9321747
0.7502136
0.8591614
0.86035156
0.5395355
0.29292297
0.33721924
0.70951843
1.2661743
1.6253052
1.8467712
1.9497223
1.8599396
1.8036652
1.7665558
1.6827698
1.7378235
1.8359985
1.7462158
1.5726318
1.352356
1.1644135
1.1692047
1.2745514
1.474472
1.237442
0.62213135
0.29412842
0.66882324
1.2039185
1.4792633
1.4565125
1.2242737
1.0722351
1.0375214
1.387085
2.011963
2.4345398
2.3303986
1.9856262
1.60495
1.5666504
1.7725525
2.09935
2.4165802
2.399826
2.0933685
2.008377
2.169983
2.3160248
2.0861816
1.5834045
1.0471039
0.92858887
1.1752014
1.2709656
1.0351257
1.0135803
1.0279388
0.8926697
0.87472534
1.2039185
1.5989685
1.6432648
1.5570679
1.6899414
1.8156433
1.6875458
1.5869904
1.7509918
1.9832306
2.0694275
1.9724579
1.8204346
1.5977631
1.4026337
1.3092651
0.99801636
0.72268677
1.0063934
1.628891
2.013153
1.9281616
1.5929718
1.2410278
1.2158966
1.6037598
2.1352692
2.624878
2.9229584
2.853531
2.6224823
2.5075684
2.4979858
2.6296692
2.7697296
2.7481842
2.65242
2.6787567
2.7781067
2.6907196
2.312439
2.1352692
2.0143585
1.9401398
1.9712677
1.850357
1.4433441
1.0578766
0.7178955
0.7645874
1.2362366
1.7246552
2.0897827
2.3531342
2.466858
2.41539
2.1651917
1.7940979
1.573822
1.6731873
1.92099
2.2070923
2.2693481
2.0670319
1.9557037
1.8515625
1.6456604
1.3810883
0.9956207
0.65805054
1.0375214
1.6827698
2.0802002
1.9233856
1.3236389
0.9393616
1.0435181
1.4696808
1.8982391
2.332779
2.7098694
2.8798676
2.7529755
2.4884186
2.3591309
2.4740448
2.5769958
2.81044
2.9744263
2.8882446
2.7529755
2.6141052
2.5446777
2.134079
1.628891
1.2506104
1.4170074
1.7330475
1.7055054
1.5007935
1.573822
1.7833099
2.0454865
2.329193
2.4955902
2.463272
2.2944794
2.202301
2.2609558
2.289688
2.375885
2.2118835
1.8192291
1.8168335
2.33638
2.712265
2.5482635
2.2861023
2.0454865
1.8922577
1.4624939
0.8471832
0.7837372
1.4648895
1.8539429
1.5810089
1.4026489
1.3822937
1.6157227
2.245407
2.9816132
3.3982086
3.3778534
3.1168823
2.7924652
2.5674286
2.518341
2.5590363
2.6344604
2.846344
3.064209
3.1755524
3.2605438
3.134842
2.8451538
2.6476288
2.391449
2.1221008
1.9293671
1.6217041
1.2254639
1.1560364
1.0722504
0.881897
0.9896393
1.3475647
1.316452
1.197937
1.2494049
1.5139618
1.7797241
1.8120575
1.7545929
1.6731873
1.6660004
1.6959229
1.8084564
2.0311127
2.2274475
2.5674286
2.932541
2.7769165
2.799652
2.7876892
2.798462
3.2030792
2.2465973
1.3643341
2.1496277
2.1017456
-0.37026978
-1.1196594
0.8735199
2.478836
0.95373535
-0.40618896
0.15646362
-0.4121704
-1.0466309
-0.5666046
0.1648407
0.46411133
0.2845459
0.13731384
0.6365051
1.2170868
1.7162781
1.7186737
1.5367126
1.3427887
1.9329529
2.2310333
2.2130737
2.2250519
2.3579254
2.375885
2.1125183
1.8731079
1.8407898
1.9544983
2.0059814
2.2154694
2.2872925
2.3268127
2.288498
2.0562592
1.8742981
1.7725525
1.6755829
1.3020935
0.881897
0.88191223
1.2542114
1.52594
1.4768524
1.3942566
1.3846893
1.3834839
1.4756622
1.6731873
1.8862762
2.0526733
2.1735687
2.2142792
2.02034
1.7390289
1.5929871
1.549881
1.4565125
1.1847687
1.0063934
1.1679993
1.3188477
1.4409485
1.2458191
0.72029114
0.31088257
0.6137543
1.1440582
1.2745514
0.9513397
0.5203705
0.27616882
0.58143616
1.0267487
1.2230682
1.1955414
1.4050293
1.7581787
2.0562592
2.25737
2.2681427
2.1831512
2.1005554
2.0299225
1.9497223
1.7665558
1.5762177
1.474472
1.2757416
1.0590668
0.8914795
1.0016174
1.3691254
1.5331268
1.5319366
1.5750275
1.6312866
1.4876404
1.2601776
0.94415283
0.648468
0.73825073
1.0327454
1.1572418
1.0458984
1.0063934
1.237442
1.644455
1.8479614
1.6372681
1.5175629
1.5427094
1.4672852
1.316452
1.1440735
1.0039978
1.1991272
1.5881958
1.9485168
1.9233856
1.3942566
0.91781616
0.37193298
0.0846405
0.3934784
0.8723297
1.1308899
0.8124695
0.44615173
0.38391113
0.74902344
1.0075989
1.0075989
0.9130249
1.0207672
1.4217987
1.8934631
2.2274475
2.2920837
2.1496277
2.1005554
2.083786
1.9832306
1.850357
1.7438202
1.6983185
1.6755829
1.5929718
1.4253845
1.0171661
1.1608276
1.613327
1.8168335
1.8790894
1.9353485
2.0981598
2.154419
1.9102173
1.6600189
1.4648895
1.197937
0.94415283
0.940567
1.233841
1.6480408
2.0335083
2.205902
2.147232
2.0885773
2.2525787
2.4967957
2.462082
2.1221008
1.9700623
2.0969543
2.1987152
2.1568146
1.9090118
1.7091064
1.5929718
1.613327
1.4672852
1.0674438
0.7442322
0.8340149
1.1009827
1.1009674
0.8807068
0.6855774
0.6305084
0.877121
1.2625732
1.5355225
1.60495
1.6145325
1.6851654
1.8300018
1.949707
2.1101227
2.110138
1.9066162
1.8383789
2.044281
2.4752502
2.7541656
2.7613525
2.6787567
2.509964
2.3567352
2.1184998
1.5582733
1.3775024
1.3679199
1.3068695
1.5462952
1.9963989
2.2513885
2.075409
1.802475
1.7031097
1.6564178
1.4517212
1.2889099
1.0710449
1.0040131
1.3212433
1.7138824
2.0658264
2.1197052
1.9329529
1.8407745
2.023941
2.2848969
2.3651123
2.2825165
2.1987152
2.3268127
2.6081238
2.7074738
2.5997467
2.5374908
2.5159454
2.3938446
2.1855469
1.9724579
1.7258606
1.3176422
1.0997772
1.3487701
1.7330475
1.6695862
1.197937
0.8435974
1.0339355
1.4696808
1.7210693
1.8216248
1.8527527
1.9461212
2.0969696
2.2585602
2.3016663
2.312439
2.2561798
2.1687927
2.2837067
2.6141052
2.9157715
2.9373322
2.8810577
2.9768372
3.1635742
3.1719513
3.0402832
2.8403625
2.5674133
2.1951294
2.2298431
2.1831512
1.8443604
1.5678406
1.7055054
1.9317627
1.8982391
1.5786133
1.2254639
1.2123108
1.4636993
1.6624146
1.6588135
1.4277802
1.4277802
1.6815643
1.9772491
2.162796
2.197525
2.2442017
2.3686981
2.4321442
2.3651123
2.384262
2.5949554
2.7733307
2.7745209
2.798462
2.913391
2.8726807
2.6236877
2.3016663
2.1616058
2.1843414
2.304062
2.07901
1.7940979
1.5570679
1.3810883
1.3116608
1.292511
1.5283356
1.1476593
0.50720215
