-0.03756714
0.19093323
0.40771484
0.5009308
0.40826416
0.21064758
0.15100098
0.29640198
0.4428711
0.4854889
0.47377014
0.4316864
0.3374176
0.22608948
0.13342285
0.083343506
0.06843567
0.04978943
0.055114746
0.101989746
0.1456604
0.12756348
0.048187256
-0.019454956
-0.01626587
0.030090332
0.090270996
0.14086914
0.14407349
0.06150818
-0.04396057
-0.09667969
-0.14515686
-0.29536438
-0.4002838
-0.289505
-0.018920898
0.15898132
0.039138794
-0.28897095
-0.54463196
-0.58192444
-0.41732788
-0.20747375
-0.09136963
-0.07698059
-0.097213745
-0.12171936
-0.14248657
-0.16752625
-0.179245
-0.111068726
0.053527832
0.21650696
0.28575134
0.26338196
0.20478821
0.18081665
0.20106506
0.19573975
0.10731506
0.02848816
0.0513916
0.16644287
0.23248291
0.1962738
0.12915039
0.15577698
0.2836151
0.39653015
0.42955017
0.3970642
0.30226135
0.21278381
0.15737915
0.09399414
0.03967285
0.017837524
0.02848816
0.026901245
-0.03916931
-0.12332153
-0.19895935
-0.21333313
-0.15315247
-0.1281128
-0.27352905
-0.514801
-0.5979004
-0.4807129
-0.2815094
-0.22291565
-0.38111877
-0.5696564
-0.66926575
-0.5840454
-0.31454468
-0.049819946
0.07003784
0.022628784
-0.1211853
-0.23144531
-0.2218628
-0.0849762
0.08706665
0.21118164
0.26657104
0.29960632
0.3416748
0.38375854
0.3789673
0.23994446
0.033813477
-0.04875183
0.055648804
0.2394104
0.3555298
0.38002014
0.3640442
0.31451416
0.27349854
0.26924133
0.2559204
0.24899292
0.22343445
0.16111755
0.10838318
0.0710907
0.008773804
-0.064193726
-0.06738281
7.7819824E-4
0.035949707
-0.048217773
-0.22612
-0.36619568
-0.4152069
-0.4610138
-0.5318451
-0.50361633
-0.31880188
-0.07858276
0.021560669
-0.13557434
-0.39335632
-0.5648804
-0.56700134
-0.36247253
-0.07484436
0.10731506
0.13874817
0.046066284
-0.08337402
-0.14089966
-0.13290405
-0.09295654
-0.059936523
-0.033843994
0.03488159
0.13661194
0.20692444
0.19892883
0.13182068
0.06896973
0.07003784
0.14193726
0.25698853
0.3209076
0.2937317
0.20585632
0.14407349
0.18774414
0.35232544
0.52490234
0.5818939
0.5115814
0.36671448
0.18508911
-0.02319336
-0.21652222
-0.3315735
-0.34117126
-0.26553345
-0.2149353
-0.23570251
-0.32785034
-0.44662476
-0.5164032
-0.5733948
-0.66926575
-0.70121765
-0.55049133
-0.25967407
0.008773804
0.0982666
-0.029571533
-0.22718811
-0.3640747
-0.33210754
-0.13771057
0.08441162
0.24208069
0.31877136
0.27722168
0.11210632
-0.029571533
-0.04714966
-2.746582E-4
0.11105347
0.25698853
0.3805542
0.47270203
0.49293518
0.45140076
0.39227295
0.26231384
0.08068848
0.05831909
0.19093323
0.32569885
0.3731079
0.31877136
0.25326538
0.24687195
0.25752258
0.23301697
0.15098572
0.038604736
-0.056732178
-0.12385559
-0.14195251
-0.14729309
-0.18031311
-0.21707153
-0.24316406
-0.18989563
-0.07858276
0.0050354004
-0.03703308
-0.1595459
-0.2495575
-0.32785034
-0.48391724
-0.56114197
-0.44129944
-0.24316406
-0.1600647
-0.2538147
-0.401886
-0.41093445
-0.24263
0.025283813
0.24845886
0.3209076
0.22129822
0.0471344
-0.09135437
-0.17605591
-0.23144531
-0.25328064
-0.2111969
-0.13557434
-0.052474976
0.0066375732
0.034347534
0.047668457
0.057250977
0.086013794
0.13768005
0.1690979
0.2202301
0.28201294
0.31184387
0.33528137
0.39494324
0.44500732
0.44021606
0.41305542
0.32356262
0.16963196
0.11743164
0.22608948
0.32250977
0.30332947
0.24952698
0.18455505
0.12223816
0.11584473
0.12063599
0.11477661
0.11956787
0.14353943
0.16590881
0.15577698
0.10359192
0.07536316
-0.015731812
-0.049819946
-0.04714966
-0.17710876
-0.2500763
-0.21279907
-0.41041565
-0.6149292
-0.23464966
0.28894043
0.17495728
-0.24635315
-0.3161316
-0.18191528
-0.41307068
-0.4460907
-0.35768127
-0.40560913
-0.45355225
-0.41999817
-0.31932068
-0.23251343
-0.1749878
-0.12438965
-0.0934906
-0.034362793
0.025299072
0.14407349
0.19467163
0.11424255
0.055130005
-0.01626587
-0.09402466
-0.12013245
-0.07325745
0.025299072
0.11903381
0.20852661
0.31877136
0.3848114
0.38002014
0.3486023
0.3416748
0.3997345
0.4146576
0.3448639
0.25805664
0.24526978
0.32144165
0.3683014
0.28788757
0.17655945
0.12915039
0.14672852
0.20904541
0.2894745
0.36618042
0.41677856
0.40985107
0.3555298
0.25857544
0.15258789
0.081222534
0.011444092
-0.07537842
-0.15740967
-0.20375061
-0.18296814
-0.14143372
-0.17977905
-0.355011
-0.55155945
-0.6266632
-0.5259857
-0.32731628
-0.22879028
-0.33210754
-0.47911072
-0.49082947
-0.3603363
-0.18936157
-0.1169281
-0.115859985
-0.08709717
-0.020523071
0.031158447
0.026885986
-0.03437805
-0.10681152
-0.1749878
-0.2234497
-0.23623657
-0.2383728
-0.2495575
-0.25115967
-0.23570251
-0.17817688
-0.06047058
0.11531067
0.27296448
0.34913635
0.41464233
0.4631195
0.46791077
0.4119873
0.28414917
0.153656
0.06150818
0.052459717
0.113708496
0.153656
0.13980103
0.13554382
0.20265198
0.28735352
0.30493164
0.2351532
0.14247131
0.12275696
0.13447571
0.10412598
0.04927063
0.027420044
0.088134766
0.18188477
0.22503662
0.15046692
-0.050354004
-0.3241272
-0.56114197
-0.63731384
-0.5180054
-0.3326416
-0.2745819
-0.38058472
-0.49189758
-0.47911072
-0.36779785
-0.27511597
-0.28364563
-0.27404785
-0.20854187
-0.094558716
0.0236969
0.06311035
0.015182495
-0.07218933
-0.12757874
-0.14408875
-0.16433716
-0.195755
-0.18617249
-0.12757874
-0.042892456
0.05404663
0.12809753
0.19892883
0.3086548
0.46418762
0.6111908
0.60372925
0.5153198
0.42156982
0.29586792
0.1690979
0.040740967
-0.10734558
-0.22558594
-0.25222778
-0.16007996
0.019973755
0.1967926
0.29586792
0.32144165
0.29426575
0.23887634
0.17762756
0.13768005
0.11050415
0.033813477
-0.06365967
-0.0892334
-0.041290283
-0.036499023
-0.11532593
-0.1835022
-0.18296814
-0.20375061
-0.3257141
-0.49243164
-0.5733948
-0.5020294
-0.37791443
-0.31773376
-0.33796692
-0.34596252
-0.28736877
-0.15847778
-0.006668091
0.090270996
0.10092163
0.06311035
0.025299072
0.016235352
0.03541565
0.017837524
-0.06100464
-0.15634155
-0.18296814
-0.10307312
0.021560669
0.10038757
0.10092163
0.05618286
0.02848816
-0.004547119
-0.07432556
-0.13130188
-0.124923706
-0.08496094
-0.0072021484
0.16111755
0.3581848
0.44075012
0.37097168
0.22982788
0.11903381
0.07215881
0.031677246
-0.0423584
-0.09188843
-0.0657959
0.04232788
0.16963196
0.24206543
0.21331787
0.13821411
0.12168884
0.16218567
0.2314148
0.27882385
0.2585907
0.22290039
0.2394104
0.2974701
0.312912
0.26391602
0.19039917
0.137146
0.08760071
0.011444092
-0.07165527
-0.21279907
-0.33903503
-0.32731628
-0.20108032
-0.10202026
-0.13769531
-0.30387878
-0.44662476
-0.4141388
-0.289505
-0.21972656
-0.21652222
-0.19735718
-0.16007996
-0.13183594
-0.12171936
-0.14143372
-0.19309998
-0.2580719
-0.30654907
-0.29536438
-0.23356628
-0.1723175
-0.15208435
-0.13824463
-0.08177185
-0.012527466
0.033813477
0.03062439
-0.0072021484
-0.03010559
0.008239746
0.092941284
0.13874817
0.14726257
0.19786072
0.3166504
0.40452576
0.3805542
0.2543335
0.1328888
0.1217041
0.18614197
0.19625854
0.15844727
0.11743164
0.12063599
0.19946289
0.29800415
0.36564636
0.39334106
0.3874817
0.37576294
0.3677826
0.34700012
0.3224945
0.3086548
0.29800415
0.25964355
0.18774414
0.13342285
0.10038757
0.06843567
0.022628784
0.0018463135
0.020492554
0.043930054
0.0013122559
-0.16114807
-0.31880188
-0.3784485
-0.37365723
-0.35235596
-0.31666565
-0.26979065
-0.33052063
-0.41360474
