0.31082153
0.08125305
-0.2995758
-0.6260834
-0.6601715
-0.29852295
-7.7819824E-4
-0.03753662
-0.21755981
-0.22927856
-0.055099487
-0.019424438
-0.28892517
-0.6223602
-0.79545593
-0.82476807
-0.7374115
-0.54618835
-0.32781982
-0.11103821
0.010406494
-2.4414062E-4
-0.032196045
-0.027938843
-0.03060913
-0.07321167
-0.100372314
-0.06895447
0.006149292
0.10362244
0.17607117
0.17979431
-0.024215698
-0.34272766
-0.39546204
-0.07695007
0.30070496
0.38058472
-0.0066375732
-0.48121643
-0.5951996
-0.30171204
0.12545776
0.26608276
0.10362244
-0.09185791
-0.16589355
-0.14884949
-0.15950012
-0.1776123
-0.13978577
-0.020492554
0.18511963
0.3321228
0.31614685
0.1787262
0.051956177
0.0844574
0.20802307
0.15795898
-0.037521362
-0.11955261
-0.012496948
0.15475464
0.16914368
-0.06523132
-0.40611267
-0.60531616
-0.4865265
-0.08227539
0.26766968
0.3427887
0.14356995
-0.16217041
-0.35977173
-0.42048645
-0.39971924
-0.36935425
-0.27294922
-0.03805542
0.14677429
0.15582275
0.11534119
0.17073059
0.32040405
0.33958435
0.13717651
-0.104644775
-0.14672852
-0.092926025
0.015213013
-0.013031006
-0.18347168
-0.25325012
-0.18400574
0.0066833496
0.23999023
0.3310547
0.18937683
0.0098724365
-0.12754822
-0.14938354
-0.026870728
0.15956116
0.35342407
0.5446472
0.575531
0.39283752
0.1478424
0.02746582
0.03491211
-0.0519104
-0.17547607
-0.10197449
0.20109558
0.44610596
0.29856873
-0.17228699
-0.5951996
-0.7038574
-0.46949768
-0.13659668
0.0184021
-0.002380371
-0.024215698
0.0040130615
0.03970337
0.050369263
0.059951782
0.03916931
0.0184021
0.012542725
0.008270264
-0.039657593
0.012542725
0.19204712
0.36302185
0.34916687
0.14996338
0.007751465
0.05621338
0.10043335
-0.041778564
-0.29371643
-0.38639832
-0.32940674
-0.13233948
0.17713928
0.38220215
0.35076904
0.18511963
-0.008239746
-0.17282104
-0.23779297
-0.24311829
-0.16056824
0.033843994
0.23199463
0.27033997
0.14038086
-0.12062073
-0.35604858
-0.41197205
-0.33952332
-0.11741638
0.1483612
0.30603027
0.19364929
-0.19412231
-0.62342834
-0.7113037
-0.39492798
0.050369263
0.3433075
0.49191284
0.526001
0.46687317
0.33638
0.20909119
0.055160522
-0.10357666
-0.21009827
-0.17388916
-0.04977417
-0.019943237
-0.15151978
-0.19519043
-0.0050354004
0.09564209
-0.0013122559
-0.10676575
-0.052978516
0.11268616
0.17658997
-0.008773804
-0.28945923
-0.37202454
-0.21170044
0.07485962
0.30975342
0.38858032
0.3236084
0.21653748
0.09403992
-0.0034332275
-0.11210632
-0.15205383
-0.044448853
0.18830872
0.3944397
0.44610596
0.3433075
0.20909119
0.21228027
0.09510803
-0.22128296
-0.45457458
-0.28041077
0.11907959
0.2602234
0.009338379
-0.25057983
-0.28466797
-0.13980103
0.054092407
0.19577026
0.2490387
0.18405151
0.038116455
-0.08706665
-0.09346008
-0.019958496
-0.043914795
-0.18133545
-0.2015686
-0.013031006
0.12440491
0.02267456
-0.18719482
-0.2484436
-0.13925171
-0.15203857
-0.334198
-0.3214264
-0.019943237
0.31082153
0.32147217
0.050369263
-0.2479248
-0.3411255
-0.1776123
0.094573975
0.1483612
0.02746582
-0.10197449
-0.22660828
-0.31661987
-0.3544464
-0.33207703
-0.2633667
-0.13606262
0.09883118
0.3944397
0.5739441
0.45036316
0.17658997
-0.015701294
0.05781555
0.2612915
0.20056152
-0.012496948
-0.08973694
0.052490234
0.23252869
0.30230713
0.15901184
-0.11529541
-0.18133545
0.12545776
0.39071655
0.45196533
0.30229187
0.16009521
0.106292725
0.16114807
0.1164093
0.02053833
-0.041259766
-0.05883789
0.09350586
0.32946777
0.38432312
0.28312683
0.20056152
0.26394653
0.2767334
0.10522461
0.30870056
0.71188354
0.7097626
-0.17282104
-1.2274323
-1.1635132
-0.29052734
0.6330719
1.2157593
1.1513062
0.24317932
-0.6804199
-0.3033142
0.09138489
-0.109436035
-0.6814728
-0.9904175
-0.64312744
0.18830872
0.79977417
0.59524536
-0.097717285
-0.6186371
-0.68733215
-0.3821411
-0.0796051
0.1078949
0.08657837
0.0040130615
0.049835205
0.08392334
0.05834961
0.035446167
0.0184021
-0.019424438
-0.15950012
-0.3230133
-0.25857544
-0.07588196
0.08392334
0.19044495
0.3113556
0.41947937
0.37846375
0.14091492
-0.14138794
-0.31610107
-0.34326172
-0.31396484
-0.26071167
-0.07800293
0.20481873
0.48765564
0.60324097
0.4690094
0.22453308
0.18299866
0.2724762
0.26341248
0.056228638
-0.15203857
-0.141922
0.021591187
0.12705994
0.08711243
-0.046585083
-0.13020325
-0.16322327
-0.24472046
-0.41304016
-0.43113708
-0.14831543
0.20002747
0.33372498
0.221344
-0.0050354004
-0.19358826
-0.31822205
-0.34805298
-0.21009827
-0.09611511
-0.062026978
-0.09718323
-0.19146729
-0.22235107
-0.18933105
-0.22767639
-0.3837433
-0.5440674
-0.58613586
-0.46150208
-0.26657104
-0.13873291
-0.07746887
-0.039123535
0.07646179
0.28205872
0.4482422
0.36408997
0.1717987
0.13398743
0.25222778
0.25169373
-0.008239746
-0.3821411
-0.58454895
-0.48387146
-0.1818695
0.087646484
0.19844055
0.23892212
0.28259277
0.31082153
0.25541687
0.14996338
0.03704834
-0.04978943
-0.079071045
-0.0284729
-0.095581055
-0.25431824
-0.25750732
0.018936157
0.38485718
0.45835876
0.049835205
-0.45884705
-0.72036743
-0.56004333
-0.076934814
0.3720703
0.5393219
0.3305359
-0.12861633
-0.4668274
-0.46842957
-0.27241516
-0.23246765
-0.3965149
-0.5232849
-0.4391327
-0.16163635
0.03491211
0.0024261475
-0.1222229
-0.17175293
-0.0987854
-7.7819824E-4
0.017333984
-0.041259766
-0.010894775
0.14889526
0.30921936
0.3347931
0.15156555
-0.079071045
-0.26548767
-0.35658264
-0.2633667
-0.0710907
0.054092407
0.03704834
-0.060424805
-0.07215881
0.07752991
0.19577026
0.15689087
0.07220459
0.10043335
0.27140808
0.40190125
0.34384155
0.22825623
0.23039246
0.35769653
0.4455719
0.3310547
0.14196777
0.054092407
0.08818054
0.1398468
0.14730835
0.1078949
0.031188965
-0.13394165
-0.3134308
-0.36349487
-0.30543518
-0.20211792
-0.057769775
0.17021179
0.3486328
0.33319092
0.13291931
-0.18933105
-0.4556427
-0.48866272
-0.2868042
-0.040725708
0.12652588
0.19258118
0.20004272
0.23518372
0.30336
0.30815125
0.21707153
0.08392334
0.032791138
0.10043335
0.18565369
0.21281433
0.2186737
0.21974182
0.21121216
0.18405151
0.18725586
0.1675415
-0.079071045
-0.35977173
-0.38693237
-0.038589478
0.40296936
0.3944397
0.07167053
-0.21116638
-0.24525452
-0.10624695
-0.036468506
-0.1376648
-0.24153137
-0.14138794
0.127594
0.25862122
0.17019653
0.02053833
-0.03805542
0.014144897
0.10308838
0.12120056
0.08178711
0.06048584
0.059417725
0.059951782
0.05090332
0.04876709
0.049835205
-0.010360718
-0.12168884
-0.24206543
-0.40185547
-0.42474365
-0.42634583
-0.40930176
-0.3421936
-0.17068481
0.031188965
0.10469055
0.0184021
-0.13127136
-0.17175293
-0.0284729
0.16009521
0.20588684
0.11907959
-0.04286194
-0.21755981
-0.3144989
-0.32621765
-0.2244873
-0.050308228
0.1164093
0.22879028
0.2964325
0.31721497
0.27194214
0.16647339
0.054626465
-0.026870728
-0.10090637
-0.1499176
-0.14457703
-0.10836792
-0.008239746
0.0418396
-0.007171631
-0.05883789
0.02532959
0.15582275
0.075927734
-0.11369324
-0.17601013
-0.04019165
0.16807556
0.3086853
0.30282593
0.22506714
0.21813965
0.2964325
0.34916687
0.34597778
0.28312683
0.22080994
0.17552185
0.122802734
0.082855225
0.05567932
-0.00982666
-0.06576538
-0.062026978
0.038116455
0.1979065
0.23039246
0.07167053
-0.15364075
-0.25271606
-0.19625854
-0.13873291
-0.19998169
-0.26974487
-0.26922607
-0.21170044
-0.067352295
0.2298584
0.70869446
1.0884552
0.4727478
-0.28466797
-0.38853455
