-24.432373
-26.25885
-25.720215
-25.570679
-27.046204
-25.256348
-24.868774
-24.33014
-27.319336
-26.507568
-24.655151
-24.205017
-23.965454
-25.968933
-25.267029
-26.408386
-26.469421
-25.054932
-26.594543
-25.282288
-27.183533
-27.671814
-25.906372
-26.31836
-26.693726
-27.493286
-28.13263
-28.092957
-25.393677
-25.907898
-26.693726
-27.720642
-26.731873
-27.633667
-27.532959
-27.134705
-28.259277
-27.98462
-27.406311
-27.694702
-28.459167
-29.258728
-28.260803
-28.823853
-28.172302
-28.860474
-30.049133
-28.259277
-28.321838
-28.971863
-28.886414
-30.397034
-30.149841
-30.584717
-29.360962
-28.773499
-28.259277
-27.632141
-28.172302
-29.296875
-27.920532
-29.898071
-28.521729
-29.130554
-28.570557
-28.134155
-28.733826
-28.884888
-28.884888
-28.884888
-28.695679
-28.782654
-28.50647
-29.194641
-28.633118
-28.005981
-26.968384
-29.170227
-29.13208
-27.842712
-30.35736
-29.069519
-29.632568
-29.898071
-30.108643
-30.230713
-29.196167
-29.107666
-30.270386
-30.422974
-31.585693
-30.612183
-30.4245
-30.900574
-32.626343
-32.878113
-32.64923
-32.31201
-32.69043
-31.175232
-32.099915
-33.7265
-33.251953
-32.0282
-32.00226
-32.91626
-32.662964
-32.313538
-32.476807
-31.399536
-31.274414
-32.35321
-31.338501
-31.590271
-32.478333
-31.150818
-32.225037
-31.126404
-30.174255
-32.250977
-30.67627
-31.626892
-31.58722
-30.525208
-31.75354
-30.027771
-30.50232
-31.188965
-30.625916
-31.150818
-29.875183
-29.612732
-30.778503
-29.174805
-30.340576
-31.10199
-30.752563
-31.718445
-29.589844
-29.930115
-29.655457
-29.264832
-29.530334
-28.804016
-28.804016
-28.804016
-29.818726
-29.992676
-30.819702
-29.718018
-29.693604
-29.818726
-29.405212
-29.193115
-30.818176
-29.193115
-28.656006
-28.967285
-28.244019
-27.304077
-27.656555
-28.440857
-28.157043
-28.656006
-26.930237
-28.30658
-28.56903
-27.406311
-28.305054
-26.3031
-26.742554
-27.966309
-27.342224
-26.927185
-27.153015
-26.615906
-25.552368
-25.448608
-25.624084
-25.061035
-23.812866
-24.20044
-25.189209
-25.164795
-24.563599
-24.287415
-26.036072
-24.88861
-24.865723
-24.287415
-25.039673
-25.515747
-25.791931
-23.664856
-24.10431
-25.015259
-24.977112
-26.142883
-24.829102
-24.629211
-25.291443
-25.578308
-23.623657
-23.527527
-24.002075
-23.503113
-23.414612
-22.792053
-22.314453
-22.854614
-22.338867
-20.587158
-20.812988
-21.50116
-19.085693
-20.42389
-19.813538
-19.822693
-19.448853
-19.798279
-19.798279
-19.798279
-19.773865
-19.670105
-18.44635
-16.783142
-18.405151
-18.574524
-17.533875
-17.408752
-17.448425
-18.295288
-17.282104
-15.968323
-15.92865
-15.118408
-16.007996
-15.969849
-15.594482
-15.620422
-14.804077
-15.533447
-15.805054
-15.809631
-15.368652
-15.843201
-15.081787
-14.994812
-14.683533
-12.432861
-14.953613
-16.09497
-14.584351
-14.456177
-13.934326
-14.332581
-14.332581
-13.420105
-13.204956
-14.057922
-12.731934
-12.730408
-13.244629
-11.956787
-12.142944
-11.993408
-10.379028
-11.730957
-9.817505
-10.229492
-11.190796
-8.752441
-9.101868
-9.503174
-7.939148
-6.2408447
-7.0266724
-6.30188
-8.253479
-6.9625854
-5.7632446
-4.9865723
-5.1986694
-4.826355
-3.388977
-4.1381836
-4.2266846
-3.5369873
-3.364563
-4.801941
-3.5140991
-2.2872925
-2.5390625
-1.1398315
-1.5991211
-1.725769
-1.725769
-1.725769
-0.9979248
1.6159058
-0.061035156
0.12664795
-0.24871826
-0.56152344
-1.8508911
-1.6860962
-1.2268066
-0.7507324
0.3479004
0.10223389
-0.9384155
-1.0375977
-0.6881714
-1.1383057
-1.663208
-3.741455
-3.704834
-2.4780273
-2.5802612
-1.8280029
-2.5543213
-4.4311523
-1.3916016
-3.93219
-2.6809692
-3.4973145
-4.032898
-2.658081
-3.6605835
-2.809143
-2.1835327
-2.2842407
-3.288269
-2.1240234
-3.012085
-2.2277832
-1.9760132
-1.0253906
-1.524353
-1.5655518
-2.3162842
-1.940918
-2.3544312
-3.0426025
-1.7547607
-2.4795532
-1.0421753
-2.56958
-2.293396
-0.71868896
-2.7679443
-0.98114014
-1.0818481
-2.3834229
-0.9460449
-1.210022
-0.7095337
-3.3355713
-2.4993896
-1.638794
-1.9378662
-1.9393921
-2.5009155
-2.3269653
-0.98876953
-1.6540527
-2.4017334
-3.0548096
-2.34375
-2.3422241
-3.5049438
-3.9794922
-3.9794922
-3.9794922
-3.4072876
-2.9937744
-4.6463013
-2.5344849
-3.9215088
-3.4454346
-3.0960083
-2.597046
-3.5705566
-3.0960083
-3.4240723
-3.4225464
-3.6102295
-3.2241821
-2.6870728
-3.8253784
-3.225708
-2.5787354
-2.8915405
-2.5558472
-2.7282715
-3.1417847
-2.9327393
-2.041626
-1.5426636
-1.5808105
-1.8920898
-1.5426636
-2.206421
-1.7059326
-2.810669
-1.7318726
-1.7700195
-2.0584106
-2.960205
-3.1463623
-3.3721924
-2.709961
-1.9989014
-2.4383545
-1.713562
-2.9632568
-1.3641357
-2.5024414
-2.2277832
-3.2150269
-2.4414062
-2.9647827
-1.9668579
-3.6315918
-4.13208
-3.718567
-4.7561646
-3.1295776
-1.9668579
-2.8564453
-3.0563354
-2.6306152
-1.9073486
-1.6784668
-1.6540527
-1.3061523
-1.2680054
-2.8182983
-2.368164
-1.5701294
-0.642395
-1.0284424
-0.018310547
-0.99487305
-1.1184692
-0.61798096
-0.6439209
0.28076172
0.28076172
0.28076172
1.1688232
1.2695312
0.8804321
1.2680054
0.7949829
0.48217773
0.29296875
0.6668091
-1.3320923
0.831604
1.3702393
2.0828247
0.9567261
1.8966675
1.7562866
2.2460938
2.3330688
1.6204834
0.95825195
1.7089844
2.5238037
1.05896
1.2466431
1.5975952
0.932312
0.49438477
2.1118164
0.8590698
0.32196045
0.1449585
2.973938
1.7852783
0.7720947
1.7471313
2.2750854
2.597046
1.625061
0.7110596
1.0879517
1.8722534
1.4770508
1.7150879
0.5508423
1.1901855
2.7267456
0.8773804
0.24871826
2.015686
-0.5996704
0.33874512
0.4638672
0.5004883
-0.21057129
-0.3112793
-0.24719238
-0.7232666
1.6921997
2.8778076
0.5661011
1.3427734
0.7797241
0.50354004
1.1688232
0.5661011
2.2079468
1.7166138
2.331543
2.0080566
2.8335571
2.5054932
0.680542
2.2079468
1.8554688
1.7547607
1.7547607
1.7547607
2.380371
2.418518
1.8585205
2.9190063
1.7562866
1.1291504
1.3183594
1.7807007
1.7578125
2.230835
1.1322021
1.8569946
1.2573242
2.168274
1.6921997
2.4215698
2.7938843
1.8188477
1.2802124
0.71868896
1.6921997
2.355957
0.7171631
1.1306763
0.3173828
2.7938843
1.8157959
2.7938843
1.1688232
2.1697998
1.2557983
0.9170532
1.2176514
-0.09460449
-0.0076293945
0.35705566
-0.05645752
-0.6591797
-0.09460449
-1.5441895
0.5065918
0.630188
-0.63323975
-0.5935669
-0.20751953
0.4043579
-0.5081177
-1.0696411
-0.9689331
-0.5340576
1.2557983
-0.5554199
0.48217773
0.48065186
0.65460205
-0.4699707
0.52948
0.6942749
1.6937256
1.1703491
1.0055542
-0.44403076
-1.8829346
0.6942749
-0.09460449
-0.3463745
-0.52948
-0.9674072
0.5065918
-1.9470215
-1.03302
-0.47149658
-1.3061523
-1.3061523
-1.3061523
-2.1942139
-1.1947632
-2.1331787
-1.6967773
-1.008606
-1.5319824
-1.7227173
-3.4210205
-1.8218994
-2.9464722
-2.3468018
-3.4851074
-1.2466431
-2.947998
-1.7211914
-4.2373657
-3.6590576
-2.2354126
-2.697754
-2.861023
-2.9006958
-5.4977417
-3.6346436
-5.2978516
-4.611206
