-29.478455
-29.24347
-30.438232
-29.975891
-29.594421
-28.637695
-28.918457
-29.502869
-29.034424
-28.536987
-28.778076
-28.76892
-30.273438
-28.66211
-27.185059
-25.813293
-26.751709
-26.394653
-27.180481
-25.465393
-24.487305
-25.25177
-26.272583
-26.59607
-25.55542
-24.873352
-24.571228
-26.869202
-25.933838
-24.28894
-26.623535
-25.582886
-26.61438
-26.023865
-24.214172
-24.76654
-25.0
-24.224854
-24.24469
-25.58899
-23.6557
-24.613953
-23.014832
-22.883606
-24.371338
-24.09668
-23.094177
-24.23706
-25.289917
-24.261475
-22.869873
-23.890686
-24.291992
-24.189758
-23.06366
-24.536133
-23.472595
-24.382019
-24.829102
-25.177002
-25.003052
-25.801086
-23.640442
-25.40741
-23.820496
-24.838257
-24.430847
-23.518372
-23.518372
-23.518372
-23.371887
-23.083496
-25.056458
-23.866272
-22.927856
-23.83728
-24.232483
-23.565674
-22.239685
-24.905396
-23.480225
-22.062683
-22.236633
-23.701477
-22.698975
-25.914001
-23.101807
-24.458313
-23.614502
-23.579407
-22.277832
-22.962952
-22.053528
-22.05658
-21.691895
-20.451355
-21.572876
-22.758484
-20.915222
-22.831726
-23.493958
-22.923279
-23.797607
-22.061157
-23.135376
-23.15216
-23.210144
-24.513245
-24.360657
-24.49646
-24.639893
-22.976685
-24.320984
-24.45221
-23.597717
-23.71521
-24.533081
-24.598694
-25.048828
-24.526978
-22.184753
-21.620178
-22.850037
-23.098755
-21.28601
-22.718811
-21.386719
-23.706055
-23.07434
-22.95227
-23.059082
-22.58606
-21.398926
-24.214172
-23.484802
-24.299622
-23.04535
-22.592163
-24.041748
-21.748352
-21.278381
-23.735046
-24.131775
-24.110413
-24.110413
-24.110413
-21.890259
-23.260498
-22.076416
-23.553467
-22.033691
-22.195435
-23.970032
-22.149658
-22.839355
-22.912598
-22.427368
-21.707153
-22.828674
-23.42987
-23.118591
-23.355103
-22.087097
-22.732544
-22.33429
-21.937561
-22.868347
-23.405457
-24.22638
-23.54889
-22.035217
-23.466492
-21.322632
-23.59314
-23.464966
-21.30127
-23.226929
-25.540161
-24.049377
-23.417664
-23.02246
-22.589111
-22.320557
-21.86737
-23.03772
-23.216248
-24.067688
-22.619629
-22.433472
-24.095154
-23.347473
-22.473145
-23.057556
-21.186829
-21.160889
-21.826172
-22.598267
-21.56372
-20.916748
-20.733643
-21.533203
-22.000122
-24.249268
-23.280334
-23.74115
-21.759033
-23.420715
-21.84906
-23.066711
-22.29309
-24.588013
-24.804688
-23.606873
-23.63739
-24.772644
-26.635742
-23.840332
-23.913574
-25.222778
-24.491882
-24.491882
-24.491882
-23.735046
-26.048279
-24.617004
-24.394226
-25.579834
-22.755432
-25.172424
-24.552917
-23.780823
-26.29242
-25.346375
-26.03302
-25.927734
-25.239563
-25.260925
-25.27008
-24.937439
-25.238037
-25.427246
-23.426819
-24.545288
-24.621582
-25.105286
-24.230957
-24.180603
-24.31488
-23.814392
-23.27118
-25.735474
-24.668884
-24.41101
-24.440002
-24.371338
-24.583435
-24.27826
-23.612976
-25.761414
-24.990845
-25.109863
-25.872803
-25.10376
-24.908447
-26.582336
-25.968933
-25.924683
-27.02179
-27.085876
-27.104187
-28.67279
-28.860474
-29.656982
-29.638672
-28.553772
-27.233887
-30.751038
-28.744507
-29.434204
-31.071472
-28.756714
-30.844116
-30.566406
-29.890442
-30.41687
-30.622864
-30.603027
-30.763245
-29.200745
-30.010986
-29.814148
-31.130981
-31.568909
-29.223633
-31.100464
-29.736328
-29.736328
-29.736328
-32.003784
-30.667114
-29.818726
-30.433655
-30.003357
-29.24347
-29.59137
-30.813599
-29.966736
-29.962158
-29.15039
-30.429077
-31.025696
-30.010986
-29.977417
-30.444336
-29.864502
-30.830383
-29.006958
-30.628967
-29.536438
-31.352234
-30.610657
-29.600525
-30.691528
-30.480957
-30.27649
-28.75061
-30.458069
-29.174805
-30.545044
-31.124878
-30.506897
-30.178833
-28.799438
-29.071045
-30.314636
-29.315186
-28.72467
-28.831482
-29.478455
-28.8208
-29.293823
-30.030823
-28.826904
-28.857422
-27.441406
-28.683472
-26.652527
-27.13623
-28.193665
-27.072144
-27.7771
-27.23999
-26.452637
-25.769043
-27.323914
-25.660706
-25.776672
-27.264404
-25.550842
-23.347473
-24.728394
-23.965454
-23.262024
-24.14093
-23.309326
-23.153687
-24.124146
-22.445679
-21.658325
-22.421265
-21.577454
-23.10791
-23.10791
-23.10791
-20.49408
-19.71283
-20.968628
-17.68341
-18.962097
-19.41681
-18.925476
-17.973328
-18.815613
-19.688416
-17.704773
-19.232178
-18.920898
-17.370605
-17.190552
-17.230225
-16.60614
-14.086914
-15.617371
-14.970398
-16.227722
-14.718628
-14.195251
-13.449097
-14.022827
-13.250732
-13.293457
-13.259888
-11.77063
-12.34436
-10.9817505
-12.338257
-11.566162
-10.964966
-9.954834
-9.376526
-9.971619
-9.172058
-7.926941
-8.358765
-6.047058
-7.015991
-6.777954
-6.817627
-6.0424805
-7.147217
-6.489563
-5.0308228
-4.6539307
-3.0441284
-2.7755737
-2.4520874
-2.8198242
-3.0471802
-4.9591064
-1.0498047
-0.7751465
-0.9124756
0.3692627
-0.44708252
-1.7883301
0.076293945
-1.0009766
-0.7537842
-1.0498047
1.435852
0.6851196
-0.10223389
0.42419434
1.6067505
2.3223877
1.8997192
2.2109985
3.0258179
3.0258179
3.0258179
4.574585
5.314636
4.412842
3.6727905
4.66156
4.5059204
5.885315
5.912781
6.5307617
5.873108
5.747986
6.842041
5.7296753
5.4351807
7.4523926
5.9265137
6.55365
6.9488525
4.966736
7.6919556
5.74646
6.8893433
7.952881
6.4590454
7.6828003
9.005737
6.60553
9.454346
8.358765
9.429932
8.465576
8.705139
8.825684
10.240173
8.399963
9.965515
8.818054
7.887268
7.4172974
8.874512
8.013916
6.8130493
7.2372437
7.394409
6.8832397
6.626892
8.757019
6.666565
8.535767
7.5164795
7.8308105
8.8897705
7.911682
7.9345703
6.3934326
6.6955566
6.628418
8.068848
6.2805176
6.5948486
6.4208984
7.936096
5.2246094
6.5856934
5.0964355
5.2871704
5.7159424
4.4555664
3.6148071
5.7525635
4.1549683
5.0964355
5.255127
4.5150757
4.5150757
4.5150757
5.131531
4.8187256
2.659607
5.3115845
5.8502197
6.454468
5.0750732
3.7460327
3.2546997
4.2129517
3.401184
4.185486
3.2577515
3.7704468
3.4606934
2.8335571
5.609131
3.7368774
4.777527
4.145813
3.7658691
4.8324585
5.215454
5.2337646
4.2770386
4.081726
7.247925
4.386902
4.1549683
3.578186
4.020691
4.786682
4.335022
3.4957886
4.4296265
3.9642334
5.014038
5.6121826
3.9535522
3.8726807
4.119873
4.73938
3.5079956
3.3081055
4.8583984
5.2108765
4.699707
4.0664673
4.043579
5.773926
4.7836304
3.604126
3.666687
4.4311523
3.703308
5.758667
5.067444
4.724121
5.102539
2.9342651
4.307556
3.9215088
3.8757324
5.029297
4.258728
3.6697388
3.5980225
3.2806396
4.119873
5.722046
4.8217773
6.5216064
3.2821655
3.2821655
3.2821655
3.8330078
4.211426
7.1762085
7.0755005
5.883789
5.8151245
7.080078
6.2179565
6.149292
6.1065674
7.0358276
6.996155
7.847595
6.411743
8.416748
8.506775
7.723999
7.658386
8.529663
9.140015
9.339905
8.380127
8.786011
7.495117
8.59375
