8.559998
9.24234
9.89476
9.900742
9.728363
9.243546
8.914337
9.061584
9.502121
9.857651
9.867233
9.5164795
9.362045
9.897156
11.324097
12.438599
12.28537
10.771042
9.274658
9.24115
10.119812
10.48613
9.856461
8.495346
7.60231
7.60112
7.8668823
8.087143
8.409164
8.677307
8.791031
8.9275055
9.037643
9.171722
9.169327
8.981384
9.08432
9.7295685
10.148544
9.676895
8.819763
8.932297
10.796173
12.888718
13.216721
11.4964905
9.565552
9.052002
9.245941
9.150162
8.861664
8.5121155
8.548019
7.9375
7.6932983
7.961441
8.082352
8.002136
8.064392
8.392395
9.715195
9.662521
9.534424
9.472183
9.535629
9.417114
9.494934
10.162918
10.718369
11.176849
11.847229
12.846802
13.123337
12.207565
10.569931
8.886795
8.002136
8.567184
9.553589
9.862442
9.274658
8.293045
7.626251
7.2874756
7.4622498
8.126648
8.783844
9.115448
9.148956
8.975388
8.67012
8.49176
8.60788
9.121429
9.63858
9.9318695
9.481766
8.673721
8.544434
9.348892
10.24791
10.214386
9.3824005
8.844894
9.511688
10.967361
11.977722
11.529999
9.940247
8.437897
7.486191
7.1522064
7.2000885
7.5508423
7.8525085
7.9434814
8.021301
8.530075
9.49971
10.138962
10.200027
10.162918
10.301773
10.498093
10.322128
10.5998535
11.610199
12.558319
12.102219
10.614227
9.487747
9.044815
9.297409
9.572739
9.524857
9.087921
8.394791
7.817795
7.3892365
7.2348022
7.585556
8.157776
8.6354065
8.94426
9.097488
9.199249
9.153748
8.884415
8.712021
9.551193
10.009689
7.833359
8.002136
11.570709
12.259033
10.557953
9.816956
10.926666
12.427826
12.575073
11.3229065
9.699631
8.534851
8.052414
8.045242
7.913559
7.431122
6.9391174
6.894821
7.546051
8.061996
8.109879
8.069183
8.146988
8.940674
10.46817
11.430649
11.707169
11.370789
11.386353
12.674423
14.130096
13.966095
12.1692505
10.057571
9.346481
9.843277
10.421478
10.080307
8.561188
7.130661
6.566818
6.5764008
6.766739
7.0013733
7.384445
7.9638367
8.577942
9.170517
9.528442
9.553589
9.322556
9.095093
9.368027
9.99173
9.980942
11.046371
13.123352
14.091797
12.734283
11.083481
10.525635
10.656113
10.681259
10.1689
9.194458
8.289444
7.5675964
7.2982483
7.5795746
7.897995
7.8632812
7.573578
7.324585
7.2192383
7.751953
8.855682
9.318954
9.244736
9.594284
10.98172
12.117783
12.013626
11.504868
11.260651
11.861603
12.710342
12.457764
11.0703125
9.561966
8.866455
9.561966
10.3628235
10.13298
8.994537
7.5604095
6.735611
6.5321045
6.846939
7.268326
7.447891
7.660965
8.15657
7.834549
7.7339935
7.7854614
9.662521
11.115799
10.992508
9.910324
9.917511
11.691605
13.362762
12.697174
10.352051
8.976578
9.593094
10.771042
11.1996
10.590271
9.198044
7.8536987
6.917572
6.360916
6.2603607
6.6350555
7.2862854
7.8082123
8.073975
8.266708
8.574356
9.0903015
9.114243
8.763504
8.853287
10.225159
11.939407
12.753433
13.098206
13.246643
12.929413
12.020813
10.923065
10.082703
9.462601
9.211212
9.274658
9.136993
8.757507
8.101501
7.1174927
6.224457
6.071213
6.7846985
8.282272
9.651749
10.098267
10.237137
10.152145
10.286209
10.227554
10.261078
10.543594
10.344879
9.226776
8.513306
9.747513
12.184814
13.49205
12.241074
10.2239685
9.654144
10.40712
10.675278
10.064743
8.603088
7.237198
6.1490326
6.4698486
7.110306
7.4873962
7.486191
7.6358337
8.131439
8.8461
9.248322
9.423111
9.00531
9.026855
10.56514
12.469727
12.692383
11.100235
10.162918
11.3624115
13.093414
13.402267
11.656891
9.684067
8.719208
8.74794
8.843704
8.387604
7.8357544
7.954254
7.434723
5.2320557
5.054886
7.1067047
