0.16697693
0.1648407
0.08920288
-0.01838684
-0.03916931
-0.033309937
-0.040222168
-0.09083557
-0.18829346
-0.28416443
-0.3022766
-0.29536438
-0.40242004
-0.62931824
-0.8290558
-0.8423767
-0.66075134
-0.45622253
-0.4072113
-0.52812195
-0.6639404
-0.72039795
-0.6921692
-0.6298523
-0.5744629
-0.4961548
-0.41893005
-0.38163757
-0.36087036
-0.35714722
-0.36993408
-0.34809875
-0.26446533
-0.14355469
-0.023712158
0.06576538
0.13235474
0.20744324
0.32302856
0.46791077
0.5765686
0.54833984
0.33155823
0.11051941
0.08282471
0.20159912
0.3416748
0.36990356
0.23461914
0.043411255
-0.05833435
0.04925537
0.26071167
0.46098328
0.51478577
0.43222046
0.235672
0.007171631
-0.12385559
-0.11000061
-0.047683716
0.062042236
0.07269287
0.02583313
0.007171631
-0.026382446
-0.108932495
-0.18777466
-0.24795532
-0.3907013
-0.5797882
-0.61546326
-0.40348816
-0.07218933
0.14833069
0.16165161
0.04286194
-0.0423584
-0.03437805
0.008239746
0.05458069
0.055648804
0.0471344
0.057250977
0.052993774
0.037017822
0.046066284
0.076416016
0.14726257
0.23994446
0.32037354
0.36990356
0.39813232
0.40238953
0.42422485
0.47909546
0.5573883
0.61917114
0.61172485
0.5675049
0.5339508
0.54141235
0.5712433
0.57496643
0.4977417
0.41464233
0.39920044
0.4593811
0.58029175
0.6665802
0.6580658
0.5712433
0.46791077
0.37043762
0.27191162
0.1690979
0.09187317
0.06578064
0.09666443
0.109451294
0.08229065
0.054595947
0.0710907
0.13926697
0.14886475
0.03593445
-0.09295654
-0.061538696
0.14833069
0.39920044
0.5509949
0.5472717
0.46684265
0.44554138
0.4743042
0.4993286
0.5035858
0.51104736
0.533432
0.5286255
0.48709106
0.4577942
0.5062561
0.58029175
0.6165161
0.6596527
0.7757721
0.93289185
1.0601959
1.1235809
1.1693878
1.23703
1.1752472
1.0617981
0.97657776
1.0463562
1.2375641
1.3233185
1.2450104
1.1512756
1.1645966
1.2924194
1.4085388
1.4602051
1.4356995
1.3552704
1.2577972
1.1640625
1.0756378
0.9856262
0.8562012
0.7033386
0.6404877
0.64100647
0.62397766
0.6031952
0.6676483
0.7826843
0.7187805
0.17762756
-0.4849701
-0.68418884
-0.33903503
0.2628479
0.6761627
0.7379608
0.6234436
0.50253296
0.37469482
0.2655182
0.22183228
0.2239685
0.22503662
0.22290039
0.25431824
0.3182373
0.37043762
0.38482666
0.37257385
0.3842926
0.46949768
0.63568115
0.78749084
0.86364746
0.871109
0.78855896
0.5712433
0.4306183
0.5254364
0.7470093
0.8988037
0.8503418
0.6500702
0.5701752
0.68948364
0.86631775
0.931839
0.8657837
0.73049927
0.6207733
0.55259705
0.48921204
0.423172
0.33422852
0.23355103
0.1690979
0.15791321
0.12382507
0.048187256
-0.06100464
-0.10202026
0.031677246
0.24899292
0.25645447
-0.101486206
-0.46739197
-0.5110779
-0.26287842
0.026351929
0.09133911
-0.04928589
-0.1638031
-0.16326904
-0.08816528
0.043395996
0.16590881
0.22183228
0.23461914
0.21650696
0.19892883
0.2074585
0.25857544
0.3347473
0.38215637
0.35339355
0.34806824
0.38961792
0.3874817
0.33422852
0.2740326
0.1690979
0.03967285
-0.024246216
0.04978943
0.2037201
0.32356262
0.37150574
0.40293884
0.4524536
0.5350189
0.6473999
0.7555237
0.79016113
0.6719055
0.44075012
0.2202301
0.08015442
0.018371582
0.011444092
0.022094727
0.005050659
-0.057281494
-0.14994812
-0.23251343
-0.25646973
-0.27139282
-0.32199097
-0.37631226
-0.41679382
-0.4306488
-0.4721985
-0.5531616
-0.54888916
-0.45195007
-0.40827942
-0.47113037
-0.53770447
-0.50787354
-0.37898254
-0.23944092
-0.18351746
-0.2026825
-0.23410034
-0.25753784
-0.2649994
-0.23995972
-0.20321655
-0.09295654
0.04499817
0.1451416
0.19200134
0.24047852
0.3406067
0.40612793
0.38908386
0.26924133
0.06790161
-0.07325745
-0.033843994
0.21916199
0.5589905
0.7400818
0.66285706
0.48016357
0.39120483
0.45300293
0.56484985
0.6378174
0.40238953
0.19148254
0.08920288
-0.049819946
-0.10574341
-0.0892334
-0.042892456
0.027420044
-0.01838684
-0.21972656
-0.4610138
-0.530777
-0.3518219
-0.11373901
-0.038635254
-0.20587158
-0.42851257
-0.481781
-0.32626343
-0.08602905
0.03753662
-0.009338379
-0.13024902
-0.23091125
-0.24421692
-0.1638031
-0.10202026
-0.15740967
-0.24102783
-0.21705627
-0.15794373
