-26.12915
-25.756836
-27.970886
-24.984741
-27.200317
-25.48523
-25.039673
-26.400757
-25.45166
-26.417542
-26.576233
-26.216125
-25.709534
-26.629639
-26.44806
-28.300476
-28.552246
-28.097534
-28.022766
-27.671814
-28.138733
-27.830505
-27.96936
-28.152466
-26.412964
-27.67334
-27.661133
-27.27356
-28.051758
-27.905273
-27.01416
-27.648926
-28.120422
-26.853943
-26.968384
-24.191284
-24.67804
-24.72992
-24.076843
-23.457336
-23.32611
-22.999573
-24.8703
-25.057983
-26.293945
-25.473022
-26.37024
-25.775146
-26.69983
-25.991821
-29.385376
-27.8656
-28.190613
-27.545166
-27.996826
-28.33252
-28.070068
-28.208923
-28.35083
-30.532837
-28.347778
-28.382874
-30.662537
-28.204346
-28.204346
-28.204346
-28.204346
-27.894592
-26.049805
-27.116394
-28.608704
-27.862549
-28.813171
-29.078674
-27.427673
-27.397156
-28.79181
-28.570557
-27.919006
-27.442932
-28.916931
-28.683472
-26.84784
-27.296448
-27.511597
-28.204346
-27.996826
-26.768494
-26.368713
-26.985168
-24.899292
-24.765015
-24.728394
-25.021362
-24.136353
-22.58606
-22.572327
-23.118591
-21.876526
-20.436096
-22.131348
-21.188354
-18.774414
-21.290588
-22.46399
-21.095276
-21.966553
-21.98944
-22.84851
-21.284485
-22.906494
-21.435547
-20.944214
-17.878723
-20.690918
-19.483948
-21.757507
-22.0932
-20.222473
-20.697021
-20.680237
-21.847534
-22.245789
-20.202637
-21.984863
-21.85669
-22.132874
-21.798706
-21.492004
-22.918701
-21.777344
-22.302246
-20.491028
-21.847534
-20.661926
-21.609497
-19.857788
-22.210693
-20.632935
-20.523071
-20.67566
-18.379211
-18.379211
-21.282959
-20.703125
-18.589783
-18.791199
-20.755005
-20.651245
-18.493652
-18.359375
-18.473816
-18.240356
-17.99469
-18.023682
-17.803955
-18.040466
-20.187378
-18.850708
-20.402527
-21.095276
-20.17517
-20.721436
-20.33844
-19.136047
-19.667053
-19.700623
-20.19806
-19.792175
-19.067383
-17.314148
-20.758057
-20.17517
-20.155334
-20.700073
-20.431519
-19.952393
-21.20819
-20.173645
-21.916199
-20.480347
-21.156311
-23.034668
-23.544312
-21.705627
-20.237732
-21.17157
-20.314026
-21.026611
-19.73114
-19.587708
-19.772339
-21.269226
-20.506287
-19.47937
-18.745422
-21.434021
-19.45343
-19.66095
-19.569397
-19.725037
-17.388916
-19.589233
-20.776367
-20.352173
-18.41278
-19.212341
-19.085693
-18.29834
-19.767761
-19.276428
-19.358826
-20.13092
-19.378662
-20.361328
-19.866943
-21.517944
-19.93103
-20.143127
-22.4823
-22.4823
-19.554138
-18.554688
-18.603516
-20.184326
-19.581604
-20.86792
-22.033691
-19.319153
-19.66095
-19.633484
-19.747925
-20.204163
-21.859741
-21.089172
-19.404602
-22.253418
-19.715881
-21.966553
-20.513916
-20.033264
-19.610596
-20.10498
-19.67926
-20.852661
-19.33136
-20.12024
-19.882202
-18.806458
-20.030212
-21.051025
-18.826294
-21.134949
-20.674133
-22.398376
-19.587708
-21.453857
-20.335388
-21.928406
-19.992065
-19.622803
-20.19043
-22.215271
-21.717834
-21.617126
-20.86792
-22.557068
-21.705627
-21.224976
-20.199585
-19.813538
-20.405579
-21.316528
-21.03424
-22.721863
-21.385193
-19.851685
-21.209717
-19.876099
-19.77539
-19.955444
-20.22705
-19.604492
-18.84613
-19.458008
-18.798828
-20.303345
-18.939209
-20.350647
-19.703674
-19.674683
-18.16101
-17.933655
-19.544983
-18.544006
-20.373535
-18.41278
-18.41278
-18.41278
-17.045593
-17.668152
-18.67981
-19.647217
-18.466187
-18.650818
-18.83545
-20.025635
-19.13147
-18.022156
-19.070435
-19.563293
-19.810486
-17.933655
-17.94281
-18.486023
-17.285156
-16.220093
-16.363525
-16.778564
-15.570068
-16.4917
-14.08844
-15.846252
-14.649963
-14.949036
-15.745544
-16.18805
-17.05017
-17.897034
-16.871643
-17.404175
-17.20581
-16.192627
-16.015625
-16.021729
-16.435242
-17.216492
-17.933655
-16.986084
-16.687012
-17.07306
-16.925049
-17.089844
-16.334534
-16.874695
-16.479492
-16.653442
-17.436218
-17.852783
-15.789795
-15.4296875
-17.182922
-16.963196
-18.798828
-16.792297
-18.49823
-16.345215
-17.193604
-18.307495
-18.283081
