1624764590501
1624764590502
1624764590515
1624764590549
1624764590558
1624764590576
1624764590595
1624764590615
1624764590636
1624764590655
1624764590677
1624764590695
1624764590716
1624764590736
1624764590760
1624764590776
1624764590795
1624764590816
1624764590836
1624764590855
1624764590876
1624764590896
1624764590916
1624764590936
1624764590956
1624764590976
1624764590996
1624764591015
1624764591036
1624764591056
1624764591078
1624764591096
1624764591117
1624764591135
1624764591157
1624764591177
1624764591196
1624764591216
1624764591236
1624764591255
1624764591276
1624764591296
1624764591316
1624764591336
1624764591356
1624764591375
1624764591395
1624764591415
1624764591436
1624764591458
1624764591476
1624764591495
1624764591517
1624764591537
1624764591556
1624764591576
1624764591596
1624764591616
1624764591635
1624764591655
1624764591678
1624764591697
1624764591717
1624764591736
1624764591755
1624764591776
1624764591795
1624764591815
1624764591835
1624764591856
1624764591876
1624764591895
1624764591915
1624764591935
1624764591956
1624764591976
1624764591995
1624764592017
1624764592037
1624764592056
1624764592076
1624764592098
1624764592116
1624764592137
1624764592157
1624764592177
1624764592197
1624764592217
1624764592237
1624764592256
1624764592277
1624764592297
1624764592316
1624764592336
1624764592356
1624764592375
1624764592397
1624764592418
1624764592437
1624764592456
1624764592477
1624764592497
1624764592519
1624764592537
1624764592557
1624764592579
1624764592600
1624764592617
1624764592637
1624764592658
1624764592678
1624764592697
1624764592718
1624764592737
1624764592757
1624764592778
1624764592798
1624764592819
1624764592836
1624764592856
1624764592878
1624764592897
1624764592917
1624764592937
1624764592958
1624764592977
1624764592998
1624764593017
1624764593038
1624764593057
1624764593077
1624764593097
1624764593118
1624764593137
1624764593158
1624764593177
1624764593197
1624764593218
1624764593237
1624764593258
1624764593276
1624764593298
1624764593316
1624764593338
1624764593357
1624764593378
1624764593398
1624764593417
1624764593437
1624764593457
1624764593477
1624764593502
1624764593521
1624764593536
1624764593558
1624764593588
1624764593595
1624764593619
1624764593637
1624764593656
1624764593677
1624764593696
1624764593716
1624764593737
1624764593756
1624764593777
1624764593796
1624764593818
1624764593837
1624764593856
1624764593877
1624764593897
1624764593917
1624764593937
1624764593956
1624764593977
1624764593997
1624764594019
1624764594037
1624764594057
1624764594077
1624764594098
1624764594116
1624764594137
1624764594157
1624764594177
1624764594198
1624764594218
1624764594236
1624764594257
1624764594277
1624764594297
1624764594319
1624764594337
1624764594357
1624764594378
1624764594397
1624764594417
1624764594437
1624764594458
1624764594477
1624764594497
1624764594517
1624764594538
1624764594557
1624764594578
1624764594597
1624764594617
1624764594637
1624764594657
1624764594678
1624764594697
1624764594718
1624764594738
1624764594757
1624764594777
1624764594797
1624764594818
1624764594838
1624764594856
1624764594877
1624764594897
1624764594916
1624764594938
1624764594958
1624764594977
1624764594999
1624764595016
1624764595037
1624764595057
1624764595077
1624764595097
1624764595117
1624764595138
1624764595157
1624764595177
1624764595197
1624764595217
1624764595238
1624764595259
1624764595279
1624764595297
1624764595319
1624764595337
1624764595358
1624764595379
1624764595398
1624764595418
1624764595438
1624764595459
1624764595477
1624764595498
1624764595517
1624764595537
1624764595559
1624764595583
1624764595596
1624764595617
1624764595638
1624764595657
1624764595677
1624764595697
1624764595716
1624764595738
1624764595758
1624764595777
1624764595797
1624764595817
1624764595837
1624764595858
1624764595878
1624764595897
1624764595917
1624764595939
1624764595958
1624764595977
1624764595997
1624764596017
1624764596037
1624764596057
1624764596078
1624764596098
1624764596117
1624764596138
1624764596157
1624764596179
1624764596198
1624764596218
1624764596237
1624764596258
1624764596279
1624764596299
1624764596318
1624764596338
1624764596358
1624764596379
1624764596399
1624764596419
1624764596438
1624764596460
1624764596478
1624764596499
1624764596520
1624764596538
1624764596558
1624764596578
1624764596598
1624764596620
1624764596638
1624764596658
1624764596679
1624764596700
1624764596719
1624764596738
1624764596758
1624764596779
1624764596798
1624764596818
1624764596838
1624764596858
1624764596879
1624764596899
1624764596920
1624764596938
1624764596958
1624764596978
1624764596999
1624764597019
1624764597038
1624764597058
1624764597078
1624764597099
1624764597118
1624764597138
1624764597158
1624764597178
1624764597199
1624764597217
1624764597238
1624764597260
1624764597278
1624764597298
1624764597318
1624764597337
1624764597358
1624764597378
1624764597399
1624764597419
1624764597438
1624764597458
1624764597478
1624764597499
1624764597519
1624764597539
1624764597559
1624764597579
1624764597611
1624764597618
1624764597638
