2.2250519
2.075409
2.068222
2.0299225
1.8886719
1.7845154
1.8467712
1.9066162
1.8443756
1.8479614
1.8599243
1.8359985
1.8455658
1.8012695
1.7282562
1.7725525
1.8755035
1.9173889
1.8635254
1.8252258
1.7964783
1.8060608
1.84198
1.8838654
1.9425354
2.0107727
2.015564
2.004776
1.9580994
1.9197845
1.9185944
1.8838806
1.8347931
1.8491669
1.9580994
2.052658
1.984436
1.8252258
1.7450104
1.8096619
1.8994446
1.8599243
1.6875458
1.589386
1.6672058
1.8204346
1.9102173
1.8838654
1.8778839
1.9197845
1.8778839
1.7581787
1.6863556
1.6731873
1.6480408
1.6552277
1.6480408
1.6600189
1.6827698
1.6851501
1.6181183
1.6408691
1.7258606
1.8383789
1.9006348
1.8012695
1.6959381
1.6564331
1.6193237
1.565445
1.4924316
1.4636841
1.5331268
1.5834045
1.589386
1.6240997
1.7378235
1.8000793
1.7581787
1.6983337
1.6516418
1.608551
1.644455
1.6899414
1.6767731
1.6432495
1.628891
1.6300964
1.6636047
1.7510071
1.7521973
1.7222595
1.7007141
1.6911469
1.7055054
1.7485962
1.7258606
1.6324921
1.5175629
1.4888306
1.5858002
1.6660004
1.6432648
1.558258
1.5546722
1.668396
1.7833252
1.8371887
1.8371887
1.8683167
1.9533081
2.068222
2.0263367
1.8120575
1.6731873
1.5881958
1.4553223
1.3894653
1.3990479
1.4026489
1.4086304
1.4421539
1.5055847
1.5821991
1.6360779
1.6851501
1.7378235
1.7797241
1.8359833
1.8443756
1.7438049
1.6827698
1.6648102
1.6181183
1.5427094
1.5486908
1.6959381
1.8599396
1.9185944
1.8240204
1.644455
1.5798187
1.613327
1.6719971
1.6779785
1.6324921
1.6672058
1.76297
1.8599396
1.826416
1.7222748
1.6025543
1.549881
1.5450897
1.4780579
1.4074249
1.450531
1.5582733
1.6025543
1.5462952
1.5091858
1.6564178
1.8898621
1.9892273
1.8719025
1.6169281
1.4900208
1.5774231
1.7090912
1.6779785
1.5331268
1.431366
1.355957
1.3535614
1.3236389
1.257782
1.1943512
1.2099152
1.2709656
1.3798981
1.4924164
1.5546722
1.5869904
1.6540375
1.723465
1.7485962
1.7055054
1.5834045
1.5319366
1.5594635
1.5127716
1.431366
1.4541168
1.5678406
1.6767731
1.7270508
1.7498016
1.8120575
1.8407745
1.7150879
1.5881958
1.4900208
1.4589081
1.4289703
1.3990479
1.3703156
1.3248291
1.3116608
1.3535614
1.4864349
1.6300964
1.7174683
1.818039
1.8731079
1.8970337
1.8204193
1.7067108
1.613327
1.549881
1.5151672
1.5558624
1.613327
1.6025543
1.5510864
1.4828491
1.3786926
1.3427887
1.3583527
1.4074249
1.4732666
1.4864349
1.4672852
1.4469299
1.4696808
1.553482
1.6001587
1.6240997
1.6348877
1.628891
1.6217041
1.6240997
1.6253052
1.6672058
1.7126923
1.7246704
1.7581787
1.7821198
1.7067108
1.5726318
1.4996033
1.5355225
1.6097412
1.6552277
1.7426147
1.8359985
1.865921
1.7485962
1.5510864
1.4062347
1.3858795
1.4708862
1.470871
1.3966522
1.3547516
1.4505157
1.569046
1.7521973
1.9245758
2.0430908
2.0610504
2.0466766
2.0814056
2.0897827
2.0011902
1.9018402
1.8168335
1.6552277
1.5391083
1.5834045
1.6588135
1.707901
1.7198639
1.7761383
1.8443756
1.8623352
1.8515472
1.802475
1.7545929
1.7809296
1.7928925
1.723465
1.6384735
1.6264954
1.7246704
1.8731079
1.9772491
1.9568939
1.9233856
1.8994293
1.865921
1.7749329
1.6672058
1.6600189
1.6815643
1.6863556
1.7306519
1.7797241
1.7354431
1.7102966
1.707901
1.6456451
1.5953674
1.6277008
1.6947327
1.7246552
1.7641602
1.7749329
1.8000793
1.846756
1.8240204
1.7797241
1.7102966
1.5917816
1.4828491
1.5091858
1.58461
1.6648102
1.7988892
1.9904175
2.1173096
2.1520233
2.0802002
1.9880219
1.8850708
1.7593842
1.6671906
1.5989685
1.6277008
1.707901
1.6935425
1.7066956
1.7689514
1.8551483
1.9880219
2.055069
2.0550537
2.039505
1.9748535
1.8802795
1.8898621
1.936554
1.9652863
1.9664764
1.9161987
1.8695068
2.008377
2.1364594
2.1328735
2.0849915
2.1436462
2.2406158
2.3112335
2.499176
2.782898
2.8355713
2.6631775
2.4536896
2.3267975
2.1735687
2.1436462
2.2070923
2.217865
2.221466
2.427353
2.6500244
2.743393
2.6990967
2.5889587
2.5315094
2.5937653
2.6655884
2.8295898
3.0151367
2.9888
2.648819
2.3339844
2.2478027
2.4201813
2.4824219
1.9856262
1.6564331
1.6025543
1.3104706
0.97528076
0.9453583
0.7442322
0.30369568
0.14329529
0.20314026
0.0738678
-0.2936554
-0.643219
-0.70306396
-0.49357605
-0.13684082
0.2115326
0.47727966
0.6125488
0.79571533
1.1608276
1.5032043
1.7438202
1.8336029
1.8323975
1.9066162
2.1125183
2.265747
2.1316833
1.7677612
1.2697601
0.984848
0.78134155
0.75260925
0.76937866
0.3240509
-0.31401062
-0.29006958
-0.0015716553
0.13491821
0.23545837
0.5514984
0.8723297
1.2278595
1.3487701
1.0877991
0.87112427
0.96569824
1.1919556
1.3020935
1.2051239
1.0854034
0.8340149
0.4222107
0.42460632
0.5574951
0.5012207
0.312088
0.4796753
0.59220886
-0.30801392
-1.4141388
-1.6224365
-0.82637024
0.12773132
0.2546234
-0.05303955
0.015197754
0.5084076
0.93696594
1.158432
1.0099945
0.826828
0.8304291
0.6412811
0.50720215
0.72029114
0.99324036
1.1488647
1.0087891
0.7789612
0.5802307
0.76937866
0.881897
0.7610016
0.50601196
0.030761719
-0.20147705
-0.20028687
-0.2134552
-0.111694336
-0.063812256
0.09420776
0.54312134
1.0782318
1.6468506
1.9640808
1.8671112
1.6253052
1.4804535
1.2805328
1.0698547
0.83999634
0.54193115
0.22109985
-0.02670288
-0.11529541
-0.05064392
-0.03868103
0.26060486
0.5215759
0.05230713
-0.592926
-0.8562927
-0.80722046
-0.68870544
-0.50315857
-0.25894165
0.13252258
0.6269226
1.1021729
1.4756622
1.7042999
1.8958435
1.9952087
1.9437256
1.905426
1.9257812
1.9856262
1.9509125
1.6612091
1.2434235
1.0279541
0.9022522
0.54551697
0.54551697
0.5886078
0.5622711
0.80288696
0.8842926
0.41741943
0.11935425
-0.011138916
0.048706055
0.5395355
1.1452637
1.7485962
2.2585754
2.5877686
2.6584015
2.4105988
1.9497223
1.5235443
1.3798981
1.4277802
1.1991272
0.9202118
0.80648804
0.73825073
0.901062
1.2446289
0.8986664
0.30369568
0.16723633
0.6065674
1.0147858
0.89746094
0.55270386
0.5993805
1.0758362
1.6660004
2.0071716
2.068222
2.02034
1.9485168
1.9820404
1.9640808
1.7893066
1.687561
1.565445
1.3834839
1.4026489
1.7222595
2.0730133
2.25737
1.9904175
1.2314453
0.5874176
0.13252258
0.5479126
1.2027283
1.1536407
0.9740753
1.079422
1.2123108
1.4648895
1.7462158
1.944931
2.107727
2.2609558
2.2130737
1.8898621
1.6169281
1.5379181
1.6253052
1.8132477
1.7462158
1.2446289
0.90823364
0.9680939
1.3403931
1.3499756
0.43418884
-0.31999207
-0.047058105
0.5586853
0.87831116
0.94296265
0.8842926
0.9046478
1.1608276
1.5031891
1.6995239
1.8766937
2.1113281
2.2274475
2.0778046
1.8623352
1.7689514
1.9293671
2.1723785
2.1568146
1.9425354
1.84198
2.0921783
2.2118835
2.1292877
1.6827545
1.0818176
0.77175903
1.0566711
1.2446136
1.261383
1.2123108
1.0890045
1.1296997
1.1931458
1.4565125
1.7378235
1.984436
2.1592102
2.3076477
2.41539
2.3651123
2.1532135
2.0718231
2.1280823
2.0885773
1.7689514
1.5762177
1.8120422
1.9509125
1.9305725
1.391861
0.76937866
0.7645874
1.1704102
1.1560364
0.7789459
0.6915741
1.0770264
1.455307
1.5858002
1.7222595
1.8898621
1.9293671
1.9161987
1.9952087
2.2214508
2.5123596
2.5123596
2.2992706
2.1328735
2.037094
2.083786
2.1879425
2.063446
1.7222748
1.0435181
0.9345703
1.3846741
1.687561
1.5163574
1.0255585
0.8723297
0.97647095
1.3415833
1.7581787
1.9461212
1.965271
2.265747
2.25737
2.3686981
2.248993
1.9736481
1.8850708
1.7940826
1.5702362
1.2554016
1.0219727
1.1165314
1.5283356
1.9389343
1.9030304
1.0482941
0.23905945
0.039138794
0.41262817
0.6017914
0.45214844
0.38510132
0.67240906
1.0111847
1.1320953
1.0985718
1.0770264
1.1261139
1.332016
1.5762177
1.9317627
2.2477875
2.226242
2.037094
1.7533875
1.4325714
1.4457397
1.229065
0.6999512
0.43658447
0.19715881
-0.05064392
-0.01953125
0.4102478
0.6927643
0.65444946
0.61854553
0.6819916
0.861557
1.2494202
1.6695862
1.8288116
1.7617645
1.6396637
1.5858002
1.558258
1.4565125
1.4409485
1.5127716
1.3379974
0.65444946
-0.019515991
0.23187256
1.0590668
1.7533875
1.4122162
-0.22064209
-1.3842163
-1.6691284
-1.0011444
-0.0099487305
0.5155792
0.9537201
1.2158966
1.197937
1.0770264
0.9740753
0.9034424
1.0016174
1.3020782
1.6504364
2.0861816
2.6153107
2.88945
2.6990967
2.2322388
1.5762177
1.0363312
0.89985657
0.86395264
0.7370453
0.45812988
0.25941467
0.015197754
0.26179504
0.5503082
0.41503906
0.09899902
0.16125488
0.45573425
0.7454376
0.96569824
1.0482941
1.2266693
1.5474854
1.7665558
1.8383789
1.7904968
1.6253052
1.4229889
1.2410278
1.1021729
0.83161926
0.67240906
0.96569824
0.98605347
1.0734406
0.6472626
-0.42175293
-1.1005096
-0.86946106
-0.10571289
0.35038757
0.48446655
0.64486694
0.8926697
1.1859741
1.5702362
1.7904968
1.6169281
1.4229889
1.4253845
1.5905914
1.5989685
1.6815643
1.7665558
1.7569885
1.5810089
1.2973022
1.1871643
1.7617645
2.063446
1.2901154
0.67959595
0.4102478
0.5957947
0.96450806
1.1081543
0.65444946
0.5191803
0.8627472
1.1524506
1.1787872
1.1153412
1.0028076
0.8950653
0.9992218
1.3727112
1.7533875
2.0299225
2.0382996
1.7043152
1.4936218
1.723465
2.008377
1.8539581
1.1213226
0.29412842
-0.02670288
-0.3618927
-0.7928467
-0.9305115
-0.5079346
0.09541321
0.16723633
-0.21704102
-0.63482666
-0.7186279
0.043930054
1.1165314
1.9772491
2.2944794
2.0490723
1.8120422
1.6396637
1.3894653
1.2314606
1.0710449
0.8795166
0.7154999
0.7645874
1.1895599
1.5271301
1.6013641
1.0877991
0.07266235
-0.8096161
-0.7306061
-0.02670288
0.3934784
0.5503082
0.7143097
0.8627472
1.0351257
1.2003326
1.312851
1.26857
1.134491
1.2027283
1.5474854
1.8742981
2.0538635
1.6396637
1.1117401
0.93577576
0.77775574
0.4653015
0.16244507
0.041534424
-0.13563538
-0.5965271
-0.8562927
-0.5175171
0.1828003
0.5981903
0.5095978
0.41622925
0.6173401
1.1632233
1.7294464
2.1472473
2.1795654
2.047882
1.8778839
1.8922577
1.8599396
1.8539429
2.0095673
2.1041412
1.9604797
1.8276062
1.7749329
2.0191498
2.087387
2.0179596
1.2015228
0.036743164
-0.40260315
-0.0362854
0.32763672
0.4401703
0.35757446
0.3539734
0.7454376
1.2434235
1.4888306
1.4972076
1.5079956
1.490036
1.6229095
1.9772491
2.2190552
2.439331
2.3734894
2.2035065
2.0849915
1.9916077
1.6995239
1.6695862
1.7952881
1.3858795
0.79930115
-0.20147705
-1.3495026
-1.3183746
-0.22901917
0.3527832
0.08703613
-0.1559906
0.24624634
1.1775818
1.6767731
1.6324921
1.3140564
1.0890045
1.1081543
1.2314606
1.1045685
0.7933197
0.7753601
1.0566711
1.292511
1.5941772
0.3887024
0.35757446
0.7334595
0.90345764
0.34799194
0.41862488
0.6305084
0.5993805
0.193573
-0.11769104
-0.0650177
0.091812134
0.29652405
0.4317932
0.5395355
0.7214813
1.0123901
1.0818176
1.1416779
1.2158966
1.1296997
0.9417572
0.74064636
0.9381561
0.9824524
0.81365967
0.77775574
0.9094391
0.95732117
1.0375214
1.5079803
1.807251
1.6504364
1.1368866
0.7729645
0.7238922
0.85076904
0.960907
0.68078613
0.18159485
0.12773132
0.72029114
1.3344116
1.513977
1.4732666
1.5127716
1.4229889
1.6480408
1.534317
1.019577
0.81607056
0.7909241
0.9022522
1.1081543
1.0028076
0.984848
1.1081543
1.1093597
1.1751862
1.1967316
0.98724365
0.59220886
0.30130005
0.19117737
0.23786926
0.35157776
0.5574951
0.732254
0.8986664
1.1464539
1.4756622
1.5199585
1.1620178
0.75860596
0.65086365
0.83522034
1.1093445
1.0913849
0.877121
0.81365967
0.9680939
1.316452
1.1871643
0.6125488
0.26060486
0.5191803
0.7741699
0.70114136
0.490448
0.32765198
0.29412842
0.3204651
0.36476135
0.51797485
0.7753601
1.1596222
1.5319214
1.8515472
1.7426147
1.2960968
1.0650635
1.1309052
1.4122162
1.5941772
1.2230835
0.5670624
0.50720215
0.81007385
1.1105499
1.3655396
1.5594635
1.3703156
0.8723297
0.46411133
0.36236572
0.47608948
0.66522217
0.78015137
0.91542053
1.1081543
1.3631287
1.644455
1.6217041
1.3571472
1.0662537
0.980072
1.0854034
1.1512451
0.97288513
0.703537
0.787323
1.103363
1.2015228
1.1057587
0.74902344
0.18759155
0.087020874
0.70951843
1.276947
1.2194824
0.7861328
0.8543701
0.97528076
0.7250824
0.4222107
0.34320068
0.6855774
1.2625732
1.7210693
1.9963989
1.8647156
1.6360779
1.6612091
1.7090912
1.5391083
1.2266693
0.8471832
0.37193298
0.5084076
1.3020935
1.9125977
2.0849915
1.8156433
1.5151672
1.2973022
1.0255585
0.8735199
0.88549805
0.9968262
1.2051239
1.3236389
1.3092651
1.2182922
1.229065
1.3822937
1.3140564
1.0758362
1.0231628
1.0602722
1.1392822
1.4672852
1.5989685
1.1728058
0.7897186
0.87831116
0.8914795
0.6568451
0.7262726
1.1093445
1.3152618
0.95851135
0.450943
0.21272278
0.4150238
0.822052
0.85795593
0.7657776
1.0423126
1.52594
1.6624146
1.3727112
1.0339355
0.84599304
0.8435974
1.103363
1.4876251
1.5056
0.96450806
0.3887024
0.39109802
0.73106384
1.0363312
1.1213226
0.9716797
0.8424072
0.9321747
1.1656189
1.4337616
1.3044739
0.87831116
0.7538147
0.9716797
1.3308105
1.4541168
1.079422
0.7322693
0.70114136
0.66282654
0.5562897
0.6376953
0.66163635
0.62332153
0.5227661
0.2043457
0.3922882
0.73706055
0.66282654
0.6341095
0.8184509
0.8914795
0.6783905
0.4617157
0.272583
0.17919922
0.44496155
0.9058533
1.2565918
1.4756622
1.6300964
1.7964935
2.0131683
2.1963196
2.0646362
1.6468506
1.2960968
1.1476593
0.99324036
0.5479126
0.5598755
1.0818176
1.3032837
1.4098206
1.7282562
2.008377
1.6947327
1.2015228
0.99082947
1.0075989
0.95132446
0.95851135
1.253006
1.5510712
1.6600189
1.6468506
1.5714264
1.4768524
1.3786926
1.3511658
1.3392029
1.4732666
1.5355225
1.371521
1.0327301
0.664032
0.5514984
0.24624634
0.03315735
0.19476318
0.5766449
0.91542053
1.0040131
1.0267487
1.0375214
1.0171661
1.0914001
1.3116608
1.6324921
1.8359985
1.8611298
1.8455658
1.8336029
1.7797241
1.7330322
1.573822
1.4648895
1.565445
1.6971283
1.7533875
1.6001587
1.3882751
1.60495
1.7797241
1.5379181
1.3272247
1.3176422
1.450531
1.5774231
1.7378387
1.9221802
1.8587341
1.5989685
1.5558777
1.7043152
1.8587341
2.0502777
2.1101227
1.9856262
1.9772491
2.0418854
2.0382996
1.7797241
1.5438995
1.518753
1.4768524
1.2266693
1.2254639
1.253006
0.9393616
0.56466675
0.71910095
1.0291443
0.96569824
0.8124695
0.8747101
1.0315399
1.233841
1.4445343
1.6145325
1.7246704
1.9329529
2.1053314
2.3172302
2.5398865
2.6464233
2.609314
2.423767
2.1675873
2.0191498
2.0215454
2.0023804
1.8539429
1.4409485
1.3679199
1.5941772
1.5103912
1.229065
1.1524506
1.4840546
1.7509918
1.7055054
1.5271454
1.3918762
1.4636841
1.6348877
1.652832
1.5965729
1.68396
2.0706177
2.4477081
2.4249725
1.9736633
1.7210693
1.6911469
1.5917816
1.2565918
1.1943512
1.5415039
1.8838806
1.8252106
1.5067902
1.0052032
0.8016968
0.89746094
1.0961761
1.316452
1.261383
1.1165314
1.1811829
1.4684906
1.6935425
1.8467712
1.9317627
1.9940186
2.1125183
2.2944794
2.3806763
2.328003
2.1891327
2.0227356
1.8647156
2.348343
2.4955902
2.0861816
1.4469299
0.3013153
-0.07817078
0.5227661
0.7897186
0.9920349
1.1991272
1.376297
1.5355225
1.5032043
1.2960968
0.995636
0.6987457
0.47488403
0.5993805
1.0770264
1.4409485
1.5678406
1.521164
1.3260193
1.355957
1.5618591
1.7414246
1.8527527
1.9185944
1.9688721
1.8755035
1.7043152
1.4936218
1.2230682
0.92858887
0.69155884
0.60298157
0.94296265
0.96450806
0.113357544
-0.51153564
-0.2709198
0.29412842
0.6233368
0.58621216
0.43896484
0.43777466
0.6281128
0.93577576
1.0650635
1.0147858
0.9345703
1.103363
1.2996979
1.4421539
1.565445
1.5319214
1.6540375
1.6013641
1.2901154
1.0195618
1.1296997
1.2003326
1.055481
0.3132782
-0.60250854
-0.62405396
-0.020721436
0.40785217
0.312088
0.22468567
0.411438
0.6748047
0.9202118
1.0016174
1.0937958
1.2541962
1.4565125
1.7330475
1.944931
1.8156433
1.5630493
1.4469299
1.5139618
1.6300964
1.233841
0.6592407
0.6125488
1.3511658
2.3495483
2.7182465
1.7222595
0.012802124
-0.5977173
0.48327637
1.668396
2.264557
2.296875
2.1280823
2.0454865
2.1065369
2.1484375
1.9544983
1.7653656
1.6456604
1.7976837
2.114914
2.308838
2.4189758
2.387848
2.2801056
2.2693481
2.3064423
2.0586548
1.7354431
1.4277802
1.1895599
1.3308105
1.7366333
2.2070923
2.585373
2.2789154
1.4421387
0.782547
0.9118347
1.4313812
1.8012848
1.9293671
1.9090118
2.051468
2.3244019
2.4692535
2.4369354
2.3387756
2.2681427
2.1041412
1.6061401
1.0471039
0.9501343
1.3810883
2.0143585
2.248993
1.4229889
-0.19789124
-1.4356995
-1.3686523
-0.28886414
0.9058533
1.9784393
2.7218475
2.8654938
2.5051727
2.1221008
1.9892273
2.1041412
2.3184204
2.4177856
2.5003815
2.6344604
2.8427582
3.0223083
3.1061096
3.150406
3.012741
2.7445831
2.612915
2.478836
2.281311
1.7102966
0.78852844
0.43299866
0.77056885
1.1057587
0.9956207
0.8795166
1.0016174
1.2422333
1.5031891
1.6959229
1.8371887
2.0610504
2.3615265
2.5829773
2.7003021
2.8128204
2.8966217
2.9085846
2.8954315
3.0582275
3.3754578
3.4724274
3.1192932
2.466858
2.241806
2.6260834
3.2425842
2.5111542
0.35517883
-0.87306213
0.18399048
1.8144531
1.5415039
0.20913696
-0.27211
0.5910034
2.0299225
2.8259888
2.3962402
1.3068695
0.9704895
1.8850708
2.1280823
1.5307312
1.6743774
1.5869904
1.2589874
1.4828491
1.3439789
1.2805328
1.0375214
0.78852844
0.9226074
1.6911469
1.4361572
0.9273987
0.85795593
1.0818176
1.3691254
1.4457397
1.3978424
1.3403931
1.2338562
1.1811829
1.3487701
1.6240997
1.7940826
1.9066162
2.0466766
2.0023956
1.6121368
1.1656189
0.88668823
0.8136749
0.9920349
1.063858
0.9896393
0.7861328
0.91781616
0.97766113
0.64486694
0.37553406
0.5191803
0.8124695
0.88668823
0.7394562
0.569458
0.47009277
0.69395447
1.0674438
1.2398376
1.2697601
1.3356018
1.5630493
1.6947327
1.6109314
1.3176422
0.92858887
0.86395264
1.2027283
1.4636841
1.3667297
0.980072
0.51319885
0.5359497
1.213501
1.6468506
1.692337
1.6576233
1.6995239
1.5977631
1.312851
1.0183716
0.782547
0.76698303
0.9046478
1.1308899
1.4074249
1.6181183
1.8060608
1.6755829
1.2123108
0.7969055
0.8412018
1.2254639
1.5941772
1.786911
2.1197052
2.5901642
2.478836
1.8120422
1.26857
0.5443115
-0.19670105
-0.311615
0.31806946
1.0063934
1.3786926
1.2362518
0.8483887
0.664032
0.69755554
0.96569824
1.3092651
1.4756622
1.6767731
1.7773285
1.723465
1.6229095
1.5008087
1.5546722
1.8048706
1.9904175
2.0191498
1.8144531
1.4433441
1.2817383
1.3894653
1.3260193
1.2901154
1.4277802
1.4840393
1.2302551
1.0075989
1.0866089
1.4541168
1.6971283
1.6145325
1.470871
1.3691254
1.6229095
2.1221008
2.3423615
2.1687927
1.9904175
1.7665558
1.5331268
1.2541962
0.89746094
0.78015137
1.1009674
1.5570679
1.4744568
1.2973022
1.0710449
0.5503082
0.29771423
0.6065674
1.0207672
0.9537201
0.52397156
0.36476135
0.52397156
0.9046478
1.142868
1.1368866
1.1237183
1.3882751
1.8695068
2.2681427
2.329193
2.2310333
2.0814056
2.035904
2.1532288
2.0586548
1.6468506
1.1392822
0.608963
0.42341614
0.6951599
1.3260193
1.6264954
1.0997772
0.8232422
1.1883545
1.6396637
1.7342377
1.707901
1.7138824
1.6887512
1.8048706
2.0813904
2.1508331
2.0095673
2.0418854
2.0586548
2.0502777
1.9748535
1.7294464
1.3834839
1.2901154
1.474472
1.6264954
1.6240997
1.3978577
1.2901154
1.5702362
1.9712677
1.8563385
1.4948273
1.3020935
1.4648895
1.569046
1.4840393
1.233841
0.8639374
0.8400116
1.2757568
1.8838806
2.154419
1.9557037
1.7940979
2.0179443
2.2908936
2.250183
1.9461212
1.7737427
1.8431702
2.0442963
1.9856262
1.84198
1.7306366
1.3475647
1.2470245
1.1907501
0.747818
0.5179901
0.9237976
1.652832
2.130478
2.1460419
1.8491669
1.6025543
1.4457397
1.391861
1.4002533
1.4600983
1.6707916
1.8156433
1.7438202
1.5666351
1.4301758
1.474472
1.494812
1.34758
1.1883545
1.2314606
1.3583527
1.1512451
1.0506897
1.2398376
1.0387268
0.7849426
1.2051086
1.8515472
2.2429962
2.075409
1.5283356
1.1727905
1.2506104
1.5391083
1.6456451
1.8228302
2.1448364
2.3268127
2.154419
2.0191498
2.0897827
2.205902
2.1221008
1.8515625
1.5091858
1.5594635
1.8707123
1.9233856
1.6253052
1.5187683
1.5522766
1.6169281
1.76297
1.7486115
1.4864349
1.1692047
1.079422
1.4373627
1.802475
1.7881012
1.5055847
1.3942566
1.6217041
1.8611298
1.8683167
1.7102966
1.6109314
1.5965729
1.5989685
1.553482
1.6229095
1.7067108
1.4756622
1.1799774
1.1476593
1.5391083
1.7174835
1.521164
1.4972076
1.4912262
1.3188477
1.2254791
1.1117401
1.0614624
1.1452637
1.3296204
1.6037598
1.9580994
2.3770752
2.4776306
2.2238464
2.092163
2.2286377
2.3507385
2.035904
1.7282562
1.7797241
1.8994446
1.7964935
1.5115814
1.3834839
1.2649689
1.4241791
1.8802795
1.936554
1.8252258
1.7905121
1.8874664
2.0011902
1.9616852
1.8898621
1.865921
1.8563385
1.8683167
1.9138031
1.9473267
1.9963989
2.094574
2.1963196
2.3220215
2.2310333
1.9353485
1.7019196
1.7270508
1.9437256
2.1400452
1.8922577
1.3990479
1.1320953
1.2793427
1.2889252
1.2518005
1.4613037
1.6169281
1.5331268
1.4253845
1.371521
1.6480408
2.0035858
2.1448364
2.2011108
2.3256073
2.4896088
2.5123444
2.3639069
2.3651123
2.4824219
2.4596863
2.3507385
2.427353
2.7170563
2.853531
2.6320648
2.1089325
1.901825
1.6719971
1.2554016
0.92500305
0.9190216
1.2625732
1.6408691
1.6959229
1.4624939
1.4469299
1.5702362
1.5738373
1.569046
1.6707916
1.7306519
1.7976837
1.9963989
2.2070923
2.2681427
2.0155487
1.7438202
1.6719818
1.6348724
1.6456451
1.6324921
1.5115814
1.3547516
1.431366
1.6540375
1.6193085
1.6624146
1.8300018
1.7390289
1.3547668
0.9561157
0.9202118
1.1416779
1.3224335
1.3415833
1.4098206
1.6971283
1.9245758
1.9221802
1.9138031
2.1328735
2.4872131
2.6979065
2.5662231
2.4189758
2.490799
2.4488983
2.107727
1.6360779
1.3978577
1.3739014
1.7258606
1.7761383
1.3308105
0.8807068
0.9908447
1.4457397
1.818039
1.8946533
1.3667297
1.0075989
1.4828491
1.5546722
1.4720764
1.466095
1.7426147
1.9401398
1.9377441
1.9880219
2.0682373
2.123291
2.166397
2.2944794
2.51474
2.5123596
2.4800262
2.4405212
2.4177856
2.1915283
1.8755035
1.5858002
1.2554016
0.8412018
0.5921936
0.9585266
1.1871643
1.0710449
0.99801636
1.079422
1.3415833
1.5666351
1.5666504
1.5474854
1.4541168
1.34758
1.5821991
2.0095673
2.3375854
2.518341
2.67276
2.8726807
3.0761871
2.995987
2.6033325
2.4010162
2.0646362
1.5307312
0.78015137
0.05708313
-0.5821686
-0.33076477
0.5886078
1.3128662
1.2146912
0.822052
0.7717743
0.9884491
1.2506104
1.4864349
1.644455
1.6264954
1.4864349
1.1883545
0.8807068
0.6352997
0.5383301
0.24862671
0.2043457
0.7717743
1.2960968
1.4134216
0.9956207
0.48207092
0.14807129
0.04032898
0.084625244
0.5084076
1.2913208
2.1089325
2.396225
2.0466766
1.4146118
0.76698303
0.450943
0.5119934
0.84599304
1.2230682
1.5056
1.6540375
1.8958435
2.3387756
2.636856
2.565033
2.4800262
2.5171356
2.533905
2.5458832
2.3495483
1.6193237
1.1871643
1.0734406
0.7358551
0.5012207
0.82084656
1.316452
1.1261139
0.64009094
0.6448822
1.3020935
1.9557037
1.857544
1.8790894
2.0227356
2.501587
2.8643036
2.8116302
2.5326996
2.2142792
2.126892
2.162796
2.1065369
1.7976837
1.4289703
1.2853241
1.3260345
1.3116608
1.0734406
0.6783905
0.69155884
1.3619385
1.7593842
1.4277802
1.063858
0.79211426
0.95373535
1.3344116
1.5055847
1.4696808
1.5438995
1.9078217
2.2142792
2.5566406
2.7386017
2.760147
2.8044434
2.9911957
3.0881653
3.0295105
3.0606232
3.209076
2.8822632
2.3555298
1.8599396
1.3655243
1.411026
1.6109314
1.5869904
1.1728058
0.9501343
1.1967316
1.6743774
1.980835
2.087387
2.1568146
2.4860077
2.7625427
2.723053
2.5913696
2.5087585
2.4584808
2.2992706
2.1280823
2.130478
2.063446
1.7749329
1.4984131
1.3834839
0.67240906
-0.26612854
-0.32478333
0.69395447
1.5175629
1.3643341
0.67240906
0.4796753
0.9896393
1.692337
1.9688721
2.0215454
2.0670319
1.9628754
1.8252258
1.8096619
1.9533081
2.134079
2.1867523
1.9628906
1.7067108
1.7102966
1.9078217
2.2980804
2.2693481
1.6935425
1.4026337
1.0064087
0.56466675
0.31446838
0.3527832
0.53115845
0.8735199
1.26857
1.613327
1.7509918
1.6791687
1.7270508
1.9592896
2.0861816
2.0730133
1.9616852
1.818039
1.60495
1.5750275
1.6348877
1.7366333
1.4421539
0.83161926
0.2618103
-0.05783081
-0.4373169
-0.57258606
0.19117737
1.0961761
1.1751862
0.585022
0.22709656
0.36714172
0.960907
1.2182922
1.213501
1.1548309
1.2757568
1.3942566
1.415802
1.431366
1.5427094
1.6803589
1.6875458
1.8156433
1.9724579
2.2118835
2.4716492
2.5207367
1.9173889
1.2410278
0.8723297
0.85795593
1.0758362
1.094986
0.877121
0.75141907
0.91423035
1.0877991
1.1931458
1.2422333
1.3978577
1.8204346
2.2837067
2.5159454
2.454895
2.1376648
1.8946533
1.9102173
1.9173889
1.8455658
1.7833099
1.6516418
1.4277802
1.3272247
1.2829285
1.3427887
1.0219727
0.37553406
-0.05064392
0.31806946
0.8914795
1.0518951
0.7621918
0.6197357
0.82444763
1.3703156
1.9676666
2.3615265
2.2561798
2.0526733
2.0825958
2.4082031
2.6057281
2.4141846
2.226242
2.063446
1.9341583
2.090973
2.9349365
3.3862305
2.853531
2.1951294
1.6983185
1.0387268
0.3707428
0.21511841
0.65205383
1.0830078
1.1261139
0.9680939
0.81365967
0.8723297
1.0914001
1.4900208
1.980835
2.328003
2.4022217
2.1651917
1.8850708
1.7593689
1.7354279
1.7270508
1.549881
1.3296204
1.1021729
0.8938751
1.0471039
1.415802
1.8036652
1.9114075
1.0183716
-0.021911621
-0.5857544
-0.32836914
0.24623108
0.60417175
1.0183716
1.4529266
1.7150879
1.6240997
1.3140564
1.4194031
1.8431702
2.092163
1.9772491
1.7007294
1.5642395
1.6336823
1.7976837
2.02034
2.0419006
2.1400452
2.3244019
2.209488
1.6384735
0.83522034
0.41503906
0.73825073
1.391861
1.9317627
1.747406
1.1416626
0.66882324
0.5191803
0.8807068
1.4098206
1.9317627
2.3267975
2.4728546
2.4201813
2.1197052
1.7162781
1.352356
1.0435181
0.91542053
0.8483887
0.79930115
0.7394409
0.6185303
0.55389404
0.6652374
0.36476135
-0.2134552
-0.52589417
-0.14282227
0.26779175
0.4689026
0.70114136
1.1967316
1.7893066
2.052658
1.8946533
1.881485
2.1400604
2.399826
2.288498
1.9185944
1.5810089
1.5091858
1.818039
2.162796
2.0969543
1.9126129
1.8168335
1.7450104
1.6911469
1.5522766
1.0913849
1.0459137
1.565445
1.7665558
1.3463745
1.0494995
0.7071228
0.5203705
0.7167053
1.0985718
1.5462952
1.8204346
1.8599396
1.6947327
1.6719818
1.652832
1.4732666
1.1069489
1.1775818
1.6588135
2.0454865
1.8120422
1.2518158
0.84957886
0.87112427
1.1859589
1.2386322
0.9704895
0.9130249
1.1967316
1.1895599
0.9094391
0.8807068
1.1368866
1.5271454
1.7306519
1.6336823
1.7641602
2.011963
2.1568146
2.3100433
2.2478027
1.8431702
1.3930664
1.1512451
1.237442
1.4912262
1.8359833
2.0969696
1.8886566
1.6073456
1.4936218
1.3978577
1.434967
1.4613037
1.2757416
1.1488495
1.1177368
1.0327301
0.99801636
1.0973816
1.2589874
1.5271454
1.8874664
1.9952087
1.7904968
1.6013641
1.4217987
1.2506104
1.1572266
1.2853241
1.5594635
1.5115814
1.0363312
0.74064636
0.8232422
1.1620178
0.9022522
0.30969238
0.13969421
0.41383362
0.7167053
0.5993805
0.3779297
0.4317932
0.77656555
0.8735199
0.87112427
1.2111053
1.8886566
2.3160248
2.308838
1.9616852
1.7114868
1.6396637
1.6240997
1.5977631
1.6624146
1.8563385
2.289688
2.3615265
1.553482
0.87112427
0.6388855
0.6772003
1.039917
1.2589874
1.221878
0.984848
0.8807068
0.8914795
0.93577576
1.1213226
1.3751068
1.7569885
2.0586548
2.1436462
2.0167542
1.8898621
1.7797241
1.7306519
1.7557831
1.7749329
1.6672058
1.7366333
1.8036652
1.7809296
1.8982391
2.102951
1.9173889
1.1883545
0.822052
1.0901947
1.3427887
1.2386322
0.901062
0.72029114
1.0099945
1.4122162
1.6612244
1.6073456
1.7569733
2.3076477
2.6512146
2.7206573
2.4896088
2.186737
1.9281769
1.8838806
1.8060608
1.7545929
1.8695068
1.76297
1.5858002
1.4888306
1.7258606
1.9125977
1.9006348
1.92099
1.9185944
1.5307312
1.0806274
0.65805054
0.3527832
0.7334595
1.3846893
1.9485168
2.2872925
2.1951294
2.0251312
1.9233856
1.8515625
1.5283356
1.1560364
1.3607483
1.8192291
1.6983185
1.4337769
1.3128662
1.4852448
1.9269714
2.087387
1.5977783
1.3248291
1.644455
2.0011902
1.976059
1.4912262
0.93218994
0.5574951
0.8926697
1.5714264
2.1244965
2.384262
2.4764404
2.557846
2.6236877
2.5398865
2.3172302
2.1963196
2.248993
2.1532288
2.0
2.1640015
2.4656677
2.2908936
1.7940826
1.5367126
1.4134064
1.5905914
1.8455658
1.692337
1.2051239
0.9669037
0.8759155
0.93577576
1.3020782
1.6145325
1.8288116
1.9485168
2.1173096
2.1460419
2.0131683
1.9712677
1.8802795
1.7940979
2.0622406
2.2717285
2.1280823
1.6803741
1.4565125
1.4457397
1.4565125
1.3356018
1.0447083
0.8759155
1.3068695
1.6995239
1.5678406
1.3391876
1.3152466
1.6300812
1.9377441
2.0897827
1.9856262
1.9030304
2.0059814
2.250183
2.3459473
2.264557
2.1161041
1.9461212
1.9904175
2.162796
2.284912
2.4884186
2.7338104
2.5458832
1.8443604
1.2721558
0.85557556
0.65086365
1.1859589
1.881485
2.1508331
1.7940979
1.4086304
1.2805328
1.3810883
1.5175629
1.7294464
1.8994293
1.944931
1.8479614
1.8958435
1.9341583
1.857544
1.8491516
1.9293671
2.0275269
2.1604004
2.0143585
1.648056
1.6504364
1.8228302
2.0670319
2.1675873
1.8695068
1.5427094
1.5199585
1.4660797
1.3008881
0.8795166
0.747818
1.3942566
2.090973
2.600937
2.5913696
2.1879425
2.1675873
2.5434723
2.7757263
2.679947
2.289688
2.0778046
2.5985413
3.206665
3.2330017
2.945694
2.7182617
2.4848175
2.2621613
2.272934
2.0311127
1.4493256
1.3032837
1.6157227
1.6552277
1.4624939
1.4421387
1.4876404
1.6253052
1.8647308
2.0802002
2.1328735
2.0275269
1.9245758
1.818039
1.6851501
1.6672058
1.8132477
2.0730133
2.4417267
2.612915
2.351944
1.8359985
1.6480408
1.8742981
2.2035065
2.5769958
2.305252
1.4361572
0.84239197
0.75141907
0.9920349
1.2697601
1.5091858
1.7114868
1.822815
1.7210693
1.7043152
2.0921783
2.501587
2.5374908
2.2944794
2.063446
2.0442963
2.226242
2.5111542
2.5147552
2.288498
2.1891327
2.4764404
3.1528015
3.5274963
3.514328
2.7242432
1.9664764
1.8730927
2.1843414
2.2453918
2.011963
1.7510071
1.7007141
1.802475
1.980835
2.2322235
2.5566406
2.6416473
2.5123596
2.3663025
2.2633514
2.2394104
2.2789154
2.1640015
2.052658
2.0502777
2.0035858
1.8886566
1.8132477
1.9006348
2.1604004
2.6428375
2.7481842
2.248993
1.7306519
1.4732666
1.2482147
1.0458984
0.8400116
1.0770264
1.6660004
2.1113281
2.3591156
2.289688
2.1041412
2.1256866
2.2274475
2.3423615
2.241806
2.0419006
2.055069
2.3220062
2.6021423
2.7637482
2.9049988
3.1887207
3.4329224
3.0785828
2.4417267
1.9125977
1.34758
1.3727112
1.7354431
1.6420593
1.3188477
1.0147858
0.60536194
0.6843872
1.1285095
1.6516418
2.147232
2.328003
2.3148346
2.3639069
2.490799
2.3986359
2.0610504
1.7976837
1.6564331
1.8563385
2.0430908
1.9557037
1.8048706
1.8635254
2.0263214
2.289688
2.1987152
1.6205139
1.2098999
1.0016174
0.9956207
1.1943512
1.2063141
1.0471039
1.3344116
2.1029358
2.6763458
2.9828186
2.933731
2.633255
2.4357452
2.3267975
2.3339844
2.3483582
2.2872925
2.384262
2.4369354
2.407013
2.5087585
2.8116302
2.4884033
1.8479614
1.3535614
1.4050446
1.9114075
2.4656677
2.6631927
2.0969543
1.4181976
1.4229889
1.8742981
2.0167542
2.0095673
2.0921783
2.3734894
2.7422028
2.9265442
2.9421082
2.799652
2.6703644
2.7769165
2.83078
2.5925598
2.1963196
1.9329529
1.9485168
2.2741394
2.293274
1.8371887
0.9896393
0.065475464
-0.3726654
0.15525818
1.0710449
1.6612091
1.3739166
0.861557
0.7849426
1.0650635
1.4014435
1.5032043
1.4864349
1.4014435
1.360733
1.6253052
1.9640808
1.8683167
1.4852448
1.2637787
1.5283356
1.8228302
1.8216248
1.5546722
1.371521
1.5869904
1.7833252
1.0985718
0.57424927
0.6819916
0.8040924
1.0901947
1.0566864
0.7980957
0.7418518
1.1835785
0.6496582
0.5048218
0.5586853
1.0087891
1.3439789
1.5582733
1.558258
1.4289856
1.1644135
0.68678284
0.3204651
0.42939758
0.9896393
1.5450897
1.628891
1.1045685
0.49523926
0.5467224
1.0722351
1.3822937
1.490036
1.474472
1.4229889
1.2805328
1.2362366
1.2422333
1.2601776
1.261383
1.3044739
1.2470245
1.1967316
1.3008881
1.3679199
1.3200378
1.2458191
1.2254639
1.2051239
1.2673645
1.2937012
1.2913055
1.3056793
1.1716003
1.055481
1.1368866
1.2817383
1.3463745
1.316452
1.1943512
1.0674591
1.0255585
1.1416779
1.197937
1.1967468
1.2506104
1.4134216
1.5402985
1.4672852
1.3284149
1.2984924
1.3751068
1.4277802
1.4852448
1.4122162
1.2470093
1.158432
1.1512451
1.1081543
1.118927
1.2051239
1.3415833
1.4086151
1.3846893
1.2996979
1.2649689
1.2949066
1.3020782
1.2973022
1.2960968
1.2721558
1.2901154
1.3044739
1.2601929
1.1847687
1.1500549
1.1871643
1.2158966
1.2051086
1.2482147
1.3775024
1.518753
1.5798187
1.3499756
1.0758362
1.0291443
1.2170868
1.3739166
1.2745514
1.1117554
1.0890045
1.2075195
1.2960968
1.3140564
1.3116608
1.376297
1.4696808
1.5570679
1.4996033
1.2913055
1.1141357
1.079422
1.1668091
1.3810883
1.4720764
1.4720764
1.4409485
1.3571472
1.3116608
1.3906708
1.5582733
1.5714264
1.4385529
1.2506104
1.173996
1.2805328
1.4337616
1.4337616
1.395462
1.4158173
1.4720764
1.5558624
1.644455
1.6169281
1.5247498
1.4984131
1.4948273
1.4996033
1.5941772
1.6217041
1.6037598
1.5606537
1.4409485
1.3379974
1.4816437
1.6492462
1.6779785
1.510376
1.553482
1.8695068
1.9461212
1.9592896
1.6085358
0.77775574
0.21391296
0.5024109
1.2541962
1.6624146
1.8096466
1.857544
1.6827545
1.4960175
1.4756622
1.6217194
1.7581787
1.7797241
1.608551
1.4768524
1.558258
1.6576233
1.6552277
1.5235596
1.34758
1.2601929
1.4134216
1.613327
1.6396637
1.553482
1.4253845
1.4098206
1.549881
1.7569885
1.8994446
1.881485
1.7533875
1.6600189
1.6695862
1.7450104
1.7390289
1.7569885
1.7653656
1.7402191
1.7964935
1.9353485
1.9161987
1.7928925
1.8036652
1.9066162
1.9185944
1.8192291
1.6504364
1.5858002
1.6791687
1.7785339
1.846756
1.8192291
1.8048706
1.8216248
1.7737427
1.6971283
1.6743774
1.7150879
1.6564331
1.6037598
1.6217041
1.5953827
1.6085358
1.7462158
1.84198
1.8240204
1.7246552
1.6516418
1.6731873
1.7773285
1.7785339
1.6660004
1.5678406
1.5522766
1.6037598
1.7246552
1.747406
1.7102966
1.6815643
1.6109314
1.4589081
1.4098206
1.466095
1.545105
1.5834045
1.466095
1.434967
1.5798187
1.7270508
1.6743774
1.4888306
1.3499756
1.3044739
1.3308105
1.3391876
1.3092651
1.360733
1.5558624
1.6240997
1.6037598
1.5534668
1.5247498
1.494812
1.4672852
1.4481354
1.4361572
1.4409485
1.4960175
1.52594
1.4924316
1.4481354
1.4972076
1.5510864
1.5283356
1.5008087
1.4840393
1.434967
1.4385529
1.4445343
1.4780579
1.510376
1.5450897
1.5391083
1.5127716
1.4636841
1.4756622
1.4864349
1.5283356
1.5307312
1.5008087
1.5415039
1.624115
1.6229095
1.5402985
1.4541168
1.5043945
1.6695862
1.8192291
1.7940979
1.6181183
1.5151672
1.5630493
1.6277008
1.6061401
1.5881805
1.6193237
1.6396637
1.6408539
1.6312866
1.6384735
1.6480408
1.652832
1.652832
1.6169281
1.6743774
1.7653656
1.8144379
1.7557831
1.6468506
1.6336823
1.7641602
1.771347
1.6600189
1.5343323
1.5295258
1.5977631
1.6767731
1.723465
1.7773285
1.8527527
1.905426
1.9640808
1.9174042
1.7952881
1.7462158
1.7138824
1.6624146
1.5594635
1.5594635
1.6660004
1.7294464
1.7665558
1.6815643
1.6277008
1.7617798
1.9305573
1.9030304
1.8168335
1.7617798
1.7282562
1.7019196
1.6983185
1.7210693
1.7450104
1.810852
1.9006348
1.8910522
1.8048706
1.7665558
1.7533875
1.747406
1.7414246
1.7019196
1.7306519
1.8204346
1.8838806
1.8288116
1.7294464
1.7066956
1.84198
1.8910675
1.9161987
1.8383789
1.7737427
1.8084564
1.7725372
1.6648102
1.6719971
1.6803741
1.7126923
1.7952881
1.7007141
1.7426147
1.7821198
1.6767731
1.4146118
