9.192062
9.336914
9.33931
9.1405945
9.14418
9.640976
10.189255
9.986938
9.79541
9.608658
9.442261
9.309372
9.396759
9.529648
9.403946
9.127426
9.077133
9.201645
9.296219
9.32135
9.32135
9.478165
9.692444
9.688858
9.4219055
9.18129
9.156158
9.18248
9.1453705
9.053192
8.941864
9.034042
9.346481
9.504501
9.148972
8.818573
9.041229
9.364441
9.241135
8.988556
8.949051
9.253113
9.826523
10.352051
10.322128
9.715195
9.22319
9.111862
9.172913
9.333328
9.5164795
9.548798
9.533234
9.605057
9.623016
9.589493
9.394379
9.080734
8.996933
9.193253
9.362045
9.296204
9.133408
9.057983
9.198044
9.450638
9.688858
9.781036
9.802582
9.856461
9.924683
9.810959
9.607452
9.487747
9.457809
9.431488
9.3979645
9.269867
9.248337
9.429092
9.59668
9.549988
9.393173
9.284241
9.280655
9.280655
9.218399
9.178894
9.123825
9.032852
9.048416
9.297409
9.527252
9.500916
9.385986
9.388382
9.557175
9.657745
9.589493
9.456619
9.2638855
9.1405945
9.312973
9.71759
9.842087
9.467392
9.174103
9.24234
9.425491
9.508102
9.443451
9.279449
9.166931
9.376419
9.73674
9.862442
9.669708
9.494934
9.5164795
9.624222
9.623016
9.528442
9.356064
9.176498
9.171707
9.26149
9.32254
9.299805
9.153763
9.123825
9.352478
9.460205
9.4614105
9.583511
9.791809
9.778641
9.403946
8.994537
8.814972
8.933487
9.193268
9.255508
9.0903015
9.126221
9.502106
9.869614
9.818146
9.390778
9.06636
9.159744
9.391983
9.308182
9.134598
9.238739
9.459015
9.485352
9.278259
9.225586
9.439865
9.7295685
9.95462
9.784622
9.255508
9.060379
9.424301
9.923492
9.996506
9.651749
9.323746
9.326141
9.512894
9.563171
9.443451
9.238754
9.151367
9.283035
9.548798
9.846878
9.905533
9.718796
9.47937
9.442261
9.526062
9.497314
9.374023
9.257904
9.235153
9.312973
9.344101
9.218399
9.210022
9.368027
9.466202
9.366837
9.2243805
9.300995
9.473373
9.564362
9.49971
9.374023
9.366837
9.540421
9.482956
9.031647
8.743149
8.870041
9.160934
9.320145
9.330933
9.390778
9.585907
9.761887
9.688858
9.512878
9.549988
9.719986
9.8923645
10.007294
10.004898
9.766663
9.456619
9.2243805
9.18248
9.119034
8.993347
9.068771
9.290222
9.358459
9.262695
9.329727
9.607452
9.882797
9.900742
9.687668
9.468597
9.338104
9.297409
9.323746
9.384796
9.46022
9.48056
9.433884
9.396774
9.474579
9.496124
9.370422
9.232773
9.110657
9.050812
8.958618
8.822159
8.823349
9.188477
9.391983
9.18248
9.2638855
9.784622
10.2239685
10.208405
9.769058
9.386002
9.327332
9.413528
9.496124
9.542816
9.409943
9.32135
9.390778
9.545212
9.73674
9.802582
9.65654
9.485352
9.351273
9.26149
9.286636
9.375214
9.312973
9.068756
8.941879
8.994537
9.087921
9.1453705
9.037628
8.913132
9.061584
9.436264
9.487747
9.142975
8.971802
9.316559
9.769058
9.885178
9.694855
9.453033
9.439865
9.566757
9.583511
9.529648
9.510498
9.459015
9.393173
9.365646
9.365646
9.286636
9.295013
9.336914
9.334518
9.281845
9.169312
9.113052
9.139389
9.415924
9.523666
9.352478
9.345291
9.546402
9.621826
9.360855
9.0460205
8.90715
8.972992
9.247131
9.506897
9.621826
9.688858
9.705627
9.648163
9.485352
9.351273
9.287827
9.426697
9.579926
9.485352
9.24115
9.235153
9.418304
9.499725
9.478165
9.377609
9.308182
9.297409
9.146576
8.953842
8.779053
8.745544
8.971802
9.306992
9.411133
9.315369
9.200439
9.152557
9.352478
9.629013
9.541626
9.231567
8.958633
9.061584
9.487747
9.83371
9.542816
8.866455
8.344513
8.182907
8.321762
8.294235
8.619843
9.544006
10.075531
10.207199
10.190445
10.343674
10.395157
10.028839
9.447037
8.974197
8.771881
8.935883
9.210022
9.066376
8.592316
8.4570465
9.08432
9.795395
8.989746
8.897583
9.685272
9.99173
9.405151
8.575546
8.340927
9.664917
11.460571
11.588669
11.018845
11.300156
12.037567
12.200378
11.427048
10.611832
10.621399
11.25946
11.363602
10.277832
8.8461
8.059601
7.835739
7.811798
7.8560944
7.744766
7.4526825
7.2551575
7.3269806
7.6106873
7.929123
7.7962494
7.5915375
8.247559
9.8133545
11.842438
12.20636
10.483734
10.081512
12.565491
14.574219
13.756607
11.661682
10.324524
9.839691
9.351273
8.538452
7.8453217
7.3389587
7.1988983
7.194092
7.1091003
7.070801
6.9403076
6.727234
7.008545
8.000946
8.928696
8.841309
9.001724
10.008484
11.014053
11.066727
10.997299
12.91864
15.601334
16.416565
14.351578
10.834488
8.342117
8.549225
9.907928
10.063553
8.776672
6.842163
5.5720215
5.7108917
6.7212524
7.7184296
8.372055
8.447464
8.634216
9.073547
9.540421
10.074326
10.97934
12.192001
12.263824
10.914688
10.614212
11.762238
12.18721
11.144531
9.976166
9.81456
10.367615
10.774628
10.483734
8.928696
7.0648193
5.698929
5.3146515
5.786316
6.4578857
6.734421
6.879257
7.6346436
8.921524
9.941452
10.298187
10.666885
11.670059
12.919846
13.451355
13.019196
12.648102
12.237488
11.9561615
11.611404
10.895538
9.939056
9.034042
8.312195
7.762726
7.514923
7.340149
6.9391174
6.442322
6.285507
6.9798126
8.109879
9.253113
9.806183
9.923492
10.09108
10.443039
10.86322
10.726746
9.769058
9.715195
11.377975
12.656479
11.488098
9.255508
8.49176
9.6792755
11.267838
12.117783
11.565918
9.632599
7.6537933
6.345352
5.791092
5.8401794
6.208893
6.8409576
7.8213806
9.159744
10.365219
10.858429
10.982925
11.484512
12.472122
12.34523
10.88118
10.410706
10.738724
10.68605
9.89357
9.178894
9.087921
9.351273
9.6349945
9.655334
8.880814
7.613083
6.4842224
6.035309
6.202896
6.9798126
8.1649475
9.472183
10.180862
10.444229
10.377197
10.286209
10.253891
10.447815
9.998901
8.544434
8.961014
11.543167
13.263397
12.739075
10.410721
8.703644
9.284241
10.432251
10.474152
9.375214
7.9746094
6.964264
6.5560455
6.3345795
6.1442413
6.4100037
7.116287
8.126648
8.929901
9.18129
9.347687
10.323334
11.887924
12.686401
11.784988
11.036789
11.875961
13.294525
13.392685
11.559937
9.350082
8.144608
8.321777
9.2603
9.567947
8.508514
7.213257
6.5751953
6.5093536
6.783493
7.2084656
7.8596954
8.618652
9.350082
9.73674
9.751114
9.771454
10.317337
11.094254
10.885956
9.67569
9.649353
11.761032
13.448959
12.138138
9.795395
8.974182
9.880402
10.8919525
10.603439
9.566757
8.4319
7.5987244
7.3784485
7.5687866
7.7016754
7.498169
7.1773376
7.0025635
7.2563477
8.318176
9.370438
9.966583
10.258682
10.753082
10.7854
10.087494
10.153336
11.131363
11.933426
11.769424
10.682449
9.840897
9.7295685
9.856461
9.502121
8.642593
7.7495575
7.060028
6.8242035
7.213257
7.625061
8.069183
8.534851
8.909546
9.177704
9.192062
9.432678
10.13298
10.744705
10.270645
9.356064
10.459793
12.575073
12.844421
10.902725
9.18248
9.036438
10.046799
10.909897
10.610626
9.285431
8.169739
7.7100525
6.8612976
6.9235535
8.222412
8.349304
7.69928
7.3856354
7.7256165
8.682098
9.496124
10.361633
10.975739
11.087067
10.189255
9.500916
10.013275
11.694
12.895889
12.777374
11.361206
9.617035
8.520493
8.169739
8.33374
8.211639
7.577179
7.320999
7.921936
8.488174
8.594711
8.200867
7.5831604
7.439499
8.008133
8.818558
9.660126
10.707596
11.472534
10.858429
10.320923
11.355225
12.901886
12.912659
11.417465
10.40831
10.129395
10.177277
9.984543
9.123825
8.096725
7.3628845
7.1246643
7.5113373
7.7016754
7.4490814
7.210861
7.546051
8.121857
8.428314
8.814972
9.793015
11.313324
12.625351
12.28656
10.275436
8.623444
9.394379
12.58345
15.62767
15.801254
12.9952545
9.797791
8.167343
8.182907
8.290649
7.6238556
6.63385
6.151428
6.408798
7.032486
7.672943
8.05481
7.9422913
7.9279327
8.336136
8.836517
9.292618
10.300583
11.875961
12.395508
10.749496
10.666885
12.99765
14.565842
12.765411
9.318954
7.909973
8.718002
9.861237
9.627808
8.187698
7.032486
6.9474945
7.7842712
8.284668
8.050034
7.653778
7.851303
8.275085
8.565979
8.704834
8.964615
9.639786
10.656113
11.361206
11.067917
10.079117
9.490143
10.579498
12.728302
13.664429
12.384735
10.433456
9.268677
9.032852
9.141785
8.708435
7.6825104
6.806244
6.818207
6.9906006
7.194107
7.8800354
8.810181
9.268677
9.40036
9.462616
9.857651
10.182068
10.40593
10.616623
9.7535095
8.949051
11.058334
12.906662
12.379944
10.204803
9.514084
9.961792
10.217972
10.371201
9.81456
8.859268
8.099121
7.912369
8.178116
8.270294
7.7292023
6.826584
6.2388153
6.502182
7.2671204
7.920746
8.31459
9.014893
9.862442
11.148132
12.655273
12.336853
11.660477
12.282974
12.824066
12.079468
10.279037
8.469009
8.410355
10.409515
12.004059
11.281006
8.667725
6.6111145
6.1083374
6.86969
8.002136
8.946655
9.426697
9.518875
9.237549
9.14418
9.475769
9.646957
9.49733
9.376419
8.559998
8.685684
11.600632
14.594589
14.330017
11.920258
10.529236
10.267059
9.929474
9.22319
8.369659
7.705261
7.5233
7.925537
8.374451
8.403168
7.7986298
7.158188
7.087555
7.7184296
9.048416
9.87561
10.332901
11.118195
11.625763
11.18045
10.987717
12.079468
12.996445
12.405075
10.215591
8.362473
8.385223
9.751114
10.246719
9.201645
7.5316772
6.4734497
6.4925995
7.0815735
7.2838745
7.554428
8.330154
9.484161
10.537613
10.434647
9.572739
9.238754
9.739136
10.167709
9.748718
8.65097
9.3428955
11.966949
13.708725
13.093414
11.302551
10.281418
10.095871
10.09108
9.870819
8.975388
7.672943
6.894821
6.8002625
7.2467804
7.906372
7.8764496
7.6777344
8.003342
8.601898
8.883209
9.169327
9.696045
10.239532
11.251068
11.935822
10.968567
9.724777
11.127777
14.458115
15.241013
12.729492
9.092697
7.0899506
7.9877777
9.83371
10.101852
8.761108
7.4011993
7.067215
7.8441315
8.320572
8.743149
9.621826
10.314941
10.9470215
11.271423
11.042786
11.761047
10.217987
10.059967
11.496475
11.314514
11.263046
11.549164
11.743088
10.5208435
8.727585
8.909546
10.40593
10.840469
10.209595
9.648163
9.068771
8.380432
7.5711975
7.171356
7.3186035
7.7423706
7.8992004
7.883621
8.264313
9.403946
10.46698
10.587875
10.40593
10.3975525
10.935043
11.186432
10.783005
10.38916
10.826111
11.453384
11.039185
9.766678
8.332535
7.6071014
8.15657
9.439865
10.1449585
9.748718
9.000534
8.783859
8.676117
8.358871
8.137421
8.561188
9.14418
9.678085
9.860046
9.660126
9.663727
10.23114
10.832092
10.986511
10.772232
10.475357
9.840897
8.639008
8.061996
8.637802
9.837296
10.833298
10.974548
10.42627
9.599075
8.82814
8.018906
7.0935364
6.8672943
8.005737
9.275864
10.354446
10.714767
10.488525
10.56395
11.011658
10.9362335
10.425079
9.936661
9.684067
10.220367
11.088272
11.298965
10.267059
8.891586
8.05722
8.176926
8.7539215
9.08313
8.980179
8.929901
9.002914
8.883209
8.44986
7.7100525
7.250366
7.7064667
8.947861
10.112625
10.7052
10.703995
10.408325
10.340073
10.557953
10.548386
10.440643
10.128189
9.448242
8.592316
8.246353
8.951447
9.891174
10.517258
10.289795
9.515274
8.842514
8.288254
7.882431
7.6346283
7.252762
7.158188
7.7974396
9.111862
10.318527
11.046371
11.468948
11.966949
11.977722
11.076294
10.377197
10.03363
9.468597
10.214386
12.302139
13.300507
11.284592
8.45105
6.858917
6.7248383
7.407181
8.039261
8.385223
8.950256
9.466202
9.380005
8.837723
8.091919
7.696884
8.2044525
9.305786
9.776245
9.850464
9.930664
10.232346
11.154114
12.200378
12.209946
10.720764
9.330933
8.440292
7.991379
7.999756
8.059616
8.349304
8.922714
9.658936
9.85405
9.001724
7.9949646
7.5436554
7.6035004
8.186493
9.32016
9.804977
9.632599
9.960602
10.674072
11.065521
10.634567
10.027634
10.171295
11.122986
11.462967
11.392334
11.144531
10.756668
9.935471
8.893982
7.9949646
8.059601
8.567184
8.787445
8.565979
8.285858
8.253525
8.170929
7.8608856
7.7651215
8.422333
9.356064
10.189255
10.879974
10.6944275
9.9318695
9.585907
10.256287
11.324097
11.25946
10.38916
9.492538
8.946655
8.777863
9.169312
9.742722
9.7738495
9.201645
9.109467
9.423111
8.98497
8.030884
7.3197937
7.182129
7.578369
8.294235
9.1058655
9.89595
10.305359
10.08989
10.439438
11.054749
11.987289
13.427399
13.562683
11.895126
10.268265
9.881592
9.464996
8.442673
7.530487
7.505356
8.345718
9.235168
9.746323
9.723572
9.310577
8.722794
8.399582
8.746735
8.923904
8.514511
8.287048
8.453445
8.981384
9.924683
10.909912
11.524017
10.968567
10.2239685
10.46698
10.579498
9.746323
8.878418
8.9670105
9.427887
9.357269
8.683289
8.237976
7.9626465
7.633438
7.5316772
7.6561737
7.712448
7.5903473
7.815399
8.703644
9.873215
10.660904
10.620209
10.404724
10.926651
12.32608
13.559097
13.63092
12.922226
12.214737
11.184036
9.739136
8.562393
7.8573
7.428726
7.554428
7.9782104
8.094315
8.210434
8.391205
8.467819
8.441483
8.489365
8.68689
9.333328
10.059967
10.288605
10.009689
9.724777
9.797791
10.115021
10.313751
10.046799
9.391983
9.524857
10.478943
10.507675
9.134598
7.8237762
7.499359
8.117065
8.60788
8.682098
8.534851
8.504929
8.682098
8.873642
9.08432
9.350082
9.427887
9.466202
9.540421
10.098267
11.114609
11.400711
10.799774
10.409515
10.736313
10.3077545
9.576324
9.7535095
10.433456
10.545975
9.624207
8.3385315
7.8094177
8.135025
8.609085
8.871246
9.087906
9.154953
9.029266
8.629425
8.391205
8.805405
9.110657
8.893982
8.237976
7.7531433
7.9482727
8.557602
9.47937
10.300583
10.395142
10.045593
9.791809
10.167694
10.487335
10.435852
9.949829
9.016098
8.577957
8.956238
9.262695
9.327332
9.256714
9.092712
8.982574
8.558792
8.103897
7.9027863
7.954254
8.029678
8.133835
8.594711
9.189667
10.148544
11.435425
11.897507
10.993698
10.24791
10.077927
10.3185425
10.744705
11.128967
10.935043
10.015671
8.880814
8.258331
8.257126
8.31459
7.99736
7.6825256
7.5161285
7.4957733
7.76033
8.069183
8.027283
7.9554596
8.406769
9.183685
10.183258
10.86322
10.243118
8.437881
9.427887
12.230301
13.269379
11.775406
9.7295685
9.942642
11.173264
11.075104
9.722382
8.340927
8.027283
8.477402
8.761108
8.573166
8.093124
7.8297577
7.8692627
7.69928
7.221634
7.04805
7.154602
7.5400696
7.878845
7.99617
7.7339935
7.60112
7.875244
8.349304
9.104675
9.946228
10.634567
11.05954
11.665283
12.057922
10.9314575
9.748718
9.837311
10.938629
11.898712
11.579086
10.021652
8.883209
9.274658
10.129395
10.355652
9.090317
7.6501923
6.7691345
6.4925995
6.997772
7.641815
7.8357544
7.665756
7.8716583
8.594711
9.383606
10.107849
10.701599
10.737518
9.870819
9.0855255
11.227142
14.012787
13.760208
11.272629
9.463806
9.3428955
9.965393
10.08989
9.578735
8.854477
8.543228
8.507324
8.379227
7.944687
7.4323273
7.4383087
7.9590454
8.214035
8.380432
8.840118
9.435074
10.786606
12.062714
12.585846
11.812515
9.882797
8.185303
9.898346
14.154053
15.768936
13.423813
9.570343
6.755966
6.2507935
7.431122
8.373245
7.9482727
6.8242035
6.336975
6.7523804
7.827362
8.435501
8.576752
8.76709
9.216003
9.624222
9.777451
9.7295685
9.609848
9.40036
8.82695
9.245941
11.106232
12.446976
11.559921
9.7187805
8.825745
10.059967
11.744278
11.926239
10.2634735
8.241562
7.1641693
7.1222687
7.3341675
7.173752
6.8948364
6.9463043
7.2563477
7.577179
8.03447
8.473801
9.442261
11.387543
13.214325
13.178406
10.814133
8.277481
7.7531433
10.9517975
14.696335
15.332001
13.458527
10.767441
8.504929
7.3784485
7.305435
7.5269012
7.60231
7.434723
7.547241
8.109879
8.565979
8.695267
8.489365
8.331345
8.522888
8.84729
9.0112915
9.154953
9.672104
10.164108
10.305374
10.047989
10.789001
12.468521
12.901871
11.122986
9.22319
8.858078
9.838501
10.769836
10.672882
9.775055
8.911942
8.514496
8.433105
8.184113
7.7112427
7.171356
6.663788
6.6099243
7.118683
7.644211
7.9434814
8.172134
8.735962
9.7535095
10.942215
11.428253
11.043976
9.918701
9.153763
10.356842
13.044327
13.883499
11.922653
9.552399
9.159744
9.850464
9.83371
8.995743
7.705261
6.4674683
6.589569
7.975815
8.520493
8.429504
9.3022
10.986511
11.0308075
9.492538
9.917496
10.993698
11.834061
11.076294
11.531204
12.197983
12.401489
13.695557
13.717102
10.689636
7.7184296
7.427536
8.406769
8.66774
8.208054
7.396408
6.8325806
6.79187
7.2790985
7.866867
7.930313
7.705261
8.078751
9.000534
9.870819
10.4418335
10.99968
11.246292
11.05835
10.850052
10.968567
11.061935
11.441406
11.933426
12.050735
11.066727
9.363251
7.941101
7.3736725
7.9877777
8.814972
9.172913
9.230362
9.229172
9.166916
8.866455
8.489365
8.397186
8.555206
8.938278
9.292618
9.40036
9.213608
9.304596
10.253891
11.428238
11.989685
11.325302
10.148544
9.922287
10.034821
9.4374695
8.358887
7.9375
8.375641
9.139389
9.662521
9.621826
8.823349
8.0416565
7.403595
7.253952
7.5951385
7.9362946
8.15657
8.631821
9.708023
11.091858
12.268616
12.578659
11.565918
10.208405
9.825333
10.195236
11.145721
12.518814
13.587814
12.982086
10.732727
8.399582
7.1917114
7.0061493
7.388031
7.901581
8.101501
7.9398956
7.7507477
7.945877
8.200867
8.058411
7.6190796
7.8201904
8.853287
9.605057
9.876801
10.223953
10.577118
10.890747
11.269043
11.652115
11.483307
11.21637
10.815323
9.65773
8.421127
8.087143
8.434296
8.4965515
8.251144
8.145798
8.403183
8.600693
8.49295
7.9195404
7.534073
7.9315186
8.252335
8.105087
8.130234
9.563171
11.848434
13.464523
13.697952
12.487686
10.993698
10.415497
10.452606
10.580704
10.945816
11.182846
10.54718
9.053207
7.8165894
7.565201
8.117065
8.617447
8.494156
8.064392
8.005737
8.454651
8.745544
8.631821
8.242767
8.126648
8.446274
8.976578
9.071152
8.884399
8.799423
9.176498
10.196426
11.78978
12.733093
12.431412
10.872803
10.107849
11.192413
11.525223
9.918701
8.018906
7.499359
7.9123535
8.19368
8.211639
8.167343
8.295441
8.360077
8.514511
8.451065
8.346909
8.57196
9.031647
9.749908
10.640564
11.41507
11.733505
11.29657
10.568726
10.489716
10.640564
10.039612
9.174103
9.077148
9.788223
10.088699
9.41832
8.321777
7.9231415
8.473801
9.429092
9.947433
9.395569
8.574356
8.558807
8.794632
8.495361
7.807022
7.427536
7.748352
8.574356
9.24353
9.572739
9.688858
9.862442
10.42627
11.152908
11.750259
11.568314
10.915894
11.02243
11.164886
10.0108795
8.37085
7.7734985
7.874054
7.9003906
8.01532
8.428314
8.864059
8.975388
8.587524
8.059616
8.000946
8.285858
8.768295
9.411133
9.858856
10.492111
11.500076
11.928635
11.364807
10.68605
10.581894
10.636963
10.48613
10.944626
11.4414215
10.769836
9.114258
7.6059113
6.996582
7.8213806
9.134598
9.585907
9.049606
8.514496
8.197266
8.005737
7.854904
7.7746887
8.0177
8.664139
9.32254
9.758301
10.232346
10.730347
10.602249
10.130585
10.25029
10.64415
10.475357
10.125809
10.1054535
9.826523
8.858078
8.5013275
9.43866
10.38916
10.337692
9.128616
8.216431
8.41394
8.896378
8.872437
8.394791
8.103897
8.31459
9.158554
10.499298
11.504868
11.588654
11.257065
11.1577
11.4461975
11.8173065
11.55275
10.301773
9.323746
9.123825
9.1250305
8.561188
7.558014
7.031296
7.44429
8.41275
9.211212
9.4207
9.175308
8.539642
7.834549
7.7016754
7.705261
7.676529
7.7806854
8.161362
9.022079
9.747513
9.7187805
9.7582855
10.6633
11.642532
11.702393
11.06073
10.037216
9.5607605
10.390366
11.266632
10.271851
8.482178
7.3269806
7.2587433
8.093124
8.938278
9.14418
8.811386
8.25235
8.180511
8.507324
8.696472
8.486969
8.453461
9.1010895
10.526825
11.429443
11.13855
10.261078
9.807373
9.980957
10.696823
10.610626
10.680054
11.198395
11.272629
10.443039
8.873627
7.672943
7.5137177
8.639008
9.803787
9.783432
8.577957
7.465851
6.9307404
7.310211
8.369659
8.764694
8.500137
8.58873
9.272263
10.075531
10.322128
10.056366
9.657745
9.527252
9.591888
9.47818
9.265091
9.575134
10.684845
11.29538
10.504089
9.391983
8.932297
9.156143
9.387192
9.278259
8.937073
8.306213
7.7304077
7.9794006
8.574356
8.404373
7.8405304
7.9243317
8.940674
10.331696
11.07869
10.913498
10.68605
10.921875
11.235519
11.489304
10.973358
10.616608
10.360443
10.714783
10.853638
10.09108
9.007706
8.295441
8.079956
8.129044
8.357681
8.413956
8.252335
8.261917
8.488174
8.779068
9.114258
9.073547
8.822159
8.783844
9.072357
9.139389
8.731186
8.293045
8.911942
10.295792
11.19841
10.976944
9.442261
9.047211
10.137772
11.254669
11.112213
10.197617
9.697235
9.655334
9.569153
8.919128
6.7260284
7.1019287
9.170517
8.416351
6.7918854
6.6470184
7.973419
9.040024
8.872437
8.144608
7.720825
7.738785
8.282272
8.90596
9.376419
9.542816
9.668518
9.978561
10.332901
10.62619
11.02124
12.061508
12.710342
11.567108
9.560776
8.346909
8.385223
8.867645
8.862869
8.202057
7.672943
7.711258
8.181702
8.712021
8.853287
8.557602
8.087143
7.8489227
7.969818
8.182907
8.2715
8.981369
10.208405
10.775833
10.838074
10.319733
10.493301
13.306503
15.610916
13.993637
9.930679
6.9786224
6.6973114
8.522888
10.0108795
10.42627
9.919891
8.972992
8.044037
7.530487
7.262329
7.1965027
7.1378326
7.3042297
7.664566
8.397186
9.037628
9.602661
9.785828
10.202423
11.249878
11.591049
10.953003
11.717941
14.659225
16.043076
13.1293335
8.484573
6.1131134
6.897217
8.518097
9.194458
9.0112915
8.5121155
8.200867
8.079956
8.093124
8.185303
8.222412
8.246353
8.0859375
8.111084
8.422333
8.72998
9.038834
9.772659
10.530426
10.294586
9.699631
11.187637
13.923004
13.425003
10.410706
8.337326
8.476196
9.473373
9.680481
9.219589
8.761108
8.82814
8.634216
8.330154
7.5292816
6.9031982
6.9630585
7.696884
8.148193
8.240372
8.421127
8.84491
9.504501
10.4813385
11.630554
11.320511
9.802582
10.36882
12.983276
14.211502
12.150101
8.782654
7.252762
7.9434967
9.318954
9.564362
8.561188
7.7651215
7.5951233
8.0464325
8.646179
8.935883
8.870041
8.51091
7.9794006
7.747162
7.9901733
8.655762
9.388397
9.666122
9.869614
10.022842
10.016861
11.247482
12.844421
12.547546
10.259872
8.258331
8.249939
9.553589
10.186859
9.770264
8.751526
7.9375
7.75914
7.731598
7.683716
7.8034363
7.7567444
7.7483673
8.011719
8.373245
8.805405
9.763077
11.006866
12.097427
12.585846
11.221146
10.283813
12.499649
13.308899
11.269028
8.504929
6.664978
7.7339935
9.648163
11.073898
10.927856
8.850891
6.8888397
6.5321045
7.2407837
8.143402
8.653366
8.625839
8.3780365
8.271484
8.785049
9.7343445
10.075531
9.630203
9.273468
9.560776
9.807373
10.372406
11.325302
11.749069
12.376343
13.137711
12.821671
11.003281
8.9322815
7.6896973
7.2635345
7.391617
7.818985
7.609497
7.0420685
6.831375
7.0660095
7.5280914
7.9195404
7.9387054
8.49176
9.654144
10.498093
10.810547
10.887161
11.352829
13.305298
14.826813
14.116943
11.096649
8.621048
8.477386
9.983353
11.077499
10.390366
8.37085
6.866104
6.700897
7.827362
8.935883
9.077133
8.5911255
8.290649
8.283463
8.629425
9.135803
9.387192
8.8329315
8.27269
8.884399
9.951019
10.474167
11.71196
12.557114
11.538376
10.202423
10.200012
10.549576
10.037216
9.042435
8.403183
8.554001
9.0460205
8.952652
8.17691
7.2719116
6.6901245
7.058838
8.19368
9.123825
9.273468
8.975388
9.202835
9.924683
10.622604
11.332474
11.111023
10.380783
10.9913025
12.439789
13.128128
12.18721
10.021652
8.416336
8.798218
9.907928
10.192841
9.4219055
8.01532
7.004959
6.8888397
7.26474
7.6789246
8.021301
8.399582
8.823349
8.964615
8.816162
9.368027
10.543594
10.504089
9.785828
8.975388
8.150589
8.947845
11.881943
13.562683
11.600632
8.583939
7.1881104
8.202057
10.121017
11.338455
10.915894
9.627808
8.480988
7.6932983
6.905594
6.2112885
6.4016266
7.230011
7.9710236
8.042847
8.052429
8.666534
9.540421
10.453812
11.234314
12.004059
12.16806
11.010468
10.085098
10.72435
12.299744
13.134125
12.627747
10.749496
8.806595
7.9003906
7.8680725
8.372055
8.810196
8.537247
7.6154785
6.9666443
7.547241
8.565979
9.266281
9.613449
9.631393
9.2243805
8.866455
8.917923
9.0460205
9.293823
9.518875
9.388382
9.75589
11.565918
13.0946045
11.522812
8.427124
6.6817474
7.7423706
10.800964
12.974899
12.536758
9.962997
7.5711823
6.565628
6.1562195
6.193329
6.9941864
8.066788
8.935883
9.745132
10.401138
10.6633
10.741119
11.011658
11.768219
11.656891
10.62738
10.731537
12.314102
13.026382
11.550354
9.172913
8.363678
8.758713
8.691681
8.132629
7.340149
7.2120514
7.818985
8.25354
7.6274567
6.996582
7.3221893
8.8329315
10.23114
10.393951
9.464996
8.862854
9.298599
10.267059
10.9314575
10.274246
9.646957
10.54837
11.71077
11.151718
9.515274
8.783844
10.063553
11.919052
12.230301
10.554367
8.266708
6.7296295
6.210083
6.415985
6.9786224
6.9283447
6.6314697
7.5484467
9.456619
10.653717
10.379593
9.995316
10.253891
11.607819
12.868362
12.321289
11.182846
11.164886
11.066727
10.422684
9.749908
9.481766
9.016083
8.467819
9.1453705
10.23114
10.061157
8.557602
7.1366425
6.676956
6.7224426
6.806244
7.0289
7.5711823
8.569565
9.747513
10.352051
10.240723
9.97377
10.196426
10.285019
9.95462
10.54837
11.909485
12.1465
10.534012
9.122635
9.291428
10.196426
10.671677
10.496902
9.719986
8.52887
7.3820496
6.4722443
6.308243
6.9774323
7.7304077
8.2200165
8.685684
9.262695
9.585907
9.505707
9.856445
10.896744
11.971725
12.291351
11.867584
11.898712
12.308121
12.085449
10.743515
9.532043
8.976578
8.592316
8.137421
8.324173
9.212418
9.630203
8.74794
7.202484
6.521332
6.4207764
6.6901245
7.367676
8.260727
8.722794
8.9670105
9.295013
9.986938
10.866806
11.450989
10.966171
10.419098
11.539581
12.940186
12.402679
9.874405
8.052429
7.9674225
9.304596
10.526825
10.747101
9.809769
8.662949
7.7531433
7.0564423
6.9031982
7.253952
7.736389
7.977005
8.105103
8.8880005
9.83371
10.815338
11.43663
11.246292
11.012848
11.122986
10.86441
10.858429
11.683228
11.71196
10.324524
8.576752
8.097916
9.362045
10.195236
9.35965
7.7172394
6.8684845
7.3856354
8.050034
7.6944885
6.5752106
5.7623596
6.2843018
8.091934
9.49852
9.698441
9.194458
9.165726
10.419098
12.475708
13.401062
11.737091
10.073135
10.678864
11.349243
10.092285
8.166138
7.5041504
8.957428
11.31691
13.0347595
12.493668
9.899551
7.2407837
5.9263763
5.7503967
5.949112
6.560837
7.177353
7.751953
8.721603
9.687668
10.222763
10.820114
11.413879
11.69281
11.7778015
11.332474
11.205582
12.028
12.637314
11.714355
9.922287
8.696457
8.995743
9.771454
10.015671
9.0460205
7.605896
6.6542053
6.570404
6.624283
6.5512543
6.4854126
6.9822235
8.107483
9.016098
9.377609
9.316559
9.542816
10.294586
10.939835
11.060745
10.603439
10.598663
11.617386
11.901108
10.620209
9.291428
9.128616
10.313751
11.751465
12.135727
10.522049
8.161362
6.7451935
6.0820007
5.5552673
5.755188
6.7260284
7.822586
8.546829
9.059189
9.497314
9.649353
9.691254
10.295792
11.302551
11.892731
11.641342
11.556335
12.254242
12.619354
11.775406
10.138962
9.353668
9.40155
8.880814
7.929123
7.1258698
7.0073547
7.795044
8.422333
7.909973
7.1246643
7.039673
7.7723083
8.7539215
9.532043
9.654144
9.24353
9.06517
9.587112
10.409515
10.648941
10.037216
10.24791
12.01123
13.713516
12.361984
9.332123
7.69928
8.53006
10.701614
11.77301
10.808151
9.075943
7.9901733
7.3509216
6.71286
6.61351
7.063614
7.4622498
7.9434814
8.823364
9.585907
9.955811
10.162918
10.174881
10.439438
11.1577
11.458176
10.820114
10.126999
10.269455
10.647736
10.039612
9.139389
9.151367
9.843292
10.059967
9.267487
8.024887
7.5269012
8.075165
8.5408325
8.039261
7.3437347
7.4418945
8.210449
9.170517
9.7140045
9.7535095
9.314163
8.750336
9.034042
10.074326
10.475357
9.660126
9.184891
10.493301
12.440994
12.515213
10.423874
8.658157
8.677307
10.334091
11.497681
11.079895
9.152557
7.3533173
6.7727203
6.9307404
6.953476
6.7068787
6.6697693
7.131851
8.121857
9.399155
9.888779
9.691254
9.836105
10.766251
12.061508
12.577469
12.1249695
11.039185
10.670486
11.31572
11.715546
11.290573
10.46817
9.16214
7.925537
7.3150024
7.897995
9.0065155
9.310577
8.3517
7.225235
7.052841
7.5951385
8.248749
8.712021
9.002914
9.22319
9.199249
9.317749
10.253891
11.219955
10.954193
9.441055
8.375641
9.154953
11.150528
12.061523
10.826111
8.9263
8.033264
8.625839
10.040802
11.027222
10.270645
8.391205
6.9487
6.462677
6.736801
7.257553
7.44191
7.60112
8.139816
8.628235
8.981369
9.277054
9.547607
9.9713745
10.693222
11.291779
11.042786
10.3424835
10.275436
10.790192
10.990112
10.610626
10.313736
10.371216
10.256287
9.546402
8.508514
7.724411
7.486191
7.625061
7.693283
7.6226654
7.708847
8.586334
9.769058
10.276642
10.116226
9.824127
9.742722
9.727173
9.828918
10.094681
10.082703
9.546402
8.903564
9.365646
10.749496
11.187637
9.737946
8.058411
7.9375
10.281418
12.576263
12.660065
10.514862
8.283463
6.8565216
6.486618
6.7727203
6.952286
6.758362
6.969055
8.091919
9.520065
10.648941
10.888351
10.537598
10.40593
10.633377
10.810547
10.701599
10.213196
9.826523
10.17009
10.634567
10.154526
9.295013
8.96582
9.581116
10.300583
10.22995
9.354874
8.27269
7.4167633
7.2599335
7.7028656
8.071579
8.217621
8.448669
9.081924
9.822937
10.239517
10.165314
9.802582
9.572739
9.619431
9.89476
10.191635
10.9913025
11.737091
11.240295
9.376419
7.7220306
7.3221893
8.367264
10.302963
11.210373
10.30896
8.840118
7.723221
7.024109
6.6194916
6.7810974
7.1043243
7.2467804
7.502945
7.872864
8.337326
8.758713
9.552383
10.596268
11.248688
11.410294
11.081085
10.275436
10.165298
11.880753
14.041519
14.045105
11.443802
8.853287
7.664566
8.230789
9.344086
9.673294
9.141785
8.322968
7.917145
7.818985
7.7495575
7.6298523
7.775894
8.344513
9.02327
9.546402
9.502121
8.903564
8.416336
9.363251
10.873993
10.259872
9.3428955
10.047989
11.843643
12.85759
12.54155
11.099045
9.81456
9.881592
10.551971
9.95462
7.458664
8.874832
10.034821
9.067566
7.10672
7.052841
8.368454
9.165726
9.455429
10.352051
11.356415
10.94223
9.640976
8.655762
8.364868
8.703644
9.232773
9.825333
9.826523
9.265091
8.678513
8.628235
8.937088
9.377609
9.6948395
9.798996
9.687668
9.539215
9.512894
9.563156
9.403946
9.119034
9.135803
9.55838
9.947433
10.0659485
9.904343
9.644562
9.511688
9.389587
9.557175
9.899551
9.929474
9.563171
9.135803
8.982574
9.012497
9.188477
9.564362
9.982147
10.081512
9.949829
9.766678
9.55838
9.316559
9.210022
9.391983
9.601471
9.751114
9.745117
9.529648
9.32135
9.28064
9.403946
9.324936
9.316559
9.649353
9.821732
9.699631
9.506897
9.454224
9.420715
9.518875
9.739136
9.771454
9.528442
9.247131
9.138199
9.062775
9.193253
9.277054
9.22319
9.086716
9.210022
9.591888
9.929474
10.064743
10.140167
9.684067
8.899979
8.656967
9.188461
10.01207
10.115021
9.661331
9.383591
9.41832
9.506897
9.497314
9.453033
9.49971
9.510498
9.49733
9.502106
9.443451
9.284241
9.14418
9.2243805
9.588303
9.83371
9.772659
9.704422
9.528442
9.254303
9.3022
9.737946
10.049179
9.840897
9.32135
9.00531
9.116638
9.295013
9.171707
8.902359
8.745544
8.899979
9.123825
9.350082
9.487747
9.591888
9.790619
9.891174
9.7547
9.684067
9.69725
9.731964
9.658936
9.39917
8.981369
8.876022
9.295013
9.703217
9.564362
9.139389
9.369232
10.712387
11.31691
9.672104
7.309021
5.787506
6.2759247
8.544434
11.043976
12.378738
11.51564
10.176086
9.317764
9.127426
9.670898
10.138977
10.106644
9.739136
9.354874
9.0065155
9.022079
9.540421
10.020447
9.925888
9.449432
9.207626
9.456619
9.723572
9.55838
9.1848755
8.940674
8.957428
9.274673
9.459015
9.482956
9.389587
9.330933
9.360855
9.590698
9.697235
9.630203
9.526047
9.366837
9.2603
9.2603
9.262695
9.168121
9.010101
8.965805
9.231567
9.6002655
9.649353
9.393173
9.156143
9.3022
9.663727
9.691254
9.442261
9.271072
9.364441
9.412323
9.360855
9.347687
9.453033
9.599075
9.658936
9.570343
9.266281
9.280655
9.53923
9.670914
9.338104
8.931091
8.902359
9.116638
9.374023
9.405151
9.268677
9.198044
9.237549
9.448242
9.643372
9.583511
9.468597
9.436279
9.413528
9.426697
9.431488
9.500916
9.444656
9.591888
9.538025
9.481766
9.724777
9.9318695
9.778641
9.372818
9.183685
9.194458
9.329727
9.358459
9.364441
9.569153
9.669708
9.573929
9.393173
9.432678
9.3979645
9.336914
9.326141
9.304596
9.407547
9.602676
9.660126
9.582321
9.368042
9.214813
9.368042
9.668503
9.645767
9.417114
9.384796
9.485352
9.48056
9.459015
9.478165
9.566757
9.660126
9.646957
9.457825
9.309387
9.269882
9.353668
9.538025
9.581116
9.4374695
9.43866
9.538025
9.538025
9.366837
9.113052
9.18129
9.623016
9.915115
9.706818
9.377609
9.326141
9.364441
9.338104
9.333328
9.415924
9.41832
9.353668
9.266281
9.269882
9.376419
9.487747
9.425491
9.289032
9.283035
9.432678
9.529648
9.536819
9.431488
9.157349
9.218399
9.630203
9.866028
9.527252
9.086716
9.034042
9.363251
9.687668
9.721176
9.515289
9.348877
9.336914
9.430283
9.413528
9.333328
9.334518
9.378815
9.431488
9.467392
9.514084
9.505707
9.412323
9.3824005
9.261505
9.090317
9.271072
9.666122
9.803787
9.482956
9.16214
9.159744
9.370438
9.512894
9.490143
9.468582
9.561966
9.5954895
9.491333
9.309372
9.272278
9.345291
9.403946
9.374023
9.381195
9.43866
9.463806
9.369232
9.239944
9.086716
9.245926
9.691254
9.862442
9.585907
9.544006
9.541611
8.82576
8.990952
9.447052
9.4374695
9.284241
9.413528
9.640976
9.5954895
9.457825
9.354874
9.524857
9.650558
9.751114
9.816956
9.238754
