0.064208984
-0.019958496
-0.0476532
-0.072143555
-0.08493042
-0.02633667
0.13505554
0.17021179
0.13931274
0.09403992
0.057281494
0.009338379
-0.00982666
0.0066833496
0.03225708
0.019470215
-0.022613525
-0.057235718
-0.06842041
-0.05458069
-0.058303833
-0.0716095
-0.06149292
-0.04284668
-0.024215698
-0.015167236
0.0066833496
0.032791138
0.04663086
0.05355835
0.036514282
-0.014099121
-0.05670166
-0.046051025
-0.0066375732
0.02053833
0.059417725
0.11161804
0.089782715
-0.0066375732
-0.10144043
-0.13446045
-0.11102295
-0.050308228
0.026931763
0.06315613
0.050369263
0.011474609
-0.03805542
-0.07055664
-0.05670166
-0.03112793
-0.017822266
-0.010894775
-0.008758545
-7.7819824E-4
0.02053833
0.00881958
-0.052444458
-0.10571289
-0.104644775
-0.07588196
-0.07055664
-0.097717285
-0.12966919
-0.15203857
-0.15203857
-0.1222229
-0.060424805
-0.01461792
-0.008773804
-0.019424438
-0.019943237
0.014144897
0.041305542
0.035446167
0.023208618
0.0056152344
-0.0061035156
-0.0029144287
0.004547119
0.011474609
0.013076782
0.013076782
0.01574707
0.01361084
0.004547119
0.01361084
0.02746582
0.01574707
-0.025268555
-0.04711914
-0.024749756
0.022140503
0.056762695
0.05834961
0.056228638
0.069000244
0.06741333
0.054626465
0.04397583
0.011474609
-0.037521362
-0.04763794
-0.00982666
0.0040130615
-0.019424438
-0.04498291
-0.048171997
-0.046051025
-0.03112793
-0.017822266
-0.039657593
-0.076934814
-0.069488525
-0.03060913
-0.011428833
-0.027938843
-0.06523132
-0.08866882
-0.08760071
-0.06149292
-0.026351929
-0.010894775
-0.024215698
-0.036468506
-0.022079468
0.020004272
0.050369263
0.035446167
0.018936157
0.01361084
0.0050811768
0.009338379
0.0418396
0.069000244
0.062072754
0.035980225
0.016281128
8.239746E-4
-0.008224487
-0.015686035
-0.039657593
-0.07002258
-0.07853699
-0.041259766
0.021072388
0.05783081
0.050369263
0.035980225
0.04611206
0.047698975
0.025863647
0.007751465
0.013076782
0.0184021
-0.010894775
-0.052444458
-0.0710907
-0.072143555
-0.0519104
-0.008239746
-0.0013122559
-0.027404785
-0.03540039
-0.013031006
0.02319336
0.04397583
0.031188965
0.0056152344
0.0066833496
0.043441772
0.08657837
0.13505554
0.1787262
0.19577026
0.1478424
0.06048584
-0.015701294
-0.041259766
-0.024749756
-0.008239746
-0.0050354004
-0.010894775
0.0018920898
0.02532959
0.037582397
0.03437805
0.031723022
0.008804321
-0.029541016
-0.060424805
-0.060958862
-0.051376343
-0.058303833
-0.060958862
-0.0519104
-0.027938843
0.004547119
0.028533936
0.024261475
0.028533936
0.07325745
0.0849762
0.038116455
-0.019943237
-0.055099487
-0.07481384
-0.097717285
-0.116363525
-0.11102295
-0.07746887
-0.04019165
-0.0050354004
0.032791138
0.049835205
0.040237427
0.028518677
0.05567932
0.09724426
0.1164093
0.09564209
0.06794739
0.06048584
0.02746582
-0.02633667
-0.06149292
-0.0753479
-0.10676575
-0.14778137
-0.158432
-0.11529541
-0.04711914
-0.0066375732
-0.00289917
8.239746E-4
0.014144897
0.01574707
0.0056152344
0.001876831
0.012008667
0.01361084
2.89917E-4
-0.008758545
-0.003967285
0.0013580322
0.008804321
0.014678955
0.023208618
0.025863647
2.89917E-4
-0.069488525
-0.11262512
-0.090789795
-0.08972168
-0.119018555
-0.112091064
-0.03753662
0.06581116
0.12173462
0.09510803
0.040771484
0.0024108887
-0.02633667
-0.019424438
0.010406494
-0.021011353
-0.09025574
-0.12701416
-0.107299805
-0.03326416
0.03225708
0.06474304
0.07913208
0.07752991
0.069000244
0.06687927
0.07060242
0.054626465
0.026397705
0.01626587
0.014144897
0.012542725
0.010940552
-0.0023651123
-0.019424438
-0.008239746
0.024795532
0.016799927
-0.043914795
-0.07800293
-0.049240112
-0.0077056885
2.89917E-4
-0.022613525
-0.036468506
-0.022079468
0.0018920898
0.018936157
0.040237427
0.056762695
0.051971436
0.035980225
0.018936157
-7.7819824E-4
-0.009292603
-0.011428833
-0.018356323
-0.014633179
-0.008239746
-0.013549805
-0.04019165
-0.030075073
0.001876831
-0.014099121
-0.043395996
-0.027938843
0.044509888
0.10736084
0.12226868
0.09510803
0.042373657
-7.7819824E-4
-0.013031006
-0.0077056885
-0.0018463135
-0.01889038
-0.052978516
-0.08280945
-0.09399414
-0.05404663
0.0013580322
0.059417725
0.09136963
0.07167053
0.039718628
0.05621338
0.09564209
0.12333679
0.10787964
0.047698975
0.020004272
0.042907715
0.06794739
0.056228638
0.017349243
0.0066833496
0.041305542
0.0695343
0.052490234
0.018936157
-0.0034484863
-0.0034484863
0.0178833
0.031188965
0.03970337
0.010406494
-0.044448853
-0.066833496
-0.024215698
0.040771484
0.06581116
0.02532959
-0.08866882
-0.19677734
-0.2713623
-0.2798767
-0.17547607
-0.08972168
-0.055648804
-0.029006958
0.001876831
0.0460968
0.075927734
0.07167053
0.04876709
0.033325195
0.053024292
0.190979
0.3086853
0.2687378
0.14091492
0.11373901
0.29803467
0.3209381
0.07434082
-0.025283813
0.09510803
0.32998657
0.41947937
0.15316772
-0.1541748
-0.102508545
0.062088013
0.16168213
0.2064209
0.14782715
-0.0066375732
-0.18612671
-0.29371643
-0.2644348
-0.09185791
0.11482239
0.16593933
0.09617615
0.05090332
0.03704834
-0.0018463135
-0.026351929
0.017868042
0.07167053
0.06314087
0.008285522
2.89917E-4
0.07858276
0.17500305
0.16593933
0.014144897
-0.1653595
-0.12062073
0.15316772
0.16168213
-0.1653595
-0.33953857
-0.19837952
-0.015686035
-0.041793823
-0.10357666
-0.010360718
0.19363403
0.30815125
0.28684998
0.14889526
-0.06628418
-0.235672
-0.30438232
-0.27508545
-0.18826294
-0.114227295
-0.12434387
-0.20744324
-0.21116638
-0.1568451
-0.11262512
0.03918457
0.26394653
0.38804626
0.2879181
0.21334839
0.24317932
0.36088562
0.38964844
0.20323181
-0.1307373
-0.29052734
-0.21328735
-0.025268555
0.13238525
0.14038086
-0.015151978
-0.20956421
-0.31396484
-0.3102417
-0.2202301
-0.11262512
-0.021011353
0.07485962
0.12545776
0.006149292
-0.29852295
-0.50572205
-0.350708
-0.15950012
-0.050842285
0.058883667
0.120666504
-0.050308228
-0.39439392
-0.61917114
-0.5760193
-0.32089233
0.036514282
0.30708313
0.44610596
0.4620819
0.33372498
0.12812805
0.0066833496
-0.0061035156
0.013076782
-0.0050354004
0.015731812
0.056747437
0.058883667
-0.022079468
-0.12220764
-0.17282104
-0.10890198
0.008270264
0.22239685
0.3251953
0.13079834
-0.19944763
-0.42687988
-0.46043396
-0.32728577
-0.11582947
0.016281128
0.024795532
0.0050811768
-0.007171631
-0.0077056885
-0.04498291
-0.11050415
-0.19358826
-0.24790955
-0.21330261
-0.14671326
-0.088134766
-0.0519104
0.026931763
0.18511963
0.17765808
-0.043930054
-0.15577698
-0.033798218
0.099365234
-0.025268555
-0.29904175
-0.4471283
-0.42422485
-0.21702576
0.12866211
0.42427063
0.5915222
0.6501007
0.6128235
0.49137878
0.29910278
0.059417725
-0.13552856
-0.13713074
0.004547119
0.11428833
0.11854553
0.12440491
0.17286682
0.28364563
0.24957275
0.24690247
0.29484558
0.26341248
0.027999878
-0.30545044
-0.47322083
-0.43115234
-0.20477295
0.124923706
0.38111877
0.45143127
0.3635559
0.15847778
-0.1264801
-0.3587036
-0.4428711
-0.26976013
0.11907959
0.55636597
0.6549072
0.44291687
0.17979431
0.12547302
0.3241272
0.13026428
-0.48440552
-0.793869
-0.57655334
-0.0066375732
0.12919617
-0.30010986
-0.5493927
-0.42315674
-0.09239197
0.1979065
0.35183716
0.2799225
0.11907959
0.026931763
-0.0753479
-0.19198608
-0.22714233
-0.18347168
-0.07853699
-0.019958496
-0.10411072
-0.2676239
-0.25964355
0.007751465
0.19311523
0.094573975
-0.041259766
-0.01675415
0.16914368
0.35076904
0.40509033
0.3310547
0.08018494
-0.16270447
-0.15045166
0.045562744
0.21653748
0.2969818
0.25701904
0.13398743
-0.03112793
-0.11795044
-0.116363525
0.00881958
0.18830872
0.26394653
0.15368652
-0.07746887
-0.20584106
-0.10997009
-0.04498291
-0.19465637
-0.35816956
-0.25590515
-0.014633179
-0.0034332275
-0.19091797
-0.42155457
-0.54299927
-0.49879456
-0.3656311
-0.22235107
-0.16802979
-0.17494202
-0.13926697
-0.0029144287
0.13771057
0.20323181
0.21760559
0.10522461
0.008285522
-0.010360718
-0.024749756
-0.08226013
-0.062026978
0.049835205
0.040237427
0.00881958
0.06314087
0.07432556
-0.042312622
-0.22660828
-0.3267517
-0.2868042
-0.11795044
0.07006836
0.12387085
0.097229004
0.052490234
-0.024215698
-0.15896606
-0.24525452
-0.20584106
-0.088653564
0.010406494
0.20962524
0.45196533
0.42266846
0.20056152
0.11054993
0.24743652
0.23625183
0.0034942627
-0.123291016
0.1121521
0.30496216
0.24424744
-0.02154541
-0.24632263
-0.27774048
-0.07374573
0.1829834
0.41148376
0.6192169
0.6735382
0.18618774
-0.06895447
-0.20584106
-0.17654419
0.042907715
0.16435242
0.18511963
0.0460968
-0.12701416
-0.056167603
0.26820374
0.45037842
0.2447815
-0.18559265
-0.47161865
-0.5440674
-0.4588318
-0.26176453
-0.008773804
0.21121216
0.1717987
-0.0018463135
-0.088134766
-0.12275696
-0.16056824
-0.14405823
-0.01889038
0.16061401
0.27301025
0.23571777
0.14624023
0.10948181
0.113220215
0.0040130615
-0.16268921
-0.1611023
-0.102508545
-0.20051575
-0.37895203
-0.46629333
-0.46736145
-0.5147705
-0.5137024
-0.397583
-0.23460388
-0.059890747
0.08924866
0.13824463
0.10202026
-0.027938843
-0.16163635
-0.21969604
-0.18826294
-0.10623169
-0.04977417
-0.036468506
-0.069488525
-0.13606262
-0.25804138
-0.36509705
-0.31396484
-0.01675415
0.20109558
0.11268616
-0.29638672
-0.7043915
-0.93766785
-0.7949219
-0.48547363
-0.23406982
0.059417725
0.3513031
0.47647095
0.45516968
0.31721497
0.20695496
0.17979431
0.16542053
0.08924866
-0.024215698
-0.11529541
-0.107299805
0.051956177
0.24476624
0.20695496
-0.11689758
-0.32141113
-0.1264801
-0.06895447
-0.35551453
-0.58613586
-0.39013672
0.07859802
0.25543213
0.17607117
-0.0034484863
-0.018356323
0.127594
0.2298584
0.21122742
0.053024292
-0.06309509
-0.085998535
-0.021026611
0.037582397
0.080200195
0.12226868
0.20428467
0.28419495
0.2799225
0.0695343
-0.20851135
-0.21755981
0.048233032
0.21974182
0.09829712
-0.22076416
-0.35125732
-0.22288513
-0.06788635
-0.059906006
-0.07853699
-0.032196045
0.071136475
0.23039246
0.35662842
0.36941528
0.350235
0.23892212
0.0460968
-0.062026978
0.012008667
0.15049744
0.2836609
0.46688843
0.6847229
0.86209106
1.053833
1.2312012
0.99365234
0.054626465
-0.42422485
-0.21116638
0.19364929
0.2612915
0.03225708
-0.17866516
-0.33740234
-0.4236908
-0.43859863
-0.47801208
-0.5248871
-0.51742554
-0.39918518
-0.18026733
0.03012085
0.14144897
0.09669495
-0.017822266
-0.0945282
-0.12594604
-0.19998169
-0.38053894
-0.59413147
-0.6963959
-0.4156952
-0.12008667
0.008804321
0.15635681
0.2186737
0.011474609
-0.34005737
-0.6457977
-0.8135681
-0.7651062
-0.4316864
0.089782715
0.36462402
0.29803467
0.08818054
-0.19519043
-0.39811707
-0.40238953
-0.23672485
0.032791138
0.31507874
0.5249481
0.6314697
0.59259033
0.42692566
0.28259277
0.016815186
-0.47695923
-0.7406006
-0.56536865
-0.20263672
-0.05883789
-0.057769775
-0.004501343
0.07060242
0.12333679
0.14356995
0.085510254
-0.055633545
-0.1499176
-0.07321167
0.10203552
0.25489807
0.26715088
0.16700745
-0.02368164
-0.17494202
-0.20584106
-0.1227417
0.041305542
0.21974182
0.24264526
0.044509888
-0.06788635
0.004547119
0.14303589
0.13452148
-0.03112793
-0.1376648
-0.0013122559
0.24636841
0.41841125
0.3901825
0.2021637
-0.008773804
-0.07748413
-0.107299805
-0.17228699
-0.270813
-0.36244202
-0.2702942
-0.03805542
0.1717987
0.254364
0.25915527
0.3113556
0.38059998
0.20162964
-0.08067322
-0.22555542
-0.1179657
0.004547119
-0.07321167
-0.19412231
-0.25164795
-0.17547607
0.031188965
0.25222778
0.33158875
0.24850464
0.03970337
-0.06309509
0.062072754
0.16009521
0.06794739
-0.031677246
0.056747437
0.13877869
0.07752991
-0.024749756
-0.11369324
0.014678955
0.29856873
0.36940002
0.144104
-0.21595764
-0.23620605
-0.023147583
0.19204712
0.2687378
0.11959839
-0.10676575
-0.08706665
0.11054993
0.21334839
0.14730835
0.03437805
0.12226868
0.22293091
0.15742493
0.08657837
0.104156494
0.33532715
0.77633667
1.1854095
1.4996643
0.8008423
-0.002380371
0.040771484
0.35343933
0.17819214
-0.5760193
-1.015976
-0.9312897
-1.0479279
-1.3776245
-1.3621826
-1.0047913
-0.70118713
-0.4481964
-0.18826294
0.06314087
0.21014404
0.19630432
0.14729309
0.21388245
0.29537964
0.25915527
0.11001587
-0.0018463135
0.054092407
0.13824463
0.1510315
0.061553955
-0.06681824
-0.16854858
-0.29266357
-0.40664673
-0.4055786
-0.13659668
0.1979065
0.37580872
0.29377747
0.033859253
-0.22660828
-0.32408142
-0.23939514
-0.11795044
-0.09664917
-0.088134766
-0.031677246
-0.002380371
-0.038589478
-0.07640076
-0.046051025
-0.008773804
0.05781555
0.05355835
0.0050811768
0.044509888
0.071136475
0.04397583
0.03012085
0.104156494
0.2852478
0.31295776
0.02798462
-0.34591675
-0.5312805
-0.4529724
-0.22660828
0.021606445
0.22399902
0.37634277
0.4413147
0.30549622
-0.058303833
-0.34005737
-0.37893677
-0.15310669
0.11428833
0.14463806
0.030654907
0.007736206
0.025863647
-0.057235718
-0.19572449
-0.317688
-0.299057
-0.095581055
0.24371338
0.49723816
0.43225098
0.10469055
-0.28627014
-0.4982605
-0.45404053
-0.24897766
-0.03540039
0.08018494
0.11694336
0.14942932
0.10522461
-0.10783386
-0.42048645
-0.63993835
-0.61968994
-0.4588318
-0.26976013
-0.08493042
0.053024292
0.15422058
0.23464966
0.29164124
0.31826782
0.2575531
0.062088013
-0.20210266
-0.32780457
-0.2841339
-0.12541199
0.051956177
0.17500305
0.29164124
0.37686157
0.39923096
0.3869934
0.30282593
0.12812805
-0.13819885
-0.3256836
-0.3448639
-0.16696167
0.02532959
0.18937683
0.3347931
0.3821869
0.29537964
0.14837646
-0.17175293
-0.47268677
-0.33473206
0.26768494
0.75556946
0.6916504
0.31082153
-0.071624756
-0.2756195
-0.35391235
-0.46043396
-0.4902649
-0.31715393
-0.051376343
0.15582275
0.18511963
0.012542725
-0.28094482
-0.42315674
-0.36776733
-0.22288513
-0.111572266
-0.14831543
-0.23246765
-0.12220764
0.2144165
0.41308594
0.29058838
0.061019897
-0.09399414
-0.057235718
0.031188965
0.06846619
0.041305542
0.040786743
0.1675415
0.31614685
0.36569214
0.3401184
0.17979431
-0.12541199
-0.3118286
-0.28627014
-0.19358826
0.022125244
0.25915527
0.3736725
0.30921936
0.07913208
-0.17868042
-0.20903015
-0.023147583
0.17340088
0.27407837
0.28578186
0.23944092
0.108947754
-0.06362915
-0.1184845
-0.019958496
0.09617615
0.13717651
0.068481445
-0.020492554
-0.041793823
-0.059890747
-0.2287445
-0.4487152
-0.6495209
-0.7192993
-0.4529724
0.042373657
0.37046814
0.4413147
0.42640686
0.54411316
0.63360596
0.47061157
0.09829712
-0.3144989
-0.6159668
-0.75445557
-0.67030334
-0.4721527
-0.30117798
-0.11050415
0.19416809
0.50097656
0.62879944
0.56381226
0.37153625
0.13398743
-0.067352295
-0.16802979
-0.09611511
0.087646484
0.15901184
0.013076782
-0.3144989
-0.6383362
-0.53767395
-0.018356323
0.5142822
0.7150879
0.6937866
0.5670166
0.3310547
0.07325745
-0.09664917
-0.14671326
-0.16375732
-0.14138794
-0.06362915
0.06581116
0.15263367
0.09616089
0.015213013
0.031188965
0.014678955
-0.06895447
-0.123809814
-0.16908264
-0.205307
-0.109436035
0.16647339
0.34651184
0.14303589
-0.19465637
-0.334198
-0.3587036
-0.4252777
-0.39546204
-0.19252014
0.047164917
0.15263367
0.1787262
0.22666931
0.2767334
0.2964325
0.2809906
0.24424744
0.16967773
0.054626465
-0.016220093
0.010406494
0.12120056
0.14144897
-0.055633545
-0.427948
-0.6548462
-0.50038147
-0.104644775
0.24957275
0.4290619
0.45091248
0.29484558
0.104156494
0.022140503
0.016815186
-0.010894775
-0.055633545
-0.141922
-0.21276855
-0.22502136
-0.20744324
-0.22395325
-0.31396484
-0.44657898
-0.52648926
-0.4487152
-0.2399292
0.02532959
0.21974182
0.22080994
0.099365234
0.037582397
0.087646484
0.18351746
0.17126465
0.14677429
0.17819214
0.111083984
-0.09451294
-0.27241516
-0.27720642
-0.18772888
-0.1733551
-0.22662354
-0.23727417
-0.15045166
-0.071624756
-0.07002258
-0.088653564
-0.12594604
-0.14884949
-0.16163635
-0.16854858
-0.09664917
0.0460968
0.14091492
0.10682678
0.0887146
0.09510803
0.0029449463
-0.1334076
-0.18667603
-0.055633545
0.13557434
0.18405151
0.14996338
0.13931274
0.10203552
-0.030075073
-0.123291016
-0.10624695
-0.076416016
-0.17654419
-0.39918518
-0.45457458
-0.30438232
-0.10783386
0.04397583
0.09190369
0.10948181
0.064208984
-0.03112793
-0.08439636
-0.090789795
-0.1376648
-0.2633667
-0.21063232
-0.014083862
0.26341248
0.56329346
0.6304016
0.3736725
0.032791138
-0.15629578
-0.10783386
0.0929718
0.29058838
0.4578247
0.61068726
0.71029663
0.70869446
0.6096344
0.44984436
0.22453308
-0.008224487
-0.19519043
-0.4087677
-0.6106415
-0.55418396
-0.38427734
-0.23672485
-0.2479248
-0.47003174
-0.53074646
-0.24578857
0.15795898
0.39711
0.34916687
0.10575867
-0.107299805
-0.14405823
-0.069488525
0.07006836
0.1829834
0.19577026
0.11375427
-0.024215698
-0.13446045
-0.17601013
-0.14778137
-0.11582947
0.014678955
0.4056244
1.0250854
0.81521606
-0.027938843
-0.6212921
-0.5797577
-0.13394165
-0.057769775
-0.32621765
-0.3683014
-0.08760071
0.31933594
0.5627594
0.48872375
0.2921753
0.13238525
0.07273865
0.0460968
0.038116455
0.09083557
0.18725586
0.23039246
0.21601868
0.13505554
0.08232117
0.15156555
0.35502625
0.49032593
0.4343872
0.26768494
0.049835205
-0.16642761
-0.3453827
-0.47535706
-0.53500366
-0.46096802
-0.1653595
0.082855225
0.08924866
-0.07800293
-0.37309265
-0.65805054
-0.7209015
-0.63035583
-0.49079895
-0.36723328
-0.30064392
-0.1653595
-0.032211304
0.05781555
0.15742493
0.18565369
0.12973022
0.08818054
0.07485962
0.059951782
0.058883667
0.09883118
0.19683838
0.2889862
0.33372498
0.38220215
0.23518372
-0.30970764
-0.6489868
-0.30596924
0.29963684
0.5142822
0.2256012
-0.20956421
-0.45510864
-0.427948
-0.18826294
0.045562744
0.06846619
-0.06150818
-0.13873291
-0.13287354
-0.116882324
-0.14512634
-0.12701416
-0.0796051
-0.046585083
-0.052978516
-0.20851135
-0.35498047
-0.23832703
0.1717987
0.60110474
0.72680664
0.21334839
-0.6314087
-1.0308838
-0.7347412
-0.056167603
0.40083313
0.42001343
0.21760559
0.0056152344
-0.05456543
0.021072388
0.024261475
-0.08760071
-0.20317078
-0.21862793
-0.18347168
-0.20318604
-0.22555542
-0.18719482
-0.07588196
0.045562744
0.11534119
0.15582275
0.20429993
0.06474304
-0.26976013
-0.52809143
-0.49772644
-0.39811707
-0.5515137
-0.94033813
-1.1437988
-0.91529846
-0.34431458
0.23944092
0.5536957
0.5217438
0.25170898
-0.08653259
-0.40771484
-0.6223602
-0.6516571
-0.4993286
-0.30970764
-0.18666077
-0.26869202
-0.5701599
-0.7944031
-0.64793396
-0.12701416
0.28845215
0.26182556
-0.22181702
-0.6170349
-0.6452637
-0.30171204
0.06048584
0.17979431
0.1590271
0.14196777
0.06048584
-0.12541199
-0.27934265
-0.36349487
-0.4359436
-0.45191956
-0.3368683
-0.1334076
-0.0135650635
-0.0284729
-0.067352295
-0.03060913
0.08604431
0.15475464
0.13026428
0.12440491
0.18191528
-0.014083862
-0.3741455
-0.4322052
-0.016220093
0.37420654
0.348114
0.020004272
-0.2702942
-0.28892517
-0.13394165
0.020004272
0.07167053
0.061019897
0.03916931
0.035446167
0.1084137
0.21495056
0.21495056
0.07432556
-0.05456543
-0.11210632
-0.15364075
-0.21755981
-0.30917358
-0.33580017
-0.141922
0.17553711
0.42373657
0.5025635
0.2767334
-0.08013916
-0.14138794
0.21121216
0.45196533
0.19844055
-0.16482544
-0.21595764
-0.088134766
0.052490234
0.09989929
-0.009292603
-0.21755981
-0.10836792
0.27726746
0.3986969
0.35662842
0.636261
0.73373413
0.33372498
0.30815125
0.4450531
0.54039
0.06048584
-0.7059784
-1.4687042
-2.1984253
-2.0013428
-0.6058502
0.47912598
0.55210876
0.14038086
-0.07002258
0.003479004
0.21228027
0.39657593
0.42160034
0.3209381
0.18086243
0.06367493
0.01574707
-0.048721313
-0.10890198
-0.13713074
-0.16589355
-0.19200134
-0.13020325
0.028518677
0.11482239
0.029586792
-0.10624695
-0.2745514
-0.3421936
-0.27667236
-0.03753662
0.25862122
0.3917694
0.27140808
-0.014099121
-0.29692078
-0.48120117
-0.5760193
-0.6005249
-0.4945221
-0.29745483
-0.15470886
-0.13659668
-0.2207489
-0.37042236
-0.5190277
-0.49719238
-0.24578857
0.029586792
0.071136475
0.002960205
0.05567932
0.31402588
0.54837036
0.45889282
0.16967773
-0.024749756
-0.08332825
-0.15789795
-0.21170044
-0.18026733
-0.09664917
-0.022613525
0.10948181
0.28419495
0.4535675
0.53186035
0.4498291
0.31828308
0.18937683
0.020004272
-0.14778137
-0.26976013
-0.3267517
-0.21809387
0.07752991
0.3241272
0.2447815
-0.051376343
-0.36723328
-0.5440674
-0.51742554
-0.17921448
0.2575531
0.5046997
0.41734314
0.19844055
0.049835205
-0.048187256
-0.08174133
-0.018356323
0.07167053
0.092437744
0.052490234
0.044509888
0.11747742
0.11907959
-0.02154541
-0.17547607
-0.25483704
-0.26602173
-0.22767639
-0.14138794
-0.05937195
-0.056167603
-0.13713074
-0.24951172
-0.27241516
-0.076416016
0.09403992
-0.02154541
-0.22660828
-0.25750732
-0.14405823
-0.0519104
-0.031677246
0.010940552
0.15209961
0.34970093
0.43385315
0.30336
0.14196777
0.06687927
0.031723022
-0.07853699
-0.24897766
-0.26657104
-0.08760071
0.2256012
0.40190125
0.34544373
0.22506714
0.16168213
0.11054993
0.0929718
0.19258118
0.33532715
0.33052063
0.20588684
0.06474304
0.0184021
0.06367493
0.1164093
0.12068176
0.108947754
0.122802734
0.13612366
0.16221619
0.15263367
0.059951782
-0.11582947
-0.188797
-0.11369324
0.045043945
0.071136475
-0.10357666
-0.3230133
-0.3576355
-0.1653595
0.09083557
0.07060242
-0.299057
-0.5632324
-0.4875946
-0.23513794
-0.055114746
0.05088806
0.073791504
0.023727417
-0.055114746
-0.1264801
-0.11689758
-0.010894775
0.10308838
0.17819214
0.16488647
0.14198303
0.13877869
0.11854553
0.09030151
0.09510803
0.21174622
0.31507874
0.24157715
0.031723022
-0.105163574
-0.13552856
-0.1179657
-0.039123535
0.106292725
0.17553711
0.13612366
-0.02368164
-0.18719482
-0.27294922
-0.32887268
-0.22021484
0.008285522
0.17233276
0.20483398
0.19044495
0.15901184
0.15423584
0.144104
0.069000244
-0.060958862
-0.11262512
-0.011962891
0.17819214
0.24424744
0.12919617
-0.027938843
-0.12168884
-0.11315918
-0.13180542
-0.14724731
-0.029006958
0.05355835
-0.088653564
-0.21383667
-0.18400574
-0.14299011
-0.15203857
-0.15364075
-0.08760071
0.0652771
0.17979431
0.17340088
0.124938965
0.0849762
0.010406494
-0.048171997
-0.088134766
-0.069488525
0.06687927
0.24797058
0.30921936
0.16435242
-0.10090637
-0.22660828
-0.15045166
0.057296753
0.30336
0.48658752
0.46421814
0.25862122
-0.058303833
-0.30491638
-0.35072327
-0.22395325
-0.08013916
0.032791138
0.078063965
0.02532959
-0.0796051
-0.18666077
-0.30117798
-0.36190796
-0.37574768
-0.3113098
-0.16589355
0.03277588
0.18830872
0.22027588
0.17712402
0.082855225
-0.158432
-0.39439392
-0.3411255
-0.041259766
0.1355896
-0.0050354004
-0.19944763
-0.22981262
-0.062026978
0.09350586
0.15795898
0.21334839
0.26182556
0.27033997
0.21655273
0.120666504
-0.022079468
-0.18400574
-0.23725891
-0.0987854
0.03970337
0.124938965
0.14624023
0.10575867
0.029586792
0.018936157
0.010406494
0.017349243
0.035446167
0.06474304
0.03970337
-0.14138794
-0.4306183
-0.65644836
-0.6740265
-0.46896362
-0.21170044
-0.012496948
0.12599182
0.16221619
0.12226868
0.032791138
-0.03112793
-0.048187256
-0.09451294
-0.123291016
-0.011962891
0.1313324
0.16540527
0.06367493
-0.010894775
0.024795532
0.2144165
0.33958435
0.2879181
0.1590271
0.16807556
0.21813965
0.15156555
0.035446167
-0.03060913
-0.008224487
0.06793213
0.11694336
0.14677429
0.12919617
0.07220459
0.015213013
-0.011962891
-0.034332275
-0.095581055
-0.2399292
-0.28945923
-0.12434387
0.11054993
0.19258118
0.05355835
-0.18772888
-0.22607422
-0.19252014
-0.19252014
-0.08546448
0.12866211
0.4013672
0.52760315
0.45410156
0.23731995
-0.03326416
-0.20690918
-0.15896606
0.023727417
0.21920776
0.21174622
-0.054031372
-0.2702942
-0.266037
-0.1845398
-0.09931946
-0.043914795
0.012542725
0.12440491
0.27459717
0.38539124
0.43919373
0.46688843
0.38059998
0.17819214
-0.11315918
-0.18772888
0.014144897
0.23997498
0.2799225
0.14730835
-0.03540039
-0.11103821
-0.033798218
0.1483612
0.3017578
0.2421112
0.0184021
-0.11048889
-0.079071045
-0.05883789
-0.16217041
-0.3230133
-0.34751892
-0.18666077
0.0013580322
0.053024292
-0.03593445
-0.12701416
-0.09185791
-0.060440063
0.01361084
0.066345215
0.1547699
0.2975006
0.3779297
0.30975342
0.14570618
-0.0013122559
-0.08706665
-0.10357666
-0.066833496
0.031188965
0.14356995
0.09617615
-0.13926697
-0.27241516
-0.1930542
-0.034332275
0.051956177
0.064208984
0.06846619
0.12866211
0.12013245
0.03916931
-7.7819824E-4
0.071136475
0.28419495
0.24583435
-0.05670166
-0.26229858
-0.16748047
-0.022079468
-0.015151978
-0.029006958
0.17340088
0.52441406
0.8226776
0.50416565
-0.21488953
-0.22235107
0.043441772
0.049301147
-0.14512634
-0.2899933
-0.24578857
-0.07853699
0.04663086
0.1121521
0.17073059
0.29164124
0.35609436
0.23625183
-0.021026611
-0.24099731
-0.27401733
-0.22502136
-0.20690918
-0.30917358
-0.3533783
-0.12806702
0.19470215
0.28259277
0.16700745
-0.01889038
-0.2010498
-0.28945923
-0.2553711
-0.141922
-0.0284729
0.021606445
0.01574707
-0.002380371
-0.014099121
-0.014633179
-0.0050354004
0.0029449463
0.01361084
-0.021011353
-0.1541748
-0.24897766
-0.24472046
-0.09825134
-0.06097412
-0.4087677
-0.52648926
-0.03326416
0.7449188
1.0927277
0.76568604
0.0098724365
-0.6473999
-0.90997314
-0.8535309
-0.58987427
-0.188797
0.14889526
0.32040405
0.36514282
0.31774902
0.15689087
-0.06416321
-0.27668762
-0.43540955
-0.54460144
-0.5680237
-0.5413971
-0.5525818
-0.43540955
-0.22395325
-0.09931946
-0.03060913
0.18991089
0.55422974
0.796051
0.4716797
-0.13180542
-0.52275085
-0.5579071
-0.42687988
-0.28840637
-0.2164917
-0.13500977
0.021606445
0.1590271
0.2453003
0.23092651
0.20695496
0.17713928
0.12599182
0.13664246
0.13291931
0.006149292
-0.19944763
-0.2287445
-0.11315918
-0.20423889
-0.38320923
-0.030075073
0.5861969
0.85250854
0.60536194
0.14144897
-0.23300171
-0.37734985
-0.34805298
-0.3491211
-0.2841339
-0.21809387
0.0040130615
0.11428833
0.069000244
-0.079071045
-0.002380371
0.099365234
0.16435242
0.1478424
0.108428955
0.087646484
0.014144897
-0.06842041
0.025863647
-0.005569458
-0.26496887
-0.47003174
-0.31663513
0.02319336
0.13771057
0.04663086
-0.069488525
-0.05937195
0.12599182
0.17500305
0.0050811768
-0.1264801
-0.081207275
0.0695343
0.18565369
0.29536438
0.44503784
0.44877625
0.32733154
0.19577026
0.09403992
0.033325195
-0.08546448
-0.13819885
-0.055099487
-0.14671326
-0.2841339
-0.071624756
0.44984436
0.72254944
0.53718567
0.07752991
-0.22341919
-0.2287445
-0.06416321
0.0695343
0.10682678
0.06741333
0.043441772
0.038116455
0.040237427
0.0024261475
-0.0284729
-0.037521362
-0.034332275
-0.06576538
-0.09931946
-0.046585083
0.11694336
0.39978027
0.570755
0.23571777
0.23625183
0.42373657
0.60217285
0.57980347
-0.031661987
-0.59039307
-0.84872437
-0.71876526
-0.20211792
0.19044495
0.36621094
0.48872375
0.4024353
0.08657837
-0.1690979
-0.24632263
-0.16696167
-0.034332275
0.042907715
0.10043335
0.21760559
0.35237122
0.46794128
0.52493286
0.29803467
-0.08546448
-0.22341919
-0.30171204
-0.42741394
-0.34059143
0.04876709
0.47433472
0.6905823
0.6325226
0.37953186
0.09776306
-0.025283813
0.024795532
0.09403992
0.092437744
0.002960205
-0.1030426
-0.14245605
-0.16375732
-0.20423889
-0.14671326
-0.08174133
2.89917E-4
0.08711243
0.07859802
0.10043335
0.15635681
0.37953186
0.48286438
0.30549622
-0.02368164
-0.3230133
-0.31022644
0.003479004
0.23092651
0.27140808
0.0849762
-0.17814636
-0.2910614
-0.17921448
0.008804321
0.19737244
0.3113556
0.29644775
0.21334839
0.17658997
0.22665405
0.2889862
0.3310547
0.2698059
-0.18772888
-0.57336426
-0.39971924
0.06262207
0.29003906
0.21548462
0.06260681
-0.017288208
0.024795532
0.14198303
0.16700745
0.06846619
-0.041259766
-0.023147583
0.07859802
0.13717651
0.09989929
0.06687927
0.08018494
0.18458557
0.20269775
0.13291931
0.071136475
0.001876831
2.89917E-4
0.08924866
0.038650513
-0.03060913
-0.0135650635
0.052490234
0.19044495
0.18511963
-0.031677246
-0.17282104
-0.03060913
0.26661682
0.5648804
0.70124817
0.65437317
0.5068207
0.33319092
0.19204712
0.18139648
0.3193512
0.5595703
0.7928467
0.8961792
0.9723511
1.2040405
1.3116455
1.0101624
0.46154785
-0.050842285
-0.6260834
-0.8801575
-0.4487152
0.23944092
0.59098816
0.2794037
-0.39811707
-1.0090485
-1.1400757
-0.82795715
-0.39172363
-0.044448853
0.1829834
0.23625183
0.1121521
-0.024749756
-0.13606262
-0.18772888
-0.19944763
-0.18666077
-0.07374573
0.017349243
0.044509888
-0.015686035
-0.055114746
0.096710205
0.254364
0.1829834
-0.017822266
-0.17868042
-0.34272766
-0.3768158
-0.28253174
-0.17121887
-0.10197449
-0.10836792
-0.14459229
-0.14512634
-0.16056824
-0.16589355
-0.18559265
-0.19784546
-0.19358826
-0.19891357
-0.14511108
0.047164917
0.31933594
0.50309753
0.48233032
0.2644806
0.043441772
-0.034332275
-0.0945282
-0.24206543
-0.24951172
0.08711243
0.48658752
0.47061157
-0.05935669
-0.8274231
-1.2684479
-1.1800232
-0.6713562
-0.039657593
0.49990845
0.8743439
0.94091797
0.6202698
0.084991455
-0.38693237
-0.53286743
-0.3144989
0.10787964
0.36035156
0.27566528
0.033843994
0.0050811768
0.1867218
0.237854
0.056762695
-0.06681824
-0.030593872
0.044509888
-0.12915039
-0.33633423
-0.32354736
-0.1696167
0.06794739
0.21069336
0.11373901
-0.12327576
-0.21702576
-0.13926697
-0.09185791
-0.17440796
-0.36296082
-0.44232178
-0.29852295
-0.050308228
0.16700745
0.26289368
0.22825623
0.18618774
0.1552887
0.062088013
0.009338379
0.10256958
0.25115967
0.12866211
-0.26283264
-0.63301086
-0.68681335
-0.397583
0.069000244
0.4381256
0.59791565
0.5963135
0.44024658
0.19151306
-0.055114746
-0.2606964
-0.32887268
-0.17547607
0.106292725
0.29696655
0.27833557
0.07859802
-0.088653564
-0.009292603
0.20536804
0.30549622
0.4216156
0.4897766
0.36515808
0.050354004
-0.16322327
-0.18559265
-0.18293762
-0.20584106
-0.14031982
-0.017822266
0.0418396
0.02053833
0.006149292
0.0029449463
-0.048187256
-0.10144043
-0.13713074
-0.16696167
-0.1461792
-0.04711914
0.020004272
-0.055099487
-0.109436035
-0.04925537
-0.04232788
-0.17121887
-0.26123047
-0.22128296
-0.24472046
-0.4471283
-0.67030334
-0.7832184
-0.7549896
-0.46522522
-2.4414062E-4
0.40029907
0.6005707
0.62561035
0.52441406
0.3875122
0.25543213
0.13291931
0.10096741
0.19844055
0.19683838
-0.05458069
-0.35498047
-0.3544464
-0.099853516
0.21014404
0.33798218
0.30177307
0.27886963
0.34118652
0.28152466
0.16275024
0.16168213
0.21281433
0.18458557
0.042907715
-0.085998535
-0.06097412
0.09136963
0.18458557
0.23625183
0.20002747
0.02532959
-0.1541748
-0.19358826
-0.1776123
-0.16429138
-0.1818695
-0.25483704
-0.26550293
-0.03540039
0.22718811
0.14624023
-0.064697266
-0.067352295
0.22773743
0.34384155
0.14677429
-0.2441864
-0.5536499
-0.6021271
-0.38587952
-0.04711914
0.24850464
0.43173218
0.460495
0.3443756
0.16967773
0.0184021
-0.06576538
-0.12808228
-0.099853516
-0.052444458
-0.14619446
-0.20742798
-0.07748413
0.11747742
0.25489807
0.19949341
-0.0284729
-0.119018555
0.022140503
0.20002747
0.09776306
-0.26390076
-0.43167114
-0.26283264
0.08232117
0.30230713
0.26608276
0.035446167
-0.1376648
-0.08811951
0.036514282
0.014678955
-0.27720642
-0.56643677
-0.5499115
-0.26548767
-0.009292603
-0.055114746
-0.30278015
-0.36190796
-0.02368164
0.3486328
0.45889282
0.45410156
0.542511
0.5861969
0.3086853
-0.2564392
-0.8039856
-1.0255585
-0.8583069
-0.42422485
0.013076782
0.42533875
0.79338074
0.8993683
0.66716003
0.3241272
-0.0061035156
-0.2591095
-0.3022461
-0.026885986
0.27194214
0.30496216
0.19577026
0.14677429
0.1829834
0.11161804
-0.08760071
-0.21063232
-0.15151978
0.014144897
0.048233032
-0.1349945
-0.32461548
-0.3448639
-0.16749573
0.11480713
0.2575531
0.15370178
0.011474609
-0.03593445
-0.026870728
-0.06416321
-0.18719482
-0.24311829
-0.09718323
0.15156555
0.26341248
0.12226868
-0.085998535
-0.12966919
0.07965088
0.32626343
0.34172058
0.22825623
0.15316772
0.06367493
-0.12008667
-0.36723328
-0.5754852
-0.6292877
-0.4290161
-0.013031006
0.38806152
0.64105225
0.68685913
0.50416565
0.1675415
-0.13180542
-0.2702942
-0.21542358
-0.05937195
0.10736084
0.2767334
0.35076904
0.26394653
0.1510315
0.11482239
0.08338928
0.03439331
0.043441772
0.10308838
0.1313324
-0.039657593
-0.2995758
-0.3368683
-0.14671326
0.12120056
0.2532959
0.18191528
-0.014633179
-0.16003418
-0.11689758
-0.026351929
0.0652771
0.08604431
0.051956177
0.010940552
0.04397583
0.13345337
0.20323181
0.15742493
0.075927734
0.07167053
0.0056152344
-0.13392639
-0.1845398
0.038650513
0.38804626
0.40029907
-0.0061035156
-0.5552521
-0.8135681
-0.64419556
-0.2010498
0.21548462
0.45996094
0.5046997
0.37953186
0.1829834
0.0098724365
-0.109436035
-0.14511108
-0.06523132
0.031723022
0.014678955
-0.04232788
-0.008224487
0.13505554
0.31721497
0.38539124
0.28259277
0.059951782
-0.07321167
0.02053833
0.10202026
-0.08013916
-0.40185547
-0.540329
-0.37895203
-0.04977417
0.14730835
0.13505554
0.015213013
-0.08760071
-0.088134766
-0.033798218
-0.031677246
-0.09664917
-0.15203857
-0.11582947
0.06793213
0.32414246
0.39923096
0.21334839
0.033859253
0.057281494
0.10682678
0.021606445
-0.15524292
-0.17228699
-0.0013122559
0.08444214
-0.09185791
-0.42687988
-0.61917114
-0.60424805
-0.3587036
0.014144897
0.31507874
0.40722656
0.33798218
0.21174622
0.058883667
-0.15577698
-0.35498047
-0.40185547
-0.21755981
0.010940552
0.082855225
-0.0135650635
-0.12966919
-0.053512573
0.17340088
0.383255
0.40989685
0.24797058
0.09616089
0.045043945
-0.04284668
-0.032730103
0.09403992
0.20695496
0.127594
-0.16163635
-0.43859863
-0.43008423
-0.17068481
0.040771484
0.058883667
-0.04978943
-0.14138794
-0.14245605
-0.07002258
0.08232117
0.23678589
0.22239685
0.094573975
0.011474609
0.1164093
0.25808716
0.22453308
0.0013580322
-0.21916199
-0.21755981
-0.12594604
-0.13180542
-0.2250061
-0.334198
-0.33633423
-0.12541199
0.18832397
0.35183716
0.35716248
0.28045654
0.18511963
0.13079834
0.09564209
0.0418396
0.009338379
0.07913208
0.20536804
0.26075745
0.174469
0.042907715
0.0050811768
0.07858276
0.12919617
0.092437744
0.049301147
0.042373657
0.03437805
-0.10836792
-0.34858704
-0.4870758
-0.41464233
-0.19732666
-0.013031006
0.012542725
-0.051376343
-0.1184845
-0.17282104
-0.18826294
-0.2287445
-0.2868042
-0.26922607
-0.13978577
0.0418396
0.21707153
0.34170532
0.37634277
0.27407837
0.10362244
0.017333984
0.010940552
-0.031143188
-0.13180542
-0.17175293
-0.09825134
-0.083862305
-0.25431824
-0.5738983
-0.69425964
-0.50465393
-0.046051025
0.36834717
0.58566284
0.64105225
0.62080383
0.51641846
0.3747406
0.19844055
-0.052978516
-0.26922607
-0.33314514
-0.23513794
-0.09239197
-0.050842285
-0.03060913
0.09403992
0.24797058
0.28045654
0.13078308
-0.14938354
-0.31556702
-0.24311829
-0.10783386
-0.12541199
-0.31610107
-0.4790802
-0.42581177
-0.19252014
0.080718994
0.26768494
0.29431152
0.14942932
-0.026870728
-0.11529541
-0.12913513
-0.13233948
-0.118499756
-0.037002563
0.14198303
0.35183716
0.4578247
0.3710022
0.22293091
0.15956116
0.09829712
0.051437378
0.18032837
0.5126953
0.749176
0.6607666
0.20588684
-0.34484863
-0.5509796
-0.34059143
-0.03753662
0.15368652
0.2916565
0.32572937
0.15422058
-0.14938354
-0.31661987
-0.3102417
-0.18719482
-0.065216064
-0.026870728
-0.15097046
-0.30278015
-0.22714233
0.08018494
0.36567688
0.45835876
0.27566528
-0.08279419
-0.26390076
0.021606445
0.43173218
0.5142822
0.23944092
-0.1227417
-0.3347473
-0.3059845
-0.1802826
-0.062561035
-0.03326416
-0.01675415
0.07167053
0.23838806
0.32946777
0.2575531
0.16700745
0.18832397
0.3869934
0.6884613
0.8104248
0.45889282
0.055160522
0.22772217
0.5888519
0.6261444
0.2778015
-0.14778137
-0.26550293
-0.012496948
0.25968933
0.2959137
0.18458557
0.1829834
0.22506714
-0.18133545
-0.002380371
0.5078888
0.59684753
0.108947754
-0.4236908
-0.6921387
-0.6681671
-0.46842957
-0.27720642
-0.04232788
0.1867218
0.21760559
0.023727417
-0.25590515
-0.37947083
-0.29159546
-0.083343506
0.06315613
0.02053833
-0.08920288
-0.17015076
-0.23727417
-0.25909424
-0.19200134
-0.0796051
-0.009292603
-0.040725708
-0.10890198
-0.12913513
-0.06576538
-0.025802612
-0.081207275
-0.1776123
-0.21862793
-0.15364075
-0.025817871
0.040771484
0.0066833496
-0.13287354
-0.27134705
-0.2606964
-0.1222229
-0.0050354004
-2.4414062E-4
-0.050308228
-0.08439636
-0.112091064
-0.12434387
-0.07055664
0.02798462
0.09829712
0.1355896
0.14942932
0.11961365
0.040237427
-0.03326416
-0.039123535
0.018936157
0.0844574
0.106292725
0.06314087
-0.010360718
-0.011962891
0.0184021
0.007217407
0.0040130615
0.015213013
2.89917E-4
-0.022613525
-0.031143188
-0.044448853
-0.052978516
-0.008758545
0.05569458
0.07966614
0.053024292
0.03704834
0.02532959
0.027999878
0.017868042
-0.019943237
-0.081207275
-0.1456604
-0.17601013
-0.1461792
-0.090789795
0.020004272
0.144104
0.14996338
0.010406494
-0.14138794
-0.1376648
-0.024215698
0.04611206
0.04876709
0.010940552
-0.02633667
-0.044448853
-0.046585083
-0.041259766
-0.0476532
-0.055633545
-0.037002563
0.0184021
0.07220459
0.049819946
-0.03060913
-0.060424805
0.0024108887
0.061019897
0.069000244
0.024261475
-0.041793823
-0.08227539
-0.069488525
0.0050811768
0.087646484
0.108947754
0.050369263
-0.004501343
0.004547119
0.051956177
0.07965088
0.042373657
-0.021011353
-0.051376343
-0.04232788
-0.015686035
-0.013031006
-0.009292603
0.02532959
0.049301147
0.066345215
0.08178711
0.11427307
0.15316772
0.16647339
0.11268616
0.01574707
-0.015686035
0.043441772
0.07913208
-0.022079468
-0.2564392
-0.29692078
0.104156494
0.57873535
0.59684753
0.07646179
-0.52381897
-0.7901459
-0.63674927
-0.11955261
0.23518372
0.23252869
0.07913208
-0.06842041
-0.062561035
0.047698975
0.14891052
0.15849304
0.1121521
0.0418396
-0.027938843
-0.044448853
-0.007171631
0.024261475
-0.010894775
-0.09718323
-0.15950012
-0.14457703
-0.097717285
-0.085998535
-0.1307373
-0.21702576
-0.24685669
-0.18986511
-0.099853516
-0.055633545
-0.06842041
-0.07374573
-0.0135650635
0.06262207
0.10203552
0.10203552
0.0887146
0.073791504
0.07432556
0.0695343
0.040771484
-0.015686035
-0.09025574
-0.11050415
-0.046585083
0.042907715
0.075927734
0.031723022
-0.024215698
0.02319336
0.11959839
0.15849304
0.12387085
0.059417725
0.025863647
0.011474609
0.007751465
0.017868042
0.04397583
0.09085083
0.12333679
0.071136475
-0.010894775
-0.03326416
0.026397705
0.089782715
0.047164917
-0.036453247
-0.069488525
-0.024215698
0.043441772
0.040237427
-0.004501343
-0.043930054
-0.027404785
0.02319336
0.04876709
0.021072388
-0.015151978
-0.025283813
0.010406494
0.026931763
0.049301147
0.02746582
0.0029449463
-0.015686035
-0.043395996
-0.027404785
0.023208618
0.059951782
0.033325195
-0.008773804
-0.036468506
-0.021560669
0.0066833496
-0.017822266
-0.0519104
-0.045516968
0.007751465
0.024261475
0.021072388
0.0056152344
-0.017822266
-0.025268555
-0.0284729
-0.024749756
-0.018356323
0.0034942627
0.026397705
0.03704834
-2.4414062E-4
-0.037521362
-0.01889038
0.02746582
0.024261475
-0.005569458
-0.002380371
0.028533936
0.03704834
0.0050811768
-0.03540039
-0.027404785
0.013076782
0.0418396
0.021072388
-0.02368164
-0.052444458
-0.04019165
0.001876831
0.013076782
-2.4414062E-4
-0.011428833
-0.008239746
0.011474609
0.0029449463
-0.033798218
-0.03805542
0.010940552
0.0418396
0.016281128
-0.007171631
8.239746E-4
0.00881958
-0.004501343
-0.02154541
-0.026870728
-0.012496948
0.008270264
0.0029449463
-0.030593872
-0.03593445
-0.020477295
-0.00982666
-0.027404785
-0.050842285
-0.05670166
-0.03807068
-0.0034332275
-0.015686035
-0.043930054
-0.023147583
0.047698975
0.07646179
0.03225708
-0.015686035
-0.015151978
0.029586792
0.06846619
0.06741333
0.03012085
0.011474609
0.025863647
0.04663086
0.024261475
-0.003967285
-0.0018463135
0.026397705
0.045028687
0.045028687
0.0460968
0.04876709
0.040237427
0.026397705
-0.022079468
-0.046585083
-0.005569458
0.05834961
0.057281494
0.0040130615
-0.032196045
-0.0077056885
0.03918457
0.047164917
0.02532959
0.02532959
0.05355835
0.07913208
0.06048584
0.038116455
0.040771484
0.06314087
0.05355835
0.033843994
0.01361084
0.017868042
0.018936157
0.022140503
-2.4414062E-4
-0.012496948
0.031188965
0.094573975
0.10682678
0.09136963
0.17286682
0.07485962
0.024795532
0.08232117
0.08392334
2.89917E-4
-0.051376343
-0.022613525
0.010940552
0.015731812
-0.003967285
-0.0135650635
-0.012496948
-2.4414062E-4
0.07485962
