-0.21237183
-0.10266113
-0.027542114
-0.060043335
-0.1585846
-0.20758057
-0.15325928
-0.076553345
-0.007843018
0.03050232
0.050750732
0.047027588
0.037963867
0.05342102
0.078445435
0.073654175
0.047546387
0.037963867
0.03477478
0.0209198
0.001739502
-0.0062561035
0.027313232
0.090164185
0.11785889
0.0869751
0.036895752
0.008132935
1.5258789E-4
-0.0035858154
-0.017959595
-0.02809143
0.0012054443
0.06300354
0.05128479
-0.06590271
-0.16603088
-0.16337585
-0.10745239
-0.071762085
-0.09680176
-0.16230774
-0.18786621
-0.11543274
-3.8146973E-4
0.039031982
0.006011963
-0.018493652
-0.0121154785
-0.004119873
0.0012054443
6.713867E-4
-0.011047363
-0.011581421
-0.001449585
0.015060425
0.015594482
-0.017959595
-0.057907104
-0.06855774
-0.060577393
-0.05683899
-0.06750488
-0.08560181
-0.09945679
-0.08987427
-0.058441162
-0.03767395
-0.04725647
-0.046188354
0.005996704
0.06726074
0.08111572
0.048095703
0.0209198
0.022506714
0.033706665
0.0209198
-0.017959595
-0.034484863
-0.004119873
0.034240723
0.047546387
0.038497925
0.031570435
0.03956604
0.041168213
0.028366089
0.010803223
-0.007843018
-0.026489258
-0.02809143
-0.008377075
-0.0110321045
-0.04034424
-0.06430054
-0.06271362
-0.04032898
-0.013702393
0.007598877
-9.1552734E-4
-0.037139893
-0.060043335
-0.031814575
0.02784729
0.047561646
0.015594482
-0.009979248
-0.004119873
0.019851685
0.02571106
-0.0030517578
-0.053115845
-0.07815552
-0.057907104
-0.013168335
0.017715454
0.024642944
0.040100098
0.07472229
0.10827637
0.11306763
0.092300415
0.05607605
0.031570435
0.031036377
0.026779175
0.010269165
-0.0259552
-0.062164307
-0.060043335
-0.038742065
-0.039276123
-0.045654297
-0.020629883
0.0443573
0.09069824
0.078445435
0.020385742
-0.0259552
-0.021697998
0.0065307617
-3.9672852E-4
-0.04032898
-0.054718018
-0.013168335
0.034240723
0.02784729
-0.030212402
-0.07601929
-0.066970825
-0.04725647
-0.066970825
-0.1005249
-0.09573364
-0.066970825
-0.057388306
-0.081344604
-0.10266113
-0.086135864
-0.019561768
0.0443573
0.03050232
-0.048858643
-0.09199524
-0.044067383
0.044891357
0.083236694
0.05342102
0.0113220215
-0.0030517578
-0.0067749023
-0.019561768
-0.060577393
-0.1394043
-0.19692993
-0.1793518
-0.08187866
0.04222107
0.108810425
0.09283447
0.061935425
0.07258606
0.09921265
0.10134888
0.0677948
0.027832031
0.015060425
0.026779175
0.02571106
0.016662598
0.03477478
0.061935425
0.07046509
0.049682617
0.028366089
0.031570435
0.038497925
0.031036377
0.0065307617
-0.009979248
0.0054626465
0.03050232
0.01133728
-0.045135498
-0.086135864
-0.090408325
-0.0690918
-0.055770874
-0.062179565
-0.060043335
-0.03074646
-0.009979248
-0.03767395
-0.07762146
-0.07443237
-0.027023315
0.032104492
0.078445435
0.087509155
0.06460571
0.029968262
0.0054626465
-0.008911133
-0.031814575
-0.041931152
-0.017440796
0.016662598
0.028915405
0.0209198
0.016662598
0.031036377
0.052886963
0.06460571
0.062469482
0.047027588
0.025177002
0.009735107
0.010787964
0.0209198
0.028900146
0.03263855
0.033172607
0.048080444
0.07258606
0.08164978
0.06513977
0.028900146
-0.0062408447
-0.027557373
-0.046722412
-0.059509277
-0.040863037
-0.0019836426
-0.01423645
-0.062179565
-0.076553345
-0.042999268
-0.001449585
0.0054626465
-0.013168335
-0.025421143
-0.013168335
0.0070648193
0.02357483
0.015060425
0.0209198
0.05607605
0.08590698
0.10827637
0.12371826
0.123184204
0.11627197
0.10720825
0.088027954
0.064071655
0.06565857
0.08590698
0.08377075
0.050750732
0.018249512
0.0070648193
0.015060425
0.0049438477
-0.042999268
-0.08880615
-0.07975769
-0.042999268
-0.045669556
-0.097335815
-0.13993835
-0.12661743
-0.07762146
-0.029678345
-0.015838623
-0.023284912
-0.013168335
0.0070648193
0.01133728
0.0043945312
-0.0030517578
1.373291E-4
0.010253906
0.02571106
0.028900146
0.018249512
0.01399231
0.021972656
0.02357483
6.713867E-4
-0.023284912
-0.040878296
-0.039276123
-0.012634277
0.0038757324
0.0049438477
0.00920105
0.019317627
0.001739502
-0.04246521
-0.08560181
-0.12503052
-0.14047241
-0.13140869
-0.118637085
-0.10105896
-0.055252075
0.004928589
0.042236328
0.040634155
-0.0046539307
-0.042999268
-0.03553772
-0.00730896
-0.011047363
-0.033416748
-0.054718018
-0.059509277
-0.050994873
-0.033935547
-0.001449585
0.02571106
0.017196655
-0.01637268
-0.059509277
-0.109573364
-0.16017151
-0.18147278
-0.16976929
-0.14686584
-0.13354492
-0.15005493
-0.1628418
-0.12982178
-0.06855774
-0.049926758
-0.09359741
-0.13407898
-0.11277771
-0.017959595
0.090164185
0.14715576
0.1700592
0.17272949
0.15834045
0.04914856
-0.15644836
-0.29014587
-0.28321838
-0.23101807
-0.21557617
-0.16656494
-0.041931152
0.09976196
0.18656921
0.18231201
0.10774231
0.033172607
-0.011047363
-0.04034424
-0.10371399
-0.21237183
-0.31889343
-0.33488464
-0.31410217
-0.33114624
-0.2097168
-0.026489258
0.004928589
-0.12503052
-0.22888184
-0.16390991
0.04914856
0.11306763
-0.1197052
-0.35725403
-0.33914185
-0.1159668
0.029434204
-0.09147644
-0.32209778
-0.3812256
-0.18360901
0.07472229
0.16261292
0.113601685
0.07312012
0.10028076
0.17433167
0.22544861
0.22012329
0.18870544
0.15994263
0.15248108
0.17645264
0.165802
0.043289185
-0.0770874
-0.027023315
0.2515564
0.5002899
0.3101349
-0.24273682
-0.546875
-0.3508606
-0.021697998
0.08111572
-0.015304565
-0.14472961
-0.2219696
-0.25125122
-0.23687744
-0.17774963
-0.056854248
0.10241699
0.2281189
0.2957611
0.29682922
0.19989014
0.0954895
0.13224792
0.29522705
0.32185364
0.16740417
-0.015304565
-0.13993835
-0.34606934
-0.7972107
-1.1972046
-1.0960083
-0.48614502
0.19563293
0.41453552
0.010787964
-0.5181122
-0.5889435
-0.24699402
0.13491821
0.26486206
0.14343262
-0.011047363
-0.037139893
0.033706665
0.14076233
0.19029236
0.17272949
0.1855011
0.26539612
0.3937683
0.5913696
0.87260437
1.01268
0.73039246
0.19189453
-0.097854614
-0.023284912
0.10295105
0.059799194
-0.1282196
-0.29174805
-0.2928009
-0.10319519
0.101882935
0.1338501
-0.036605835
-0.23687744
-0.29599
-0.23262024
-0.18788147
-0.2528534
-0.3476715
-0.30665588
-0.11489868
0.038497925
0.017715454
-0.05418396
-0.020095825
0.0869751
0.03744507
-0.15219116
-0.30345154
-0.25019836
-0.053115845
0.11201477
0.14875793
0.07472229
-0.015838623
-0.033950806
0.06619263
0.25474548
0.41027832
0.41400146
0.24942017
0.06300354
0.019851685
0.1381073
0.27713013
0.33784485
0.3735199
0.44755554
0.56474304
0.62705994
0.4480896
0.111465454
-0.041931152
0.18763733
0.44276428
0.2957611
-0.16656494
-0.53941345
-0.5990753
-0.3316803
0.07206726
0.33517456
0.36872864
0.24197388
0.06565857
-0.04460144
-0.057907104
-0.01689148
0.019851685
0.062469482
0.14822388
0.2243805
0.16845703
0.040100098
0.09442139
0.28564453
0.23344421
-0.04460144
-0.2294159
-0.20066833
-0.11064148
-0.14207458
-0.28268433
-0.43075562
-0.46484375
-0.3146515
-0.052581787
0.14289856
0.17219543
0.101882935
0.010803223
-0.07762146
-0.14579773
-0.15112305
-0.109573364
-0.023284912
0.12745667
0.32772827
0.54237366
0.69577026
0.6611481
0.24942017
-0.31411743
-0.49040222
-0.19586182
0.22172546
0.3096161
0.021453857
-0.20172119
-0.17295837
0.013458252
0.15248108
0.18656921
0.17485046
0.18177795
0.16793823
0.080581665
-0.04725647
-0.16496277
-0.1985321
-0.12609863
-0.038208008
-0.05897522
-0.121292114
-0.07336426
0.035842896
-0.016906738
-0.29866028
-0.53302
-0.43022156
-0.08454895
0.1269226
0.007598877
-0.29493713
-0.44673157
-0.2651062
0.08644104
0.29364014
0.24623108
0.12159729
0.04170227
0.015060425
0.0022735596
-0.028076172
-0.062164307
-0.055252075
0.01878357
0.11627197
0.20521545
0.32505798
0.52586365
0.6094818
0.30055237
-0.22036743
-0.36364746
0.017181396
0.3303833
0.17805481
-0.16070557
-0.2816162
-0.0962677
0.13438416
0.24143982
0.25741577
0.21852112
0.18817139
0.20361328
0.2568817
0.3069458
0.28138733
0.15248108
-0.024887085
-0.11756897
-0.1005249
-0.062698364
-0.073898315
-0.09413147
-0.11543274
-0.28482056
-0.582016
-0.7460785
-0.5910797
-0.25338745
-0.08773804
-0.17669678
-0.2571106
-0.18788147
-0.033950806
0.11306763
0.21000671
0.2169342
0.165802
0.15461731
0.16687012
0.15089417
0.15248108
0.15515137
0.1301117
0.0912323
0.15194702
0.34902954
0.5444946
0.4603424
-0.0019836426
-0.35990906
-0.21450806
0.13490295
0.18977356
-0.07762146
-0.35671997
-0.39134216
-0.17988586
0.0677948
0.11679077
0.001739502
-0.07443237
-0.0770874
-0.104782104
0.10134888
0.35009766
0.3303833
0.09283447
-0.16923523
-0.23422241
-0.16816711
-0.090927124
-0.05897522
-0.076553345
-0.17349243
-0.37695312
-0.58255005
-0.6065216
-0.40412903
-0.14526367
-0.083480835
-0.26617432
-0.48295593
-0.52130127
-0.37164307
-0.1750946
-0.12875366
-0.2182312
-0.24487305
-0.14952087
-0.019561768
0.0954895
0.12638855
0.059799194
-0.016906738
-0.03340149
0.041168213
0.23184204
0.41827393
0.35221863
0.017181396
-0.23368835
-0.13621521
0.12425232
0.1743164
-0.02116394
-0.25178528
-0.33595276
-0.25552368
-0.14154053
-0.081344604
-0.06750488
-0.08027649
-0.022232056
0.078445435
0.078445435
-0.045669556
-0.14472961
-0.10903931
-0.03553772
-0.03981018
-0.0770874
-0.0035858154
0.2792511
0.5391693
0.3857727
-0.25764465
-1.0038605
-1.233429
-0.6949463
0.16526794
0.6009674
0.3927002
-0.08454895
-0.35032654
-0.24913025
-0.022766113
0.061401367
-0.050994873
-0.2027893
-0.24273682
-0.14472961
0.044891357
0.15994263
0.12532043
0.019317627
-0.06378174
-0.07495117
0.039031982
0.28245544
0.46620178
0.22172546
-0.22515869
-0.23422241
0.25421143
0.63505554
0.404953
-0.102127075
-0.36044312
-0.22836304
0.0209198
0.07258606
-0.08668518
-0.26138306
-0.24060059
-0.08187866
0.028366089
-0.01210022
-0.08668518
-0.11543274
-0.12503052
-0.15805054
-0.2182312
-0.19374084
-0.026489258
0.16847229
0.21374512
0.018249512
-0.3519287
-0.6352844
-0.5372772
-0.14419556
0.17166138
0.19456482
0.027313232
-0.102645874
-0.043533325
0.13278198
0.2323761
0.17645264
0.08111572
0.050216675
0.034240723
-0.01210022
-0.057388306
-0.0728302
-0.078689575
-0.109573364
-0.07922363
0.06939697
0.18284607
0.26913452
0.3538208
0.1769867
-0.0259552
0.00920105
0.13171387
0.017715454
-0.24327087
-0.40678406
-0.38015747
-0.19639587
-0.022232056
0.018249512
-0.03981018
-0.10211182
-0.06536865
0.06460571
0.17805481
0.16899109
0.05821228
-0.036605835
-0.035003662
0.01399231
0.008132935
-0.040863037
-0.12875366
-0.20758057
-0.17137146
-0.22143555
-0.50479126
-0.73594666
-0.59428406
-0.20704651
0.0209198
-0.18200684
-0.66511536
-0.84194946
-0.47816467
0.10134888
0.42892456
0.39483643
0.22439575
0.16419983
0.23930359
0.33091736
0.36180115
0.32133484
0.19029236
0.05607605
0.058746338
0.22013855
0.39909363
0.4960327
0.3191986
-0.22143555
-0.563385
-0.26296997
0.24356079
0.358078
0.1578064
0.021438599
0.011871338
0.038497925
0.043823242
0.019851685
0.009735107
0.056610107
0.15515137
0.27285767
0.34210205
0.29682922
0.16473389
0.023590088
0.03263855
0.09176636
-0.01423645
-0.1543274
-0.20065308
-0.24752808
-0.38015747
-0.39826965
-0.14579773
0.25209045
0.4038849
0.13969421
-0.26882935
-0.4376831
-0.27841187
-0.01423645
0.122665405
0.14076233
0.13331604
0.1535492
0.13917542
0.056610107
-3.8146973E-4
0.078445435
0.29682922
0.468338
0.44596863
0.3383789
0.35221863
0.46940613
0.4784546
0.097091675
-0.47442627
-0.6134491
-0.2374115
0.19189453
0.2994995
0.18870544
0.10028076
0.08590698
0.12904358
0.1737976
0.13757324
0.06086731
0.016647339
-0.01423645
-0.0046539307
0.03742981
0.07312012
0.10987854
0.12850952
0.15461731
0.1934967
0.22651672
0.22492981
0.22172546
0.26327515
0.16473389
-0.25445557
-0.6981354
-0.5980072
-0.025421143
0.38630676
0.25209045
-0.23208618
-0.5623169
-0.4877472
-0.17137146
0.075790405
0.13171387
0.047027588
-0.062179565
-0.15538025
-0.20652771
-0.17562866
-0.12768555
-0.13354492
-0.18893433
-0.26031494
-0.18414307
0.19721985
0.2238617
0.048080444
-0.29599
-0.51490784
-0.2762909
0.08111572
0.23823547
0.066207886
-0.11703491
-0.055252075
0.073654175
0.094955444
0.04914856
0.017181396
0.013458252
0.012924194
0.012924194
0.0443573
0.13278198
0.21372986
0.2089386
0.16740417
0.21160889
0.3388977
0.3527527
0.19670105
0.015060425
-0.055252075
-0.010513306
-0.042999268
-0.2571106
-0.4973297
-0.54473877
-0.41903687
-0.2693634
-0.22195435
-0.359375
-0.5830841
-0.6272888
-0.43980408
-0.20225525
-0.081344604
-0.017440796
0.07525635
0.14396667
0.12532043
0.11413574
0.18284607
0.25527954
0.28138733
0.21640015
0.052352905
-0.08029175
-0.10745239
-0.11010742
-0.16123962
-0.1713562
-0.08401489
-0.03553772
-0.10638428
-0.1825409
-0.18788147
-0.11968994
-0.033416748
0.01399231
0.036376953
0.088027954
0.16899109
0.22439575
0.19296265
0.17857361
0.21800232
0.276062
0.32131958
0.3058777
0.23504639
0.1620636
0.088027954
-0.0030517578
-0.11064148
-0.3199768
-0.5687103
-0.6629791
-0.52130127
-0.28375244
-0.11277771
-0.048858643
-0.033416748
0.010269165
0.017730713
-0.093063354
-0.21504211
-0.17562866
0.008666992
0.23023987
0.3857727
0.41667175
0.37139893
0.35488892
0.39749146
0.44010925
0.41027832
0.22865295
-0.054718018
-0.23368835
-0.27363586
-0.23580933
-0.0925293
0.072052
0.11999512
-0.019561768
-0.20918274
-0.2874756
-0.23208618
-0.118637085
-0.057907104
-0.043533325
-0.011047363
0.07897949
0.2169342
0.29364014
0.22225952
0.057678223
0.0049438477
0.048080444
0.047027588
-0.046722412
-0.08454895
-0.01902771
0.017196655
-0.0259552
-0.08560181
-0.2762909
-0.5708313
-0.64486694
-0.31037903
0.12904358
0.30801392
0.2323761
0.085372925
0.01133728
0.007598877
1.373291E-4
0.013458252
0.0912323
0.20787048
0.3026886
0.33198547
0.2877655
0.25421143
0.31707764
0.3388977
0.2211914
0.040100098
-0.1005249
-0.15484619
-0.11117554
0.03742981
0.19882202
0.33677673
0.39057922
0.27018738
0.06460571
-0.15644836
-0.32635498
-0.37057495
-0.24327087
-0.001449585
0.16313171
0.14556885
0.06460571
0.039031982
0.09602356
0.22972107
0.3266449
0.20201111
-0.038742065
-0.19958496
-0.18946838
-0.15058899
-0.24327087
-0.4089203
-0.48828125
-0.502655
-0.5042572
-0.4264984
-0.22090149
0.033706665
0.17965698
0.070999146
-0.17988586
-0.31463623
-0.27682495
-0.16496277
-0.042999268
0.09976196
0.2446289
0.31973267
0.29736328
0.2792511
0.33145142
0.35968018
0.29096985
0.11306763
-0.13674927
-0.4174347
-0.6533966
-0.6699066
-0.46697998
-0.19267273
0.057144165
0.20149231
0.20840454
0.13064575
0.0912323
0.09335327
0.061401367
-0.013702393
-0.014770508
0.0635376
0.14183044
0.19242859
0.21321106
0.21800232
0.22492981
0.20733643
0.14929199
0.07685852
-0.014770508
-0.052581787
-0.04458618
-0.1473999
-0.20011902
-0.1559143
-0.22090149
-0.37643433
-0.3354187
-0.0770874
0.12585449
0.10241699
-0.06643677
-0.18946838
-0.15272522
0.015594482
0.19828796
0.3069458
0.3330536
0.33251953
0.39483643
0.49443054
0.49975586
0.3772583
0.17219543
-0.029144287
-0.14472961
-0.2097168
-0.22355652
-0.17828369
-0.08241272
0.1503601
0.4475708
0.61906433
0.55888367
0.3346405
0.12745667
0.036895752
-0.01423645
-0.07548523
-0.11224365
-0.120224
-0.097854614
-0.048324585
-0.0067749023
-0.029678345
-0.13674927
-0.26296997
-0.3189087
-0.2640381
-0.19746399
-0.20172119
-0.23368835
-0.24380493
-0.23687744
-0.29333496
-0.36790466
-0.31037903
-0.08187866
0.15141296
0.24090576
0.16261292
-0.01423645
-0.16763306
-0.17988586
-0.08401489
0.033172607
0.13970947
0.22065735
0.26646423
0.3101349
0.34103394
0.37405396
0.4326477
0.44010925
0.32398987
0.14343262
0.06832886
0.14076233
0.21800232
0.16313171
-0.069625854
-0.30345154
-0.22782898
0.097091675
0.32559204
0.29257202
0.0874939
-0.08294678
-0.12556458
-0.099990845
-0.08720398
-0.13194275
-0.15272522
-0.10266113
-0.008911133
0.11680603
0.22332764
0.26113892
0.1977539
0.09921265
0.10029602
0.1535492
0.1104126
-0.036071777
-0.09573364
-0.10266113
-0.2182312
-0.3284912
-0.25338745
-0.03288269
0.094436646
0.007598877
-0.18467712
-0.30665588
-0.27896118
-0.15698242
-0.024353027
0.059265137
0.14289856
0.2472992
0.33996582
0.451828
0.60894775
0.660614
0.468338
0.10987854
-0.21183777
-0.3870697
-0.375885
-0.19586182
-0.04246521
-0.026489258
-0.104782104
-0.18467712
-0.23475647
-0.24913025
-0.20439148
-0.15379333
-0.116500854
-0.012634277
0.07685852
0.07737732
0.035308838
0.0038757324
0.025177002
0.051818848
0.061401367
0.090164185
0.12690735
0.12265015
0.052886963
-0.030212402
-0.13354492
-0.18041992
-0.014770508
0.22758484
0.20681763
-0.06964111
-0.31889343
-0.44300842
-0.5255585
-0.54048157
-0.43022156
-0.24380493
-0.09146118
-0.0035858154
0.07258606
0.14448547
0.12852478
0.011871338
-0.11064148
-0.17030334
-0.11810303
0.035308838
0.13597107
0.059814453
-0.0920105
-0.1628418
-0.10850525
0.02571106
0.110946655
-0.14100647
-0.31784058
-0.055252075
0.2872467
0.36340332
0.123184204
-0.064834595
0.07951355
0.26913452
0.19935608
-0.0925293
-0.3284912
-0.34233093
-0.20651245
-0.076553345
-0.053649902
-0.07495117
-0.041397095
0.017181396
-3.8146973E-4
-0.057907104
-0.11117554
-0.11917114
-0.09838867
-0.102127075
-0.14952087
-0.1985321
-0.2059784
-0.17829895
-0.123428345
-0.010513306
0.11627197
0.15194702
0.11413574
0.1269226
0.028381348
-0.32156372
-0.7098541
-0.76524353
-0.42861938
-0.052597046
-0.041931152
-0.35299683
-0.56604004
-0.40945435
0.017730713
0.34049988
0.3495636
0.1615448
-0.07015991
-0.1793518
-0.1351471
-0.057907104
-0.06111145
-0.14154053
-0.17881775
-0.14579773
-0.050460815
0.13438416
0.32505798
0.29096985
-0.1239624
-0.5415344
-0.45684814
-0.08241272
0.09869385
0.041168213
-0.016906738
0.064071655
0.17538452
0.15675354
0.03263855
-0.0067749023
0.10028076
0.2472992
0.31333923
0.2792511
0.18870544
0.15194702
0.15887451
0.15834045
0.13171387
0.066726685
0.07418823
0.21479797
0.46673584
0.7341156
0.70162964
0.2169342
-0.35832214
-0.27096558
0.35542297
0.8140106
0.7532959
0.259552
-0.27842712
-0.47869873
-0.30133057
-0.07336426
-0.053115845
-0.20811462
-0.3481903
-0.3082428
-0.1394043
0.008132935
0.08590698
0.14822388
0.24674988
0.3538208
0.4241333
0.43318176
0.3900299
0.21958923
-0.027557373
-0.066970825
0.20574951
0.47099304
0.43692017
0.09176636
-0.2720337
-0.36524963
-0.2565918
-0.21131897
-0.3146515
-0.4169159
-0.35139465
-0.118637085
0.12371826
0.21214294
0.12425232
-0.044067383
-0.20544434
-0.2954712
-0.3284912
-0.34127808
-0.24113464
0.06993103
0.40441895
0.38790894
-0.15219116
-1.0645905
-1.6968231
-1.5114594
-0.79774475
-0.106918335
0.27711487
0.28190613
0.070999146
-0.053649902
0.020385742
0.15940857
0.20149231
0.14183044
0.08590698
0.048095703
0.01612854
-0.005706787
-0.022750854
0.0012054443
0.06034851
0.09869385
0.10507202
0.1743164
0.2861786
0.3468933
0.27178955
0.1572876
0.2211914
0.4123993
0.42678833
0.17112732
-0.10585022
-0.1628418
-0.01637268
0.15675354
0.20733643
0.15194702
0.110946655
0.18444824
0.31173706
0.37405396
0.32984924
0.22651672
0.1381073
0.12850952
0.17857361
0.23077393
0.21054077
0.1301117
0.05607605
0.021972656
0.03956604
0.07312012
-0.06750488
-0.51171875
-0.94688416
-0.8978729
-0.48242188
-0.20118713
-0.28215027
-0.45205688
-0.43554688
-0.20599365
0.10081482
0.21479797
0.06300354
-0.083480835
-0.111709595
-0.1825409
-0.33753967
-0.39985657
-0.3204956
0.012924194
0.09869385
-0.09573364
-0.28961182
-0.32955933
-0.32635498
-0.25657654
0.011871338
0.30641174
0.5530243
0.6883087
0.580719
0.25474548
0.05821228
0.10774231
0.20681763
0.2046814
0.035842896
-0.19906616
-0.34339905
-0.32583618
-0.17349243
-0.025421143
-0.0067749023
-0.071762085
-0.11703491
-0.09573364
-0.041931152
-0.02168274
-0.04673767
-0.13354492
-0.2528534
-0.35671997
-0.4845581
-0.6331482
-0.7199707
-0.63848877
-0.43501282
-0.2885437
-0.29067993
-0.3934784
-0.40571594
-0.24220276
-0.02381897
0.092300415
0.09283447
0.101882935
0.17112732
0.25634766
0.33091736
0.4006958
0.45022583
0.43371582
0.32878113
0.15248108
-0.048324585
-0.16177368
-0.14845276
-0.08187866
-0.010513306
0.0033416748
0.07312012
0.2531433
0.3980255
0.32666016
0.08163452
-0.15005493
-0.22515869
-0.14526367
-0.016906738
0.040100098
0.050216675
0.0677948
0.10028076
0.17378235
0.25102234
0.24195862
0.13171387
0.013458252
-0.013702393
0.048080444
0.15248108
0.18070984
0.044891357
-0.18095398
-0.4174347
-0.6299591
-0.74128723
-0.5900116
-0.18681335
0.20361328
0.32984924
0.19828796
-0.01902771
-0.1756134
-0.20918274
-0.16816711
-0.11064148
-0.050460815
0.049682617
0.17645264
0.24197388
0.19561768
0.123184204
0.16473389
0.25846863
0.27764893
0.22332764
0.12106323
-9.1552734E-4
-0.07443237
0.0054626465
0.14875793
0.2366333
0.2994995
0.32772827
0.2707367
0.14875793
0.056610107
0.0049438477
-0.050445557
-0.121292114
-0.15965271
-0.13726807
-0.07922363
-0.007843018
0.055541992
0.16633606
0.26327515
0.16740417
-0.17456055
-0.47283936
-0.48828125
-0.2917328
-0.011566162
0.19403076
0.18977356
0.019317627
-0.15058899
-0.27896118
-0.33221436
-0.2262268
0.010787964
0.14289856
0.019851685
-0.21557617
-0.35139465
-0.31570435
-0.21078491
-0.1947937
-0.25073242
-0.2182312
-0.069625854
0.10560608
0.18763733
0.212677
0.2803192
0.40707397
0.4465027
0.3303833
0.15248108
0.012924194
-0.09466553
-0.09732056
0.026245117
0.19136047
0.2238617
0.10827637
0.19296265
0.5018921
0.63238525
0.33624268
-0.078689575
-0.26724243
-0.24380493
-0.16497803
-0.08187866
0.0054626465
0.056610107
0.12213135
0.22279358
0.27604675
0.26860046
0.22225952
0.17378235
0.1535492
0.17538452
0.2169342
0.21586609
0.14768982
0.092300415
0.12371826
0.10934448
-0.10317993
-0.44673157
-0.6011963
-0.4382019
-0.18148804
-0.106918335
-0.23687744
-0.37376404
-0.33488464
-0.14100647
-0.014770508
-0.042999268
-0.06376648
0.058746338
0.24942017
0.32398987
0.22865295
0.11306763
0.10455322
0.14503479
0.0912323
-0.07762146
-0.24859619
-0.2965393
-0.25125122
-0.16177368
-0.10798645
-0.1990509
-0.2528534
-0.06111145
0.24250793
0.36393738
0.25102234
0.08590698
-0.03767395
-0.12289429
-0.13621521
-0.064834595
0.03691101
0.1269226
0.1700592
0.16952515
0.17645264
0.2169342
0.26434326
0.23291016
0.13383484
0.06086731
0.07951355
0.07684326
-0.017440796
-0.13833618
-0.28215027
-0.5473938
-0.7535248
-0.6448822
-0.291214
0.005996704
0.052886963
-0.11917114
-0.28268433
-0.23847961
-0.06750488
0.0012054443
-0.01423645
0.016662598
0.113601685
0.21374512
0.2627411
0.26220703
0.2600708
0.25527954
0.18977356
0.0954895
0.07312012
0.08909607
0.035842896
-0.041931152
0.012924194
0.15727234
0.2238617
0.17752075
0.08270264
-0.07815552
-0.25231934
-0.24752808
-0.041397095
0.19616699
0.22865295
0.026245117
-0.14526367
-0.08454895
0.10720825
0.21586609
0.17857361
0.07897949
0.024108887
0.050216675
0.12478638
0.15940857
0.12106323
0.043289185
0.015594482
0.09815979
0.24942017
0.24356079
0.02784729
-0.18307495
-0.21664429
-0.14952087
-0.15379333
-0.2853546
-0.44779968
-0.53941345
-0.5298157
-0.40412903
-0.19107056
0.0022735596
0.08483887
0.13383484
0.21533203
0.26860046
0.2568817
0.2084198
0.17805481
0.18231201
0.12638855
0.0033416748
0.005996704
0.21107483
0.388443
0.37939453
0.20735168
-0.03501892
-0.11010742
0.13703918
0.4241333
0.435318
0.19082642
-0.1282196
-0.31677246
-0.31410217
-0.2097168
-0.095199585
-0.050994873
-0.03074646
0.061401367
0.19828796
0.23770142
0.14396667
0.041168213
0.066726685
0.18070984
0.24516296
0.20947266
0.14396667
0.06300354
-0.0121154785
-0.13728333
-0.29812622
-0.34553528
-0.25445557
-0.12608337
-0.13140869
-0.29333496
-0.48188782
-0.43128967
-0.08987427
0.25315857
0.30908203
0.15248108
0.0028076172
0.007598877
0.16899109
0.30429077
0.23558044
0.057678223
-0.05152893
6.866455E-4
0.11306763
0.15675354
0.106674194
0.02571106
-0.0062408447
0.00920105
-0.014770508
-0.093063354
-0.074417114
0.05821228
0.13224792
0.049682617
-0.090927124
-0.14312744
-0.14207458
-0.19160461
-0.28268433
-0.3577881
-0.39933777
-0.33700562
-0.15379333
-0.031814575
-0.08720398
-0.20439148
-0.23048401
-0.11810303
0.012924194
0.024108887
-0.022216797
0.0038757324
0.06993103
0.11306763
0.055541992
-0.08081055
-0.22834778
-0.2459259
-0.090408325
0.057144165
0.094436646
0.06460571
0.028900146
-0.012634277
-0.045654297
-0.06430054
-0.1282196
-0.20065308
-0.14579773
0.03050232
0.20149231
0.25527954
0.20681763
0.14183044
0.15940857
0.22279358
0.19242859
-0.0019836426
-0.19960022
-0.19958496
-0.031280518
0.118927
0.061401367
-0.11010742
-0.2097168
-0.15963745
-0.038208008
0.018249512
-0.0051879883
-0.049926758
-0.13035583
-0.13993835
-0.10424805
-0.11064148
0.11734009
0.22544861
0.050216675
-0.17402649
-0.16870117
0.054473877
0.2318573
0.2211914
0.11413574
-0.029678345
-0.14952087
-0.15805054
-0.03767395
0.12213135
0.17219543
0.078445435
-0.083480835
-0.23847961
-0.37483215
-0.38388062
-0.18414307
0.019317627
0.020385742
-0.12928772
-0.22143555
-0.11117554
0.08164978
0.094955444
-0.11543274
-0.34979248
-0.43554688
-0.3204956
-0.09838867
0.073654175
0.094436646
0.015060425
-0.030212402
0.001739502
0.04168701
0.14448547
0.39164734
0.6329193
0.69363403
0.42359924
-0.167099
-0.47549438
-0.17562866
0.28511047
0.3618164
0.035827637
-0.3151703
-0.32795715
-0.09892273
0.13703918
0.2089386
0.061401367
-0.16976929
-0.3354187
-0.4211731
-0.4089203
-0.3471222
-0.28533936
-0.25231934
-0.16337585
0.019317627
0.2169342
0.2989502
0.2749939
0.27020264
0.20095825
-0.2059784
-0.7679138
-0.7567291
0.05340576
0.90190125
1.0307922
0.5471649
0.008666992
-0.22515869
-0.21557617
-0.113845825
-0.028625488
-0.00730896
-0.04725647
-0.0962677
-0.07815552
1.373291E-4
0.09921265
0.14982605
0.1615448
0.20414734
0.29896545
0.41241455
0.5365143
0.6451721
0.5610199
0.17166138
-0.18360901
-0.027023315
0.3303833
0.37565613
0.14450073
-0.029159546
0.010803223
0.1104126
0.09069824
-3.8146973E-4
-0.043533325
0.0028076172
0.08430481
0.047561646
-0.034484863
-0.085617065
-0.13407898
-0.13833618
-0.17774963
-0.21983337
-0.24752808
-0.27682495
-0.23313904
-0.015304565
0.099746704
-0.22834778
-0.63900757
-0.52822876
0.07312012
0.5114746
0.3964386
-0.06750488
-0.39294434
-0.30665588
-0.0025177002
0.17858887
0.18763733
0.07791138
-0.035003662
-0.0493927
0.042770386
0.17645264
0.26541138
0.28404236
0.26486206
0.2568817
0.30747986
0.43585205
0.5626068
0.58232117
0.47633362
0.23025513
0.024642944
0.10562134
0.32452393
0.32080078
0.042755127
-0.21343994
-0.20491028
-0.05897522
0.05342102
0.03742981
-0.04725647
-0.09573364
-0.09945679
-0.102127075
-0.066970825
-0.032348633
-0.055252075
-0.10531616
-0.14845276
-0.20013428
-0.24006653
-0.20492554
-0.10105896
0.06619263
-0.001449585
-0.44354248
-0.5260925
-0.027557373
0.45661926
0.49124146
0.028915405
-0.36097717
-0.33807373
0.035308838
0.45661926
0.5242615
0.16207886
-0.25605774
-0.40412903
-0.21504211
0.09655762
0.30322266
0.32133484
0.20095825
0.11999512
0.26060486
0.5429077
0.6963043
0.64038086
0.50349426
0.3788452
0.2472992
0.1269226
-0.017959595
-0.106918335
-0.028625488
0.10934448
0.12425232
-0.028076172
-0.20704651
-0.27896118
-0.21929932
-0.044067383
0.09336853
0.07472229
0.0049438477
0.0065307617
0.08270264
0.14929199
0.11413574
0.00440979
-0.03074646
-0.033416748
-0.11917114
-0.36364746
-0.7380829
-0.804657
-0.36683655
0.24197388
0.42999268
0.09655762
-0.2842865
-0.26776123
0.10614014
0.46566772
0.48005676
0.20361328
-0.07015991
-0.07922363
0.1269226
0.2835083
0.25421143
0.1461029
0.08377075
0.15727234
0.39004517
0.69470215
0.82572937
0.69789124
0.5381012
0.51361084
0.5279846
0.56314087
0.58125305
0.3468933
-0.08029175
-0.31251526
-0.20439148
-0.027023315
-0.060043335
-0.2496643
-0.32795715
-0.11810303
0.22013855
0.40281677
0.3293152
0.09442139
-0.11703491
-0.114364624
0.051818848
0.17591858
0.14715576
0.06619263
0.029968262
0.054473877
0.15940857
0.1737976
-0.08454895
-0.38336182
-0.38334656
-0.05418396
0.30162048
0.3761902
0.12904358
-0.16549683
-0.22357178
-0.086135864
0.11199951
0.20202637
0.15887451
0.07258606
0.036376953
0.035308838
0.001739502
-0.08720398
-0.20492554
-0.26831055
-0.27896118
-0.2416687
-0.099990845
0.12904358
0.39590454
0.52053833
0.3468933
0.0033416748
-0.057907104
0.21586609
0.35169983
0.06832886
-0.38174438
-0.5756378
-0.3705597
0.0113220215
0.23504639
0.21054077
0.08430481
0.0033416748
-0.04725647
-0.16444397
-0.30558777
-0.31784058
-0.17189026
-0.06163025
-0.1351471
-0.28321838
-0.35351562
-0.28694153
-0.15644836
-0.0046539307
0.111465454
0.007598877
-0.34500122
-0.673645
-0.66085815
-0.29760742
0.13276672
0.27445984
0.083236694
-0.17030334
-0.3199768
-0.29919434
-0.06803894
0.24835205
0.4006958
0.28190613
0.10560608
0.08004761
0.16047668
0.23983765
0.25794983
0.18444824
0.06726074
0.07206726
0.19721985
0.34796143
0.38365173
0.2046814
-0.10531616
-0.16656494
0.23558044
0.62705994
0.4827118
-0.086135864
-0.61717224
-0.6560669
-0.19532776
0.32398987
0.40548706
0.052352905
-0.32476807
-0.52023315
-0.53834534
-0.3561859
-0.07388306
0.07577515
0.034240723
-0.073898315
-0.08027649
0.01878357
0.08909607
0.13278198
0.10934448
-0.12182617
-0.42010498
-0.40145874
-0.046722412
0.27552795
0.21640015
-0.05418396
-0.18681335
-0.17402649
-0.19320679
-0.3050537
-0.3316803
-0.09945679
0.26008606
0.3996277
0.23770142
0.0070648193
0.012924194
0.2904358
0.5663452
0.55674744
0.30589294
0.10560608
0.16633606
0.4326477
0.51893616
0.22225952
-0.066970825
-0.03074646
0.118927
0.02571106
-0.28375244
-0.5053253
-0.35671997
0.021453857
0.24623108
0.16313171
-0.076553345
-0.27682495
-0.30718994
-0.09625244
0.14024353
0.10295105
-0.097854614
-0.13568115
0.038497925
0.16207886
0.10614014
-0.042999268
-0.071762085
0.0954895
0.19509888
0.021453857
-0.16177368
-0.18414307
-0.11117554
-0.06376648
-0.09359741
-0.22409058
-0.4840088
-0.6134491
-0.36470032
0.087509155
0.39216614
0.4203949
0.33145142
0.2861786
0.24356079
0.11999512
-0.0493927
-0.113845825
0.017715454
0.23184204
0.374588
0.3969574
0.35754395
0.26113892
0.026779175
-0.17774963
-0.093063354
0.18338013
0.26966858
0.0715332
-0.1628418
-0.20065308
-0.104782104
-0.04725647
-0.06855774
-0.10798645
-0.12982178
-0.21025085
-0.3705597
-0.46270752
-0.43075562
-0.3577881
-0.31411743
-0.25445557
-0.08880615
0.104537964
0.15567017
0.09602356
0.047561646
0.03956604
-0.029678345
-0.088272095
-0.026489258
0.1269226
0.18231201
0.042236328
-0.15058899
-0.28268433
-0.38813782
-0.4573822
-0.3013153
0.080581665
0.4315796
0.4922943
0.34477234
0.19668579
0.12425232
0.09602356
0.13064575
0.1977539
0.22598267
0.19296265
0.17538452
0.21852112
0.2169342
0.048614502
-0.23901367
-0.30558777
0.01612854
0.41827393
0.43478394
0.094955444
-0.25764465
-0.3476715
-0.1947937
0.021987915
0.11627197
0.087509155
0.035308838
-0.033950806
-0.08934021
-0.036071777
0.10241699
0.2004242
0.15994263
0.1104126
0.15621948
0.311203
0.4645996
0.3937683
0.15994263
0.001739502
-0.08081055
-0.16337585
-0.12236023
0.031036377
0.07472229
-0.09094238
-0.3561859
-0.42436218
-0.25178528
-0.08401489
-0.12503052
-0.26138306
-0.1990509
0.12211609
0.38737488
0.3495636
0.07046509
-0.17349243
-0.15484619
0.036376953
0.13597107
0.038497925
-0.12608337
-0.1628418
0.04914856
0.38311768
0.4123993
0.04649353
-0.1628418
0.052352905
0.26379395
0.13224792
-0.2571106
-0.5564575
-0.51704407
-0.0728302
0.49975586
0.76768494
0.531723
0.064071655
-0.2374115
-0.2970581
-0.17881775
-0.01210022
0.06512451
0.043823242
-0.02861023
-0.10798645
-0.106918335
-0.038742065
0.01399231
0.0715332
0.083236694
-3.9672852E-4
-0.015838623
0.15994263
0.29522705
0.1897583
-0.123428345
-0.4089203
-0.4408722
-0.24220276
-0.03501892
0.06460571
0.10720825
0.16473389
0.20947266
0.17645264
0.05393982
-0.08666992
-0.13407898
-0.118637085
-0.08773804
-0.04725647
0.050750732
0.23344421
0.36340332
0.30534363
0.06993103
-0.16923523
-0.09413147
0.21853638
0.35488892
0.14822388
-0.19746399
-0.3700409
-0.20918274
0.1849823
0.421463
0.27604675
0.017181396
-0.11543274
-0.1793518
-0.20011902
-0.1197052
0.01612854
0.073654175
0.061935425
0.07046509
0.021987915
-0.12501526
-0.22355652
-0.16923523
-0.05683899
-0.053115845
-0.18681335
-0.22834778
-0.055252075
0.15675354
0.18977356
0.06832886
-0.022232056
-0.0925293
-0.21983337
-0.35725403
-0.40731812
-0.21290588
0.16793823
0.39163208
0.29096985
0.043823242
-0.11489868
-0.09146118
0.062469482
0.22279358
0.21160889
0.07098389
0.013458252
0.120529175
0.22172546
0.06939697
-0.26296997
-0.38920593
-0.022750854
0.4172058
0.39855957
0.044891357
-0.21769714
-0.12928772
0.1578064
0.28671265
0.13490295
-0.037139893
-0.06111145
-0.048324585
-0.055770874
-0.0259552
0.008132935
-0.016906738
-0.02809143
0.053955078
0.2004242
0.30215454
0.2211914
0.011856079
-0.07601929
0.04170227
0.16419983
0.13117981
0.014526367
-0.06324768
-0.13833618
-0.26031494
-0.39559937
-0.39613342
-0.2635193
-0.16337585
-0.19213867
-0.2677765
-0.19425964
0.07951355
0.27445984
0.21640015
0.064071655
-0.0051727295
0.064071655
0.20895386
0.31440735
0.2803192
0.14183044
0.083236694
0.21427917
0.37886047
0.31973267
-0.0046539307
-0.22834778
-0.06643677
0.29522705
0.38471985
0.12852478
-0.1750946
-0.21130371
0.04222107
0.33784485
0.32240295
-0.007843018
-0.30451965
-0.35139465
-0.26350403
-0.21450806
-0.23313904
-0.29707336
-0.3561859
-0.28961182
-0.13887024
-0.06271362
-0.09945679
-0.11329651
0.005996704
0.17486572
0.25953674
0.15194702
-0.05204773
-0.14207458
-0.05418396
0.08004761
0.1535492
0.07472229
-0.12023926
-0.32102966
-0.35458374
-0.076553345
0.2872467
0.40229797
0.25102234
0.08378601
0.05342102
0.10507202
0.15568542
0.16740417
0.15301514
0.10241699
0.055023193
0.18603516
0.5221405
0.79803467
0.6989746
0.23983765
-0.1559143
-0.099990845
0.28085327
0.52479553
0.38523865
1.5258789E-4
-0.324234
-0.40518188
-0.22090149
0.019851685
0.07525635
-0.035003662
-0.18681335
-0.26724243
-0.24539185
-0.21557617
-0.22834778
-0.22036743
-0.20704651
-0.22515869
-0.2177124
-0.1750946
-0.14898682
-0.106918335
0.01612854
0.12425232
0.059280396
-0.13887024
-0.25712585
-0.2331543
-0.17988586
-0.17828369
-0.20651245
-0.21450806
-0.2224884
-0.2619171
-0.30184937
-0.2874756
-0.18414307
-0.04032898
0.03956604
-0.0046539307
-0.050460815
0.021972656
0.14501953
0.1892395
0.15834045
0.12745667
0.14555359
0.23130798
0.38897705
0.5114746
0.47685242
0.23876953
-0.017425537
0.01612854
0.31440735
0.44969177
0.17166138
-0.3588562
-0.6491394
-0.43980408
-0.0025177002
0.2238617
0.16899109
-0.048324585
-0.23794556
-0.23580933
-0.104782104
-0.07815552
-0.1793518
-0.25338745
-0.21450806
-0.04725647
0.14875793
0.22544861
0.17857361
0.08909607
0.070999146
0.15301514
0.22279358
0.16047668
0.05340576
-0.0025177002
-0.07229614
-0.22994995
-0.4211731
-0.51065063
-0.42915344
-0.25231934
-0.11703491
-0.07336426
-0.08508301
-0.06323242
0.055541992
0.17912292
0.20095825
0.13703918
0.09976196
0.165802
0.29257202
0.39535522
0.4406433
0.48591614
0.50349426
0.42785645
0.247818
0.13757324
0.20628357
0.37565613
0.40655518
0.18551636
-0.10798645
-0.2842865
-0.22994995
-0.039276123
0.0912323
0.101882935
0.016647339
-0.064834595
-0.081344604
-0.01902771
0.032104492
-0.01210022
-0.121292114
-0.21983337
-0.26296997
-0.24647522
-0.20172119
-0.16923523
-0.20065308
-0.2027893
-0.1394043
-0.19107056
-0.44247437
-0.66030884
-0.5431366
-0.09094238
0.27285767
0.33943176
0.1343689
-0.11117554
-0.15379333
-0.043533325
0.061935425
0.07684326
0.050216675
0.026779175
-0.012649536
-0.071762085
-0.10585022
-0.081344604
0.013458252
0.1508789
0.22972107
0.21533203
0.20947266
0.26327515
0.374588
0.29096985
-0.07443237
-0.34074402
-0.21450806
0.106674194
0.23718262
0.13597107
-0.061645508
-0.10105896
0.08216858
0.3335724
0.27020264
-0.024353027
-0.14207458
-0.12023926
-0.19639587
-0.36683655
-0.38815308
-0.29812622
-0.31463623
-0.3396759
-0.16444397
0.07046509
0.20895386
0.23025513
0.1381073
-0.01902771
-0.1543274
-0.18574524
-0.10211182
-0.0110321045
-0.03074646
-0.11491394
-0.16870117
-0.18467712
-0.20439148
-0.23155212
-0.24539185
-0.22994995
-0.18521118
-0.120224
-0.08987427
-0.13354492
-0.18521118
-0.16444397
-0.1005249
-0.060577393
-0.07336426
-0.099990845
-0.08401489
-0.03767395
-0.011566162
0.001739502
0.0022735596
-0.004638672
-0.001449585
1.5258789E-4
-0.01637268
-0.05897522
-0.090408325
-0.07815552
-0.052581787
-0.046188354
-0.046722412
-0.041931152
-0.041397095
-0.04246521
-0.033416748
-0.024353027
-0.015838623
0.013458252
0.035842896
0.041168213
0.03956604
0.035308838
0.0038757324
-0.049926758
-0.060043335
-0.0035858154
0.05607605
0.071517944
0.06034851
0.047027588
0.036376953
0.04170227
0.06567383
0.087509155
0.07312012
0.037963867
-0.020629883
-0.064834595
-0.06430054
-0.0493927
-0.058441162
-0.07922363
-0.071762085
-0.034484863
-0.005706787
0.031570435
0.057678223
0.01399231
-0.062164307
-0.097854614
-0.046188354
0.024642944
0.0209198
-0.0259552
-0.041931152
-0.00944519
0.02784729
0.034240723
0.034240723
0.04862976
0.054473877
0.054473877
0.033172607
0.0012054443
-0.019561768
-0.025421143
-0.012634277
0.0054626465
0.005996704
0.03691101
0.10241699
0.11306763
0.05342102
0.032104492
0.080581665
0.13438416
0.1386261
0.101882935
0.06460571
0.057678223
0.05342102
0.021987915
-0.011566162
-0.031280518
-0.040863037
-0.049926758
-0.06271362
-0.058441162
-0.02861023
0.012390137
0.023040771
0.009735107
-3.8146973E-4
0.011871338
0.044891357
0.080581665
0.07525635
0.02357483
-0.022750854
-0.019561768
0.0012054443
-0.013702393
-0.05683899
0.0033416748
0.20521545
0.3650055
0.35221863
0.14022827
-0.22143555
-0.46751404
-0.44514465
-0.18681335
0.068862915
0.20361328
0.20681763
0.08004761
-0.04460144
-0.07762146
-0.036071777
0.036376953
0.0954895
0.0715332
-0.027023315
-0.071762085
-0.0019836426
0.099227905
0.12371826
0.07739258
0.055541992
0.10081482
0.1423645
0.13064575
0.092300415
0.06300354
0.062469482
0.05607605
0.041168213
0.043304443
0.047027588
0.013458252
-0.02861023
-0.031814575
-0.0030517578
0.03263855
0.039031982
0.009735107
-0.011047363
0.0012054443
0.031570435
0.047027588
0.013458252
-0.03981018
-0.048858643
-0.025421143
-0.02381897
-0.060043335
-0.102645874
-0.09840393
-0.060043335
-0.041397095
-0.041397095
-0.025421143
0.001739502
0.00440979
-0.021697998
-0.042999268
-0.038208008
-0.020095825
0.006011963
0.0054779053
-0.013702393
0.0033416748
0.03956604
0.051818848
0.024642944
-0.0121154785
-0.03767395
-0.05418396
-0.05683899
-0.05206299
-0.048858643
-0.066970825
-0.08987427
-0.07975769
-0.052581787
-0.024353027
0.007598877
0.0113220215
-0.017974854
-0.049926758
-0.06430054
-0.07495117
-0.04725647
-0.015304565
-0.034484863
-0.058441162
-0.029693604
0.029968262
0.054473877
0.037963867
0.009735107
-0.008377075
-0.019561768
-0.02381897
0.001739502
0.032104492
0.026779175
6.866455E-4
-9.1552734E-4
0.015060425
0.019317627
0.01399231
-0.007843018
-0.033416748
-0.03074646
-0.012634277
0.0038757324
0.0049438477
-0.01902771
-0.032348633
-0.013702393
0.0113220215
0.010253906
6.713867E-4
0.0028076172
-0.0051879883
-0.015304565
-0.001449585
0.028366089
0.050750732
0.059799194
0.047027588
0.037963867
0.035842896
0.021453857
0.010803223
0.01399231
0.0022735596
-0.0051879883
0.022521973
0.06034851
0.07472229
0.031570435
-0.029678345
-0.036071777
0.018249512
0.06726074
0.06460571
0.035842896
0.016662598
6.713867E-4
0.0022735596
0.02305603
0.042770386
0.03742981
0.0065307617
-0.007843018
0.008132935
0.03742981
0.0438385
0.016647339
-0.008377075
0.0028076172
0.028900146
0.04170227
0.048614502
0.021972656
-0.036071777
-0.0493927
0.00440979
0.05873108
0.043823242
-0.017959595
-0.06376648
-0.055252075
-0.017974854
0.008666992
0.01612854
0.012924194
0.01133728
0.021453857
0.035842896
0.043289185
0.031036377
0.010269165
-9.1552734E-4
0.0038757324
0.016647339
0.019317627
0.026779175
0.0443573
0.013458252
-0.03553772
-0.041397095
0.0124053955
0.060333252
0.056610107
0.021453857
-0.008911133
-0.018493652
-0.007843018
-9.1552734E-4
0.010787964
0.026779175
0.043289185
0.05128479
0.03263855
0.0028076172
-0.010513306
-0.013702393
-0.00944519
0.0054779053
0.02357483
0.03477478
0.034240723
6.713867E-4
-0.049926758
-0.059509277
-0.001449585
0.049682617
0.064590454
0.09655762
0.037963867
-0.074417114
-0.11543274
-0.09359741
-0.073898315
-0.058441162
-0.03074646
-0.0051879883
0.0012054443
-0.026489258
-0.02381897
0.008132935
0.042770386
0.068862915
