-25.894165
-27.365112
-26.345825
-26.391602
-25.642395
-27.236938
-25.28534
-25.58136
-25.572205
-25.642395
-25.941467
-25.1297
-26.850891
-26.50299
-25.201416
-25.602722
-25.601196
-25.72937
-26.681519
-26.799011
-25.16632
-27.08435
-27.359009
-25.78888
-25.741577
-25.115967
-26.531982
-25.650024
-26.644897
-26.321411
-25.689697
-27.142334
-26.745605
-25.878906
-24.84436
-26.05133
-24.354553
-27.11792
-24.995422
-26.486206
-27.554321
-27.08435
-25.926208
-25.817871
-25.598145
-25.926208
-25.576782
-26.66626
-24.03717
-24.03717
-24.03717
-25.079346
-25.898743
-25.740051
-26.837158
-25.28534
-26.707458
-26.618958
-25.630188
-25.231934
-25.254822
-26.365662
-26.10321
-25.379944
-24.157715
-25.03357
-24.424744
-25.253296
-25.854492
-25.280762
-27.357483
-24.650574
-24.499512
-24.664307
-26.609802
-25.405884
-27.485657
-27.342224
-25.410461
-25.099182
-26.583862
-25.639343
-25.074768
-25.384521
-26.115417
-26.13678
-26.45874
-26.152039
-24.920654
-24.328613
-25.048828
-26.933289
-26.016235
-26.686096
-26.124573
-25.68512
-25.965881
-27.302551
-25.196838
-26.101685
-25.196838
-25.91095
-24.395752
-26.838684
-27.467346
-25.302124
-26.463318
-26.550293
-26.615906
-25.605774
-26.707458
-25.628662
-24.490356
-26.85852
-24.89624
-27.17743
-27.241516
-25.39215
-25.42572
-26.208496
-24.406433
-26.734924
-27.972412
-26.46637
-25.965881
-26.152039
-26.152039
-26.152039
-25.398254
-26.905823
-26.531982
-27.349854
-26.011658
-24.858093
-24.519348
-26.405334
-25.37384
-26.429749
-25.302124
-25.975037
-24.85199
-24.867249
-25.78125
-26.130676
-27.294922
-25.621033
-25.776672
-26.713562
-26.582336
-25.37384
-26.618958
-27.223206
-25.738525
-24.617004
-25.66681
-25.39215
-25.178528
-25.169373
-26.091003
-25.865173
-25.959778
-25.660706
-25.956726
-25.865173
-25.224304
-24.475098
-25.387573
-25.297546
-27.217102
-25.94757
-25.865173
-26.026917
-28.277588
-24.642944
-24.629211
-25.105286
-25.701904
-24.3042
-25.006104
-25.097656
-25.819397
-25.032043
-24.951172
-24.858093
-26.002502
-24.664307
-24.629211
-25.410461
-24.925232
-25.160217
-25.689697
-26.423645
-25.421143
-24.31488
-26.390076
-25.959778
-25.743103
-27.444458
-25.819397
-24.879456
-25.849915
-25.027466
-25.436401
-25.436401
-25.436401
-25.848389
-26.438904
-25.979614
-25.24414
-25.926208
-25.396729
-25.19989
-25.941467
-26.541138
-24.305725
-27.363586
-24.894714
-25.645447
-26.48468
-25.965881
-26.530457
-25.253296
-25.689697
-26.115417
-26.010132
-25.361633
-25.405884
-24.95575
-24.902344
-25.280762
-24.88861
-26.45111
-27.372742
-26.005554
-26.579285
-26.551819
-25.256348
-26.01471
-23.901367
-25.682068
-26.130676
-23.849487
-25.860596
-25.715637
-26.808167
-26.011658
-26.121521
-25.038147
-26.138306
-24.905396
-24.913025
-25.846863
-26.771545
-26.419067
-26.641846
-26.641846
-25.421143
-25.869751
-25.398254
-26.17035
-26.257324
-25.660706
-24.50409
-26.190186
-26.46637
-25.476074
-26.112366
-25.25177
-25.880432
-27.256775
-25.238037
-26.429749
-26.753235
-25.624084
-27.60315
-26.568604
-25.440979
-27.163696
-27.244568
-26.750183
-26.750183
-26.454163
-26.600647
-26.91803
-26.515198
-27.497864
-28.041077
-24.528503
-27.262878
-27.201843
-28.321838
-27.391052
-27.35138
-26.161194
-27.931213
-26.026917
-26.641846
-25.822449
-25.068665
-26.683044
-25.428772
-25.912476
-27.23236
-27.133179
-25.453186
-26.95465
-27.345276
-25.990295
-26.52893
-25.856018
-27.157593
-25.898743
-28.02887
-25.839233
-27.250671
-25.688171
-27.39563
-27.226257
-26.182556
-25.862122
-25.94757
-25.686646
-25.715637
-25.422668
-26.63269
-26.239014
-25.312805
-27.192688
-25.849915
-26.454163
-26.023865
-25.253296
-27.334595
-26.661682
-26.876831
-26.963806
-25.979614
-25.697327
-25.427246
-25.906372
-26.019287
-25.738525
-26.004028
-25.698853
-25.924683
-24.139404
-26.254272
-24.51477
-25.48523
-25.131226
-23.16742
-25.891113
-24.935913
-23.883057
-26.055908
-26.208496
-23.797607
-23.797607
-24.450684
-25.238037
-24.667358
-24.090576
-24.258423
-23.82965
-24.414062
-26.383972
-26.911926
-25.445557
-26.165771
-25.390625
-23.71521
-25.848389
-25.00763
-24.621582
-23.628235
-24.882507
-24.568176
-26.45874
-25.312805
-24.943542
-25.624084
-25.1297
-25.856018
-24.069214
-23.606873
-23.820496
-23.509216
-22.265625
-23.54889
-22.666931
-21.525574
-22.253418
-22.727966
-23.06366
-22.721863
-21.775818
-23.381042
-21.916199
-22.117615
-22.514343
-22.988892
-23.078918
-22.647095
-21.124268
-21.942139
-22.402954
-22.640991
-22.227478
-22.383118
-20.881653
-20.697021
-23.608398
-21.864319
-23.49701
-24.363708
-22.84851
-23.713684
-23.078918
-22.16034
-22.665405
-22.869873
-23.448181
-21.894836
-22.122192
-22.805786
-21.894836
-23.365784
-23.536682
-22.332764
-24.656677
-22.601318
-22.59674
-21.09375
-21.147156
-21.147156
-22.575378
-23.61145
-22.601318
-22.21222
-22.987366
-25.274658
-22.668457
-25.946045
-24.829102
-24.92981
-22.50061
-24.51477
-23.606873
-22.302246
-22.32666
-22.940063
-21.240234
-22.720337
-21.098328
-21.264648
-21.798706
-21.577454
-20.762634
-19.883728
-20.838928
-20.521545
-22.364807
-20.93811
-23.472595
-22.425842
-20.742798
-22.465515
-23.71521
-21.32721
-22.28241
-23.062134
-22.631836
-23.872375
-24.589539
-24.420166
-24.864197
-25.286865
-25.030518
-25.13733
-24.987793
-26.069641
-25.907898
-24.427795
-25.115967
-25.52948
-24.098206
-23.55957
-26.008606
-25.100708
-24.7818
-24.263
-23.70758
-23.316956
-23.484802
-22.612
-22.520447
-23.64502
-21.585083
-24.606323
-24.440002
-24.101257
-23.692322
-23.571777
-23.135376
-22.825623
-24.429321
-24.342346
-25.090027
-24.281311
-23.086548
-23.704529
-23.704529
-23.704529
-24.119568
-25.775146
-23.562622
-24.331665
-25.836182
-24.900818
-26.45111
-27.209473
-24.913025
-25.98877
-25.090027
-26.794434
-26.92566
-26.583862
-25.869751
-28.041077
-26.705933
-26.608276
-25.785828
-25.775146
-27.589417
-26.661682
-26.577759
-25.527954
-26.460266
-26.351929
-25.83313
-25.598145
-25.567627
-26.499939
-25.068665
-25.645447
-24.511719
-27.160645
-24.777222
-27.194214
-25.99945
-26.060486
-24.946594
-26.271057
-25.717163
-25.302124
-26.12915
-25.970459
-26.403809
-24.450684
-23.55194
-24.913025
-23.634338
-24.206543
-24.874878
-23.283386
-25.933838
-24.162292
-25.357056
-26.004028
-23.61145
-25.131226
-24.467468
-24.029541
-24.763489
-24.717712
-24.342346
-24.47815
-25.75531
-26.560974
-25.509644
-26.435852
-25.828552
-25.642395
-26.274109
-26.38092
-25.909424
-25.196838
-26.525879
-26.525879
-26.525879
-26.992798
-27.278137
-28.256226
-25.624084
-26.454163
-26.72882
-27.09961
-26.69983
-27.584839
-26.467896
-27.137756
-27.146912
-25.369263
-27.264404
-27.26593
-25.07782
-26.14746
-25.064087
-26.184082
-26.197815
-25.683594
-25.090027
-26.84021
-25.842285
-24.369812
-27.22931
-24.632263
-25.387573
-24.624634
-25.030518
-22.898865
-26.385498
-25.120544
-25.570679
-25.846863
-25.224304
-25.094604
-27.159119
-26.509094
-27.278137
-26.527405
-26.643372
-26.49231
-25.720215
-26.489258
-27.055359
-27.104187
-26.42517
-28.160095
-28.219604
-27.323914
-27.053833
-28.269958
-28.926086
-29.36554
-28.031921
-27.365112
-27.95105
-29.507446
-29.13208
-28.356934
-27.45819
-27.534485
-27.496338
-27.48108
-26.94397
-27.819824
-27.488708
-28.088379
-27.46582
-26.335144
-27.659607
-26.341248
-27.378845
-26.634216
-27.383423
-27.383423
-28.411865
-28.993225
-28.515625
-28.622437
-29.244995
-28.19519
-28.573608
-26.9104
-28.962708
-26.838684
-29.167175
-28.588867
-27.989197
-28.213501
-28.723145
-28.135681
-28.144836
-28.762817
-28.91388
-29.536438
-28.997803
-27.11792
-26.741028
-26.843262
-28.392029
-27.522278
-27.43988
-29.214478
-28.411865
-28.910828
-27.404785
-26.818848
-27.801514
-27.51007
-26.167297
-28.153992
-27.644348
-26.757812
-27.584839
-26.966858
-26.875305
-25.790405
-27.851868
-25.756836
-25.956726
-26.463318
-24.543762
-26.515198
-24.583435
-25.314331
-25.234985
-25.134277
-24.40033
-26.631165
-25.984192
-24.742126
-25.596619
-25.442505
-27.08435
-25.622559
-27.684021
-26.530457
-25.75531
-26.182556
-28.36914
-25.798035
-26.567078
-27.11792
-27.104187
-24.334717
-23.440552
-25.186157
-25.805664
-25.6958
-24.798584
-24.247742
-24.247742
-26.651001
-25.32196
-24.327087
-25.364685
-25.656128
-25.019836
-25.445557
-26.13678
-25.778198
-25.141907
-25.839233
-25.294495
-22.973633
-23.016357
-22.96753
-20.73059
-23.075867
-23.374939
-23.094177
-23.03772
-22.419739
-20.542908
-23.951721
-23.150635
-22.566223
-23.635864
-23.196411
-24.342346
-22.906494
-22.784424
-24.35608
-23.706055
-23.757935
-23.39325
-22.213745
-22.512817
-23.348999
-24.353027
-22.587585
-22.895813
-23.0484
-22.90802
-23.562622
-21.566772
-22.868347
-22.90039
-22.17865
-22.930908
-22.8302
-22.653198
-23.094177
-23.887634
-23.954773
-22.187805
-22.987366
-22.172546
-22.195435
-20.812988
-22.08252
-23.61145
-22.668457
-22.953796
-23.503113
-20.709229
-21.50116
-20.770264
-20.81604
-19.62738
-21.669006
-21.354675
-21.64154
-21.150208
-23.031616
-20.903015
-22.62268
-21.253967
-21.253967
-21.253967
-21.572876
-22.325134
-22.28241
-22.581482
-20.574951
-22.312927
-22.831726
-23.6969
-25.204468
-23.980713
-24.429321
-25.036621
-25.89264
-25.39215
-23.609924
-25.735474
-23.164368
-23.704529
-22.810364
-24.224854
-22.76764
-23.54889
-23.399353
-21.203613
-23.461914
-23.207092
-22.003174
-21.95282
-21.359253
-21.595764
-21.305847
-20.413208
-20.858765
-20.568848
-20.527649
-18.88733
-20.077515
-18.989563
-19.702148
-19.006348
-20.233154
-19.068909
-17.22107
-15.940857
-15.6814575
-17.42096
-17.98706
-18.69812
-18.618774
-18.200684
-18.591309
-18.771362
-18.90564
-17.84668
-20.220947
-17.448425
-19.224548
-19.282532
-18.649292
-20.08667
-20.465088
-17.282104
-18.83545
-18.86444
-20.178223
-18.972778
-18.762207
-20.477295
-19.241333
-19.519043
-19.952393
-19.146729
-20.697021
-20.870972
-20.254517
-20.254517
-20.254517
-19.354248
-19.454956
-21.09375
-19.967651
-19.573975
-20.812988
-20.657349
-20.289612
-20.155334
-19.186401
-20.115662
-18.551636
-20.326233
-21.296692
-20.542908
-18.780518
-18.763733
-19.560242
-20.085144
-20.271301
-19.792175
-20.96405
-20.664978
-18.696594
-20.532227
-20.86029
-19.430542
-21.228027
-19.654846
-21.969604
-20.826721
-19.604492
-21.11206
-21.859741
-23.005676
-21.237183
-22.04895
-22.717285
-21.182251
-21.86737
-22.213745
-21.261597
-21.731567
-22.494507
-21.862793
-23.623657
-22.5708
-22.071838
-21.957397
-22.676086
-23.246765
-24.31488
-22.602844
-23.197937
-24.963379
-22.557068
-24.058533
-24.577332
-23.986816
-24.987793
-24.520874
-24.536133
-24.534607
-26.145935
-24.847412
-25.178528
-24.77417
-24.809265
-25.660706
-24.945068
-26.31836
-26.423645
-27.931213
-26.861572
-27.55127
-27.55127
-27.55127
-25.630188
-27.685547
-27.581787
-28.271484
-26.661682
-29.580688
-29.406738
-27.589417
-27.653503
-28.67279
-29.988098
-28.8208
-30.307007
-29.762268
-31.089783
-30.775452
-28.153992
-28.108215
-29.881287
-30.761719
-28.289795
-28.337097
-31.399536
-29.80957
-29.62799
-29.553223
-30.680847
-29.447937
-28.121948
-27.825928
-28.842163
-29.371643
-28.179932
-28.135681
-26.77002
-27.624512
-28.141785
-28.196716
-26.652527
-29.446411
-27.539062
-26.454163
-27.101135
-27.259827
-27.137756
-26.026917
-26.390076
-25.587463
-25.58136
-26.472473
-24.790955
-24.510193
-22.831726
-25.154114
-25.878906
-24.34082
-25.067139
-24.72229
-22.790527
-22.929382
-21.937561
-22.90802
-22.425842
-22.593689
-22.407532
-22.650146
-21.302795
-20.780945
-18.84613
-21.6568
-20.527649
-19.511414
-18.736267
-20.321655
-19.274902
-17.829895
-17.829895
-17.356873
-17.060852
-17.185974
-16.578674
-15.486145
-16.297913
-15.058899
-14.7491455
-14.149475
-15.757751
-14.167786
-13.200378
-13.638306
-12.434387
-13.168335
-12.452698
-12.533569
-11.148071
-11.264038
-10.848999
-9.725952
-10.256958
-8.573914
-9.420776
-7.8079224
-8.232117
-8.708191
-6.550598
-5.0079346
-5.9280396
-4.602051
-4.8446655
-2.0614624
-5.090332
-4.1641235
-4.095459
-3.1051636
-3.2852173
-3.0899048
-1.8783569
-1.2588501
-1.0192871
-1.940918
0.592041
-2.2506714
0.24414062
-0.0061035156
1.1962891
0.5767822
1.435852
2.0706177
2.5665283
2.784729
2.9647827
5.8181763
2.885437
4.9072266
5.3604126
5.3253174
5.3848267
7.235718
6.8496704
5.6900024
5.369568
7.3379517
5.731201
6.8878174
7.6675415
7.2158813
7.637024
8.868408
5.659485
7.293701
6.713867
7.2875977
8.093262
8.093262
7.269287
7.6660156
9.465027
8.149719
8.815002
9.411621
9.004211
8.987427
9.631348
9.449768
9.913635
8.773804
8.352661
7.58667
9.457397
8.308411
9.355164
8.842468
9.864807
8.06427
9.568787
9.768677
7.5820923
7.9177856
9.162903
7.8933716
8.648682
9.483337
7.5668335
7.420349
8.184814
7.119751
7.9452515
9.054565
8.154297
8.834839
7.8964233
7.1487427
7.054138
8.123779
7.058716
8.004761
7.6293945
6.8222046
5.9692383
6.642151
6.3674927
7.104492
8.189392
7.397461
4.737854
5.8670044
5.66864
7.5317383
5.6869507
6.5063477
5.7525635
6.0272217
7.4813843
5.2856445
5.7174683
5.6991577
6.5963745
5.0445557
6.4956665
7.4310303
7.10907
5.130005
6.5444946
6.6345215
6.0409546
6.260681
6.2942505
6.4987183
6.3415527
6.4590454
7.359314
7.359314
6.756592
7.2372437
7.485962
7.3654175
6.744385
7.185364
6.752014
8.349609
8.291626
8.047485
8.071899
8.203125
8.607483
8.093262
8.998108
9.295654
10.090637
10.743713
10.939026
8.87146
8.441162
10.0112915
9.498596
9.602356
9.458923
7.913208
11.135864
11.535645
10.662842
10.33783
9.420776
10.777283
11.100769
8.613586
10.748291
10.197449
10.888672
9.301758
10.295105
10.940552
10.844421
12.071228
12.522888
11.790466
11.759949
11.427307
10.446167
10.791016
11.433411
9.391785
11.965942
12.7960205
12.963867
13.798523
14.329529
12.866211
13.624573
13.166809
12.9776
13.46283
12.815857
12.87384
12.600708
12.245178
14.352417
11.79657
13.722229
11.7248535
11.395264
12.954712
11.083984
11.853027
11.755371
12.59613
12.094116
10.91156
12.710571
12.710571
11.976624
11.94458
13.241577
12.591553
10.3302
12.063599
11.997986
11.013794
10.180664
10.357666
11.158752
10.377502
8.642578
10.450745
10.295105
10.386658
9.358215
9.336853
10.076904
10.06012
8.885193
10.687256
8.706665
9.265137
8.647156
6.829834
8.56781
9.274292
8.013916
7.5042725
8.221436
6.27594
7.182312
6.6818237
6.7977905
5.293274
6.390381
6.764221
5.352783
5.227661
4.51355
3.9123535
3.3233643
3.7261963
5.1208496
2.9174805
3.1280518
3.9215088
2.3254395
3.7139893
3.9779663
1.7028809
1.7150879
1.3000488
4.7348022
1.6662598
2.3101807
0.8804321
1.600647
2.7923584
2.848816
0.41503906
1.9805908
-0.048828125
1.2619019
0.5569458
1.2054443
0.48828125
-0.32043457
-0.7217407
-1.5136719
-0.982666
-1.3885498
-1.5930176
-1.6998291
-1.6998291
-1.6998291
-2.4551392
-2.3712158
-3.2989502
-2.230835
-3.3233643
-2.3529053
-3.1585693
-2.5848389
-2.748108
-2.229309
-1.5228271
-1.1444092
-0.93536377
-1.1795044
-1.7089844
-2.8289795
-1.7227173
-0.95977783
-1.8661499
-2.0217896
-1.5640259
-3.4713745
-1.7684937
-2.6016235
-3.4255981
-2.8411865
-2.0339966
-4.234314
-2.4627686
-3.4423828
-4.940796
-3.1402588
-3.5751343
-3.6224365
-3.8619995
-3.1143188
-4.234314
-4.3777466
-3.352356
-4.8217773
-3.9352417
-4.6829224
-4.194641
-3.9260864
-5.596924
-4.3563843
-5.4718018
-4.071045
-6.958008
-5.4397583
-6.6207886
-5.795288
-6.184387
-6.3461304
-4.2495728
-6.3323975
-6.326294
-6.466675
-6.6085815
-5.8685303
-5.848694
-5.683899
-3.9993286
-5.3726196
-4.7073364
-3.1051636
-5.4229736
-4.916382
-5.303955
-3.68042
-4.4265747
-2.2323608
-2.8137207
-2.9434204
-2.949524
-2.949524
-2.949524
-2.293396
-2.8564453
-3.0090332
-2.1881104
-3.7063599
-2.922058
-4.9453735
-3.477478
-4.1030884
-2.87323
-2.8259277
-2.507019
-2.659607
-4.547119
-4.2419434
-3.805542
-5.0354004
-1.8783569
-3.7338257
-3.2150269
-4.9057007
-3.894043
-4.6081543
-4.4021606
-3.312683
-4.5074463
-4.571533
-4.5166016
-5.580139
-7.0861816
-6.1676025
-5.8273315
-3.4927368
-5.99823
-6.1050415
-5.949402
-6.9335938
-4.533386
-4.3914795
-6.7001343
-6.0195923
-4.9575806
-6.1691284
-6.6497803
-5.163574
-7.89032
-6.3842773
-7.270813
-7.61261
-7.6065063
-8.779907
-7.847595
-8.544922
-9.44519
-11.680603
-10.258484
-9.672546
-9.342957
-10.658264
-10.093689
-9.533691
-9.927368
-10.392761
-10.768127
-10.693359
-10.386658
-11.148071
-11.567688
-11.4227295
-11.451721
-11.239624
-11.349487
-12.139893
-11.767578
-12.191772
-12.191772
-12.191772
-13.319397
-13.160706
-12.75177
-14.15863
-14.146423
-15.338135
-14.857483
-15.785217
-16.226196
-16.308594
-17.20581
-16.764832
-17.721558
-17.111206
-17.85736
-17.552185
-17.555237
-19.151306
-20.425415
-20.098877
-22.105408
-21.165466
-22.363281
-20.4422
-21.182251
-21.594238
-21.328735
-21.54541
-21.56372
-22.090149
-22.956848
-23.431396
-21.995544
-24.525452
-24.360657
-25.088501
-23.942566
-25.169373
-24.336243
-24.440002
-26.577759
-24.473572
-26.54419
-26.13678
-26.397705
-25.939941
-26.687622
-26.559448
-27.220154
-27.915955
-28.23639
-28.408813
-27.935791
-27.947998
-29.04663
-29.449463
-30.35736
-29.560852
-31.36139
-28.21045
-30.86853
-28.372192
-31.011963
-30.674744
-32.714844
-32.546997
-32.4646
-33.56476
-32.669067
-31.741333
-32.37915
-33.662415
-33.876038
-34.049988
-33.929443
-33.929443
-33.929443
-35.949707
-36.48987
-35.110474
-35.5896
-33.61664
-35.74066
-36.30829
-36.95984
-36.219788
-36.40747
-36.645508
-33.467102
-35.65979
-35.74524
-35.5896
-34.835815
-36.976624
-36.738586
-38.59558
-39.497375
-38.957214
-38.526917
-38.778687
-37.1933
-39.161682
-39.320374
-39.17389
-37.582397
-37.78076
-37.583923
-36.383057
-38.072205
-38.012695
-38.83972
-36.776733
-37.109375
-36.81183
-37.21924
-38.03711
-39.28528
-38.32245
-37.989807
-38.490295
-39.237976
-39.31427
-39.312744
-39.916992
-39.553833
-39.42566
-38.311768
-37.097168
-39.4104
-38.090515
-39.871216
-39.260864
-39.93225
-39.471436
-39.222717
-38.726807
-39.639282
-37.95166
-38.08441
-39.413452
-38.505554
-38.61847
-38.853455
-38.874817
-37.823486
-39.108276
-38.539124
-36.18927
-35.68878
-36.219788
-36.561584
-35.98633
-35.98633
-35.98633
-36.997986
-35.772705
-37.208557
-36.479187
-35.731506
-35.24475
-34.503174
-34.631348
-34.432983
-33.39386
-33.77838
-32.55768
-33.13141
-32.354736
-32.85675
-33.650208
-33.276367
-33.288574
-30.781555
-31.538391
-31.451416
-31.481934
-32.366943
-32.97119
-31.278992
-31.57196
-30.734253
-32.28607
-29.219055
-29.411316
-30.467224
-28.181458
-29.267883
-29.145813
-29.66156
-29.01764
-28.9917
-26.89972
-27.650452
-27.47345
-27.635193
-26.473999
-26.861572
-27.79541
-26.844788
-26.831055
-27.450562
-25.312805
-25.16632
-25.822449
-25.222778
-24.394226
-22.702026
-25.128174
-23.8266
-22.683716
-22.419739
-22.80426
-23.094177
-23.008728
-22.065735
-22.914124
-20.80841
-20.59784
-21.412659
-21.372986
-21.577454
-21.11206
-20.803833
-19.052124
-19.247437
-19.561768
-17.442322
-18.5318
-19.999695
-19.999695
-19.999695
-18.466187
-17.512512
-17.211914
-18.707275
-19.015503
-17.219543
-19.891357
-18.171692
-18.247986
-17.704773
-17.678833
-18.449402
-16.889954
-17.23175
-16.603088
-17.95044
-17.163086
-16.670227
-16.755676
-15.6692505
-16.56189
-17.338562
-17.167664
-17.384338
-18.392944
-17.341614
-16.571045
-17.199707
-19.622803
-17.47284
-17.897034
-18.379211
-17.588806
-18.261719
-18.025208
-19.163513
-20.19806
-19.111633
-17.996216
-18.772888
-17.280579
-18.54248
-17.988586
-17.887878
-17.521667
-16.242981
-17.96112
-17.49115
-17.388916
-17.799377
-18.127441
-19.815063
-20.295715
-18.151855
-20.140076
-18.322754
-20.535278
-21.325684
-21.427917
-22.174072
-21.005249
-23.449707
-21.975708
-21.282959
-21.57135
-21.870422
-20.898438
-21.162415
-21.636963
-21.125793
-23.408508
-20.767212
-21.531677
-21.644592
-21.524048
-21.524048
-21.524048
-22.016907
-23.902893
-23.246765
-23.808289
-23.028564
-24.697876
-23.21167
-23.912048
-24.235535
-25.080872
-23.513794
-24.583435
-24.554443
-24.589539
-24.85199
-23.423767
-24.171448
-23.945618
-23.12622
-22.97821
-24.87793
-22.93396
-23.971558
-24.459839
-24.201965
-23.069763
-23.448181
-23.28949
-24.482727
-25.434875
-24.189758
-24.583435
-22.892761
-24.707031
-24.954224
-24.334717
-24.545288
-26.152039
-26.176453
-25.274658
-24.194336
-25.419617
-24.258423
-24.784851
-25.549316
-28.335571
-26.774597
-26.269531
-26.766968
-26.168823
-25.358582
-26.921082
-26.126099
-26.475525
-27.684021
-26.751709
-25.698853
-27.40326
-27.038574
-26.722717
-25.627136
-28.404236
-25.343323
-25.912476
-26.957703
-26.229858
-25.491333
-26.687622
-26.382446
-26.824951
-27.40326
-25.14801
-25.297546
-25.494385
-26.367188
-26.367188
-26.367188
-24.917603
-26.84021
-25.457764
-27.160645
-26.953125
-27.420044
-27.114868
-27.96936
-27.008057
-28.75061
-31.581116
-29.859924
-29.24347
-30.603027
-30.66101
-29.99878
-30.256653
-30.307007
-29.951477
-29.38385
-30.319214
-30.633545
-27.96936
-30.854797
-29.803467
-29.190063
-27.923584
-27.194214
-27.600098
-27.920532
-27.903748
-28.541565
-27.166748
-26.786804
-28.42102
-26.654053
-26.896667
-27.20337
-29.728699
-29.28009
-27.983093
-28.720093
-27.127075
-25.637817
-28.608704
-26.972961
-26.704407
-27.000427
-27.748108
-28.535461
-27.578735
-27.003479
-27.546692
-28.9917
-27.650452
-28.23944
-28.996277
-28.205872
-29.109192
-28.414917
-29.093933
-26.78833
-29.170227
-28.277588
-30.223083
-28.430176
-29.902649
-28.469849
-30.213928
-29.01764
-29.338074
-30.0766
-29.855347
-30.493164
-28.752136
-29.446411
-29.446411
-29.702759
-30.143738
-29.359436
-27.870178
-28.88794
-28.393555
-28.269958
-28.890991
-29.025269
-28.39508
-27.66571
-29.025269
-28.260803
-28.44696
-27.737427
-28.303528
-28.153992
-28.665161
-29.75769
-28.703308
-29.728699
-28.367615
-28.3432
-29.866028
-27.949524
-30.89447
-29.322815
-31.007385
-29.058838
-30.607605
-29.792786
-30.592346
-29.490662
-30.110168
-30.726624
-29.02069
-30.540466
-30.508423
-30.088806
-30.119324
-30.288696
-30.68695
-29.354858
-31.568909
-29.457092
-30.822754
-31.06842
-30.59845
-29.59137
-30.711365
-31.048584
-30.181885
-29.356384
-29.490662
-29.872131
-30.10254
-30.892944
-29.492188
-29.902649
-30.133057
-30.325317
-29.870605
-30.297852
-30.197144
-30.83496
-29.286194
-30.813599
-28.523254
-28.501892
-29.84314
-29.685974
-28.797913
-30.178833
-29.924011
-31.610107
-29.51355
-29.51355
-29.51355
-30.853271
-27.955627
-27.857971
-29.470825
-29.252625
-28.71399
-29.190063
-30.099487
-28.903198
-27.96936
-28.04718
-30.06134
-31.144714
-30.375671
-29.71344
-29.750061
-29.24347
-31.547546
-28.997803
-30.587769
-30.853271
-30.412292
-30.459595
-32.556152
-30.400085
-31.167603
-30.429077
-29.83551
-30.374146
-30.45044
-31.869507
-30.310059
-29.901123
-29.888916
-28.76892
-29.412842
-28.945923
-28.604126
-29.846191
-28.692627
-28.645325
-27.095032
-27.360535
-28.15857
-28.42865
-28.263855
-28.44696
-29.55017
-30.374146
-29.281616
-29.251099
-29.2984
-29.501343
-29.133606
-28.968811
-29.110718
-29.15802
-30.400085
-30.375671
-31.3797
-29.185486
-29.170227
-31.30951
-32.69806
-30.563354
-31.913757
-28.985596
-27.63977
-27.857971
-28.549194
-28.433228
-28.546143
-31.704712
-28.894043
-30.647278
-30.647278
-30.647278
-29.624939
-28.453064
-29.66156
-29.362488
-28.153992
-27.368164
-29.922485
-28.103638
-26.878357
-27.6474
-27.845764
-25.990295
-27.696228
-27.66571
-26.342773
-25.985718
-25.105286
-23.956299
-26.019287
-24.571228
-24.763489
-25.500488
-23.828125
-26.11084
-25.340271
-26.66626
-26.97754
-25.92163
-26.394653
-26.055908
-27.008057
-25.938416
-26.713562
-25.230408
-27.416992
-24.798584
-26.159668
-27.398682
-26.335144
-27.14386
-28.009033
-27.745056
-25.326538
-27.827454
-25.630188
-27.459717
-28.500366
-27.557373
-26.972961
-25.856018
-25.917053
-26.278687
-26.069641
-24.900818
-23.698425
-24.516296
-25.549316
-24.057007
-24.81842
-23.899841
-22.758484
-22.784424
-22.982788
-23.016357
-22.911072
-23.835754
-21.466064
-20.857239
-21.559143
-22.511292
-22.206116
-21.081543
-21.835327
-20.848083
-20.892334
-20.892334
-20.892334
-21.040344
-22.146606
-20.960999
-21.520996
-21.339417
-22.599792
-21.876526
-21.662903
-20.899963
-21.492004
-21.86737
-21.742249
-21.80481
-21.757507
-20.67871
-21.873474
-21.76361
-19.276428
-19.969177
-22.019958
-22.599792
-23.168945
-21.025085
-20.262146
-20.315552
-20.455933
-20.628357
-20.883179
-21.212769
-20.256042
-22.143555
-20.811462
-18.261719
-19.015503
-21.133423
-19.218445
-19.224548
-18.388367
-19.160461
-18.475342
-19.096375
-18.078613
-19.192505
-18.800354
-18.03894
-16.593933
-18.75
-17.933655
-18.893433
-17.37976
-18.804932
-19.654846
-17.442322
-19.406128
-18.991089
-19.273376
-18.511963
-16.874695
-17.49878
-19.059753
-17.72461
-18.647766
-17.8833
-20.040894
-19.6167
-20.436096
-21.440125
-21.50879
-22.003174
-21.673584
-19.503784
-20.141602
-20.455933
-19.75708
-19.384766
-19.384766
-19.384766
-21.040344
-19.444275
-19.535828
-19.778442
-18.183899
-19.096375
-17.578125
-18.112183
-18.389893
-16.104126
-17.962646
-18.244934
-17.411804
-16.700745
-16.854858
-14.8376465
-15.531921
-16.673279
-17.713928
-16.101074
-17.648315
-16.529846
-18.481445
-19.096375
-16.590881
-19.624329
-16.91742
-17.338562
-17.218018
-16.586304
-18.537903
-17.182922
-16.575623
-17.376709
-16.593933
-17.280579
-16.288757
-17.63153
-15.548706
-17.175293
-16.992188
-16.488647
-15.718079
-15.699768
-16.473389
-16.827393
-15.686035
-17.041016
-15.661621
-17.953491
-17.701721
-18.669128
-16.841125
-18.649292
-19.137573
-17.634583
-19.285583
-19.856262
-20.404053
-20.83435
-22.247314
-21.37909
-22.210693
-21.176147
-22.688293
-21.191406
-21.71936
-18.107605
-19.837952
-21.369934
-19.38324
-21.516418
-20.939636
-22.053528
-19.804382
-18.437195
-17.826843
-17.826843
-19.059753
-19.335938
-19.496155
-20.045471
-19.755554
-17.703247
-18.534851
-17.459106
-18.41278
-19.346619
-21.360779
-18.713379
-18.995667
-18.325806
-20.59784
-20.030212
-20.724487
-19.639587
-19.932556
-19.796753
-19.747925
-19.062805
-19.189453
-19.180298
-19.158936
-18.540955
-19.161987
-17.608643
-18.814087
-18.99414
-17.437744
-17.408752
-16.941833
-18.269348
-18.318176
-17.533875
-15.382385
-16.09497
-15.963745
-16.210938
-16.259766
-16.845703
-16.809082
-16.099548
-16.116333
-16.90979
-16.711426
-16.098022
-15.661621
-15.911865
-15.484619
-13.343811
-15.6311035
-17.61322
-18.426514
-17.910767
-17.172241
-18.258667
-17.889404
-17.376709
-17.82074
-16.841125
-17.344666
-17.652893
-16.65802
-17.28363
-17.189026
-17.744446
-18.22052
-18.423462
-17.224121
-18.00232
-17.623901
-17.492676
-17.492676
-17.492676
-16.966248
-18.97583
-18.267822
-19.747925
-18.701172
-17.477417
-19.177246
-18.759155
-16.958618
-17.144775
-15.777588
-15.74707
-15.666199
-15.815735
-17.318726
-16.970825
-15.370178
-16.119385
-16.029358
-15.730286
-15.44342
-15.950012
-16.645813
-17.29889
-16.230774
-15.266418
-15.789795
-17.402649
-18.063354
-17.651367
-15.708923
-16.54358
-16.229248
-17.597961
-16.256714
-17.46521
-17.76123
-17.294312
-18.009949
-16.697693
-19.174194
-17.608643
-18.118286
-17.955017
-18.852234
-18.882751
-17.951965
-19.120789
-18.045044
-19.7052
-20.27893
-18.684387
-18.806458
-18.824768
-17.628479
-18.086243
-17.97638
-17.449951
-17.903137
-18.725586
-17.366028
-17.105103
-16.758728
-17.552185
-17.538452
-16.545105
-16.58783
-16.366577
-17.933655
-18.244934
-16.748047
-16.78009
-16.467285
-17.62085
-15.306091
-15.306091
-15.306091
-17.468262
-16.877747
-18.911743
-18.2724
-19.026184
-19.802856
-17.823792
-17.660522
-20.803833
-19.657898
-20.925903
-19.587708
-18.840027
-20.06073
-18.821716
-19.554138
-21.374512
-21.029663
-20.61615
-19.728088
-20.677185
-21.292114
-21.418762
-21.762085
-21.481323
-22.85614
-22.265625
-21.130371
-21.392822
-20.562744
-22.691345
-22.660828
-22.486877
-20.960999
-22.23053
-22.167969
-20.149231
-21.450806
-22.961426
-21.134949
-20.957947
-22.991943
-22.52655
-21.1792
-22.621155
-22.218323
-21.492004
-21.290588
-22.12677
-21.018982
-21.95282
-21.534729
-20.318604
-22.29309
-20.61615
-22.04895
-21.844482
-21.879578
-21.432495
-20.480347
-19.773865
-20.726013
-19.831848
-20.048523
-21.055603
-19.100952
-19.714355
-21.092224
-19.98291
-20.484924
-20.671082
-20.211792
-20.666504
-21.14563
-22.026062
-20.991516
-20.991516
-19.689941
-22.227478
-20.765686
-19.917297
-20.976257
-19.1391
-19.075012
-21.192932
-20.391846
-18.772888
-19.80896
-20.573425
-18.80188
-19.239807
-19.898987
-19.14978
-17.173767
-17.985535
-17.344666
-18.966675
-19.0979
-20.52002
-19.100952
-20.50476
-20.611572
-19.177246
-18.110657
-17.411804
-19.042969
-17.100525
-18.937683
-19.184875
-20.167542
-19.3573
-20.768738
-18.159485
-19.699097
-17.770386
-18.217468
-19.36493
-18.159485
-19.955444
-17.45758
-19.77539
-18.545532
-18.811035
-17.767334
-17.770386
-17.55066
-18.734741
-18.476868
-18.811035
-19.036865
-17.541504
-19.674683
-17.355347
-18.023682
-18.130493
-17.407227
-16.061401
-19.104004
-17.456055
-16.18042
-17.552185
-17.260742
-17.240906
-16.08429
-17.29889
-17.208862
-18.26477
-16.046143
-15.927124
-17.607117
-18.066406
-16.558838
-17.329407
-17.329407
-17.097473
-14.730835
-15.124512
-16.070557
-15.878296
-16.635132
-16.05835
-16.004944
-18.515015
-16.940308
-15.966797
-16.123962
-16.052246
-18.458557
-16.107178
-15.396118
-16.725159
-18.605042
-17.320251
-17.29889
-17.58728
-16.560364
-17.608643
-18.25409
-17.004395
-16.104126
-16.874695
-18.193054
-17.259216
-18.45398
-17.745972
-17.028809
-17.791748
-17.590332
-17.314148
-15.510559
-17.010498
-16.635132
-15.888977
-17.385864
-16.69159
-15.409851
-15.515137
-16.035461
-16.06903
-14.543152
-17.079163
-16.799927
-18.130493
-16.137695
-17.704773
-15.55481
-16.66565
-14.085388
-15.90271
-16.004944
-15.911865
-16.19873
-17.172241
-16.28418
-16.85791
-18.617249
-16.989136
-16.366577
-16.394043
-16.29486
-15.46936
-16.177368
-14.465332
-16.08429
-16.566467
-16.11023
-17.478943
-16.629028
-16.877747
-16.551208
-16.551208
-16.551208
-17.762756
-15.760803
-17.018127
-17.33551
-17.572021
-15.155029
-16.828918
-18.122864
-15.205383
-17.747498
-16.270447
-16.618347
-17.478943
-16.789246
-16.090393
-17.829895
-17.729187
-16.9693
-17.00592
-18.537903
-17.266846
-17.015076
-18.235779
-14.797974
-16.921997
-16.267395
-16.926575
-16.061401
-16.0141
-14.3585205
-15.615845
-15.9210205
-17.85736
-16.98761
-16.932678
-17.878723
-17.434692
-18.196106
-17.4057
-18.28003
-18.144226
-17.904663
-18.589783
-18.533325
-18.261719
-18.22815
-17.503357
-17.478943
-18.281555
-19.184875
-19.915771
-17.521667
-20.025635
-19.586182
-18.769836
-19.845581
-17.74292
-16.4917
-18.4906
-16.976929
-16.815186
-18.125916
-17.338562
-17.41333
-18.817139
-17.69867
-17.54303
-18.804932
-18.125916
-16.201782
-16.055298
-15.759277
-18.022156
-17.329407
-14.962769
-14.962769
-14.962769
-14.317322
-14.311218
-15.077209
-15.309143
-15.901184
-15.391541
-16.108704
-15.254211
-16.461182
-13.893127
-15.489197
-16.075134
-16.25061
-16.357422
-16.093445
-18.159485
-16.941833
-18.363953
-17.539978
-16.108704
-18.405151
-16.19873
-18.070984
-16.17279
-16.2323
-18.035889
-17.034912
-17.645264
-16.51001
-15.856934
-17.703247
-18.000793
-16.8396
-18.11676
-18.30597
-18.200684
-18.769836
-16.976929
-16.900635
-16.78009
-16.444397
-15.408325
-17.234802
-16.706848
-18.101501
-16.168213
-17.503357
-15.875244
-14.929199
-14.193726
-13.531494
-15.032959
-14.311218
-15.364075
-13.1073
-13.163757
-15.675354
-13.124084
-13.601685
-14.511108
-13.798523
-15.332031
-16.085815
-15.000916
-16.149902
-15.301514
-15.744019
-16.044617
-16.867065
-15.783691
-15.402222
-16.079712
-13.900757
-16.210938
-15.72876
-14.363098
-14.289856
-15.093994
-15.093994
-13.739014
-14.324951
-14.331055
-13.783264
-16.596985
-14.102173
-14.277649
-15.815735
-14.151001
-14.868164
-14.318848
-15.661621
-14.581299
-14.884949
-14.193726
-13.735962
-15.666199
-14.320374
-13.842773
-14.231873
-13.552856
-14.956665
-13.40332
-12.321472
-12.149048
-12.332153
-13.720703
-13.705444
-12.017822
-12.364197
-13.90686
-12.705994
-13.002014
-10.838318
-10.838318
-11.521912
-11.978149
-13.172913
-13.952637
-12.425232
-11.468506
-12.159729
-12.0651245
-11.671448
-12.329102
-13.543701
-12.257385
-12.32605
-12.983704
-12.80365
-13.3758545
-15.689087
-13.891602
-13.568115
-14.930725
-14.877319
-14.508057
-13.711548
-13.537598
-13.700867
-14.556885
-13.671875
-14.129639
-12.765503
-14.242554
-13.473511
-13.317871
-12.12616
-13.825989
-12.789917
-13.372803
-15.0390625
-13.540649
-15.057373
-15.057373
-15.057373
-13.726807
-14.99176
-14.4592285
-14.99176
-15.1779175
-14.985657
-14.231873
-14.729309
-13.60321
-14.707947
-15.760803
-13.864136
-14.810181
-15.396118
-15.82489
-15.383911
-16.905212
-15.084839
-16.091919
-14.770508
-15.46936
-15.463257
-15.997314
-14.6484375
-15.609741
-15.084839
-15.484619
-14.712524
-15.2404785
-14.712524
-14.785767
-14.660645
-15.890503
-13.621521
-16.342163
-14.691162
-14.076233
-15.354919
-15.533447
-16.012573
-15.583801
-15.261841
-15.394592
-14.77356
-14.480591
-16.998291
-17.190552
-15.567017
-14.691162
-15.176392
-16.99524
-16.191101
-14.77356
-14.77356
-14.918518
-15.46936
-16.171265
-16.201782
-15.52124
-15.423584
-16.003418
-14.672852
-13.922119
-15.234375
-15.420532
-16.055298
-16.859436
-15.979004
-15.109253
-16.323853
-17.158508
-14.526367
-16.644287
-16.934204
-15.411377
-16.140747
-16.140747
-15.246582
-15.995789
-14.657593
-17.10205
-14.811707
-15.103149
-14.498901
-15.90271
-14.826965
-15.588379
-15.167236
-14.103699
-15.872192
-15.124512
-16.799927
-16.226196
-15.171814
-14.884949
-15.5807495
-14.909363
-15.179443
-15.187073
-14.08844
-15.171814
-15.1901245
-15.99884
-13.739014
-16.05835
-14.903259
-15.657043
-15.653992
-15.270996
-16.25824
-15.678406
-15.202332
-16.020203
-15.25116
-16.441345
-14.717102
-16.191101
-15.571594
-14.085388
-15.617371
-16.885376
-16.114807
-13.371277
-14.196777
-13.7146
-16.349792
-13.442993
-15.412903
-14.0563965
-14.424133
-16.0141
-14.866638
-15.211487
-12.654114
-14.389038
-14.541626
-14.59198
-14.479065
-16.296387
-14.91394
-13.847351
-14.579773
-15.982056
-15.9210205
-14.691162
-14.909363
-13.792419
-15.612793
-15.156555
-15.197754
-14.831543
-13.919067
-15.361023
-15.361023
-15.361023
-16.697693
-14.602661
-15.318298
-15.910339
-14.533997
-13.879395
-14.561462
-15.57312
-15.26947
-14.035034
-15.9591675
-15.162659
-15.385437
-13.941956
-14.030457
-14.471436
-15.544128
-16.40625
-13.783264
-15.930176
-14.0060425
-13.990784
-15.310669
-14.759827
-14.672852
-13.638306
-13.630676
-13.60321
-14.717102
-13.143921
-13.156128
-12.239075
-13.656616
-14.024353
-12.3550415
-13.018799
-13.12561
-13.595581
-13.945007
-12.991333
-12.809753
-10.826111
-12.339783
-12.136841
-12.1521
-13.505554
-13.293457
-12.269592
-14.280701
-13.560486
-13.005066
-15.153503
-12.419128
-14.6484375
-12.854004
-13.806152
-12.457275
-13.565063
-14.607239
-13.824463
-13.6779785
-13.546753
-14.328003
-14.411926
-13.742065
-14.419556
-14.324951
-14.517212
-14.4470215
-14.630127
-15.04364
-15.087891
-14.352417
-13.574219
-12.817383
-12.817383
-13.818359
-13.885498
-15.313721
-13.104248
-15.454102
-14.309692
-14.379883
-14.46228
-15.840149
-14.622498
-13.839722
-13.961792
-16.055298
-15.162659
-14.328003
-14.300537
-13.693237
-15.896606
-14.715576
-15.483093
-13.5772705
-14.46228
-14.395142
-15.507507
-13.687134
-14.730835
-16.566467
-14.553833
-13.864136
-12.921143
-16.027832
-15.013123
-14.355469
-14.0563965
-13.877869
-15.335083
-15.092468
-14.291382
-13.607788
-14.375305
-13.569641
-14.653015
-12.908936
-14.321899
-14.315796
-13.975525
-15.258789
-13.66272
-14.717102
-15.3793335
-13.201904
-13.48114
-14.604187
-15.284729
-13.807678
-14.372253
-14.5980835
-13.656616
-12.89978
-14.4470215
-14.3966675
-14.013672
-13.761902
-15.492249
-14.437866
-13.920593
-13.954163
-12.889099
-14.543152
-14.810181
-14.0182495
-14.804077
-13.166809
-12.913513
-12.936401
-13.85498
-13.85498
-12.724304
-13.198853
-13.232422
-13.093567
-14.533997
-13.247681
-14.038086
-13.793945
-14.331055
-13.989258
-13.623047
-13.690186
-12.731934
-13.076782
-15.174866
-13.659668
-13.55896
-12.179565
-15.209961
-13.07373
-13.148499
-14.573669
-14.660645
-12.936401
-12.753296
-13.813782
-14.631653
-13.166809
-14.682007
-13.494873
-13.450623
-15.226746
-13.827515
-13.827515
-13.66272
-14.701843
-13.520813
-13.975525
-13.241577
-13.179016
-12.672424
-12.924194
-14.312744
-13.551331
-13.516235
-14.456177
-13.648987
-13.6779785
-13.839722
-13.214111
-13.4552
-13.88092
-13.870239
-13.459778
-14.292908
-15.040588
-13.790894
-12.876892
-14.743042
-13.9175415
-15.04364
-12.1032715
-13.894653
-14.253235
-14.414978
-13.044739
-13.639832
-14.401245
-13.067627
-14.271545
-13.835144
-14.538574
-13.531494
-13.508606
-15.159607
-15.09552
-15.09552
-15.09552
-14.6987915
-15.44342
-14.517212
-13.189697
