-0.34165955
-0.6681671
-0.60105896
-0.35923767
-0.1227417
-0.0796051
-0.25590515
-0.5121002
-0.5983887
-0.5413971
-0.3587036
-0.27775574
-0.35977173
-0.45671082
-0.43115234
-0.48919678
-0.82688904
-1.2338104
-1.1837616
-0.5413971
-0.26976013
-0.25697327
0.040237427
0.44078064
0.6080322
0.31774902
-0.22502136
-0.5701599
-0.8844147
-0.8524475
-0.45671082
0.045562744
0.43759155
0.7188263
0.7315979
0.40029907
-0.046585083
-0.30543518
-0.3134308
-0.16482544
0.12440491
0.48286438
0.73480225
0.73106384
0.5686188
0.366745
0.13505554
-0.19519043
-0.6495209
-1.046341
-1.0564575
-0.7192993
-0.30438232
-0.08067322
-0.17121887
-0.34805298
-0.54725647
-0.6905365
-0.52700806
-0.08013916
0.31880188
0.45463562
0.39071655
0.31401062
0.26182556
0.17233276
0.0844574
0.13452148
0.27459717
0.41149902
0.51802063
0.5638275
0.5419769
0.5659485
0.589386
0.4716797
0.2021637
0.050369263
0.19204712
0.51960754
0.6351929
0.38058472
-0.095581055
-0.43966675
-0.36402893
-0.015151978
0.2809906
0.34651184
0.27194214
0.13131714
-0.032196045
-0.19519043
-0.33847046
-0.47854614
-0.5957184
-0.58506775
-0.4513855
-0.34326172
-0.33261108
-0.32408142
-0.17175293
0.12919617
0.3624878
0.3433075
0.144104
0.014678955
0.021072388
0.12440491
0.10948181
-0.0987854
-0.4710846
-0.81570435
-0.8471222
-0.48280334
0.004547119
0.29910278
0.32040405
0.21655273
0.09776306
-0.01889038
-0.15524292
-0.2164917
-0.07055664
0.25489807
0.5201416
0.45835876
0.2724762
0.22027588
0.21548462
0.05088806
-0.19252014
-0.23088074
-0.14511108
-0.11529541
-0.23034668
-0.40185547
-0.45510864
-0.32621765
-0.066833496
0.18565369
0.36888123
0.38539124
0.26341248
0.08818054
-0.15470886
-0.4087677
-0.5829468
-0.5493927
-0.33154297
-0.1307373
-0.08760071
-0.23246765
-0.32940674
-0.14405823
0.120147705
0.2532959
0.18991089
0.0029449463
-0.043914795
0.073272705
0.10575867
0.008804321
-0.093444824
-0.23513794
-0.33740234
-0.27722168
-0.037002563
0.19683838
0.26661682
0.16860962
-0.07267761
-0.33154297
-0.5467224
-0.6143646
-0.45777893
-0.11955261
0.29057312
0.55422974
0.55796814
0.2778015
-0.05670166
-0.123291016
-0.004501343
0.0056152344
-0.2798767
-0.5413971
-0.4210205
-0.02368164
0.1313324
-0.06788635
-0.2841339
-0.266037
0.033309937
0.45622253
0.683136
0.6815338
0.6889801
0.6591644
0.46954346
0.025863647
-0.5110321
-0.7267456
-0.603714
-0.2164917
0.18885803
0.34809875
0.2021637
-0.06149292
-0.22395325
-0.21063232
-0.20744324
-0.25590515
-0.2399292
-0.07002258
0.06687927
-0.09718323
-0.44180298
-0.63087463
-0.5259552
-0.19146729
0.17553711
0.34651184
0.33000183
0.24797058
0.14729309
0.10308838
0.09350586
0.113204956
0.19044495
0.36088562
0.63093567
0.66555786
0.5382538
0.5281372
0.589386
0.6181488
0.828537
1.0431824
1.4128418
0.6969757
-0.26815796
-0.3299408
-0.036468506
0.10575867
-0.08067322
-0.5520477
-0.6782837
-0.30863953
0.16807556
0.32946777
0.17233276
-0.021011353
-0.064697266
-0.09025574
-0.11955261
-0.14512634
-0.13233948
-0.046051025
0.104156494
0.28259277
0.3209381
0.17660522
-0.12808228
-0.34965515
-0.38000488
-0.25804138
-0.1376648
-0.24151611
-0.67988586
-1.0537872
-0.98135376
-0.5270233
-0.069488525
0.0056152344
-0.14724731
-0.2665558
-0.34432983
-0.33207703
-0.14299011
0.009338379
-0.02633667
-0.16589355
-0.1696167
0.029586792
0.26713562
0.43385315
0.46315002
0.42533875
0.4189453
0.40615845
0.26820374
0.08711243
-0.059906006
-0.04232788
0.20695496
0.41841125
0.28578186
-0.025283813
-0.1264801
-0.05935669
-0.13552856
-0.35072327
-0.46043396
-0.3725586
-0.12861633
0.07646179
0.11375427
-0.014633179
-0.16217041
-0.25057983
-0.24897766
-0.22608948
-0.28627014
-0.3421936
-0.3022461
-0.1307373
0.08018494
0.19630432
0.13717651
-0.060958862
-0.16003418
-0.005569458
0.2298584
0.21813965
-0.19677734
-0.6197052
-0.6383362
-0.42048645
-0.16908264
-0.046585083
-0.16375732
-0.28945923
-0.23779297
-0.050842285
0.17819214
0.20748901
-0.0066375732
-0.2511139
-0.3768158
-0.35658264
-0.21968079
-0.043380737
0.07859802
0.14038086
0.28205872
0.49458313
0.5547638
0.4066925
0.11694336
-0.14031982
-0.051376343
0.19683838
0.17233276
-0.06788635
-0.24845886
-0.1845398
-0.15791321
-0.30970764
-0.32621765
-0.08760071
0.2064209
0.45568848
0.5638275
0.45143127
0.25115967
0.085510254
-0.04232788
-0.039123535
0.17765808
0.5771332
0.59684753
-0.17121887
-0.34007263
0.035446167
0.20162964
-0.06362915
-0.2702942
-0.30810547
-0.25164795
-0.3075714
-0.603714
-0.75871277
-0.667099
-0.38960266
-0.109436035
-0.119018555
-0.2287445
-0.24632263
-0.16056824
-0.08174133
-0.109436035
-0.11369324
-0.05937195
-0.1264801
-0.282547
-0.38160706
-0.3922577
-0.34698486
-0.2985077
-0.17068481
0.022125244
0.21228027
0.28312683
0.2186737
0.038116455
-0.22181702
-0.3821411
-0.22927856
-0.0135650635
-0.0018463135
-0.15257263
-0.10890198
0.14198303
0.22346497
-0.022613525
-0.381073
-0.61968994
-0.6132965
-0.32514954
0.04876709
0.26661682
0.30282593
0.20695496
0.056228638
-0.10997009
-0.334198
-0.5904083
-0.72036743
-0.5248871
-0.17282104
0.0050811768
-0.1184845
-0.30384827
-0.1733551
0.04663086
-2.4414062E-4
-0.25376892
-0.41090393
-0.46417236
-0.42315674
-0.17707825
0.041305542
0.111083984
0.16488647
0.2490387
0.33106995
0.62561035
1.0767365
1.4485168
1.4911346
1.2913971
1.1513214
1.004303
0.6474457
0.27513123
0.085510254
0.2256012
0.6591644
1.1161652
1.2466583
1.3148346
0.44984436
-0.30917358
-0.47268677
-0.32461548
