-0.65553284
-0.59747314
-0.26564026
0.04649353
0.14183044
0.017181396
-0.22782898
-0.40092468
-0.42010498
-0.34500122
-0.2816162
-0.2805481
-0.26722717
-0.19107056
-0.09359741
-0.031280518
0.03691101
0.1769867
0.46887207
0.9721985
1.1426392
0.8443756
0.5215912
0.34049988
0.19828796
0.08164978
-0.01423645
-0.050979614
-0.0493927
-0.008911133
-0.0062408447
-0.01902771
-0.069625854
-0.08401489
-0.073898315
-0.033416748
0.07312012
0.15834045
0.099746704
-0.055786133
-0.18841553
-0.26724243
-0.31730652
-0.34500122
-0.30558777
-0.19958496
-0.095199585
-0.01902771
-0.055786133
-0.23634338
-0.3284912
-0.12501526
0.25901794
0.46194458
0.2238617
-0.2677765
-0.59799194
-0.5218353
-0.14845276
0.21214294
0.32080078
0.16845703
-0.104782104
-0.30825806
-0.33381653
-0.19586182
0.01878357
0.19509888
0.23876953
0.18710327
0.13864136
0.17910767
0.29736328
0.42678833
0.4449005
0.21054077
-0.17669678
-0.3316803
-0.07229614
0.26327515
0.26539612
-0.046722412
-0.37695312
-0.42861938
-0.19532776
0.10508728
0.22758484
0.15301514
0.02571106
-0.036605835
-0.019561768
-0.010513306
-0.167099
-0.43821716
-0.60066223
-0.5522003
-0.36470032
-0.20225525
-0.20013428
-0.31570435
-0.3631134
-0.2762909
-0.22090149
-0.36576843
-0.54953
-0.4643097
-0.08880615
0.27339172
0.30908203
-0.01423645
-0.4142456
-0.48349
-0.13354492
0.34635925
0.6142731
0.56314087
0.33996582
0.15141296
0.10241699
0.16845703
0.24942017
0.26593018
0.22332764
0.1615448
0.10987854
0.118927
0.21214294
0.29415894
0.22172546
0.033706665
-0.06855774
0.045425415
0.264328
0.32984924
0.15301514
-0.11489868
-0.1750946
0.019851685
0.17858887
0.1146698
-0.05152893
-0.14579773
-0.10958862
-0.045654297
-0.06378174
-0.14205933
-0.21664429
-0.2336731
-0.18307495
-0.10424805
-0.058441162
-0.09573364
-0.16656494
-0.20758057
-0.20225525
-0.16551208
-0.18095398
-0.23953247
-0.19160461
-0.024353027
0.08430481
0.023040771
-0.18681335
-0.4408722
-0.58947754
-0.50798035
-0.22409058
0.057678223
0.15461731
0.08164978
-0.0025177002
0.015060425
0.12425232
0.27552795
0.40760803
0.42253113
0.30322266
0.1274414
0.045425415
0.13171387
0.28936768
0.39909363
0.37512207
0.13917542
-0.167099
-0.19960022
0.10934448
0.44862366
0.48484802
0.2915039
0.1466217
0.15887451
0.33996582
0.5828552
0.6510315
0.4257202
0.036895752
-0.33753967
-0.5442047
-0.50746155
-0.32156372
-0.16976929
-0.11117554
-0.05897522
0.044891357
0.099227905
0.06726074
0.027297974
0.04649353
0.04649353
-0.13673401
-0.49786377
-0.7801666
-0.69281006
-0.3231659
-0.07015991
-0.14686584
-0.39666748
-0.5111847
-0.39720154
-0.15965271
0.01878357
0.0635376
0.0443573
0.04649353
0.03956604
-0.04034424
-0.18786621
-0.3050537
-0.35246277
-0.40039062
-0.3865509
-0.24699402
-0.057922363
0.090164185
0.19935608
0.23025513
0.1109314
-0.13354492
-0.5154419
-0.46644592
-0.028076172
0.2004242
0.02357483
-0.31889343
-0.5308838
-0.41957092
-0.13833618
0.11253357
0.22439575
0.1977539
0.13969421
0.15621948
0.23344421
0.36393738
0.4603424
0.4550171
0.3458252
0.19882202
0.15782166
0.17112732
0.14929199
0.10827637
0.1146698
0.14663696
0.19563293
0.31175232
0.37937927
0.045959473
-0.50904846
-0.58522034
-0.062179565
0.4864502
0.5429077
0.10614014
-0.48828125
-0.8280945
-0.68162537
-0.23262024
0.13330078
0.20149231
0.061401367
-0.081344604
-0.13087463
-0.093063354
-0.01637268
0.05821228
0.08856201
0.07897949
0.051818848
0.022506714
0.043304443
0.13917542
0.29682922
0.41241455
0.20628357
-0.29759216
-0.6134491
-0.45205688
-0.06643677
0.14076233
0.10241699
0.041168213
0.054489136
0.068862915
0.0049438477
-0.097335815
-0.167099
-0.11543274
0.054489136
0.21905518
0.2584839
0.1977539
0.16101074
0.20788574
0.2707367
0.25527954
0.15461731
-0.031280518
-0.17881775
-0.07336426
0.26167297
0.53811646
0.5104065
0.19136047
-0.16923523
-0.34925842
-0.22994995
0.071517944
0.21160889
-0.041931152
-0.49572754
-0.7727051
-0.63635254
-0.23527527
0.120529175
0.24888611
0.21958923
0.14875793
0.08590698
0.021453857
-0.04460144
-0.11277771
-0.14100647
-0.099990845
-0.055252075
-0.057388306
-0.055252075
-0.024887085
0.06513977
0.18763733
0.14076233
-0.13142395
-0.3423462
-0.23527527
0.072052
0.20628357
1.373291E-4
-0.31037903
-0.3189087
-0.033416748
0.25527954
0.36660767
0.27020264
0.113601685
0.04170227
0.057678223
0.08218384
0.13171387
0.20201111
0.23344421
-0.02381897
-0.15219116
-0.08880615
-0.049926758
-0.28108215
-0.43821716
-0.31944275
-0.069625854
0.10720825
0.116256714
0.09655762
0.026779175
-0.01423645
0.06993103
0.19882202
0.21479797
-0.0025177002
-0.36524963
-0.6097107
-0.54048157
-0.14154053
0.31973267
0.48005676
0.31759644
0.09655762
-0.009979248
-0.01423645
-0.0035858154
0.016113281
0.06513977
0.13064575
0.17326355
0.17112732
0.19029236
0.2669983
0.47206116
0.6931
0.5817871
0.06832886
-0.41744995
-0.3386078
0.1461029
0.4406433
0.26753235
-0.121292114
-0.30026245
-0.16497803
0.08218384
0.23025513
0.17645264
0.05393982
-0.02861023
-0.053649902
-0.036071777
-0.0019836426
0.0677948
0.19137573
0.31227112
0.34049988
0.31600952
0.33091736
0.35914612
0.35488892
0.29203796
0.2169342
0.17272949
0.113601685
-3.8146973E-4
-0.1282196
-0.1793518
-0.17721558
-0.14846802
-0.109573364
-0.10159302
-0.1351471
-0.08666992
0.045425415
0.17219543
0.21214294
0.09815979
-0.11489868
-0.31303406
-0.40145874
-0.35565186
-0.29333496
-0.26350403
-0.16923523
-0.030212402
0.13438416
0.28936768
0.06832886
0.010269165
0.118392944
-0.0019836426
