25.317383
25.317383
24.794006
26.583862
25.024414
25.71106
25.706482
23.695374
25.372314
23.646545
24.836731
24.447632
23.210144
21.636963
22.885132
22.83783
22.071838
20.384216
20.347595
19.572449
18.534851
19.160461
19.012451
17.982483
18.309021
18.02063
20.033264
18.908691
19.282532
17.956543
18.534851
18.522644
20.03479
20.184326
19.970703
20.309448
21.759033
21.97113
21.369934
20.846558
20.846558
21.347046
21.59729
22.42279
23.587036
23.92273
22.698975
23.709106
22.19696
22.547913
20.472717
19.075012
19.535828
19.761658
21.035767
19.12384
18.598938
17.93518
18.663025
18.37616
18.312073
16.685486
19.075012
19.415283
18.4021
18.814087
18.814087
20.491028
19.226074
19.950867
20.188904
20.988464
21.824646
20.349121
22.177124
22.174072
21.513367
21.513367
23.898315
23.112488
23.799133
23.32306
24.235535
25.175476
25.37384
25.276184
24.525452
24.899292
26.249695
25.798035
25.48523
26.33667
26.499939
26.812744
26.100159
26.812744
25.863647
26.187134
26.313782
25.088501
26.164246
25.213623
25.500488
26.50299
24.62616
25.126648
24.31488
27.60315
25.854492
25.566101
24.00055
24.08905
21.928406
22.567749
20.344543
20.542908
19.490051
22.05658
21.817017
20.803833
20.780945
21.406555
20.266724
21.46759
19.73114
20.805359
21.77887
21.905518
21.243286
21.304321
23.405457
21.84143
22.640991
22.705078
22.529602
21.551514
21.977234
21.954346
21.717834
22.366333
21.992493
22.705078
22.50824
24.21875
23.716736
24.279785
22.743225
21.954346
22.181702
21.955872
21.304321
21.281433
22.120667
22.120667
22.120667
20.89386
19.580078
21.40503
19.517517
20.269775
19.483948
19.369507
20.645142
19.459534
19.560242
19.80896
17.558289
17.645264
18.649292
17.770386
17.622375
18.333435
17.359924
18.847656
17.770386
17.710876
15.982056
15.733337
16.397095
17.10968
15.795898
15.818787
17.497253
16.571045
15.77301
17.134094
17.134094
16.508484
16.693115
17.045593
18.19458
17.381287
19.20929
16.281128
18.670654
19.520569
21.09375
20.518494
21.09375
21.89331
22.557068
22.555542
21.180725
20.057678
19.207764
18.330383
20.031738
20.118713
21.220398
21.156311
20.55664
19.619751
20.095825
18.47992
16.905212
16.668701
17.105103
17.832947
16.856384
15.672302
14.155579
16.04309
15.345764
16.532898
16.920471
17.268372
17.230225
16.105652
17.507935
17.39502
17.39502
17.268372
17.268372
17.268372
17.42096
17.007446
18.084717
18.208313
18.121338
18.208313
21.308899
18.295288
18.84613
18.76831
18.910217
18.667603
18.208313
17.16919
17.391968
18.745422
17.558289
16.63208
17.16919
16.644287
17.521667
15.406799
14.305115
16.29486
14.054871
15.170288
15.344238
16.296387
14.195251
14.570618
13.597107
13.056946
12.307739
10.107422
11.991882
11.782837
8.979797
7.9803467
7.293701
6.552124
5.302429
7.154846
4.7164917
4.6295166
5.444336
3.0776978
2.5161743
4.5562744
2.8396606
2.4658203
0.3768921
1.4144897
0.6866455
1.8661499
1.6784668
1.8280029
0.038146973
0.16174316
-1.0848999
-0.37384033
-2.1606445
-0.4348755
-1.1230469
-1.3122559
-1.0848999
-2.4993896
-2.6855469
-4.614258
-2.8503418
-3.5140991
-4.449463
-3.8253784
-4.5532227
-4.5532227
-4.5532227
-4.386902
-4.2022705
-4.576111
-4.4891357
-5.352783
-6.741333
-6.3430786
-6.92749
-5.6381226
-8.505249
-6.466675
-7.116699
-8.343506
-8.404541
-8.96759
-7.3669434
-8.508301
-10.169983
-10.255432
-11.070251
-10.957336
-13.18512
-12.710571
-14.222717
-13.357544
-16.137695
-14.599609
-13.624573
-14.373779
-15.85083
-18.17627
-16.700745
-18.20221
-18.02826
-19.442749
-18.429565
-17.640686
-18.0542
-18.026733
-17.82837
-18.714905
-17.503357
-19.918823
-17.953491
-17.616272
-16.516113
-15.779114
-19.317627
-17.803955
-18.281555
-19.155884
-18.8797
-19.630432
-18.90564
-17.953491
-17.741394
-17.991638
-18.553162
-18.46466
-16.203308
-17.993164
-17.779541
-18.031311
-17.692566
-16.719055
-17.993164
-18.469238
-18.943787
-19.068909
-18.67981
-20.29419
-18.8797
-20.83435
-22.019958
-21.673584
-21.673584
-21.484375
-23.220825
-22.021484
-22.558594
-22.084045
-22.90039
-24.18518
-24.586487
-23.797607
-24.60022
-23.936462
-24.62616
-25.85144
-26.76239
-26.22528
-26.41449
-26.628113
-27.728271
-27.20337
-26.826477
-25.741577
-26.490784
-26.036072
-27.20337
-25.914001
-27.078247
-27.26593
-27.664185
-27.101135
-26.45111
-27.038574
-28.717041
-29.11377
-29.238892
-29.049683
-28.489685
-27.600098
-27.32544
-28.489685
-27.384949
-27.386475
-27.638245
-28.399658
-28.175354
-28.651428
-28.424072
-28.363037
-29.650879
-28.637695
-29.136658
-30.33905
-29.275513
-30.488586
-31.590271
-30.574036
-30.940247
-31.192017
-32.603455
-30.717468
-32.2937
-33.4198
-32.292175
-32.31659
-31.027222
-29.464722
-28.111267
-28.860474
-26.907349
-27.896118
-27.44751
-25.846863
-25.07019
-26.068115
-26.531982
-24.380493
-23.493958
-23.493958
-22.055054
-22.26715
-22.201538
-23.556519
