-28.649902
-28.649902
-26.010132
-28.22113
-29.992676
-29.962158
-28.207397
-27.890015
-27.098083
-28.833008
-29.263306
-29.095459
-27.662659
-29.432678
-26.937866
-29.406738
-28.770447
-27.804565
-28.865051
-29.524231
-30.158997
-30.305481
-31.681824
-30.908203
-31.365967
-30.459595
-30.966187
-30.436707
-30.982971
-29.37622
-31.227112
-32.56073
-31.730652
-30.810547
-30.49469
-31.718445
-30.415344
-30.845642
-31.011963
-30.773926
-30.773926
-31.196594
-30.758667
-30.264282
-30.230713
-29.58374
-29.67987
-28.083801
-29.373169
-28.004456
-29.008484
-30.474854
-31.040955
-30.13916
-29.292297
-31.36444
-31.24237
-29.751587
-30.380249
-31.762695
-29.763794
-31.178284
-31.239319
-31.126404
-31.768799
-30.223083
-30.987549
-31.072998
-29.74701
-31.060791
-29.399109
-29.663086
-29.589844
-30.848694
-30.206299
-29.252625
-30.815125
-30.815125
-28.39508
-29.356384
-28.868103
-29.328918
-29.122925
-29.570007
-29.388428
-28.067017
-29.60968
-28.819275
-27.989197
-27.998352
-30.101013
-29.040527
-30.223083
-27.51007
-28.297424
-28.578186
-30.303955
-27.861023
-28.46222
-30.19867
-29.380798
-29.273987
-29.112244
-28.50647
-27.801514
-28.681946
-26.202393
-27.999878
-27.973938
-27.06604
-27.082825
-25.883484
-27.096558
-27.549744
-30.274963
-27.955627
-28.282166
-28.651428
-28.787231
-29.733276
-30.377197
-29.759216
-29.15039
-29.125977
-32.078552
-28.398132
-29.083252
-28.807068
-30.484009
-31.071472
-27.82135
-29.670715
-28.712463
-30.253601
-30.8609
-30.252075
-30.084229
-31.0318
-30.595398
-29.48761
-31.34613
-29.795837
-32.572937
-30.949402
-29.725647
-30.00946
-30.567932
-30.26886
-30.89447
-31.794739
-30.613708
-30.187988
-31.375122
-31.375122
-31.375122
-30.517578
-29.829407
-29.873657
-30.273438
-31.326294
-30.493164
-28.826904
-30.574036
-31.251526
-30.81665
-29.119873
-28.633118
-29.684448
-29.841614
-29.370117
-30.174255
-29.959106
-29.73175
-30.421448
-29.063416
-32.2937
-30.212402
-31.451416
-32.177734
-30.932617
-32.037354
-29.754639
-31.365967
-31.684875
-32.22351
-31.968689
-31.968689
-31.25
-31.942749
-33.01544
-31.567383
-31.912231
-33.673096
-33.906555
-34.425354
-34.08966
-34.7229
-33.673096
-34.265137
-33.306885
-32.69806
-32.8125
-31.996155
-32.99408
-33.787537
-32.896423
-32.987976
-33.27484
-33.226013
-33.21228
-35.20813
-33.006287
-32.696533
-32.28302
-32.678223
-32.24182
-32.80182
-32.666016
-31.636047
-32.963562
-31.312561
-31.523132
-32.048035
-31.67572
-33.177185
-31.312561
-31.304932
-32.873535
-33.12378
-30.885315
-30.578613
-30.549622
-30.549622
-30.549622
-30.584717
-31.365967
-30.43518
-30.693054
-29.222107
-31.455994
-28.439331
-28.881836
-27.674866
-28.533936
-28.909302
-28.205872
-28.593445
-27.589417
-27.832031
-29.177856
-28.633118
-30.17273
-27.589417
-26.70288
-29.846191
-30.535889
-28.599548
-29.750061
-30.715942
-30.862427
-30.825806
-31.582642
-30.749512
-31.790161
-32.325745
-31.8573
-31.452942
-32.313538
-31.877136
-31.941223
-31.593323
-30.9021
-31.697083
-29.844666
-31.271362
-31.968689
-32.54547
-31.95343
-32.714844
-31.55365
-32.070923
-32.165527
-30.047607
-29.960632
-29.893494
-30.899048
-30.729675
-31.347656
-31.49414
-30.880737
-30.195618
-30.60608
-32.22351
-32.00836
-32.278442
-32.946777
-32.51953
-32.36084
-32.22351
-31.512451
-32.154846
-30.981445
-31.658936
-30.627441
-30.714417
-31.43158
-31.10962
-31.10962
-31.10962
-32.369995
-30.963135
-32.211304
-31.887817
-29.359436
-31.515503
-29.35791
-31.70166
-31.504822
-32.478333
-33.450317
-30.322266
-31.562805
-32.043457
-31.912231
-32.743835
-31.524658
-31.632996
-32.566833
-31.803894
-32.707214
-30.967712
-31.384277
-32.099915
-32.530212
-31.080627
-30.256653
-32.009888
-30.729675
-30.766296
-31.48346
-30.796814
-30.40924
-31.137085
-31.303406
-31.88324
-31.11267
-30.368042
-32.2052
-31.259155
-32.998657
-32.5943
-32.069397
-33.518982
-32.30133
-31.489563
-31.736755
-31.904602
-32.14264
-30.314636
-32.32422
-31.434631
-31.907654
-32.191467
-33.06122
-31.852722
-33.511353
-34.906006
-34.162903
-34.194946
-33.31909
-33.789062
-33.61664
-34.077454
-34.303284
-33.625793
-33.628845
-33.517456
-33.6792
-34.877014
-32.821655
-34.60083
-32.35321
-34.251404
-31.469727
-31.469727
-32.391357
-35.343933
-32.266235
-32.904053
-33.473206
-32.252502
-33.135986
-31.782532
-30.708313
-31.28357
-33.07953
-30.514526
-30.725098
-32.15332
-31.515503
-30.593872
-31.498718
-31.547546
-31.669617
-31.375122
-31.437683
-32.522583
-32.894897
-30.906677
-33.000183
-32.57599
-32.417297
-32.32422
-32.15027
-32.87506
-34.568787
-31.43158
-33.47473
-33.026123
-33.184814
-32.666016
-33.407593
-33.395386
-32.666016
-34.487915
-33.724976
-33.857727
-34.977722
-33.273315
-33.277893
-33.329773
-32.391357
-32.014465
-32.70874
-33.813477
-33.380127
-34.84955
-33.23059
-32.058716
-34.92737
-33.54492
-33.372498
-33.462524
-31.842041
-31.895447
-31.938171
-34.184265
-34.17816
-34.74579
-36.026
-37.677002
-38.7619
-39.483643
-39.0625
-38.708496
-39.234924
-39.98871
-40.51819
-39.91394
-41.48407
-40.81421
-40.81421
-41.529846
-41.82434
-43.09845
-42.32483
