1624764442114
1624764442115
1624764442125
1624764442156
1624764442164
1624764442183
1624764442204
1624764442224
1624764442244
1624764442264
1624764442287
1624764442305
1624764442324
1624764442345
1624764442364
1624764442384
1624764442405
1624764442425
1624764442444
1624764442464
1624764442485
1624764442505
1624764442525
1624764442545
1624764442565
1624764442587
1624764442605
1624764442624
1624764442645
1624764442664
1624764442686
1624764442706
1624764442725
1624764442745
1624764442764
1624764442785
1624764442806
1624764442826
1624764442848
1624764442864
1624764442885
1624764442905
1624764442925
1624764442945
1624764442965
1624764442985
1624764443004
1624764443025
1624764443045
1624764443065
1624764443085
1624764443105
1624764443124
1624764443145
1624764443165
1624764443185
1624764443205
1624764443225
1624764443245
1624764443265
1624764443285
1624764443306
1624764443325
1624764443345
1624764443364
1624764443384
1624764443404
1624764443424
1624764443445
1624764443465
1624764443485
1624764443506
1624764443526
1624764443546
1624764443565
1624764443586
1624764443606
1624764443625
1624764443646
1624764443666
1624764443686
1624764443705
1624764443725
1624764443745
1624764443766
1624764443786
1624764443806
1624764443826
1624764443845
1624764443865
1624764443885
1624764443905
1624764443925
1624764443945
1624764443965
1624764443985
1624764444005
1624764444025
1624764444045
1624764444065
1624764444085
1624764444105
1624764444135
1624764444144
1624764444165
1624764444185
1624764444207
1624764444226
1624764444245
1624764444265
1624764444285
1624764444308
1624764444327
1624764444345
1624764444366
1624764444385
1624764444406
1624764444425
1624764444446
1624764444471
1624764444485
1624764444505
1624764444525
1624764444546
1624764444567
1624764444587
1624764444606
1624764444625
1624764444645
1624764444665
1624764444685
1624764444706
1624764444726
1624764444746
1624764444765
1624764444786
1624764444805
1624764444825
1624764444846
1624764444866
1624764444886
1624764444906
1624764444926
1624764444946
1624764444966
1624764444986
1624764445006
1624764445026
1624764445045
1624764445066
1624764445086
1624764445106
1624764445126
1624764445146
1624764445167
1624764445186
1624764445206
1624764445226
1624764445246
1624764445266
1624764445286
1624764445305
1624764445326
1624764445345
1624764445366
1624764445387
1624764445406
1624764445425
1624764445446
1624764445466
1624764445486
1624764445505
1624764445525
1624764445546
1624764445565
1624764445585
1624764445607
1624764445626
1624764445646
1624764445666
1624764445685
1624764445705
1624764445726
1624764445746
1624764445766
1624764445786
1624764445806
1624764445826
1624764445846
1624764445866
1624764445886
1624764445906
1624764445926
1624764445946
1624764445966
1624764445986
1624764446006
1624764446026
1624764446046
1624764446067
1624764446086
1624764446106
1624764446125
1624764446146
1624764446166
1624764446186
1624764446206
1624764446226
1624764446246
1624764446266
1624764446286
1624764446306
1624764446326
1624764446346
1624764446366
1624764446386
1624764446406
1624764446426
1624764446446
1624764446466
1624764446486
1624764446505
1624764446526
1624764446546
1624764446566
1624764446586
1624764446607
1624764446626
1624764446646
1624764446667
1624764446686
1624764446707
1624764446726
1624764446747
1624764446766
1624764446786
1624764446806
1624764446827
1624764446847
1624764446870
1624764446885
1624764446906
1624764446926
1624764446946
1624764446966
1624764446989
1624764447009
1624764447026
1624764447046
1624764447068
1624764447089
1624764447105
1624764447126
1624764447146
1624764447165
1624764447186
1624764447206
1624764447226
1624764447246
1624764447267
1624764447286
1624764447306
1624764447326
1624764447347
1624764447372
1624764447386
1624764447407
1624764447428
1624764447446
1624764447467
1624764447486
1624764447507
1624764447526
1624764447546
1624764447566
1624764447586
1624764447610
1624764447626
1624764447646
1624764447666
1624764447686
1624764447706
1624764447726
1624764447747
1624764447768
1624764447788
1624764447807
1624764447827
1624764447846
1624764447867
1624764447886
1624764447908
1624764447928
1624764447947
1624764447967
1624764447987
1624764448006
1624764448028
1624764448047
1624764448067
1624764448087
1624764448107
1624764448127
1624764448147
1624764448167
1624764448187
1624764448207
1624764448227
1624764448247
1624764448267
1624764448287
1624764448307
1624764448327
1624764448347
1624764448367
1624764448387
1624764448407
1624764448428
1624764448448
1624764448467
1624764448487
1624764448507
1624764448527
1624764448547
1624764448567
1624764448588
1624764448607
1624764448628
1624764448647
1624764448667
1624764448688
1624764448708
1624764448727
1624764448747
1624764448767
1624764448787
1624764448807
1624764448827
1624764448847
1624764448867
1624764448887
1624764448907
1624764448927
1624764448947
1624764448967
1624764448987
1624764449007
1624764449027
1624764449047
1624764449067
1624764449087
1624764449107
1624764449127
1624764449147
1624764449167
1624764449187
1624764449207
1624764449227
1624764449247
1624764449267
1624764449287
1624764449307
1624764449327
1624764449347
1624764449367
1624764449387
1624764449407
1624764449427
1624764449447
1624764449467
1624764449487
1624764449509
1624764449527
1624764449546
1624764449566
1624764449594
1624764449609
1624764449627
1624764449647
1624764449667
1624764449687
1624764449708
1624764449729
1624764449746
1624764449768
1624764449787
1624764449808
1624764449830
1624764449847
1624764449867
1624764449887
1624764449907
1624764449927
1624764449947
1624764449967
1624764449988
1624764450006
1624764450028
1624764450047
1624764450067
1624764450087
1624764450107
1624764450127
1624764450147
1624764450167
1624764450188
1624764450207
1624764450228
1624764450248
1624764450267
1624764450288
1624764450308
1624764450327
1624764450348
1624764450367
1624764450388
1624764450407
1624764450428
1624764450448
1624764450468
1624764450488
1624764450508
1624764450528
1624764450548
1624764450569
1624764450588
1624764450608
1624764450628
1624764450648
1624764450667
1624764450688
1624764450708
1624764450728
1624764450748
1624764450768
1624764450788
1624764450807
1624764450828
1624764450847
1624764450868
1624764450888
1624764450908
1624764450928
1624764450948
1624764450968
1624764450988
1624764451008
1624764451028
1624764451048
1624764451068
1624764451088
1624764451108
1624764451128
1624764451148
1624764451168
1624764451188
1624764451208
1624764451228
1624764451248
1624764451268
1624764451288
1624764451307
1624764451329
1624764451349
1624764451368
