1.2357635
0.87184143
1.0693665
1.2034454
0.80960083
0.5821533
0.2290039
-0.11097717
-0.53834534
-0.8543854
-0.8902893
-0.7741699
-0.66882324
-0.5934143
-0.41384888
-0.20436096
-0.058303833
0.020706177
0.0039367676
0.029083252
0.15119934
0.24456787
0.3343506
0.4708252
0.5606079
0.47920227
0.27330017
-0.052322388
-0.20794678
-0.09901428
0.07815552
0.40138245
0.8347473
1.2680817
1.7984009
1.810379
1.3016052
0.96881104
1.2166138
1.8283234
2.6603088
3.0050812
2.6303864
1.7517242
0.9460602
0.60849
0.52349854
0.37026978
0.3343506
0.4420929
0.6623535
1.0574036
1.3147736
1.0765533
0.6384125
0.45645142
0.52589417
0.49835205
0.51512146
0.5330658
0.42652893
0.27928162
0.39779663
0.5905304
0.24217224
-0.8495941
-1.7067108
-2.0167694
-1.7809448
-1.1847687
-0.6532593
-0.38630676
-0.4557495
-0.5084076
-0.28935242
-0.17681885
-0.31687927
-0.43060303
-0.43299866
-0.30491638
-0.24983215
-0.28456116
-0.2833557
-0.0846405
0.08055115
0.0063323975
0.06977844
0.24217224
0.38941956
0.7700958
1.4524384
2.1491547
2.5849
2.399353
2.232956
2.289215
2.8518524
3.3654022
3.716156
3.2971802
2.289215
1.3399048
0.78326416
0.5222931
0.4540558
0.7305908
1.1591492
1.2908325
1.3028107
1.2381592
1.1208496
1.197464
1.0454254
0.7281952
0.5318756
0.48399353
0.6264496
0.7030487
0.9077606
0.6791229
0.07217407
-0.39109802
-0.5874176
-0.38511658
0.25054932
0.8945923
1.1615448
0.96881104
0.82395935
0.810791
0.7748871
0.6384125
0.15238953
-0.22709656
-0.26062012
-0.25582886
-0.1816101
0.15359497
0.41575623
0.66116333
0.6731262
0.692276
0.8969879
1.5541992
2.1982422
2.1192322
1.7038269
1.6116638
1.7050323
1.885788
2.0330353
1.7732697
1.2728729
0.8838196
0.80122375
0.87783813
0.7748871
0.5809479
0.4935608
0.592926
0.6396179
0.75453186
0.8443146
0.9747925
0.7186279
0.051818848
-0.39109802
-0.14329529
0.4061737
0.727005
-0.0032348633
-0.4174347
-0.188797
-0.28216553
-0.9262085
-1.6384888
-1.9257812
-1.8336029
-1.7055206
-1.6037598
-1.4852448
-1.2817383
-0.980072
-0.82444763
-0.9118347
-0.9669037
-0.7526245
-0.3779297
-0.07028198
0.06500244
-0.0738678
-0.43060303
-0.6448822
-0.72628784
-0.73347473
-0.42581177
-0.24505615
-0.2630005
-0.18998718
0.51750183
2.2197876
2.869812
2.0426178
0.98558044
0.3666687
0.7006531
1.6044769
2.344284
2.6004639
2.2437286
1.5877075
0.9340973
0.44807434
0.030288696
-0.060699463
0.10450745
0.2361908
0.32836914
0.46842957
0.50912476
0.66116333
0.905365
0.8874054
0.63601685
0.45765686
0.7533417
1.0382385
0.7569275
0.5438385
-0.057113647
-0.29174805
0.15478516
0.29605103
0.06619263
0.32118225
0.5067291
0.0745697
-0.50242615
-0.6424866
-0.38990784
0.025497437
0.37745667
0.40019226
0.21224976
-0.0044403076
-0.14689636
-0.233078
-0.32765198
-0.34440613
-0.22351074
-0.0846405
0.2361908
0.63243103
0.8682556
0.88023376
1.3171692
2.035431
1.9695892
1.6020813
1.3686523
1.1064758
1.2022552
1.7397461
1.9468536
1.6463776
1.2249908
0.7677002
0.49716187
0.47320557
0.38223267
0.3259735
0.17514038
0.2469635
0.75453186
1.0837402
0.97480774
0.8874054
0.82395935
0.45765686
0.22541809
0.37265015
0.28527832
-0.014022827
-0.036758423
-0.53834534
-1.0363312
-1.1045685
-1.2350464
-1.2901154
-0.7969208
-0.2797699
-0.03794861
0.109298706
0.17034912
0.23260498
0.40737915
0.47201538
0.51631165
0.5438385
0.47920227
0.26611328
-0.15885925
-0.27378845
-0.030776978
0.09133911
0.08175659
0.10810852
0.18591309
0.32118225
0.61447144
0.84552
1.3111877
2.1132355
2.3299103
2.0090942
1.8055878
1.715805
1.7852325
1.9432526
1.7541046
1.1914673
0.6312256
0.48757935
0.5761719
0.6384125
0.44688416
0.15478516
0.17514038
0.6192627
0.55700684
-0.047531128
-0.053512573
0.05781555
-8.392334E-4
-0.20196533
-0.6401062
-1.1656189
-0.44735718
-0.10379028
-0.99324036
-1.3104706
-0.95254517
-0.85317993
-1.3368073
-1.5714417
-1.4469452
-1.3368073
-1.2649841
-1.2051239
-1.2254791
-1.2829437
-0.9776764
-0.5443268
-0.27497864
-0.20555115
-0.2223053
-0.24505615
-0.38391113
-0.66044617
-0.8124695
-0.70355225
-0.5946045
-0.21871948
0.29844666
0.39060974
0.20985413
0.23858643
1.0681763
2.2054138
2.474762
2.0449982
1.8929749
1.8798065
2.0940857
2.4185028
2.2748566
1.509903
0.434906
-0.17681885
-0.3408203
-0.26420593
0.07217407
0.45166016
0.592926
0.5582123
0.52708435
0.5402527
0.513916
0.32118225
0.13323975
0.14759827
0.390625
0.71502686
0.8287506
0.7246094
0.42053223
-0.07745361
-0.8256378
-1.4888458
-1.8635254
-1.6277161
-0.6293335
0.22062683
0.434906
0.32118225
0.276886
0.36427307
0.29364014
0.1320343
0.051834106
0.032669067
-0.17921448
-0.35398865
-0.6221466
-0.93099976
-0.9154358
-0.5910187
-0.2043457
0.15837097
0.20985413
0.14401245
0.50912476
1.3722382
2.0186768
2.1730957
2.0725403
1.865448
1.9863586
2.3730164
2.4436493
1.9564209
1.12323
0.10092163
-0.5395355
-0.64727783
-0.33842468
0.043441772
0.4636383
0.9257202
1.0274658
0.73179626
0.5043335
0.39779663
0.45526123
0.6838989
1.0993042
1.3243561
1.087326
0.85868835
0.35350037
-0.5790405
-1.2278748
-1.2889252
-1.193161
-0.8436127
-0.11218262
0.48518372
0.49954224
0.30921936
0.32118225
0.48876953
0.59532166
0.4827881
0.17633057
-0.31567383
-0.76220703
-0.76579285
-0.83522034
-0.9729004
-0.738266
-0.42222595
0.08055115
0.60009766
0.5617981
0.35231018
0.58573914
0.90896606
1.217804
1.2860413
1.1866913
0.9340973
0.8562927
1.2561188
1.5218811
1.384201
0.9915619
0.6024933
0.5617981
0.7246094
0.8359375
0.889801
0.83354187
0.7377777
0.57736206
0.48518372
0.49716187
0.30322266
0.13922119
0.11528015
0.06977844
0.20385742
0.6408081
0.731781
0.20985413
-1.0171814
-2.6189117
-1.984436
-1.0830231
-1.4589081
-2.802063
