0.04020691
0.04925537
0.111587524
0.0987854
0.09613037
0.101989746
0.08866882
0.10412598
0.1770935
0.35072327
0.50253296
0.5153198
0.43647766
0.36724854
0.35606384
0.35499573
0.31930542
0.28575134
0.30119324
0.3416748
0.35125732
0.30065918
0.20692444
0.09613037
-0.008804321
-0.10307312
-0.19256592
-0.26020813
-0.26979065
-0.24263
-0.23942566
-0.30122375
-0.401886
-0.4807129
-0.56539917
-0.690567
-0.72039795
-0.5318451
-0.20375061
0.04020691
0.043395996
-0.17073059
-0.39868164
-0.514801
-0.47805786
-0.34701538
-0.24528503
-0.19415283
-0.14569092
-0.11853027
-0.12864685
-0.13822937
-0.17819214
-0.21865845
-0.16007996
-0.014663696
0.10784912
0.16270447
0.17762756
0.18614197
0.2079773
0.23355103
0.22555542
0.12915039
-0.020523071
-0.07324219
0.069503784
0.29374695
0.4524536
0.4593811
0.35606384
0.28735352
0.29533386
0.35499573
0.4162445
0.3997345
0.32409668
0.26391602
0.22929382
0.1493988
0.031158447
-0.099349976
-0.18830872
-0.21759033
-0.20428467
-0.19735718
-0.19682312
-0.18670654
-0.14250183
-0.113204956
-0.179245
-0.3672638
-0.6596832
-0.90682983
-0.84983826
-0.49189758
-0.1446228
-0.033309937
-0.09509277
-0.2841797
-0.45887756
-0.512146
-0.4498291
-0.32785034
-0.18670654
-0.09669495
-0.14515686
-0.24316406
-0.21705627
-0.094558716
0.039138794
0.097732544
0.116363525
0.16270447
0.22662354
0.2937317
0.3539276
0.40452576
0.40612793
0.29266357
0.17762756
0.22129822
0.3789673
0.53022766
0.5653839
0.4481964
0.29640198
0.21385193
0.22183228
0.2479248
0.2202301
0.16165161
0.10891724
0.08920288
0.09880066
0.08973694
0.07322693
0.064712524
0.04925537
0.04499817
0.02583313
0.0018463135
0.025817871
0.07376099
0.027420044
-0.12332153
-0.20533752
-0.11639404
0.05458069
0.13075256
0.04499817
-0.10307312
-0.1211853
0.01411438
0.2314148
0.3997345
0.45884705
0.4524536
0.42903137
0.41410828
0.3848114
0.33155823
0.30226135
0.3347473
0.4008026
0.50146484
0.67297363
0.83862305
0.8902893
0.7922821
0.71025085
0.7965393
0.9073334
0.8902893
0.8098602
0.7933502
0.8562012
0.8892212
0.857254
0.838089
0.90093994
1.0575256
1.2055969
1.236496
1.2002716
1.1459503
1.0905609
1.04422
0.96058655
0.82318115
0.66978455
0.56378174
0.5376892
0.58828735
0.67137146
0.69906616
0.6511383
0.60798645
0.6197052
0.6612549
0.55952454
0.0982666
-0.39335632
-0.43597412
0.024765015
0.63409424
0.9621887
0.8956146
0.5755005
0.25964355
0.09347534
0.06736755
0.11584473
0.19732666
0.33369446
0.4588623
0.53182983
0.5701752
0.58135986
0.5898895
0.64793396
0.71559143
0.7480774
0.7715149
0.8135834
0.85087585
0.8173218
0.7272949
0.6543274
0.62184143
0.7933502
1.0825653
1.2146606
1.1938934
1.0676575
0.7677765
0.45672607
0.35499573
0.50946045
0.7507324
0.8833618
0.86206055
0.72676086
0.58987427
0.49241638
0.4354248
0.3997345
0.35339355
0.3139801
0.31504822
0.36724854
0.44075012
0.45991516
0.43489075
0.45140076
0.48335266
0.3496704
0.053512573
-0.099349976
0.003982544
0.27082825
0.5158539
0.5467377
0.35446167
0.13874817
0.037017822
0.050323486
0.13128662
0.19680786
0.1925354
0.15151978
0.14247131
0.21543884
0.2905426
0.26124573
0.18560791
0.15098572
0.18188477
0.24206543
0.30758667
0.33688354
0.31184387
0.29586792
0.30918884
0.34487915
0.45832825
0.5478058
0.5435486
0.51371765
0.505188
0.48921204
0.4854889
0.51371765
0.57710266
0.66604614
0.71398926
0.6719055
0.5600586
0.42956543
0.30758667
0.21543884
0.18241882
0.18188477
0.14567566
0.08015442
0.021026611
-0.03010559
-0.08390808
-0.11053467
-0.09509277
-0.07751465
-0.062072754
-0.18563843
-0.5094757
-0.72946167
-0.65541077
-0.36672974
-0.04396057
0.06843567
-0.01838684
-0.1281128
-0.13343811
-0.05621338
0.010910034
0.025817871
-0.038635254
-0.12918091
-0.1446228
-0.13130188
-0.18191528
-0.2026825
-0.13983154
-0.03970337
0.05885315
0.15472412
0.37948608
0.519577
0.40985107
0.26498413
0.22183228
0.31611633
0.41145325
0.359787
0.2793579
0.35339355
0.4082489
0.2671051
0.04234314
-0.08123779
-0.03543091
0.1962738
0.4977417
0.66711426
0.6745758
0.5781708
0.38587952
0.16271973
0.009841919
-0.06793213
-0.12332153
-0.16220093
-0.122787476
-0.052474976
-0.07485962
-0.19042969
-0.29855347
-0.30387878
-0.24156189
-0.289505
-0.4775238
-0.5952301
-0.50042725
-0.28683472
-0.15315247
-0.24049377
-0.5142822
-0.7534332
-0.7821808
-0.6010895
-0.33317566
-0.09881592
0.0236969
-0.0072021484
-0.14143372
-0.2618103
-0.306015
-0.26872253
-0.17871094
-0.07911682
0.03062439
0.13182068
0.21704102
0.27296448
0.26071167
0.15898132
0.010910034
-0.11213684
-0.11959839
0.047668457
0.29959106
0.50679016
0.582428
0.5350189
0.47909546
0.46684265
0.49028015
0.50572205
0.46791077
0.39227295
0.2985382
0.18774414
0.07801819
-0.0029449463
-0.09828186
-0.13504028
-0.0657959
0.03753662
0.0790863
0.040740967
-0.05886841
-0.0892334
-0.0024108887
0.01676941
-0.18191528
-0.4705963
-0.6282654
-0.5787201
-0.3907013
-0.30334473
-0.4471588
-0.65914917
-0.77952576
-0.7124176
-0.47166443
-0.20321655
-0.001876831
0.081222534
0.052459717
-0.050354004
-0.20481873
-0.2884369
-0.21173096
-0.05886841
0.08387756
0.18508911
0.24101257
0.20904541
0.104660034
-0.0040130615
-0.09616089
-0.08496094
0.06150818
0.23301697
0.3097229
0.28788757
0.2351532
0.18507385
0.17974854
0.29800415
0.47058105
0.5834961
0.6031952
0.5115814
0.3496704
0.15045166
0.026885986
-0.008804321
-0.0098724365
0.022628784
0.060440063
0.059906006
0.026885986
-0.082839966
-0.256485
-0.3368988
-0.32359314
-0.34436035
-0.41307068
-0.46473694
-0.4253235
-0.29483032
-0.13983154
-0.07644653
-0.16220093
-0.27937317
-0.32252502
-0.2383728
-0.06047058
0.05618286
0.04978943
-0.041290283
-0.1717987
-0.26713562
-0.28097534
-0.21333313
-0.11639404
-0.033843994
0.05404663
0.16590881
0.3171692
0.4743042
0.5201111
0.3874817
0.15100098
-0.0013427734
0.13874817
0.39866638
0.38215637
0.21437073
0.23461914
