0.07699585
-0.033798218
-0.14884949
-0.09718323
0.026931763
0.07859802
0.020004272
0.035446167
0.1824646
0.3821869
0.4056244
0.18991089
-0.0945282
-0.30970764
-0.39065552
-0.32514954
-0.17707825
0.032791138
0.22453308
0.31082153
0.30070496
0.19258118
0.0098724365
-0.15150452
-0.13819885
0.01361084
0.13131714
0.13398743
0.05569458
2.89917E-4
-0.04286194
-0.19252014
-0.3698883
-0.39918518
-0.40185547
-0.38002014
-0.26441956
0.018936157
0.3001709
0.3017578
-0.04019165
-0.38960266
-0.411438
-0.15737915
0.0695343
0.23199463
0.3246765
0.33798218
0.27833557
0.17979431
0.03491211
-0.09718323
-0.13020325
0.014678955
0.29057312
0.5334625
0.6117554
0.5515747
0.44291687
0.36941528
0.33372498
0.36834717
0.28952026
0.04397583
-0.28359985
-0.36083984
-0.0066375732
0.4221344
0.4839325
0.1313324
-0.32833862
-0.47854614
-0.2868042
0.0690155
0.37527466
0.42373657
0.20962524
-0.03593445
-0.25325012
-0.43699646
-0.53234863
-0.5914612
-0.62342834
-0.5690918
-0.34272766
-0.15098572
-0.11795044
-0.100372314
-0.050842285
-0.06149292
-0.2122345
-0.4391327
-0.6947937
-0.97229004
-1.1587219
-0.9946594
-0.6159668
-0.235672
0.2021637
0.47647095
0.42160034
0.27513123
0.301239
0.41255188
0.45463562
0.38964844
0.2559662
0.12599182
0.010406494
-0.08706665
-0.076416016
0.09510803
0.36141968
0.48605347
0.3124237
0.10096741
0.13717651
0.21707153
0.14250183
-0.22021484
-0.49079895
-0.3533783
0.007217407
0.097229004
-0.119018555
-0.45085144
-0.53767395
-0.3411255
-0.09451294
0.111083984
0.23997498
0.33638
0.33584595
0.19895935
0.06794739
-0.052444458
-0.24099731
-0.39279175
-0.44285583
-0.36509705
-0.19039917
-0.0945282
-0.039657593
0.118011475
0.16647339
-0.04019165
-0.19358826
-0.017288208
0.23039246
0.23625183
0.029052734
-0.09718323
-0.039657593
0.09776306
0.32839966
0.5185394
0.6682129
0.7523651
0.7332001
0.56222534
0.24636841
-0.04284668
-0.114227295
0.07485962
0.4647522
0.7843323
0.8407898
0.45568848
-0.17442322
-0.39385986
-0.21009827
0.08657837
0.2799225
0.25543213
0.09138489
0.043441772
0.12812805
0.14730835
0.014678955
-0.21702576
-0.34484863
-0.12806702
0.24050903
0.4524994
0.40829468
0.16860962
-0.052978516
-0.13980103
-0.15736389
-0.14512634
-0.06416321
0.10096741
0.3209381
0.5350647
0.6042938
0.5600891
0.495636
0.36302185
0.19204712
-0.02368164
-0.45350647
-0.86576843
-0.9504547
-0.5717621
0.035980225
0.4620819
0.38697815
-2.4414062E-4
-0.381073
-0.5525818
-0.46469116
-0.16589355
0.21546936
0.49723816
0.6373291
0.63412476
0.53186035
0.31082153
0.056228638
-0.12968445
-0.19412231
-0.14033508
0.03491211
0.18884277
0.15209961
0.035980225
0.07273865
0.31614685
0.3789978
-0.027938843
-0.48814392
-0.26922607
0.42427063
0.73638916
0.5057678
-0.08706665
-0.6132965
-0.8071747
-0.56962585
-0.13819885
0.18191528
0.3267975
0.33052063
0.2879181
0.21069336
0.08232117
0.010940552
0.014678955
0.0695343
0.14837646
0.1398468
0.047164917
-7.7819824E-4
0.042373657
0.23304749
0.3390503
0.031723022
-0.44552612
-0.47694397
0.03970337
0.5126953
0.510025
0.14624023
-0.21488953
-0.40185547
-0.33953857
-0.04284668
0.2809906
0.46102905
0.39338684
0.20802307
0.13291931
0.17126465
0.27726746
0.35609436
0.27033997
0.10202026
0.113220215
0.2602234
0.31188965
0.17233276
-0.017288208
-0.07746887
2.89917E-4
0.018936157
-0.059890747
-0.021011353
0.15422058
0.26661682
0.14624023
-0.10038757
-0.27134705
-0.24313354
8.239746E-4
0.30549622
0.47381592
0.41629028
0.1552887
-0.13873291
-0.25057983
-0.09983826
0.106292725
0.127594
0.0929718
0.11054993
0.14356995
0.054626465
-0.10144043
-0.2010498
-0.16268921
-0.012496948
0.1318512
0.024261475
-0.3107605
-0.48440552
-0.4045105
-0.10836792
0.3001709
0.36567688
0.23731995
0.14942932
0.089782715
0.097229004
0.16381836
0.26394653
0.32254028
0.272995
0.18511963
0.22880554
0.4338684
0.5174866
0.41362
0.50097656
0.75131226
1.1630402
1.7095184
1.2919312
0.021072388
-0.23779297
0.13931274
0.12545776
-0.095047
-0.30596924
-0.23886108
0.047164917
0.14624023
-0.205307
-0.7416687
-1.0697632
-1.0266266
-0.6516571
-0.17228699
0.18884277
0.35343933
0.29057312
0.03012085
-0.2319336
-0.3134308
-0.28520203
-0.26496887
-0.2511139
-0.19358826
-0.17547607
-0.1696167
-0.17282104
-0.24525452
-0.35816956
-0.36190796
-0.364563
-0.36349487
-0.26229858
-0.0066375732
0.24264526
0.24317932
0.026931763
-0.23725891
-0.36402893
-0.3256836
-0.20051575
0.031723022
0.2101593
0.21228027
0.09883118
-0.050842285
-0.1733551
-0.21968079
-0.1611023
-0.05456543
0.11907959
0.29803467
0.37260437
0.2889862
0.21174622
0.23518372
0.2559662
0.1717987
-0.007171631
-0.08760071
0.15316772
0.35876465
0.17553711
-0.2441864
-0.46203613
-0.334198
-0.045516968
0.21388245
0.38858032
0.45037842
0.37953186
0.19470215
-0.009292603
-0.12541199
-0.14138794
-0.14138794
-0.13446045
-0.07002258
0.043441772
0.08657837
0.10096741
0.17286682
0.26182556
0.3166809
0.17393494
-0.17547607
-0.521698
-0.60105896
-0.48973083
-0.37095642
-0.34698486
-0.3118286
-0.19837952
-0.107299805
-0.010894775
0.113204956
0.2101593
0.19897461
0.13931274
0.022140503
-0.1349945
-0.23034668
-0.25430298
-0.19093323
-0.052444458
0.12705994
0.25862122
0.27833557
0.24423218
0.23571777
0.18139648
0.09085083
0.06687927
0.18244934
0.33532715
0.22293091
-0.19146729
-0.6687012
-0.8561859
-0.63194275
-0.12966919
0.36888123
0.7028351
0.91163635
0.9680939
0.78593445
0.4413147
0.033859253
-0.34379578
-0.47854614
-0.31610107
-0.02633667
0.15635681
0.10256958
-0.05456543
-0.12541199
-0.05883789
0.030654907
-0.038589478
-0.34858704
-0.5701599
-0.3448639
0.03492737
0.113204956
-0.08332825
-0.30863953
-0.39598083
-0.36083984
-0.23353577
8.239746E-4
0.23039246
0.35769653
0.35237122
0.15049744
-0.060440063
-0.17228699
-0.17654419
-0.055633545
0.10575867
0.2602234
0.44024658
0.62561035
0.63412476
0.6719513
0.8269348
0.7928467
0.67993164
0.53559875
0.31028748
0.47380066
0.6447754
0.272995
