-23.46344
-22.525024
-22.651672
-23.991394
-22.520447
-23.37799
-23.757935
-23.806763
-22.720337
-22.502136
-24.273682
-23.190308
-23.960876
-24.327087
-22.790527
-24.876404
-24.876404
-24.876404
-23.478699
-24.353027
-23.025513
-24.281311
-23.536682
-23.54126
-25.396729
-23.701477
-23.413086
-25.413513
-23.666382
-23.904419
-24.46289
-23.170471
-21.19751
-23.51532
-23.222351
-22.55249
-20.869446
-19.432068
-20.910645
-20.869446
-21.214294
-21.586609
-21.29364
-21.17157
-20.79773
-19.28711
-19.776917
-19.86084
-19.93103
-20.259094
-20.93811
-19.584656
-19.636536
-19.917297
-19.044495
-18.955994
-19.844055
-18.15033
-20.254517
-20.840454
-20.059204
-21.72699
-18.530273
-19.754028
-18.447876
-19.67163
-19.017029
-21.716309
-20.796204
-20.265198
-19.332886
-20.658875
-21.081543
-20.527649
-20.568848
-21.531677
-21.679688
-20.767212
-22.149658
-22.166443
-21.458435
-20.993042
-20.724487
-21.725464
-19.985962
-20.770264
-19.877625
-19.221497
-19.216919
-20.70465
-20.626831
-18.876648
-18.876648
-18.876648
-17.514038
-18.077087
-18.496704
-17.60559
-17.549133
-18.283081
-17.422485
-17.370605
-16.514587
-14.825439
-15.042114
-16.41388
-19.129944
-15.975952
-16.900635
-16.43982
-16.438293
-18.293762
-16.001892
-18.159485
-18.702698
-18.103027
-18.688965
-18.46466
-19.981384
-21.122742
-18.261719
-18.121338
-18.936157
-20.367432
-20.802307
-20.44983
-21.1792
-22.328186
-21.15326
-22.50061
-22.63794
-21.411133
-21.000671
-22.175598
-23.016357
-23.45581
-22.47467
-24.157715
-23.545837
-23.420715
-23.118591
-24.310303
-25.016785
-22.64862
-24.81842
-23.565674
-25.05951
-24.3042
-23.558044
-23.747253
-24.191284
-26.565552
-24.403381
-24.378967
-24.61853
-25.756836
-25.91858
-28.68042
-27.082825
-27.165222
-27.523804
-28.642273
-27.67334
-28.565979
-27.790833
-27.790833
-27.790833
-29.66919
-29.450989
-29.510498
-31.291199
-31.07605
-32.383728
-33.31909
-33.418274
-35.183716
-34.614563
-34.99298
-33.677673
-34.97467
-34.729004
-35.362244
-36.253357
-36.106873
-36.41815
-37.252808
-37.130737
-36.91864
-37.05902
-35.455322
-37.98065
-39.212036
-36.25641
-37.10022
-36.92932
-35.125732
-38.153076
-37.33368
-36.871338
-37.36725
-37.667847
-36.094666
-37.052917
-36.325073
-36.79962
-35.60028
-37.10785
-36.6745
-34.62677
-38.508606
-36.979675
-35.723877
-36.956787
-36.964417
-35.23407
-36.454773
-35.946655
-36.598206
-38.056946
-36.47003
-37.298584
-36.85913
-37.74872
-38.604736
-37.234497
-37.945557
-38.27362
-38.790894
-38.2843
-37.120056
-37.469482
-36.878967
-36.68976
-38.946533
-37.182617
-36.64856
-37.028503
-36.85913
-36.647034
-36.647034
-36.878967
-35.862732
-36.85913
-37.335205
-34.832764
-34.6756
-35.96344
-35.64911
-34.750366
-35.07843
-34.34906
-35.058594
-33.657837
-34.59015
-33.25653
-34.500122
-35.63385
-34.43756
-34.957886
-34.747314
-34.336853
-34.701538
-35.22339
-33.80432
-34.65576
-33.92639
-32.01294
-32.052612
-33.587646
-35.32715
-33.58307
-33.332825
-33.258057
-32.528687
-33.22296
-32.836914
-33.459473
-32.09839
-32.907104
-33.702087
-33.909607
-32.44934
-35.025024
-34.683228
-32.637024
-33.662415
-33.148193
-33.581543
-33.07495
-32.32422
-32.269287
-32.713318
-30.343628
-31.976318
-32.084656
-31.140137
-29.170227
-31.095886
-30.12085
-29.241943
-29.092407
-30.915833
-28.710938
-29.763794
-29.257202
-29.852295
-28.598022
-29.899597
-28.42865
-30.259705
-31.407166
-28.59497
-30.380249
-30.380249
-31.445312
-31.703186
-29.927063
-30.970764
-31.567383
-30.569458
-31.555176
-30.82428
-31.207275
-30.1651
-29.750061
-31.79779
-30.13153
-30.517578
-31.263733
-31.880188
-31.794739
-30.809021
-30.429077
-31.755066
-30.891418
-31.306458
-30.003357
-31.434631
-29.762268
-31.4682
-29.685974
-30.13916
-29.3396
-30.35736
-29.055786
-29.151917
-30.458069
-29.776001
-30.740356
-29.194641
-28.193665
-27.415466
-28.28064
-28.871155
-28.427124
-28.43628
-27.415466
-28.373718
-28.067017
-28.303528
-28.320312
-27.70996
-28.570557
-28.831482
-28.359985
-28.709412
-30.458069
-29.675293
-28.746033
-30.763245
-30.387878
-31.00586
-29.382324
-32.0343
-30.548096
-31.70166
-30.827332
-32.011414
-32.000732
-31.92749
-30.992126
-33.078003
-29.722595
-31.828308
-33.155823
-33.154297
-32.710266
-32.710266
-32.185364
-31.750488
-33.97522
-34.028625
-33.139038
-33.174133
-31.559753
-31.835938
-31.88324
-32.62329
-31.329346
-31.246948
-32.661438
-31.800842
-31.072998
-32.514954
-32.217407
-31.512451
-31.289673
-30.348206
-29.238892
-29.510498
-29.364014
-29.310608
-30.96466
-29.528809
-28.219604
-29.325867
-29.8172
-29.429626
-28.756714
-28.78418
-29.32129
-29.978943
-29.00238
-31.274414
-30.223083
-31.333923
-31.428528
-31.298828
-31.983948
-31.944275
-32.14264
-33.444214
-32.739258
-32.774353
-32.598877
-33.92639
-33.361816
-32.347107
-31.758118
-31.49414
-31.185913
-32.79724
-33.299255
-34.197998
-33.761597
-32.743835
-31.867981
-32.90863
-33.166504
-34.60846
-34.01947
-34.275818
-34.335327
-35.879517
-34.25598
-32.82318
-33.502197
-33.836365
-33.888245
-32.6828
-31.497192
-31.497192
-32.51953
-31.564331
-31.600952
-31.941223
-31.550598
-31.697083
-30.337524
-31.590271
-32.12433
-31.192017
-31.492615
-30.560303
-33.618164
-32.655334
-32.635498
-31.344604
-33.242798
-33.18329
-33.073425
-31.967163
-32.339478
-33.569336
-33.694458
-33.078003
-32.914734
-33.155823
-32.885742
-33.06122
-33.88214
-34.38568
-34.3338
-33.346558
-35.362244
-34.54132
-34.483337
-34.275818
-33.720398
-34.46808
-33.946228
-33.514404
-32.058716
-34.81903
-32.806396
-33.493042
-33.288574
-33.073425
-33.68988
-32.11975
