1.3619385
1.0279541
1.2601776
1.9245758
2.1963196
2.1460419
2.0718231
2.0766144
2.1592102
2.2370148
2.2717285
2.0610504
1.84198
1.8683167
2.1747742
2.4812317
2.5722046
2.4560852
2.23703
1.8551483
1.2649841
1.0411072
1.182373
1.376297
1.5019989
1.6791687
1.8084564
1.8228302
1.7485962
1.6588135
1.6564331
1.6253052
1.6025543
1.6504364
1.608551
1.6025543
1.8671265
2.0682373
1.9592896
1.3918762
1.0123901
1.0231628
1.063858
1.0171814
1.0494995
1.015976
1.0195618
0.9130249
0.6568451
0.624527
0.95132446
1.0411072
0.69036865
0.37911987
0.19596863
0.31925964
0.7717743
1.1871643
1.3152466
1.2266693
1.1261139
1.0842133
1.0207672
0.82444763
0.5383301
0.30010986
0.22709656
0.5203705
1.1727905
1.6157227
1.4373474
1.0339355
0.92858887
1.3248291
1.960495
2.233429
1.8946533
1.253006
0.83761597
0.7178955
0.6819763
0.53115845
0.32763672
0.39826965
0.57543945
0.73106384
0.8699341
0.73464966
0.15646362
-0.5199127
-0.44807434
-0.0027618408
0.35636902
0.60058594
0.61016846
0.50601196
0.6496582
0.9273834
0.901062
0.5838318
0.3887024
0.43418884
0.48686218
0.43777466
0.37193298
0.47369385
0.75141907
0.9190216
0.83880615
0.83880615
0.9896393
1.0890045
1.0423126
1.0662537
0.984848
0.9429474
1.173996
1.6480408
1.8635254
1.6157227
1.1668091
1.0099945
1.5091858
1.9401398
1.7809296
1.3727112
1.4217987
1.8755035
1.76297
0.9716797
0.73825073
0.64727783
0.7466278
0.79211426
0.7442322
0.6951599
0.7454376
0.8759155
0.8471832
0.71310425
0.4689026
0.3934784
0.40185547
0.52397156
0.48446655
0.41741943
0.529953
0.66163635
0.48565674
0.30369568
0.31567383
0.36834717
0.42819214
0.5095978
0.59220886
0.7466278
0.9669037
1.2039185
1.4636841
1.5355225
1.4732666
1.6121368
1.5953827
1.4624939
1.4301758
1.4768677
1.5079803
1.7521973
1.9796448
1.8527527
1.3056793
0.9788666
1.0782318
0.96569824
0.6460724
0.66282654
1.2003326
1.7043152
1.6815643
1.3787079
1.1931458
1.2518005
1.3152466
1.2350464
1.1225128
1.1799774
1.281723
1.4577026
1.4122162
1.1512451
0.91781616
0.782547
0.86035156
0.9824524
1.1512451
1.2266693
1.1404724
1.0578766
1.0686493
1.3978577
1.4876404
0.8184509
0.16723633
0.40187073
0.88908386
1.1763916
1.1129456
1.0099945
1.0710449
1.2422333
1.4301758
1.5822144
1.6624146
1.6193237
1.5881805
1.6013641
1.589386
1.490036
1.3068695
1.0746307
1.0518951
1.4026337
1.6863556
1.5786133
1.1368866
0.8938751
1.1225128
1.3930664
1.5522766
1.6947327
1.8359985
1.8347931
1.6480408
1.4409485
1.3810883
1.3511658
1.3260345
1.3068695
1.2901154
1.2937012
1.2027283
1.0123901
0.91542053
0.87950134
0.8400116
0.66522217
0.4892578
0.57543945
0.79211426
0.7933197
0.4030609
0.12294006
0.5598755
0.9106293
0.6664276
0.1756134
0.18638611
0.59339905
0.94773865
1.0458984
0.9202118
0.83761597
0.9920349
1.1871643
1.2589874
1.2494049
1.2003326
1.3236237
1.6420593
1.8982391
1.8898621
1.802475
1.7043152
1.589386
1.450531
1.3415833
1.3439789
1.2889099
1.4397583
1.415802
1.0279541
0.8232422
1.0997772
1.4170074
1.4074249
1.1787872
1.0770264
1.229065
1.395462
1.3116608
1.0925903
1.0291443
1.1596375
1.4613037
1.5798187
1.4098206
1.2470093
1.2589874
1.3894806
1.5570679
1.6408691
1.52594
1.3667297
1.2877197
1.3571472
1.4409485
1.5055847
1.6947327
1.5127716
0.8878937
0.44854736
0.6376953
1.1548462
1.4217987
1.4301758
1.3415833
1.3439789
1.4241943
1.5642548
1.5810089
1.4828491
1.450531
1.7390289
2.2058868
2.3962402
2.166397
1.8323975
1.6085358
1.5881958
1.5953674
1.4852448
1.0877991
0.52516174
0.26060486
0.75141907
1.197937
1.0267487
0.7645874
0.97528076
1.3487701
1.5798187
1.2518158
1.094986
1.4337616
1.4146118
1.1225281
0.96928406
1.1787872
1.58461
1.944931
1.980835
1.8323975
1.810852
2.035904
2.1675873
2.0382996
1.910202
1.513977
1.0626678
0.76698303
0.7442322
0.6460724
0.13371277
-1.0322723
-1.8702393
-1.1388092
-0.41456604
-0.01234436
-0.11529541
-0.9041748
-0.979599
-0.47561646
-0.011138916
0.30490112
0.49642944
0.71310425
1.0315399
1.5008087
1.7761383
1.8671265
1.6815643
1.3212433
1.0411224
0.96569824
1.024353
1.1296997
1.3248291
1.4984131
1.3930664
1.0231628
0.743042
0.85076904
1.4780579
1.3822937
0.84957886
0.8878784
1.2158966
1.3020935
1.0674438
0.6460724
0.24385071
0.3204651
0.62213135
0.7538147
0.7837372
0.8304291
1.0099945
1.2601776
1.3655243
1.237442
1.0482941
0.9393616
0.9501343
1.0327301
0.9058533
0.8555603
0.8016968
0.4892578
0.23426819
-0.02670288
-0.5270996
-1.4476624
-1.8187714
-0.9365082
0.27497864
0.99801636
1.1261139
0.9668884
0.77775574
0.68318176
0.74783325
0.85317993
0.87472534
1.0087891
1.2673645
1.4972076
1.6600189
1.7605743
1.7785339
1.6971283
1.3810883
0.9489441
0.67359924
0.6412811
0.6891632
0.77775574
0.47727966
0.20074463
0.38272095
0.5910034
0.51438904
0.36595154
-0.09373474
-0.71025085
-0.88623047
-0.35949707
0.21632385
0.52516174
0.6472626
0.84957886
1.134491
1.3846893
1.4720764
1.5008087
1.5762177
1.5438995
1.1787872
0.60417175
0.23666382
0.21751404
0.3312378
0.66282654
0.945343
0.44256592
-0.70306396
-1.3925934
-1.5386505
-1.1986694
-0.32359314
0.6855774
1.4313812
1.7976837
1.8994446
1.8036652
1.6887512
1.7665558
2.004776
2.075409
1.9317627
1.6588287
1.4241791
1.336792
1.4002533
1.3583527
1.1249084
0.78134155
0.50961304
0.46292114
0.47369385
0.13252258
-0.19309998
-0.24577332
-0.38822937
-0.6647644
-0.84072876
-0.65878296
-0.06262207
0.53593445
0.9788666
1.3547516
1.4194031
1.1943512
0.9644928
0.9525299
1.1165314
1.2446289
1.273346
1.2099152
1.2949066
1.4409485
1.1093445
0.32525635
-0.17993164
-0.0650177
0.83880615
2.1221008
1.7342377
-0.138031
-1.0454407
-0.2637329
0.8471832
1.3308105
1.3344116
1.2458191
1.000412
1.0171814
1.2302551
1.3451843
1.3978577
1.439743
1.5810089
1.7653656
2.1604156
2.7457886
2.4979858
1.5307312
1.8515472
2.090973
2.561432
3.40419
2.9133759
1.4636993
0.85795593
0.9273987
1.213501
1.479248
1.173996
0.4437561
-0.16078186
-0.3319702
0.16603088
0.53593445
0.5957947
0.7789459
1.1656189
1.4134216
1.4181976
1.3715057
1.1728058
0.8831024
0.80288696
0.84599304
1.0734406
1.098587
0.7574005
0.82684326
0.5119934
0.6173401
0.8424072
-0.22303772
-0.12965393
-0.013534546
0.2223053
1.0135803
1.4050446
0.8543701
0.2510376
0.09301758
0.1648407
0.35757446
0.5766449
0.68917847
0.81126404
1.0914001
1.5486908
1.8671112
1.9652863
2.0263214
2.0622406
1.9066315
1.6109314
1.5032043
1.6348877
1.4146118
1.3703156
1.5486908
1.4696808
1.3379974
1.644455
2.320816
2.4644775
2.0897827
1.4433441
0.921402
0.84599304
1.2099152
1.5834045
1.6109314
1.5008087
1.3906708
1.2757416
1.1811829
0.9345703
0.76698303
0.75979614
0.8364105
1.000412
1.1105499
0.9345703
0.8412018
1.0075989
0.93696594
0.5000305
0.08822632
-0.020721436
0.3025055
0.68318176
0.8040924
0.66522217
0.63648987
0.69036865
0.70951843
0.8052826
0.8699341
0.9417572
0.8543701
0.7753601
0.8483887
0.90823364
0.98005676
0.9417572
0.8543701
1.0890045
1.5127716
1.7498016
1.5630493
1.0471039
0.66163635
0.83522034
1.2242737
1.4541168
1.565445
1.6911469
1.6552277
1.3260193
0.85676575
0.60058594
0.7729645
1.1105499
1.2398376
1.3092651
1.2984924
1.2362366
1.3020935
1.3248291
1.2039185
1.26857
1.4445343
1.5678406
1.6085358
1.5678406
1.4014435
1.2470245
1.1955414
1.5091858
1.8982391
1.6815643
0.9429474
0.21990967
0.31088257
1.0674591
1.644455
1.5067902
0.95851135
0.6161499
0.6556549
1.0135803
1.3308105
1.4732666
1.5271301
1.5762177
1.5427094
1.5032043
1.6492462
1.9126129
1.989212
1.8802795
1.7677612
1.8443756
1.9557037
2.031128
1.9557037
1.7198639
1.8288116
2.0035858
2.0179443
1.8323975
1.6971283
1.613327
1.6277008
1.6803741
1.7737427
1.905426
1.9006348
1.897049
2.1244965
1.6552277
2.114914
2.4692535
2.624878
2.545868
2.2669525
2.1927185
2.233429
2.2525787
2.17836
2.147232
1.9784546
1.7904968
1.6085358
1.4038391
1.3260193
1.3595428
1.3846893
1.2434235
1.1332855
0.8807068
0.6101532
0.44377136
0.5287628
0.72029114
0.7729645
0.87472534
1.0458984
1.1728058
1.3116608
1.4768524
1.5690308
1.613327
1.7917023
2.289688
2.7266388
2.8451538
2.6392517
2.5087585
2.7625427
2.9193726
3.1288605
3.0702057
2.3746948
2.2118835
2.1460419
1.8431702
1.6013641
1.253006
1.1895599
1.6253052
2.1903381
2.459671
2.265747
1.9760437
1.936554
2.1711884
2.3890533
2.2190704
1.9724579
2.0646362
2.4668732
2.7637482
2.834381
2.5434723
1.9568939
