8.269104
9.043625
10.220367
10.073135
9.334518
8.785049
8.350494
7.9195404
7.896805
8.190094
8.65097
8.9263
9.285446
9.387192
9.493729
9.403946
8.998123
9.031647
9.846878
10.532822
10.450211
10.053986
10.293396
10.6549225
10.482544
10.07193
9.740341
9.460205
9.202835
8.797028
8.042847
7.04805
6.5117493
6.8122253
7.3628845
7.9327087
8.497742
8.850891
9.192062
10.111435
10.712387
10.778229
10.511261
10.165298
10.064758
10.453812
11.880753
13.146088
13.083847
11.820892
10.14975
9.138199
9.120239
9.639786
9.652954
8.671326
7.842926
7.6501923
7.6693573
7.4921722
7.3988037
7.9794006
9.153763
10.234741
10.684845
10.865616
11.612595
12.186005
11.79097
10.651337
9.529648
9.14418
9.210022
9.148972
8.617462
7.712448
7.4885864
8.276291
9.218399
9.903137
10.136581
9.702026
9.250717
9.346497
9.445847
9.194458
8.506134
8.342117
9.327332
10.762665
11.653305
11.551544
10.993698
10.826111
10.806946
10.322128
9.644577
9.444641
9.640976
9.481766
9.18248
9.231567
9.24353
9.086716
8.692871
8.048828
7.6896973
7.9710236
8.384018
8.466614
8.166153
7.921936
8.247543
9.450638
10.343674
10.198822
9.698441
9.897156
11.067917
11.976517
11.254669
9.625412
9.274673
9.617035
9.59668
9.194458
8.941864
8.938278
9.470993
10.311356
10.324524
9.41951
8.634216
8.33255
8.321762
8.598297
8.67012
8.659348
8.970596
9.547607
9.526062
9.134598
8.983765
9.566757
11.314514
12.851593
12.450577
11.2043915
10.824905
10.641754
10.057571
9.029251
7.999756
7.6980896
8.49176
9.385986
9.235153
8.708435
8.521683
8.781464
8.567169
8.010529
7.5197144
7.7734985
9.02327
10.516052
10.798569
9.807373
9.254303
9.626617
10.106644
10.126999
10.675278
11.591049
11.577881
10.2682495
9.020874
8.562393
8.709625
9.00293
9.049606
9.08313
8.928696
8.490555
8.088333
7.996155
7.850113
7.762726
8.162552
9.375214
10.767441
11.289383
10.790192
10.281418
10.280228
10.62619
10.918274
10.385574
9.682877
10.681259
12.69957
12.940186
11.136154
8.725189
7.3976135
7.60112
8.564789
8.982574
8.498947
7.7088623
7.395218
7.518509
7.696884
7.8716583
7.9722137
8.01532
8.366058
9.096298
10.19165
10.907501
10.94342
10.9075165
11.063126
11.261841
10.672882
9.940247
10.568726
11.722733
11.267838
9.589508
8.4319
8.361282
8.646179
8.562393
8.400772
8.490555
8.642593
8.494156
8.030869
7.7339935
7.941086
8.47261
9.217194
10.195236
11.012863
11.067917
10.535217
10.204803
10.384369
10.915894
11.503662
11.255859
11.047577
11.654495
12.271011
11.35881
9.32016
7.6382294
7.159378
7.6693573
8.154175
8.139801
8.003342
8.047638
8.229599
8.486969
8.738358
8.593506
8.303818
8.287048
8.798218
9.711609
10.383179
10.9122925
11.33847
11.21875
10.796173
10.1689
10.420288
11.221146
11.285797
9.911514
8.678513
8.811386
9.673294
9.9270935
9.261505
8.50972
8.4223175
8.463028
8.139816
7.7651215
7.5759735
7.6621704
7.846512
8.52887
9.690048
10.86322
11.230728
10.602249
10.1054535
10.292206
10.766251
10.640549
10.047989
9.362045
8.891586
9.770264
11.273819
11.96933
11.400711
9.994125
8.531265
7.9829865
8.379242
8.751526
8.5121155
8.129044
8.2715
8.781464
9.007706
8.764694
7.973419
7.2036743
7.5604095
9.032852
10.013275
9.957016
9.73674
9.748718
10.257477
11.016449
11.365997
11.200806
10.759064
10.425079
10.016861
9.199249
8.581543
8.533661
8.859268
8.910751
8.404373
8.032074
8.027283
8.385208
8.731186
8.82695
8.603088
8.410355
8.169739
8.407959
8.9275055
9.08313
8.795822
8.871231
9.697235
10.021652
10.037216
10.269455
10.523239
10.490921
11.575485
13.135315
13.290939
11.987289
10.614212
10.267059
9.883987
9.462601
9.048401
9.156158
9.114243
8.543243
7.7878723
7.585556
7.912369
8.101501
7.961441
7.592743
7.3664856
7.7651215
8.3828125
8.771881
8.842514
8.4570465
8.09671
8.406769
9.24353
9.785828
8.911942
7.5915375
9.221985
12.0303955
12.548737
10.554367
8.932297
9.241135
10.638153
11.255859
10.603455
9.08194
8.148193
8.073975
8.296631
8.117065
7.483795
7.036087
7.3269806
8.047638
8.825745
9.358459
9.802582
10.299377
10.695618
11.211578
11.994476
11.887939
10.539993
9.804977
11.725128
13.970886
13.994827
11.419876
8.266708
6.7691345
7.568802
9.362045
10.310165
9.806168
8.216431
7.1773376
7.2647247
7.7339935
7.9387054
8.050034
8.361282
8.701248
8.968201
9.251923
9.942642
10.738724
11.187637
10.641754
9.97496
10.511276
11.79216
11.750275
10.257477
8.678513
8.5959015
10.262268
11.722733
11.819702
10.207199
8.278671
7.656189
8.137421
8.533661
8.357681
8.261917
8.488159
8.7659
8.658157
8.311005
8.401978
9.430283
11.333679
13.01799
13.150879
11.620972
9.532043
8.148193
8.437897
10.763855
13.727875
14.1935425
12.139328
9.930679
9.089111
9.056793
8.418732
7.1845245
6.272339
6.5488586
7.3736725
8.108688
8.660553
8.752731
8.390015
8.01651
8.003342
8.121857
8.1649475
8.35051
8.837723
9.081924
10.05278
12.200378
13.784134
13.320862
12.086655
11.623383
12.016022
12.268616
11.795761
10.54599
9.172913
8.196075
7.854904
7.953064
7.99736
7.5903473
7.4418945
7.7890625
8.124252
7.76033
7.1174927
6.912781
7.9327087
9.99292
12.078278
13.004837
11.795761
9.539215
9.008911
11.134964
13.152069
13.35199
11.769424
9.41951
8.559998
9.711609
10.887161
10.779419
9.582321
8.239166
7.420349
7.0624237
6.9941864
7.641815
8.437881
9.280655
9.757095
9.001724
8.874832
9.3405
9.836105
9.827728
9.470993
9.057983
9.651749
10.7052
10.423874
9.427887
8.852081
8.715622
9.141785
10.589081
11.709564
11.175659
9.856461
8.820969
8.184097
7.791458
7.7734985
8.097916
8.763504
9.688858
10.887161
11.452194
10.870392
10.349655
10.642944
12.34523
11.9956665
10.781815
11.94899
12.517609
11.928635
11.492889
12.176437
10.878784
8.532455
7.3856354
7.5245056
7.944687
8.190094
8.301422
8.249939
8.394791
9.00531
9.194458
8.691681
7.9949646
8.026093
8.855682
9.632599
10.2491
10.842865
10.811737
10.474167
10.238327
9.81456
9.312973
9.488937
10.708786
10.885956
9.499725
8.497742
8.919128
9.496124
9.520065
9.098694
8.680908
8.19249
7.8884125
7.91835
8.053619
8.152985
8.358871
9.121429
9.870819
10.343674
10.665695
11.271423
11.518036
11.407898
11.751465
12.005249
11.923843
11.886734
11.539581
10.721954
9.651749
8.305008
7.439514
7.2515717
7.4766235
7.8130035
8.026077
8.1254425
8.188889
8.117065
8.166153
8.380432
8.555206
8.5121155
8.57077
9.171722
10.0108795
10.478943
10.411911
10.214386
10.359238
10.875183
11.658096
11.823288
11.292969
10.72435
10.038422
9.1848755
8.671326
8.929901
9.643372
9.783432
9.114258
8.17334
7.5233154
7.233612
7.134247
7.174942
7.6909027
8.278671
9.1010895
10.245514
11.478531
12.092636
11.694
10.671677
10.159317
10.541199
11.145737
11.156509
10.428665
10.352051
11.271423
11.916672
11.257065
9.766663
8.064392
7.4167633
8.145798
9.451828
10.008484
9.299805
8.210434
7.988968
8.206848
8.653366
9.111862
9.300995
9.095093
8.49295
8.143402
8.495346
9.194458
9.91272
10.542389
10.305374
9.878006
10.022858
10.152145
10.176086
10.336487
10.40831
9.727173
8.882019
8.695267
9.156143
9.502106
9.153763
8.78624
8.702454
8.647385
8.11348
7.9590454
7.8608856
8.009323
8.248749
8.3780365
8.684494
9.206436
9.651749
9.974976
10.399933
10.243118
9.886383
10.064743
10.906311
11.557541
11.234314
10.347275
9.427887
9.081924
9.951019
11.176849
11.745483
10.772232
9.2243805
8.543243
8.698853
9.042419
8.963425
8.355286
7.791458
7.629837
7.886032
8.161362
8.278671
8.25473
8.135025
8.455856
9.375214
10.0659485
9.955811
9.763077
10.183258
10.446625
10.619003
10.5208435
9.989334
9.706818
10.610626
10.963776
10.079117
8.659363
7.9243317
8.228394
9.249527
9.830109
9.506897
9.183685
9.394363
8.646194
7.4347076
6.909195
6.7380066
7.830963
9.463806
9.449448
7.5711823
