0.035980225
-0.618103
-0.7517853
-0.52381897
-0.27348328
-0.158432
-0.16375732
-0.2591095
-0.40930176
-0.51049805
-0.4790802
-0.3778839
-0.2564392
-0.109436035
-0.04925537
-0.024215698
0.0056152344
-0.04019165
-0.09185791
-0.081207275
-0.07800293
-0.18347168
-0.37202454
-0.42581177
-0.34059143
-0.22767639
-0.10357666
0.057281494
0.20162964
0.33319092
0.49191284
0.60749817
0.5142822
0.2575531
0.02053833
-0.08811951
-0.1264801
-0.16375732
-0.2010498
-0.15789795
0.023727417
0.1675415
0.17553711
0.04663086
-0.19998169
-0.53500366
-0.7363434
-0.5946655
-0.24951172
0.08232117
0.20748901
-0.012496948
-0.32940674
-0.4364624
-0.23674011
0.09883118
0.25222778
0.21069336
0.089782715
-0.043380737
-0.2606964
-0.5579071
-0.82688904
-0.89559937
-0.75605774
-0.5824127
-0.49345398
-0.2883911
0.08018494
0.40296936
0.50949097
0.4232025
0.30708313
0.26287842
0.29856873
0.24957275
0.035980225
-0.15577698
-0.23088074
-0.22927856
-0.11955261
0.040237427
0.10043335
0.11480713
0.20002747
0.24636841
0.13238525
-0.14299011
-0.4870758
-0.65805054
-0.589859
-0.334198
-0.14778137
-0.11582947
-0.0945282
-0.0077056885
0.05781555
0.047164917
0.07699585
0.18405151
0.23413086
0.17926025
0.10736084
0.049301147
0.050354004
0.06262207
0.019470215
-0.04498291
-0.025283813
0.09617615
0.22080994
0.19897461
-0.015686035
-0.24153137
-0.25271606
-0.10197449
0.008804321
-0.0476532
-0.1568451
-0.016220093
0.3513031
0.53718567
0.3821869
0.19044495
0.14517212
0.23252869
0.22453308
0.04449463
-0.12434387
-0.06362915
0.21281433
0.42852783
0.43066406
0.28631592
0.12547302
0.03437805
0.07913208
0.06262207
8.239746E-4
0.082855225
0.34970093
0.42694092
0.16860962
-0.36776733
-0.920105
-1.002655
-0.5632324
-0.13659668
0.085510254
0.21122742
0.28419495
0.29164124
0.20802307
-0.003967285
-0.25164795
-0.35177612
-0.2644348
-0.13020325
-0.009292603
0.08604431
0.20588684
0.21281433
0.012008667
-0.31289673
-0.50997925
-0.4705658
-0.13606262
0.16435242
0.1787262
0.124938965
0.1483612
0.1632843
0.0066833496
-0.158432
-0.12808228
-0.010360718
-0.010360718
-0.060958862
-0.0987854
-0.085998535
-0.044448853
0.008270264
0.12387085
0.268219
0.348114
0.3747406
0.38006592
0.2959137
0.092437744
-0.13180542
-0.18772888
-0.012496948
0.22932434
0.30921936
0.19151306
-0.05670166
-0.27667236
-0.3421936
-0.43167114
-0.6170349
-0.57069397
-0.1334076
0.38911438
0.63412476
0.44664
0.075927734
-0.18507385
-0.20956421
-0.05883789
0.09136963
0.11375427
0.05834961
0.021606445
0.017349243
0.010406494
-0.09239197
-0.3214264
-0.5797577
-0.7395325
-0.5994568
-0.24313354
0.07485962
0.22027588
0.20429993
0.17607117
0.082855225
-0.0519104
-0.027404785
0.1787262
0.24583435
0.07913208
-0.09132385
-0.08760071
0.018936157
0.07167053
0.066345215
0.11268616
0.25222778
0.38059998
0.38006592
0.26713562
0.14730835
0.044509888
-0.04232788
-0.044448853
0.06367493
0.16114807
0.15315247
0.033325195
-0.18560791
-0.37895203
-0.41036987
-0.37309265
-0.3075714
-0.09451294
0.254364
0.45037842
0.32893372
0.01361084
-0.22554016
-0.24525452
-0.13926697
-0.07055664
-0.06523132
-0.0796051
-0.074279785
-0.010894775
0.087646484
0.097229004
-0.017288208
-0.17494202
-0.26708984
-0.27827454
-0.22554016
-0.076934814
0.13717651
0.30975342
0.37739563
0.24050903
0.059951782
0.044509888
0.17393494
0.124938965
-0.09239197
-0.22821045
-0.16323853
-0.007171631
0.07646179
0.10202026
0.17553711
0.2559662
0.2698059
0.23838806
0.1675415
0.062088013
-0.12487793
-0.26922607
-0.2756195
-0.12008667
0.07167053
0.12226868
0.04663086
-0.057235718
-0.060440063
-0.007171631
0.04663086
-0.02633667
-0.2606964
-0.4013214
-0.29638672
-0.00982666
0.32839966
0.49671936
0.36569214
0.091918945
-0.105163574
-0.12487793
-0.16056824
-0.252182
-0.34326172
-0.30438232
-0.17228699
-0.08706665
-0.21328735
-0.4391327
-0.55737305
-0.5067749
-0.40930176
-0.21916199
0.004547119
-0.051376343
-0.30491638
-0.4045105
-0.107299805
0.2959137
0.44770813
0.66023254
0.95584106
1.0586395
0.9286804
0.6069641
0.3640747
0.36941528
0.26875305
0.075927734
-0.055099487
-0.0796051
-0.032730103
0.012008667
0.026931763
0.008285522
0.02746582
0.16700745
0.3513031
0.5313263
0.6170807
0.6383972
0.81788635
0.98246765
0.8807373
0.5702057
0.17340088
-0.21702576
-0.2633667
0.26927185
0.4658203
0.3390503
0.07859802
-0.12275696
-0.16429138
-0.05883789
-0.16802979
-0.24311829
-0.22341919
-0.19465637
-0.27668762
-0.42262268
-0.46949768
-0.36616516
-0.20637512
-0.17973328
-0.2202301
-0.17228699
-0.021011353
0.13877869
0.27886963
0.33584595
0.35290527
0.42266846
0.5659485
0.7454529
0.47807312
-0.3576355
-0.93873596
-0.7555237
-0.24311829
-0.14085388
-0.45457458
-0.8455353
-0.857254
-0.4071808
0.1824646
0.53504944
0.53718567
0.3028412
0.061019897
-0.11955261
-0.26815796
-0.41036987
-0.47535706
-0.41941833
-0.31396484
-0.26176453
-0.24897766
-0.15896606
-0.023147583
0.1552887
0.39285278
0.5451813
0.35237122
-0.07002258
-0.35124207
-0.28733826
0.09085083
0.2655487
0.07913208
-0.2511139
-0.5083771
-0.46575928
-0.10997009
0.26715088
0.31454468
0.19897461
0.10522461
0.06687927
0.042907715
-0.012496948
-0.040725708
0.007736206
0.11161804
0.14730835
0.13612366
0.15049744
0.23678589
0.15368652
-0.06895447
-0.14938354
-0.0050354004
0.066345215
-0.15045166
-0.6090393
-0.9254303
-0.8726959
-0.53234863
-0.03805542
0.29856873
0.32626343
0.17393494
0.012542725
-0.08973694
-0.19837952
-0.2702942
-0.19039917
0.017868042
0.17979431
0.13612366
-0.1030426
-0.32354736
-0.2676239
0.06474304
0.45143127
0.6192169
0.45143127
-0.05670166
-0.61117554
-0.86576843
-0.6846771
-0.37948608
-0.24525452
-0.23088074
-0.15524292
0.019470215
0.17233276
0.16007996
-0.00982666
-0.1030426
-0.123809814
-0.14619446
-0.13127136
-0.0476532
0.11959839
0.35769653
0.6027069
0.7070923
0.6138916
0.39285278
0.17607117
-0.15150452
-0.3219452
-0.31503296
-0.24099731
-0.3352661
-0.53500366
-0.5744171
-0.36935425
-0.024215698
0.26341248
0.3113556
0.16914368
-0.011962891
-0.14938354
-0.21969604
-0.21542358
-0.23620605
-0.20903015
-0.097717285
0.08924866
0.20962524
0.09669495
-0.3656311
-0.842865
-0.89346313
-0.39013672
0.37739563
0.73213196
0.16221619
-0.6782837
-1.065506
-0.7262268
0.061553955
0.4455719
0.108947754
-0.3368683
-0.48547363
-0.2665558
0.13612366
0.3736725
0.36195374
0.29431152
0.2383728
0.15582275
0.15263367
0.10362244
0.24850464
0.6495819
0.83174133
0.87220764
0.8162842
0.7438507
0.5659485
0.34809875
0.16221619
0.12652588
0.34916687
0.53985596
0.48391724
0.13238525
-0.25909424
-0.5200958
-0.5659027
-0.47642517
-0.3933258
-0.34326172
-0.24897766
-0.14671326
-0.13127136
-0.19572449
-0.27294922
-0.36297607
-0.42687988
-0.235672
0.07965088
0.20855713
0.15635681
0.28259277
0.57554626
-0.12220764
-0.58506775
-0.11529541
0.40722656
0.06262207
-0.5632324
-0.68574524
-0.6569824
-0.61650085
-0.49505615
-0.39013672
-0.34858704
-0.25431824
-0.052444458
0.0652771
0.08018494
0.16381836
0.25222778
0.21495056
0.00881958
-0.18666077
-0.21009827
-0.13446045
-0.0987854
-0.011962891
0.1121521
0.26715088
0.34118652
0.24797058
0.035446167
-0.0716095
0.18937683
0.5201416
0.4221344
0.0460968
-0.14352417
-0.13447571
-0.015686035
0.15475464
0.3278656
0.39071655
0.35502625
0.29164124
0.2064209
0.0460968
-0.19145203
-0.34539795
-0.34858704
-0.2591095
-0.18293762
-0.11369324
-0.1568451
-0.31556702
-0.36509705
-0.33154297
-0.3267517
-0.252182
-0.034866333
0.26289368
0.46687317
0.40563965
0.16807556
-0.13287354
-0.37948608
-0.49612427
-0.49186707
-0.39385986
-0.27934265
-0.17921448
-0.07853699
0.0013427734
0.032791138
-0.008773804
-0.07853699
-0.107299805
-0.04284668
0.1164093
0.2447815
0.29110718
0.28045654
0.27194214
0.31507874
0.29270935
0.18032837
0.120666504
0.06794739
-0.04925537
-0.19625854
-0.25750732
-0.17015076
-0.00289917
0.12333679
0.16221619
0.12973022
0.09562683
0.06367493
-0.0066375732
-0.12008667
-0.3102417
-0.46842957
-0.4678955
-0.2756195
0.055160522
0.40029907
0.5419922
0.4370575
0.2101593
0.07273865
0.040771484
-0.06629944
-0.24578857
-0.32408142
-0.20637512
0.05355835
0.254364
0.07220459
-0.39385986
-0.71769714
-0.6228943
-0.2745514
-0.14352417
-0.14778137
-0.023147583
0.144104
0.28259277
0.3044281
0.2256012
0.13505554
0.015213013
-0.111572266
-0.19572449
-0.23406982
-0.24472046
-0.17868042
-0.1930542
-0.20370483
-0.11741638
-0.026870728
-0.010894775
0.07859802
0.25382996
0.23464966
0.0050811768
-0.252182
-0.34539795
-0.30438232
-0.27401733
-0.23139954
-0.20051575
-0.102508545
0.07006836
0.38006592
0.3704834
0.36302185
0.5281372
0.65330505
0.57606506
0.40776062
0.23944092
0.16593933
0.1979065
0.23678589
0.2740631
0.256485
0.17286682
0.12387085
0.10682678
0.11480713
0.026931763
-0.21542358
-0.43699646
-0.41783142
-0.12168884
0.038650513
-0.06097412
-0.23674011
-0.3448639
-0.2910614
-0.057235718
0.17765808
0.2687378
0.22187805
0.1483612
0.10096741
0.035980225
-0.11210632
-0.31982422
-0.4316864
-0.34751892
-0.15682983
-0.0796051
-0.0013122559
0.25382996
0.49084473
0.63093567
0.5808716
0.28526306
0.042907715
0.12973022
0.3710022
0.51268005
0.35237122
0.024795532
-0.2511139
-0.24099731
-0.08760071
0.05781555
0.30229187
0.7097626
0.90470886
0.75823975
0.47966003
0.1126709
-0.017822266
0.19416809
0.3555603
