-0.3439331
-0.47335815
-0.46910095
-0.31730652
-0.17881775
-0.09094238
0.010269165
0.108810425
0.14501953
0.123184204
0.088027954
0.071517944
0.052886963
0.06565857
0.10081482
0.1578064
0.1104126
-0.10798645
-0.3657837
-0.44673157
-0.3508606
-0.21983337
-0.12182617
0.0012054443
0.10081482
0.09442139
-0.011581421
-0.13726807
-0.20918274
-0.20011902
-0.14952087
-0.14047241
-0.21237183
-0.27043152
-0.21450806
-0.08508301
0.057144165
0.15194702
0.111465454
0.008132935
-0.01423645
-0.0062561035
-0.05206299
-0.15751648
-0.30558777
-0.52716064
-0.82011414
-0.91651917
-0.70825195
-0.35884094
-0.10317993
-0.02330017
-0.031814575
-0.040863037
0.010269165
0.027313232
-0.04725647
-0.074417114
0.025177002
0.17272949
0.25048828
0.21853638
0.17433167
0.1977539
0.17912292
-0.014770508
-0.22994995
-0.23527527
-0.06430054
0.050750732
0.016662598
-0.057388306
-0.0062408447
0.15301514
0.29522705
0.29364014
0.097091675
-0.14952087
-0.2736206
-0.26245117
-0.17721558
-0.09466553
-0.06111145
-0.043533325
-0.0062408447
0.08909607
0.16419983
0.08963013
-0.04246521
-0.06111145
0.07258606
0.212677
0.1934967
0.06567383
-0.012634277
-0.01689148
-0.047790527
-0.16763306
-0.2816162
-0.28001404
-0.22250366
-0.14579773
-0.029144287
0.10241699
0.20147705
0.22491455
0.15301514
0.07418823
0.078445435
0.12957764
0.15673828
0.1466217
0.10934448
0.08804321
0.15301514
0.22758484
0.18177795
0.00440979
-0.16763306
-0.19799805
-0.086135864
-0.04460144
-0.1282196
-0.1005249
0.04649353
0.14768982
0.15248108
0.108810425
0.0012054443
-0.078689575
-0.021697998
0.11679077
0.18019104
0.21479797
0.24942017
0.2712555
0.27604675
0.22546387
0.10241699
-0.08029175
-0.20918274
-0.27682495
-0.28640747
-0.2539215
-0.18946838
-0.054718018
0.058746338
-0.048324585
-0.24539185
-0.25019836
-0.057388306
0.15834045
0.22546387
0.116256714
-0.0121154785
0.01612854
0.14982605
0.18444824
0.12532043
0.1301117
0.23664856
0.33251953
0.3293152
0.20521545
0.07897949
0.10668945
0.26593018
0.32505798
0.14929199
-0.12715149
-0.30026245
-0.39027405
-0.47816467
-0.44033813
-0.20065308
0.099746704
0.22598267
0.1620636
0.050750732
0.0065307617
0.037963867
0.07685852
0.104019165
0.1104126
0.09762573
0.09442139
0.12213135
0.12638855
0.044891357
-0.06111145
-0.060043335
0.029434204
0.06726074
0.009735107
-0.044067383
-0.013702393
0.07632446
0.120529175
-0.041397095
-0.4131775
-0.6555176
-0.49839783
-0.13407898
0.11199951
0.1104126
-0.015838623
-0.060577393
0.04222107
0.15194702
0.15515137
0.09283447
0.06300354
0.076309204
0.092300415
0.11627197
0.16526794
0.19935608
0.20628357
0.16526794
0.101882935
-0.0067749023
-0.17721558
-0.3109131
-0.28694153
-0.14100647
-0.1324768
-0.28215027
-0.28961182
-0.03074646
0.2446289
0.30322266
0.18977356
0.072052
0.0049438477
-0.04246521
-0.07922363
-0.08615112
-0.06590271
-0.050994873
-0.050979614
-0.042999268
-0.001449585
0.05342102
0.08590698
0.10827637
0.14343262
0.13278198
0.038497925
-0.08615112
-0.15005493
-0.109573364
-0.052581787
-0.14686584
-0.32530212
-0.35725403
-0.13887024
0.14450073
0.28138733
0.23823547
0.13171387
0.06086731
0.01878357
-0.0259552
-0.057388306
-0.060043335
-0.04512024
0.0043945312
0.0954895
0.16738892
0.16899109
0.11680603
0.08377075
0.07684326
0.02784729
-0.023284912
-0.039794922
-0.08401489
-0.17030334
-0.2762909
-0.23155212
0.008666992
0.25209045
0.28457642
0.17805481
0.13383484
0.19989014
0.27072144
0.22279358
0.08644104
0.0022735596
0.0022735596
0.025177002
0.043823242
0.050750732
0.04168701
-9.1552734E-4
-0.039276123
0.005996704
0.13490295
0.20414734
0.14396667
0.050750732
0.078445435
0.17272949
0.15727234
0.019317627
-0.20013428
-0.4499359
-0.5607147
-0.45419312
-0.21557617
-0.02116394
0.019851685
-0.06111145
-0.102127075
-0.00730896
0.11734009
0.12745667
0.057144165
0.045959473
0.14768982
0.3058777
0.39109802
0.26008606
-0.08029175
-0.35990906
-0.3561859
-0.27096558
-0.324234
-0.45951843
-0.47763062
-0.29014587
0.036361694
0.2915039
0.34849548
0.27445984
0.16419983
0.094436646
0.033172607
-0.01423645
-3.9672852E-4
0.07312012
0.10134888
0.04649353
-0.05152893
-0.12449646
-0.121292114
-0.033950806
0.09069824
0.15994263
0.0954895
-0.09892273
-0.22143555
-0.22569275
-0.31251526
-0.5234375
-0.66937256
-0.772171
-0.9021301
-0.91438293
-0.77056885
-0.6422119
-0.7034607
-0.7242279
-0.4019928
0.06460571
0.3138733
0.40974426
0.44648743
0.35009766
0.20788574
0.12850952
0.1572876
0.23716736
0.27072144
0.26327515
0.32292175
0.43371582
0.4507599
0.34849548
0.1737976
0.008132935
-0.045669556
0.012390137
0.14183044
0.30322266
0.40707397
0.41986084
0.42999268
0.54397583
0.69311523
0.57273865
0.19456482
0.11627197
0.35435486
0.45555115
0.15408325
-0.277359
-0.46910095
-0.4099884
-0.32635498
-0.36418152
-0.49253845
-0.5260925
-0.33700562
-0.0019836426
0.26167297
0.27871704
0.11199951
-0.05897522
-0.13035583
-0.0967865
-0.02116394
0.05607605
0.10348511
0.13117981
0.21160889
0.3500824
0.30055237
-0.16337585
-0.7407532
-0.7657776
-0.18521118
0.44117737
0.5652771
0.14396667
-0.41371155
-0.66030884
-0.50479126
-0.19639587
0.0022735596
-0.015304565
-0.083480835
-0.055786133
0.03477478
0.09815979
0.13383484
0.18231201
0.18977356
0.13543701
0.08963013
0.14715576
0.3106842
0.46461487
0.40655518
0.15461731
0.015594482
0.18338013
0.43211365
0.44329834
0.11520386
-0.31037903
-0.49040222
-0.34233093
-0.10531616
-0.111709595
-0.31730652
-0.4105072
-0.26138306
-0.04246521
0.09388733
0.14555359
0.15568542
0.14501953
0.10986328
0.059280396
0.029968262
0.07525635
0.26220703
0.550354
0.7879181
0.7548828
0.3303833
-0.37376404
-1.0736389
-1.2941589
-0.84939575
-0.21450806
0.09869385
0.10720825
0.15834045
0.3500824
0.47579956
0.40281677
0.21586609
0.07897949
0.04649353
0.11785889
0.23184204
0.25209045
0.10774231
-0.120773315
-0.27149963
-0.28640747
-0.1820221
0.01612854
0.1578064
0.016647339
-0.23208618
-0.1820221
0.10987854
0.2792511
0.17219543
-0.047790527
-0.14633179
-0.07762146
0.08483887
0.24569702
0.31973267
0.28190613
0.23876953
0.26541138
0.2941742
0.23770142
0.16793823
0.1977539
0.3138733
0.3618164
0.28884888
0.16101074
0.10241699
0.14982605
0.3000183
0.50349426
0.50775146
0.06619263
-0.50798035
-0.68748474
-0.47921753
-0.14579773
-0.001449585
-0.2059784
-0.46324158
-0.43022156
-0.16017151
0.13650513
0.31280518
0.35116577
0.28883362
0.12371826
-0.07069397
-0.16444397
-0.0920105
0.085372925
0.1892395
0.13597107
0.040634155
0.052352905
0.24783325
0.4907074
0.5764618
0.48112488
0.25634766
-0.014770508
-0.22515869
-0.2954712
-0.2693634
-0.3423462
-0.47549438
-0.40039062
-0.11543274
0.12638855
0.23823547
0.23291016
0.14768982
0.085372925
0.035842896
-0.05204773
-0.10638428
-0.07069397
-0.020095825
-0.01637268
-0.054718018
-0.10798645
-0.18414307
-0.08934021
0.25953674
0.12532043
-0.29759216
-0.6821594
-0.63049316
-0.19639587
0.37565613
0.62705994
0.41827393
0.06565857
-0.107437134
-0.073898315
-0.0051727295
0.01612854
-0.049926758
-0.10424805
0.036361694
0.2627411
0.36979675
0.3527527
0.33091736
0.3101349
0.24676514
0.25048828
0.36128235
0.43371582
0.4257202
0.3969574
0.28085327
0.022506714
-0.20704651
-0.19107056
-0.09094238
-0.12768555
-0.2539215
-0.32688904
-0.35299683
-0.3854828
-0.42596436
-0.43289185
-0.436615
-0.43928528
-0.39401245
-0.2885437
-0.16230774
-0.059509277
0.015060425
0.029434204
-0.036071777
-0.14047241
-0.18414307
-0.23262024
-0.32263184
-0.35832214
-0.36950684
-0.37057495
-0.30451965
-0.19374084
-0.06324768
0.020385742
0.0028076172
-0.033950806
6.713867E-4
0.09442139
0.18710327
0.21586609
0.20361328
0.19403076
0.17538452
0.16047668
0.1769867
0.20735168
0.16687012
0.07312012
0.033172607
0.09388733
0.1615448
0.13224792
0.0033416748
-0.14047241
-0.1793518
-0.043533325
0.12797546
0.23077393
0.2824402
0.26539612
0.1301117
-0.08187866
-0.2059784
-0.14154053
0.0012054443
0.094955444
0.10987854
0.10028076
0.11785889
0.13757324
0.16740417
0.24302673
0.2749939
0.25794983
0.23930359
0.2792511
0.31333923
0.19296265
-0.08401489
-0.32369995
-0.37216187
-0.28907776
-0.30451965
-0.5372772
-0.755661
-0.68588257
-0.36790466
-0.07015991
0.03477478
-0.029144287
-0.06964111
0.08909607
0.45661926
0.7975006
0.81614685
0.5562134
0.27339172
0.0635376
0.0070648193
0.122665405
0.35328674
0.5279999
0.498703
0.34210205
0.22065735
0.2004242
0.30801392
0.45288086
0.44862366
0.30322266
0.14875793
0.012390137
-0.08720398
-0.11064148
-0.059509277
-0.028625488
-0.064834595
-0.102127075
-0.07601929
-0.032348633
-0.0770874
-0.1516571
-0.15272522
-0.095199585
-0.10852051
-0.18681335
-0.17721558
-0.14793396
-0.26245117
-0.39559937
-0.37376404
-0.22250366
-0.069625854
0.059265137
0.18231201
0.16047668
-0.064834595
-0.23527527
-0.12236023
0.14289856
0.26593018
0.14875793
-0.15431213
-0.4408722
-0.4845581
-0.24220276
0.11306763
0.28404236
0.23025513
0.15515137
0.19989014
0.2984314
0.29896545
0.17752075
0.043823242
-0.0121154785
0.022521973
0.12106323
0.22172546
0.24142456
0.1423645
0.04170227
0.05340576
0.13224792
0.13543701
0.11148071
0.13543701
0.16259766
0.18656921
0.17378235
0.024108887
-0.16177368
-0.111709595
0.1109314
0.23770142
0.13490295
-0.01902771
-0.036605835
0.07685852
0.1849823
0.17326355
0.08111572
0.052352905
0.050216675
0.0065307617
-0.083480835
-0.1713562
-0.08454895
0.101882935
0.083236694
