-3.616333
-5.281067
-5.430603
-4.4448853
-5.093384
-6.0073853
-4.4036865
-7.0098877
-7.824707
-4.9972534
-6.098938
-5.1971436
-4.9102783
-7.0755005
-6.362915
-5.949402
-5.2246094
-5.4519653
-6.764221
-5.455017
-4.852295
-4.852295
-5.7632446
-5.8929443
-6.2667847
-5.6427
-5.192566
-5.6427
-5.479431
-5.04303
-5.8288574
-5.331421
-6.5567017
-5.545044
-6.0562134
-6.2072754
-5.934143
-5.958557
-6.6238403
-6.121826
-6.298828
-5.760193
-8.151245
-7.2998047
-5.1986694
-7.1243286
-6.7123413
-5.4626465
-5.7022095
-5.9524536
-4.0390015
-5.6777954
-5.7907104
-4.4143677
-4.837036
-4.864502
-4.803467
-5.052185
-4.751587
-4.2388916
-4.776001
-3.8894653
-5.055237
-3.2409668
-3.2043457
-3.17688
-4.1549683
-4.3930054
-2.8030396
-4.0283203
-4.4906616
-3.138733
-3.6392212
-5.366516
-4.1152954
-4.2404175
-2.6763916
-3.4362793
-2.3773193
-2.4749756
-3.4759521
-3.100586
-3.263855
-2.6382446
-2.8289795
-0.8743286
-3.137207
-2.1255493
-1.499939
-2.0004272
-1.5029907
-0.83465576
0.26397705
-1.3748169
-1.2741089
-1.3717651
-1.3336182
-0.8605957
-0.7965088
-1.3336182
-0.66986084
-1.8966675
-0.43182373
-1.6448975
-0.6072998
-0.6072998
-0.6072998
-1.2054443
-0.105285645
0.6454468
-1.9317627
-1.7044067
-1.5808105
-1.3046265
0.27160645
0.12207031
-0.04272461
-0.41503906
-0.390625
0.08392334
1.4602661
0.87280273
-1.2664795
-0.32806396
0.24719238
1.411438
-0.22735596
-1.3916016
-0.8529663
-0.18920898
-0.038146973
-0.6378174
-1.8661499
-0.82702637
0.4623413
-0.1876831
-0.82855225
-0.2029419
-0.541687
-0.41351318
-0.16479492
-0.4776001
-1.3259888
-1.3519287
-0.20446777
-0.47912598
-0.7659912
0.8972168
-0.47912598
0.4852295
-2.116394
-1.6677856
-2.7023315
-1.3534546
-0.7888794
-1.3900757
-1.5411377
-1.9546509
-1.3275146
-3.5934448
-1.3031006
-1.8920898
-1.1123657
-2.142334
-2.6641846
-2.6153564
-3.527832
-1.826477
-1.9515991
-2.7297974
-1.2023926
-1.7410278
-1.3275146
-2.267456
-1.9515991
-3.1173706
-2.5787354
-2.7023315
-2.6412964
-3.8635254
-1.9775391
-3.9291382
-2.6657104
-2.3651123
-3.678894
-4.675293
-3.678894
-4.6157837
-2.7374268
-2.7374268
-2.7374268
-4.841614
-4.777527
-5.491638
-4.8431396
-5.7159424
-4.7790527
-5.7525635
-4.4647217
-5.342102
-6.0546875
-5.630493
-6.0287476
-6.404114
-7.1289062
-6.854248
-6.402588
-7.5424194
-8.154297
-7.3150635
-7.5897217
-8.477783
-7.0281982
-8.54187
-8.189392
-9.603882
-9.101868
-7.5897217
-8.003235
-8.665466
-8.9782715
-7.839966
-9.515381
-9.127808
-8.813477
-8.337402
-8.94165
-8.589172
-8.314514
-9.539795
-8.525085
-8.622742
-9.588623
-9.811401
-11.099243
-9.397888
-9.020996
-9.585571
-10.244751
-10.247803
-9.27124
-10.559082
-11.146545
-11.907959
-12.033081
-10.308838
-11.845398
-12.557983
-12.055969
-12.843323
-12.90741
-12.930298
-11.680603
-12.5564575
-12.454224
-13.806152
-13.876343
-13.052368
-14.341736
-12.77771
-14.677429
-12.92572
-13.989258
-13.336182
-15.275574
-12.889099
-14.248657
-14.962769
-16.163635
-13.838196
-14.335632
-14.523315
-15.498352
-15.498352
-15.498352
-13.922119
-16.061401
-16.22467
-15.371704
-15.608215
-16.685486
-16.31012
-16.305542
-15.907288
-14.317322
-14.169312
-14.981079
-14.378357
-15.791321
-15.727234
-16.390991
-17.079163
-14.852905
-16.04004
-15.725708
-15.391541
-15.953064
-17.053223
-15.1779175
-15.951538
-16.38794
-16.389465
-16.363525
-15.637207
-17.674255
-17.237854
-19.314575
-18.240356
-17.199707
-18.025208
-20.755005
-18.026733
-17.715454
-19.242859
-19.940186
-18.276978
-18.86444
-19.566345
-19.090271
-19.462585
-20.129395
-20.715332
-21.10138
-20.10498
-21.540833
-21.980286
-21.417236
-21.917725
-24.269104
-22.97821
-22.457886
-22.10846
-22.457886
-23.020935
-24.021912
-21.505737
-24.121094
-23.355103
-22.428894
-22.831726
-22.192383
-22.727966
-21.992493
-23.016357
-21.913147
-21.665955
-23.329163
-23.742676
-22.51587
-22.892761
-23.14148
-23.742676
-23.365784
-23.828125
-23.242188
-23.779297
-24.079895
-23.20404
-23.20404
-23.20404
-22.805786
-22.789001
-24.180603
-24.90387
-25.157166
-25.744629
-24.679565
-25.369263
-24.7818
-25.967407
-26.356506
-26.593018
-26.19629
-26.008606
-27.108765
-26.695251
-27.171326
-27.235413
-28.675842
-26.885986
-27.861023
-28.237915
-27.900696
-27.61383
-28.126526
-28.364563
-28.9917
-28.167725
-29.631042
-29.257202
-29.92096
-29.21753
-28.755188
-28.318787
-28.671265
-29.446411
-28.572083
-28.695679
-28.323364
-28.459167
-28.675842
-28.926086
-29.400635
-28.401184
-28.863525
-27.17743
-27.990723
-29.968262
-27.0401
-27.366638
-28.28064
-26.582336
-28.15857
-25.610352
-26.498413
-25.584412
-24.334717
-25.59967
-25.938416
-25.164795
-22.940063
-23.612976
-23.028564
-23.628235
-22.71576
-22.528076
-22.37854
-21.365356
-21.427917
-20.651245
-21.577454
-20.803833
-19.915771
-19.514465
-19.314575
-18.215942
-17.677307
-18.579102
-16.189575
-17.692566
-16.189575
-16.189575
-16.189575
-14.263916
-15.341187
-14.48822
-13.4262085
-12.200928
-11.938477
-13.076782
-12.261963
-13.363647
-13.079834
-9.913635
-10.498047
-10.977173
-10.127258
-9.039307
-9.34906
-7.962036
-8.222961
-9.126282
-7.9849243
-6.7123413
-5.569458
-7.296753
-6.045532
-4.234314
-4.35791
-2.420044
-3.1082153
-2.1102905
-1.4068604
0.79345703
0.6286621
1.5090942
2.5222778
2.922058
2.947998
3.9001465
4.1244507
5.0613403
4.875183
5.4351807
4.9728394
6.011963
6.9747925
6.036377
8.363342
8.988953
10.316467
9.391785
12.507629
12.193298
13.545227
14.295959
16.061401
13.420105
14.297485
16.65039
15.711975
15.67688
16.127014
16.629028
16.816711
15.153503
16.104126
17.254639
16.38031
17.530823
17.619324
17.416382
17.979431
16.932678
18.632507
17.919922
18.955994
19.134521
19.709778
19.984436
20.698547
19.450378
18.63556
19.822693
19.760132
19.760132
19.760132
19.013977
18.927002
19.514465
19.9646
19.180298
20.930481
19.178772
20.005798
20.071411
19.081116
19.404602
21.922302
20.94574
21.658325
21.122742
22.42279
21.160889
24.01123
22.885132
22.19696
24.54834
23.860168
23.73352
25.372314
25.89569
25.045776
24.986267
26.086426
26.020813
24.89624
26.712036
27.684021
26.0849
25.587463
24.923706
24.986267
24.798584
24.1333
25.798035
24.80011
24.887085
24.736023
23.486328
23.29712
23.298645
22.90802
23.884583
25.610352
24.984741
24.786377
24.110413
24.371338
24.69635
25.325012
24.549866
24.073792
24.447632
23.886108
22.671509
23.149109
23.799133
23.797607
23.835754
23.208618
23.448181
24.649048
23.773193
24.960327
23.45581
23.506165
23.266602
24.317932
23.066711
22.363281
23.9151
23.225403
23.272705
23.335266
21.672058
22.711182
22.39685
23.043823
23.043823
24.18518
21.91925
21.546936
22.271729
22.54486
22.64862
23.10791
21.707153
21.731567
25.598145
22.871399
23.33374
23.796082
22.419739
24.058533
22.496033
22.868347
22.808838
22.608948
21.31958
22.372437
22.521973
22.935486
23.124695
23.062134
24.499512
25.100708
24.221802
25.852966
25.912476
25.32196
25.450134
25.424194
24.845886
23.934937
24.758911
25.622559
22.418213
24.7818
23.934937
24.745178
24.832153
25.035095
24.241638
23.989868
23.4375
24.804688
25.61493
24.299622
25.552368
25.262451
23.41156
24.88556
24.77417
22.937012
23.736572
23.532104
22.810364
24.407959
24.256897
23.243713
23.532104
22.618103
22.280884
23.94104
22.216797
23.506165
22.15271
23.31543
22.151184
24.438477
23.876953
23.564148
25.228882
23.527527
24.728394
24.905396
26.004028
25.668335
25.6073
26.6922
27.6474
27.6474
27.6474
27.371216
26.708984
27.670288
25.41809
25.668335
25.505066
26.895142
26.829529
28.10669
27.330017
28.707886
27.740479
27.890015
27.352905
27.804565
27.114868
28.076172
27.264404
29.13208
28.704834
28.076172
28.079224
29.367065
27.928162
29.553223
27.928162
29.429626
29.203796
28.744507
28.805542
29.154968
29.20227
29.067993
28.616333
30.531311
29.556274
29.405212
29.319763
29.467773
30.004883
30.419922
31.629944
29.278564
31.280518
29.492188
30.97992
31.21643
31.105042
31.028748
32.229614
31.565857
31.968689
32.54547
31.79779
32.4234
32.896423
32.009888
32.19757
32.009888
34.147644
33.299255
33.839417
32.737732
33.86078
33.81195
33.987427
34.74884
33.961487
34.526062
34.31244
33.862305
34.501648
35.125732
34.565735
35.539246
35.51483
35.977173
36.038208
37.04071
37.06665
38.578796
38.578796
36.940002
36.288452
37.350464
38.67798
37.002563
37.327576
37.701416
36.538696
37.5412
37.826538
37.374878
38.34839
38.909912
38.035583
37.783813
39.448547
