-12.24823
-12.615967
-12.774658
-12.368774
-12.017822
-13.148499
-10.340881
-13.717651
-13.687134
-14.035034
-14.183044
-13.198853
-13.021851
-14.463806
-14.077759
-14.025879
-13.500977
-14.546204
-15.577698
-16.139221
-15.472412
-15.472412
-13.43689
-14.907837
-16.101074
-15.164185
-16.255188
-15.164185
-14.855957
-14.51416
-14.179993
-14.697266
-14.71405
-15.592957
-15.22522
-15.393066
-15.362549
-15.652466
-15.464783
-15.963745
-16.427612
-16.500854
-17.393494
-16.99524
-16.287231
-16.542053
-16.4917
-16.18805
-17.370605
-18.699646
-17.016602
-17.085266
-16.819763
-16.641235
-15.245056
-15.545654
-16.40625
-16.151428
-15.823364
-14.601135
-14.524841
-15.284729
-16.160583
-15.632629
-15.206909
-14.907837
-15.185547
-14.79187
-13.711548
-13.731384
-12.786865
-12.893677
-12.382507
-13.475037
-13.169861
-13.041687
-12.258911
-10.050964
-11.941528
-9.93042
-10.493469
-9.29718
-11.187744
-10.246277
-10.856628
-8.721924
-9.732056
-9.030151
-9.663391
-9.156799
-9.67865
-6.6986084
-8.145142
-8.21228
-7.0526123
-6.6223145
-6.184387
-6.993103
-6.2576294
-6.185913
-4.801941
-6.401062
-5.1986694
-5.067444
-5.6488037
-5.6488037
-5.6488037
-4.7180176
-4.576111
-3.7597656
-3.668213
-4.2037964
-4.3395996
-2.7175903
-3.3676147
-1.9485474
-3.8467407
-1.8753052
-3.1661987
-2.3895264
-2.2109985
-1.133728
-2.279663
-2.4414062
-2.0767212
-1.2069702
-2.8533936
-3.730774
-2.2247314
-0.8377075
-0.6713867
-1.3214111
-2.9281616
-1.9256592
-1.1779785
-0.8300781
-3.5079956
-2.56958
-3.3355713
-1.8661499
-2.1316528
-2.6016235
-1.4099121
-1.7074585
-2.5741577
-2.607727
-2.7908325
-2.4261475
-2.609253
-2.4749756
-2.670288
-3.768921
-1.5960693
-1.7150879
-1.4923096
-2.140808
-2.3101807
-2.368164
-1.4190674
-2.4429321
-2.7053833
-1.6464233
-0.5203247
-2.9693604
-1.159668
-2.1636963
-1.7028809
-0.90026855
-2.3544312
-1.8951416
-1.5457153
-1.4770508
-1.4205933
-2.8427124
-0.77819824
-1.6586304
-1.7333984
-1.5975952
-2.458191
-0.87890625
-1.071167
-1.6159058
-1.1657715
-0.8377075
-1.8692017
0.743103
-0.29296875
-0.12664795
1.1322021
1.1322021
1.1322021
-1.1627197
-0.43182373
-0.8178711
-1.1688232
-0.27008057
-0.43945312
0.8758545
1.6189575
-0.6561279
0.5432129
0.73547363
0.831604
1.2176514
0.6942749
0.72784424
1.2252808
0.6362915
1.423645
1.6784668
1.6479492
2.3895264
1.8615723
1.6571045
2.5741577
1.9546509
3.0288696
3.2241821
3.1646729
1.7913818
2.9006958
3.4805298
2.972412
4.3167114
4.7927856
5.5770874
3.3248901
4.244995
4.2785645
4.2663574
4.975891
6.9839478
5.264282
7.397461
6.6619873
7.458496
8.66394
6.8603516
10.237122
8.639526
8.917236
8.177185
9.249878
9.872437
9.997559
9.501648
10.595703
10.218811
11.296082
11.625671
10.896301
12.190247
12.496948
11.807251
12.974548
11.499023
13.812256
13.91449
11.592102
13.951111
13.995361
15.376282
14.083862
15.327454
14.930725
14.225769
15.786743
15.397644
14.096069
14.256287
16.349792
15.759277
15.487671
15.487671
15.487671
16.409302
15.264893
14.956665
16.946411
17.346191
15.910339
15.5303955
18.711853
17.033386
18.110657
18.263245
18.302917
18.9682
19.932556
20.663452
19.288635
19.195557
19.770813
18.617249
20.674133
18.266296
19.631958
19.490051
19.158936
19.63501
19.303894
19.291687
19.592285
20.12024
20.143127
18.90564
18.489075
18.33191
19.348145
19.23523
17.575073
19.230652
18.11676
16.186523
17.541504
17.906189
18.980408
17.160034
17.94281
18.33496
16.940308
18.02063
18.263245
15.649414
16.334534
15.977478
16.203308
16.70227
16.255188
17.007446
15.188599
14.517212
15.193176
14.97345
14.4104
15.174866
13.250732
15.808105
15.498352
14.002991
15.092468
15.180969
14.265442
14.994812
16.734314
14.8880005
14.529419
14.46991
14.48822
13.2873535
15.127563
14.468384
14.096069
15.040588
13.963318
14.039612
13.710022
14.402771
14.402771
14.402771
12.724304
14.468384
12.550354
13.609314
12.268066
13.340759
13.061523
11.387634
11.891174
12.322998
10.972595
11.376953
9.690857
10.295105
10.145569
10.211182
9.423828
8.692932
7.777405
8.013916
9.327698
6.539917
5.723572
5.899048
4.685974
5.0857544
4.1366577
2.658081
1.4633179
1.0726929
-0.30822754
1.5213013
0.5767822
0.9109497
-0.0045776367
-1.1123657
-0.42419434
-0.29296875
-2.2705078
-0.69732666
-3.1860352
-2.9296875
-3.7063599
-4.7317505
-3.7841797
-4.722595
-6.263733
-7.1029663
-6.2835693
-6.9015503
-8.035278
-8.827209
-9.754944
-10.154724
-10.984802
-11.434937
-11.131287
-13.171387
-13.941956
-14.41803
-15.423584
-13.780212
-16.444397
-17.097473
-17.55371
-16.950989
-16.793823
-17.663574
-18.388367
-17.277527
-18.544006
-19.030762
-18.19458
-18.278503
-19.117737
-18.977356
-19.050598
-20.030212
-19.14215
-20.78247
-19.143677
-19.143677
-19.143677
-20.472717
-20.33081
-19.926453
-20.217896
-20.202637
-20.309448
-20.895386
-20.922852
-21.070862
-22.483826
-20.481873
-19.39392
-23.35205
-21.374512
-22.955322
-21.832275
-21.513367
-21.394348
-23.968506
-21.794128
-22.78595
-20.611572
-21.70105
-21.38977
-22.454834
-22.31903
-21.925354
-22.018433
-24.621582
-22.795105
-22.51587
-24.412537
-22.117615
-21.412659
-21.507263
-21.211243
-21.220398
-20.193481
-21.937561
-20.950317
-22.322083
-21.376038
-21.95282
-21.824646
-21.66748
-21.504211
-20.558167
-19.374084
-19.06128
-17.63916
-18.115234
-18.217468
-17.402649
-15.875244
-16.516113
-17.398071
-15.361023
-15.194702
-15.621948
-13.549805
-14.054871
-13.452148
-13.813782
-13.832092
-13.105774
-13.792419
-13.067627
-12.042236
-14.378357
-14.160156
-12.130737
-12.911987
-13.288879
-13.887024
-11.836243
-11.477661
-11.437988
-11.054993
-11.351013
-11.320496
-11.741638
-12.467957
-12.467957
-12.467957
-10.105896
-9.542847
-10.61554
-10.122681
-8.204651
-8.410645
-8.207703
-8.094788
-7.3532104
-7.7804565
-8.744812
-6.3964844
-6.668091
-6.286621
-6.2088013
-6.9015503
-5.7678223
-5.8288574
-6.2667847
-6.3568115
-5.908203
-5.999756
-7.45697
-7.385254
-7.608032
-8.0078125
-7.1395874
-6.991577
-9.3185425
-8.16803
-7.6309204
-8.955383
-8.584595
-6.478882
-7.865906
-7.13501
-9.307861
-10.700989
-10.333252
-9.30481
-9.869385
-10.038757
-10.339355
-12.522888
-10.939026
-12.29248
-12.011719
-10.928345
-11.875916
-11.03363
-12.55188
-12.669373
-12.054443
-11.100769
-10.621643
-11.402893
-11.798096
-12.005615
-13.456726
-12.666321
-11.442566
-13.024902
-12.583923
-13.534546
-12.35199
-12.623596
-13.314819
-13.739014
-15.386963
-16.378784
-17.570496
-16.423035
-16.734314
-18.560791
-17.927551
-19.60144
-20.611572
-21.46759
-20.246887
-20.822144
-21.302795
-23.239136
-23.239136
-21.069336
-22.096252
-21.699524
-22.750854
-22.731018
-21.549988
-22.509766
-22.981262
-22.68982
-20.455933
-22.10846
-21.469116
-22.421265
-22.601318
-22.525024
-21.720886
-23.693848
-22.831726
-21.99707
-22.740173
-21.586609
-21.426392
-21.37146
-20.76416
-19.914246
-20.587158
-18.35785
-20.635986
-17.533875
-18.397522
-20.49408
-19.03534
-19.32373
-21.279907
-20.81604
-20.716858
-20.170593
-22.612
-22.01233
-20.819092
-22.447205
-23.005676
-20.680237
-23.532104
-24.864197
-26.522827
-23.313904
-24.943542
-25.984192
-25.668335
-25.857544
-26.8219
-27.069092
-26.785278
-26.019287
-26.20697
-28.552246
-27.48108
-27.857971
-28.025818
-28.730774
-28.553772
-28.09906
-28.863525
-30.093384
-29.589844
-28.848267
-30.32837
-31.036377
-31.915283
-30.613708
-30.827332
-29.722595
-29.35791
-30.155945
-28.851318
-28.381348
-28.248596
-27.427673
-26.565552
-28.160095
-25.0
-25.0
-25.0
-25.041199
-24.836731
-24.720764
-27.171326
-27.427673
-27.740479
-25.830078
-26.567078
-25.965881
-25.498962
-25.309753
-27.035522
-26.870728
-26.802063
-26.304626
-26.399231
-26.281738
-26.242065
-23.54126
-25.32196
-26.28479
-24.691772
-25.531006
-24.856567
-26.512146
-24.858093
-24.80011
-25.842285
-23.301697
-24.157715
-24.83368
-25.845337
-24.273682
-24.76654
-24.6521
-23.347473
-23.513794
-22.94159
-22.789001
-22.86377
-22.802734
-22.94159
-23.394775
-22.26715
-22.505188
-22.593689
-22.999573
-22.727966
-23.599243
-22.294617
-23.675537
-22.177124
-20.230103
-21.03424
-20.091248
-20.898438
-20.143127
-19.543457
-20.143127
-20.584106
-19.398499
-17.881775
-18.029785
-19.186401
-18.180847
-19.302368
-19.926453
-19.60144
-17.796326
-18.69049
-19.178772
-18.087769
-18.725586
-17.347717
-18.669128
-17.375183
-18.32428
-19.18335
-17.030334
-16.740417
-18.125916
-18.125916
-18.199158
-17.858887
-18.156433
-16.970825
-17.47284
-18.437195
-18.824768
-19.689941
-17.54303
-18.952942
-19.4458
-20.759583
-20.55664
-19.657898
-20.98999
-20.62378
