2.5961456
2.1364594
2.17836
2.470459
2.422577
2.3064575
2.2166748
2.1987152
2.1951141
2.1747742
2.1604004
2.1161041
2.0454865
1.9712677
1.9976044
2.1316833
2.233429
2.2406158
2.2011108
2.1592102
2.0275269
1.8563385
1.7952881
1.8240204
1.8599243
1.9533081
2.1412506
2.2597656
2.2370148
2.087387
1.9018402
1.7581787
1.7007141
1.6875458
1.7162781
1.7749481
1.7904968
1.8132477
1.9353485
2.0969543
2.0957642
1.9149933
1.7258606
1.6468506
1.6025543
1.5008087
1.3415833
1.2506104
1.3786926
1.6253052
1.771347
1.7510071
1.707901
1.723465
1.7665558
1.7198639
1.628891
1.565445
1.5223541
1.4888306
1.4984131
1.5606537
1.5989685
1.5917816
1.5438995
1.5546722
1.6360779
1.6277008
1.5019989
1.4098206
1.4756622
1.6277008
1.6911469
1.6911469
1.6791687
1.6564331
1.6588135
1.6217041
1.5977631
1.5941772
1.6420593
1.7198792
1.7294464
1.6564178
1.6073456
1.6145325
1.6372681
1.6935425
1.7533875
1.747406
1.7198639
1.7019196
1.7665558
1.8336029
1.8144531
1.7055054
1.6277008
1.6648102
1.7665558
1.7976837
1.8288116
1.8551483
1.8359833
1.7737427
1.7569885
1.7893066
1.8335876
1.865921
1.8479614
1.8204346
1.7701569
1.7641602
1.810852
1.8312073
1.8336029
1.8515472
1.8515472
1.8695068
1.8276062
1.822815
1.8755035
1.8635254
1.7928925
1.7067108
1.7390289
1.810852
1.84198
1.8120422
1.7749481
1.7833252
1.8551483
1.86232
1.8060608
1.810852
1.8599243
1.8922577
1.8611298
1.8144379
1.7940979
1.8300018
1.826416
1.802475
1.8144379
1.86232
1.8826752
1.8599396
1.8551483
1.9114075
1.9437256
1.8850708
1.76297
1.6492462
1.6672058
1.7797241
1.8755035
1.8096619
1.7090912
1.7138824
1.7821198
1.8383789
1.8336029
1.802475
1.8455658
1.881485
1.850357
1.810852
1.7486115
1.7354431
1.7689514
1.8778992
1.8946533
1.8862762
1.8874664
1.8383942
1.771347
1.8204346
1.9042206
1.9149933
1.771347
1.6540375
1.786911
1.9940033
2.0682373
2.044281
1.9580994
1.9377441
1.9437256
1.8898621
1.8228302
1.7976837
1.8072662
1.8407745
1.8551483
1.925766
2.0215454
2.02034
1.9401398
1.9245758
1.9856262
1.9963989
1.984436
1.9353485
1.9245758
2.0011902
2.0419006
2.068222
2.0718231
1.980835
1.9856262
2.0933685
2.1256866
2.0574493
2.0215454
2.0778046
2.0813904
2.0813904
2.0778046
2.1412506
2.1747742
2.1173096
2.0981598
2.131668
2.070633
1.9880219
1.9353485
1.9963989
2.004776
1.9880219
2.0011902
1.9592896
1.9700623
2.0454865
2.1017456
2.0490723
1.92099
1.9102173
2.0107727
1.9604797
1.8838806
1.9664764
1.9521027
1.8539581
1.818039
1.8623352
1.9066162
1.8970337
1.9461212
2.0035858
1.949707
1.865921
1.8790894
1.9185944
1.8695068
1.8719025
1.9125977
1.9880219
2.0071716
1.881485
1.6731873
1.7821198
2.068222
2.0550537
1.8551483
1.8383789
2.0047913
1.9976044
1.9030304
2.0287323
2.17836
2.2453918
2.2920837
2.2465973
2.1735687
2.1807556
2.2202606
2.2154694
2.0766144
2.0742188
2.1448364
2.2837067
2.4010162
2.4177856
2.600937
2.7793121
2.7613525
2.5997467
2.3962402
1.9090118
1.9353485
2.549469
2.9828186
2.885849
2.5793915
2.2717438
2.1687927
2.4824219
2.7852936
2.794876
2.7745209
2.913391
2.9888
2.8080292
2.4105988
2.210678
2.2238617
2.2202606
2.0251312
1.439743
0.90704346
0.5993805
0.30010986
-0.01234436
-0.42294312
-0.6156769
-0.32598877
-0.14401245
-0.38941956
-0.6372223
-0.63243103
-0.33795166
-0.032684326
0.08103943
0.20913696
0.43418884
0.787323
1.1668091
1.4170074
1.4756622
1.5307312
1.8300018
2.1891327
2.3591309
2.384262
2.2142792
1.857544
1.5594635
1.316452
0.65805054
0.11216736
0.59339905
1.1847687
1.0602722
0.5072174
0.065475464
-0.20028687
-0.20626831
0.0786438
0.48446655
0.9429474
1.4194031
1.8599396
2.0382996
2.0897827
2.0921783
2.0861816
1.976059
1.6863556
1.4409485
1.5821991
1.5355225
0.9309845
0.38031006
0.2450409
0.5215759
1.213501
1.747406
1.000412
-0.044662476
-0.22543335
0.4329834
0.6592407
0.26539612
0.15167236
0.048721313
0.31088257
0.877121
1.395462
1.5678406
1.7737427
2.0023956
1.822815
1.5403137
1.6480408
1.3487701
1.2913055
1.8407745
2.181961
2.210678
2.1065369
1.8838806
1.7557831
1.6085358
0.8076782
-0.018325806
-0.06262207
0.13012695
0.34440613
0.6173401
0.6819916
0.7238922
1.0494995
1.4888306
1.8000793
2.0466766
2.217865
2.3974304
2.4010162
2.248993
2.2154694
2.0490723
1.7904968
1.707901
1.7605743
1.6887512
1.5271454
1.7174683
1.9628754
2.102951
1.6552277
0.8447876
0.2665863
0.13731384
0.66163635
1.2254639
1.4541168
1.4816589
1.5355225
1.8790894
2.2956848
2.7936707
3.2210388
3.1851196
2.8008575
2.3770752
2.0945587
1.7366333
1.3356018
0.9680939
1.0135803
1.411026
1.9221802
2.0694275
1.9006348
1.6193237
1.2302551
1.0351257
0.9297943
0.8831024
0.80648804
0.8471832
0.9896393
1.1249084
1.1907501
1.2853241
1.4217987
1.5774231
1.8491516
2.1448364
2.1436462
1.7390289
1.5247498
1.7043152
1.9365387
1.8958435
1.553482
1.0674438
0.9417572
1.3056793
1.6121368
1.8898621
1.5774231
0.9345703
0.38391113
0.10498047
0.29292297
0.69395447
0.93218994
1.1572418
1.5929871
1.984436
2.2597656
2.423767
2.3627167
2.1424408
1.84198
1.5283356
1.4469299
1.5415039
1.565445
1.4277802
1.2182922
1.2793427
1.6324921
1.7701569
1.6540375
1.4493256
1.3427887
1.6217041
2.004776
1.7785339
1.0985718
0.74902344
0.8543701
1.1464691
1.4146118
1.5953827
1.6480408
1.7414246
1.9293671
2.1328735
2.4489136
2.423767
2.186737
2.0251312
1.8683167
1.5642395
1.3379974
1.261383
1.4577026
1.6277008
1.6863556
1.5486908
0.9321747
0.29052734
-0.035079956
-0.04824829
0.15286255
0.5407257
1.1716003
1.8228302
2.272934
2.6584015
3.0809784
3.4125671
3.4700317
3.3347626
3.1839294
2.9756317
2.6440277
2.5075684
2.6895294
3.0342865
3.0737915
2.8954315
2.8188171
2.4656677
2.15802
2.087387
1.8276062
1.4241943
1.261383
1.1572418
0.9633026
0.85676575
1.1141357
1.5702362
1.9078217
1.9832306
2.032318
2.2154694
2.5518646
2.7888794
2.6464233
2.4501038
2.3483582
2.499176
2.9624634
3.209076
2.6105194
1.6277008
1.4205933
1.7282562
1.8407745
1.3787079
0.35038757
-0.32478333
-0.07458496
0.8483887
1.1775818
0.881897
0.73106384
0.85317993
1.2565918
1.7773285
2.233429
2.4118042
2.3686981
2.5231323
2.7230377
2.9588776
3.0498505
3.000763
3.1791382
3.4365082
3.285675
2.743393
2.3734894
2.2837067
2.308838
1.9497223
1.0291443
0.27856445
0.19715881
0.50601196
0.9237976
1.1728058
1.2901154
1.3487701
1.4122162
1.5474854
1.7150879
1.8252258
1.8312073
1.8730927
1.9868164
2.1903381
2.2837067
2.3148346
2.4453125
2.5554504
2.3567352
1.565445
0.45333862
0.22828674
1.0423126
1.7282562
1.411026
-0.09613037
-1.6152649
-1.8618622
-0.60131836
0.6257324
0.861557
0.4497528
0.33721924
0.8831024
1.4409485
1.4385529
1.1775818
0.8759155
0.91423035
1.1644135
1.3020782
1.2996979
1.4217987
1.731842
2.0670319
1.9365387
1.5845947
1.5127716
1.3595428
0.67240906
0.07145691
-0.7725067
-1.6116638
-1.750534
-1.2333832
-0.6659546
-0.025512695
0.44256592
0.6472626
0.7214966
0.76937866
0.8376007
0.80648804
0.7059326
0.8244324
1.2075043
1.5941772
1.8479614
1.9281616
1.8838806
1.5678406
1.0435028
0.29293823
-0.1272583
-0.03149414
0.11216736
-0.38224792
-1.7900391
-2.8530579
-2.659134
-1.276474
-0.07218933
0.4617157
0.65805054
0.64009094
0.7178955
0.9920349
1.142868
1.0423126
0.8687439
0.8926697
1.0937958
1.3547516
1.6516418
1.8240204
1.9580994
2.123291
2.008377
1.7665558
1.545105
0.82684326
0.38630676
0.4222107
0.312088
0.20314026
0.32165527
0.5562897
0.65805054
0.7059326
0.87950134
1.0578766
1.197937
1.4074249
1.7102966
1.8838806
1.9568939
1.9916077
1.8719025
1.6193085
1.573822
1.5762177
1.4493256
1.3727112
1.391861
1.1931458
1.0435181
1.1931458
1.7019196
1.1380768
-0.01234436
-0.18232727
0.7071228
1.000412
0.4317932
0.115753174
0.3240509
0.91423035
1.2901154
1.3858795
1.3092651
1.3224335
1.6169281
1.8072662
1.7210693
1.6827545
1.8252258
2.083786
2.3495483
2.5326996
2.5386963
2.1975098
1.7174835
1.3763123
1.5714264
1.9413452
1.8300018
1.1488495
0.6197357
0.4210205
0.6532593
0.9920349
0.97647095
0.7729645
0.88908386
1.1356964
1.4026489
1.7007141
1.9149933
1.8012695
1.6432648
1.7210693
1.7964783
1.4828491
1.2230682
1.2458191
1.5391083
1.6624146
1.3260193
1.0207672
1.1895599
1.3810883
1.4194031
0.8184509
-0.39541626
-1.3830261
-1.4572449
-0.45288086
0.45214844
0.9561157
1.2350464
1.3667297
1.3727112
1.3739166
1.4469299
1.569046
1.7605743
1.9269714
2.02034
1.9688721
1.9018402
1.8742981
1.905426
1.9317627
1.9078217
1.9497223
1.8898621
1.5450897
1.371521
1.1356812
0.89627075
0.77056885
0.8328247
0.8040924
0.7526245
0.61135864
0.42460632
0.54193115
0.960907
1.34758
1.6025543
1.6935272
1.7785339
1.9976044
2.1903381
2.289688
2.3722992
2.3172302
1.9161987
1.6660004
1.826416
1.9796448
1.7031097
0.77775574
0.277359
0.31448364
-0.4420929
-0.54385376
0.80648804
1.2841339
0.7574005
0.17082214
-0.025512695
0.7442322
1.6564331
1.802475
1.7007141
1.4217987
1.0255585
1.257782
1.7988739
1.7450104
1.4433441
1.2721558
1.2709503
1.316452
1.197937
1.0171661
0.6269226
0.12294006
0.18638611
0.5012207
0.6424866
0.74183655
0.3491974
-0.023117065
0.1468811
0.5227661
0.901062
0.9920349
0.7047272
0.6412811
0.89746094
1.0315399
0.7861328
0.4401703
0.158844
0.39468384
1.4301758
1.4241791
0.60298157
0.41264343
0.17321777
-0.10571289
-0.054244995
-0.35949707
-0.22781372
0.3922882
0.63290405
0.9118347
1.2745514
1.3703156
1.221878
0.92500305
0.8699341
1.1105499
1.3727112
1.7066956
1.9066162
1.6983337
1.8144531
2.2477875
2.0179443
1.9892273
1.7737427
1.8755035
1.92099
1.6588287
0.9381714
0.54670715
0.9094391
1.5175629
1.9544983
2.0263367
1.9161987
1.7210693
1.7833252
1.7198639
1.1333008
0.7610016
0.6748047
0.80288696
1.0123901
1.1213226
1.2494049
1.2937012
1.1285095
0.87831116
0.6412811
0.63171387
0.76937866
0.81007385
0.8519745
0.8352051
1.118927
1.2865295
0.9345856
0.5503082
0.446167
0.7550049
0.82684326
0.5550995
0.27856445
0.16125488
0.49523926
1.0339355
1.3511658
1.4756622
1.4158173
1.142868
0.826828
0.6843872
0.78852844
0.94296265
1.0626678
1.2506104
1.4086304
1.1488647
1.0674591
1.4720764
1.6576233
1.6492462
1.68396
1.6696014
1.4529266
1.1883545
1.1464539
1.332016
1.4996033
1.3810883
1.2649689
1.4325714
1.6073456
1.5247498
1.3595428
1.4840393
1.8395844
1.7174835
0.99082947
0.71551514
0.960907
1.2063141
1.2937012
1.3655243
1.4828491
0.95373535
0.2546234
0.16004944
0.81007385
1.253006
1.0530853
0.7442322
0.64009094
0.74783325
0.93696594
1.1728058
1.3846893
1.731842
2.1747742
2.5171509
2.8475494
3.0151367
2.609314
2.1197052
1.9425354
2.0263367
1.7952881
1.371521
1.1536407
0.83161926
0.6185303
0.8196564
1.276947
1.5043945
1.2805328
1.0207672
1.0267487
1.253006
1.5043945
1.5474854
1.5522766
1.6600189
1.9185944
1.9652863
1.5965729
1.2087097
1.1464539
1.1644135
1.1021729
0.94415283
0.89985657
1.2422333
1.8371887
1.8982391
1.1572418
0.39468384
0.28096008
0.61016846
0.6951599
0.63290405
0.5970001
0.5574951
0.65086365
0.95732117
1.3403931
1.5702362
1.7019196
1.7055054
1.7150879
1.8036804
1.8240204
1.846756
1.8132477
1.6253052
1.3008881
0.80888367
0.99801636
1.4229889
1.292511
1.0578766
1.3583527
1.8934479
2.2046967
2.0143585
1.6085358
1.3296204
1.273346
1.3356018
1.3403931
1.2829285
1.1165314
0.9453583
0.8364105
0.8759155
1.1237183
1.4469299
1.7917023
1.8982391
1.7797241
1.5223541
1.3822937
1.2709656
1.0542755
0.91900635
0.86872864
0.88668823
0.86753845
0.8950653
1.094986
1.4194031
1.7055054
1.7833099
1.7246552
1.7821198
2.0
2.25737
2.3615265
2.181961
1.9078217
1.7294464
1.6396637
1.5714264
1.5019989
1.2601929
0.91423035
1.0303497
1.2063141
1.376297
1.5714264
1.7306519
1.6456451
1.518753
1.648056
1.8467712
1.7917023
1.5929871
1.3751068
1.2625885
1.2326508
1.3224335
1.4229889
1.2182922
0.7945099
0.6305084
0.72029114
0.8878937
0.83522034
0.69036865
0.6819916
0.95492554
1.2865143
1.1620178
1.0303497
1.0458984
1.0925903
1.1728058
1.2434235
1.2003326
1.2003326
1.3020935
1.3379974
1.2817383
1.3511658
1.7019196
2.0371094
2.171173
1.9724579
1.6420593
1.6229095
1.7725525
1.7282562
1.3619385
0.6963501
0.35157776
0.71310425
1.3200378
1.6588135
1.6169281
1.652832
1.7605743
1.6803741
1.5522766
1.3882751
1.3008881
1.2996979
1.3523712
1.5031891
1.6384735
1.7162781
1.6672058
1.3391876
0.95492554
0.93696594
1.5223541
2.1041412
1.8012848
1.1716003
1.1524506
1.7031097
1.8850708
1.5666351
1.2877197
1.5055847
1.8850708
1.8862762
1.6025543
1.3511658
1.4170074
1.8060608
2.2621613
2.4513092
2.446518
2.3160248
1.8395844
1.2841339
1.4289856
1.9963989
2.0897675
1.7450104
1.5283356
0.9704895
0.68078613
0.9788666
1.3511658
1.4876404
1.4720764
1.6001587
1.731842
1.7031097
1.5941772
1.5858002
1.5546722
1.6157227
1.7928925
1.94133
2.0227356
1.9353485
1.5690308
1.0471039
0.8831024
0.8831024
0.92619324
1.0937958
1.2637787
1.4541168
1.5510712
1.7222595
1.5427094
1.2087097
1.2853241
1.6193237
1.8395844
1.6612091
1.4134216
1.4505157
1.7162781
2.0227356
2.1184998
1.9916229
1.9269714
2.0969543
2.3184204
2.4728546
2.4836273
2.363922
2.2358246
2.0658417
2.0466766
2.1568146
2.02034
1.7964935
1.5774231
1.4972076
1.5319366
1.3727112
1.400238
1.5319366
1.573822
1.4672852
1.5211487
1.6157227
1.7330322
1.8300018
1.8802795
1.8647308
1.8958435
2.123291
2.463272
2.636856
2.6979065
2.7900848
2.7697296
2.7864838
2.7697296
2.7050934
2.6344604
2.3699036
2.0263214
1.3511658
0.091812134
-0.4887848
-0.01234436
0.99443054
1.4780579
0.8148651
0.33721924
0.4437561
0.4497528
0.6748047
0.9094391
1.063858
1.1177216
1.2960968
1.7342377
2.1364594
2.114914
1.7378387
1.4876404
1.7605743
2.4644775
2.8331757
2.7062836
2.3950348
1.9832306
1.9748535
1.9066162
0.9513397
0.002029419
0.36116028
1.470871
2.202301
1.8156433
0.94296265
0.36834717
0.29771423
0.57185364
0.8148651
0.945343
1.1452637
1.4577026
1.7904968
1.976059
1.9616852
1.9341583
1.8312073
1.6588135
1.5917816
1.5067902
1.094986
0.6520691
0.60058594
0.945343
1.1644135
0.5191803
-0.8359375
-1.8175659
-1.6427917
-0.6252594
0.3025055
0.53593445
0.4401703
0.6460724
1.0602722
1.4241943
1.4852448
1.2446136
0.97528076
1.1081543
1.4289703
1.5953827
1.6085358
1.4852448
1.3356018
1.3918762
1.4613037
1.4624939
1.4553223
1.4804535
1.2841339
0.9621124
0.5586853
0.40187073
0.47369385
0.44256592
0.5443115
0.7717743
0.8196564
0.7681732
0.8124695
1.0363312
1.3643341
1.5582733
1.6408539
1.6959381
1.558258
1.4828491
1.5067902
1.3966522
1.253006
0.9621124
0.10379028
-0.51153564
-0.32717896
0.31806946
1.0207672
0.6352997
-1.2309875
-2.3873901
-1.8043976
-0.3331604
0.89268494
1.4565125
1.5642548
1.4840393
1.3751068
1.3978577
1.5690308
1.52594
1.4768677
1.5822144
1.7031097
1.8335876
1.7306519
1.439743
1.2386322
1.1320953
1.0482941
1.2003326
1.4134216
1.5905914
1.063858
0.04272461
-0.2134552
0.47488403
0.7454376
0.26060486
0.0068206787
0.19715881
0.6963501
1.1117401
1.2829285
1.2984924
1.5450897
1.980835
2.281311
2.1903381
1.8922577
1.9138031
2.039505
1.925766
1.7617798
1.5151672
1.079422
1.0052032
1.2087097
1.4062347
1.2673645
0.10618591
-1.1579742
-1.3770294
-0.26852417
0.80288696
1.3332062
1.558258
1.4385529
1.3152466
1.3810883
1.7222595
2.0945587
2.1221008
2.0658417
2.162796
2.3531342
2.565033
2.7374115
2.7469788
2.873886
3.0713959
3.0426636
2.5111542
1.9652863
1.8874664
1.3128662
0.5838318
0.70233154
1.0590668
1.0901947
1.2434235
1.3104706
1.015976
1.2458191
1.9509125
2.1041412
1.8802795
1.8228302
2.1005554
2.4381409
2.5135498
2.0299225
1.3655396
1.2625732
1.5235443
1.7665558
1.6157227
1.1787872
1.1847687
1.3583374
1.1512451
0.51319885
0.058288574
0.1468811
0.56108093
0.78852844
0.40187073
0.063079834
0.7909241
0.49523926
0.55270386
0.21391296
0.3994751
0.743042
1.4289703
2.186737
2.2944794
1.7976837
1.1931458
0.9668884
1.3679199
1.9030304
2.0885773
1.6037598
1.3463745
1.6492462
2.3782806
2.7110748
2.375885
1.771347
1.5989685
1.7222595
1.7569885
1.5774231
1.3487701
1.1009674
1.0123901
1.2194824
1.6264954
1.9987946
2.2621613
2.260971
2.2621613
2.288498
2.0658264
1.7462158
1.6300964
1.4624939
1.3236389
1.273346
1.2410278
1.26857
1.4158173
1.4253845
1.0614624
0.63290405
0.6137543
1.0219727
1.2685547
1.1787872
1.0087891
1.0411072
1.3044739
1.5834045
1.7354431
1.7390289
1.5881958
1.553482
1.589386
1.648056
1.771347
1.6779785
1.3966522
1.1943512
1.0279541
0.8435974
0.6891632
0.8471832
0.9621124
1.0016174
1.360733
1.8359985
2.0825958
1.8407745
1.4672852
1.2170868
1.1488647
1.2278595
1.3332062
1.3044739
1.1488495
1.103363
1.2266693
1.321228
1.0914001
0.50361633
-0.019515991
-0.10331726
0.20674133
0.4784851
0.50242615
0.5084076
0.703537
0.569458
0.40905762
0.57185364
0.72987366
0.5503082
0.2115326
0.16004944
0.40545654
0.78015137
1.0171814
1.0566711
1.0279388
1.1692047
1.3894653
1.4972076
1.355957
0.9166107
0.54193115
0.58981323
0.97528076
1.0614624
0.75979614
0.4102478
0.07624817
0.4605255
1.1440582
1.3547516
1.3176422
1.4146118
1.5403137
1.4361572
1.2577972
1.26857
1.3391876
1.1931458
0.97647095
0.8196564
0.72268677
0.72029114
0.70951843
0.6269226
0.4605255
0.4282074
0.7167053
1.1488495
1.3798981
1.2422333
0.82922363
0.81126404
0.7849426
0.2546234
-0.123672485
0.31806946
1.0231628
1.4792633
1.5929718
1.3858795
1.1835632
1.1632233
1.2901154
1.4792633
1.6456604
1.8802795
2.0849915
2.0969543
1.7593842
1.2984924
1.0458984
1.0171661
1.3619385
1.5594635
1.0758362
0.69755554
0.8292389
1.0997772
1.4194031
1.7689514
1.910202
1.7019196
1.4194031
1.3858795
1.4732666
1.5438995
1.5630493
1.5606537
1.5307312
1.6372681
1.984436
2.3303986
2.1831512
1.7019196
1.4840393
1.4912262
1.5032043
1.5642548
1.52594
1.4194031
1.376297
1.4852448
1.6935272
1.6648102
1.1129456
0.61135864
0.81365967
1.4804535
1.9389343
1.573822
0.99443054
0.743042
1.0231628
1.6073456
1.8994293
1.897049
1.8527527
1.8731079
2.0299225
2.1927185
2.2477875
2.1759644
2.0562592
1.980835
1.8874664
1.8096619
1.7988739
1.7007141
1.3775024
1.3703156
1.6707916
1.9269714
2.154419
2.3543396
2.4046173
2.0945587
1.5858002
1.308075
1.3511658
1.5881958
1.6971283
1.58461
1.6085358
1.7940979
2.0538635
2.1065369
1.9078217
1.8455658
1.8635254
1.818039
1.7653656
1.8000793
1.7701569
1.723465
1.7509918
1.6456451
1.534317
1.4924164
1.2937012
1.1751862
1.2637787
1.1883545
0.9094391
0.58262634
0.6532593
1.2829285
1.8551483
2.0586548
2.0861816
2.1113281
2.1675873
2.2370148
2.3184204
2.4572906
2.3543396
1.8934479
1.6492462
1.8204346
2.0466766
2.1484375
2.013153
1.613327
1.5474854
2.0011902
2.2789154
2.1568146
1.8778839
1.6851501
1.8168335
2.114914
2.17836
1.901825
1.5438995
1.3631439
1.4840546
1.8683167
2.2789154
2.542282
2.5590363
2.5793915
2.73143
2.7026978
2.4058075
2.2118835
2.0538635
2.047882
2.1616058
2.0825958
1.6935425
1.3415833
1.3571472
1.3631439
1.332016
1.4696808
1.7102966
1.7857056
1.668396
1.6169128
1.7138824
1.9736633
2.1256866
2.226242
2.3818665
2.5003815
2.621292
2.7086792
2.7481842
2.7374115
2.799652
2.9277496
2.985199
3.0654144
3.1635742
2.9552765
2.4572906
1.9197845
1.5247498
1.6995239
2.044281
2.229828
2.1604004
2.1221008
2.1113281
1.9066162
1.6504364
1.4804535
1.5438995
1.5953674
1.6061554
1.8551483
2.1041412
2.2442017
2.3579254
2.5243225
2.561432
2.3950348
2.296875
2.2011108
2.1041412
2.1999054
2.3794708
2.2190552
1.8192291
1.3727112
1.3140564
1.4864349
1.5989685
1.4529114
0.97288513
0.75860596
0.98246765
1.3451843
1.4672852
1.2350464
0.92500305
1.0231628
1.4325714
1.8012848
2.0215454
2.1436462
2.2238464
2.3232117
2.4261627
2.5398865
2.65242
2.454895
2.2226562
2.217865
2.3651123
2.5949554
2.7338104
2.5590363
2.130478
1.7019196
1.5127716
1.7438202
1.6540375
1.4277802
1.549881
1.9329529
2.248993
2.142456
1.7917023
1.5702362
1.7342377
1.9281616
1.9940033
1.9640808
1.9413452
2.1604004
2.3327942
2.2537842
2.102951
2.1125183
2.169983
2.086197
1.8910522
1.7581787
1.6588287
1.8072662
2.1197052
2.2873077
2.423767
2.1065369
1.2003326
0.648468
0.66882324
0.7909241
0.68078613
0.6748047
1.0722351
1.7330475
2.2465973
2.2477875
2.008377
1.8934479
2.0275269
2.241806
2.4046173
2.4656677
2.3902435
2.3543396
2.41539
2.600937
2.83078
2.640442
2.4824219
2.7242432
2.7697296
3.0618286
3.233017
2.9361267
2.3710938
1.9832306
1.976059
1.8228302
1.1105499
0.69155884
1.0542908
1.8407745
2.1556244
1.8120422
1.3523712
1.0686493
0.9968262
1.0842133
1.4385529
1.7509918
1.8599396
1.850357
1.9533081
2.1077423
2.1484375
2.154419
2.1376648
1.9293671
1.6707916
1.6743927
1.905426
2.0765991
2.0670319
1.7641602
1.3116608
0.6352997
0.13012695
0.25820923
1.0255585
1.5486908
1.3978577
0.99801636
0.71191406
0.6556549
0.9489441
1.2075195
1.3930664
1.5881958
1.8395844
2.063446
2.1891327
2.1675873
2.0466766
1.8359985
1.6971283
1.7366333
1.9114075
2.0095673
2.1735687
2.3950348
2.304062
2.1340637
1.723465
1.0674438
0.5658722
0.69395447
1.3188477
1.6540375
1.4864349
1.3140564
1.3332062
1.4816437
1.6025543
1.6588287
1.6516418
1.7509918
1.92099
1.9533081
1.8671112
1.8096619
1.8563385
1.8635254
1.9102173
1.9437256
2.0059814
1.9281616
1.7845154
1.6121368
1.5750275
1.3080597
0.89627075
0.87950134
1.5402985
2.0275269
1.7653656
1.3188477
1.0722351
1.3966522
2.0275269
2.2789154
2.1675873
2.2585754
2.633255
2.9660492
3.0151367
2.9612732
2.8235931
2.7613525
2.7769165
2.897812
3.0103455
3.1097107
3.0342865
2.9193573
2.6560059
2.5686188
2.5482635
2.3651123
2.1316833
1.810852
1.4457397
1.2170868
1.1452637
1.1668091
1.3020782
1.5834045
1.8431702
2.1747742
2.5075684
2.5841827
2.6105194
2.636856
2.6787415
2.7924805
2.8834534
2.7876892
2.691925
2.7805023
2.897812
2.8882446
2.4824219
1.9245758
1.229065
0.5203705
0.4030609
1.2027283
2.0023804
2.035904
1.3284149
1.0291443
1.3894806
2.0143585
2.367508
2.4082031
2.3423615
2.3854675
2.549469
2.4967957
2.241806
2.1496277
2.3663025
2.5650177
2.7242432
2.839157
2.8523254
3.2401886
3.3299713
3.091751
2.581787
1.5869904
0.624527
0.36116028
0.9812622
1.3092651
1.094986
1.024353
1.2027283
1.5019989
1.6324768
1.3822937
1.0722351
1.1787872
1.6240997
2.059845
2.3950348
2.4118042
2.0191498
1.8060608
1.7845154
1.2685547
1.024353
1.6205139
2.1017456
1.92099
0.8364105
-0.71144104
-1.473999
-0.6839142
0.53234863
0.9680939
1.055481
1.6097412
2.3710938
2.8954315
3.0546417
2.7266235
2.1915283
1.8192291
1.7007141
1.8204193
2.1209106
2.4201813
2.4872131
2.4608765
2.4812317
2.542282
2.6667786
2.9935913
2.9049988
2.1843567
1.2003326
0.4389801
0.5179901
1.1308899
1.34758
1.1057587
1.1129456
1.4912262
1.8826752
2.1029358
2.1376648
2.1412506
2.1448364
2.0347137
1.8982391
1.8671112
1.9150085
1.9904175
1.9868317
1.7785339
1.5510864
1.3667297
1.2099152
1.3775024
1.4696808
1.2146912
0.41622925
-0.35112
-0.16317749
0.7167053
1.1117401
0.9058533
0.7346649
0.7143097
1.0590668
1.6636047
2.0802002
2.2166748
2.0838013
1.8922577
1.850357
2.0347137
2.312439
2.4058075
2.2681427
2.1089325
1.9676819
1.9281769
1.9856262
2.07901
2.0179596
1.960495
1.5367126
0.94654846
0.6975403
0.89746094
1.000412
0.861557
0.8232422
0.9669037
1.2302551
1.4912262
1.7210693
1.8850708
1.9521027
2.0778046
2.1651917
2.1173096
2.0586548
2.083786
2.0574493
2.0670319
2.0813904
1.9928131
1.8096619
1.6109467
1.470871
1.6707916
2.0622406
1.7749329
1.221878
1.3822937
1.6600189
1.5522766
1.2817383
1.1249237
1.1763916
1.6097412
2.1089325
2.462082
2.6296692
2.580597
2.5722046
2.715866
2.8355713
2.8044434
2.6272736
2.0969543
2.9049988
2.8523254
2.6464233
3.1168976
3.3036346
3.344345
2.8295898
2.3315887
1.8850708
1.6803589
1.8168335
2.2406158
2.384262
2.171173
1.984436
1.692337
1.3008881
1.2158966
1.6145325
2.1831512
2.648819
2.7314148
2.5015717
2.3399658
2.3459625
2.4405212
2.439331
2.193924
1.9580994
1.8826752
1.8587341
1.6935272
1.3918762
1.1512451
1.0710449
0.5108032
0.1181488
0.4832611
1.1392822
1.5917816
1.5247498
1.2482147
1.3056793
1.6624146
1.8156433
1.7533875
1.6767731
1.7904968
2.126892
2.3663025
2.541092
2.2238464
1.6959229
1.7330475
1.7545929
1.6947327
1.9616852
2.2789154
2.1819458
1.9999847
1.613327
1.273346
1.2206879
1.0626678
0.8771057
0.77415466
0.69395447
0.7945099
1.0626678
1.4397583
1.8778839
2.1233063
1.9149933
1.5666504
1.4086304
1.3715057
1.1751862
1.1991272
1.450531
1.4445343
1.308075
1.1440735
1.2003326
1.2649689
1.589386
1.573822
0.99443054
0.67240906
0.703537
0.91900635
0.80648804
0.58262634
0.46292114
0.5910034
0.8519745
1.1464539
1.4804535
1.9197845
2.3459473
2.5003815
2.264557
1.960495
1.7498016
1.707901
1.7821198
1.7031097
1.7270508
2.1687927
2.387848
2.2705383
1.9904175
1.4948273
1.1787872
1.4050446
1.4684753
1.229065
1.2075195
1.0363312
0.91542053
1.2123108
1.668396
2.126892
2.375885
2.154419
1.7521973
1.7019196
1.6935425
1.5283356
1.4002533
1.5223541
1.7091064
1.6612091
1.2577972
1.024353
1.1703949
1.6181183
1.4804535
0.80648804
0.4401703
0.608963
0.87112427
0.8519745
0.7322693
0.8938751
1.4086304
1.6504364
1.6516418
1.470871
1.5211487
1.8443756
2.1364746
2.2477875
2.0538635
1.8922577
1.984436
2.07901
2.0454865
1.9389343
2.0215454
2.0299225
1.8874664
1.6229095
1.1285095
0.9621124
1.3427887
1.6300964
1.4241943
1.2027283
0.9956207
0.984848
1.2745514
1.4804535
1.5462952
1.4529114
1.4050293
1.5474854
1.6240997
1.4134216
1.2266693
1.2099152
1.3619385
1.2589874
0.80648804
0.5203705
0.8352051
1.4696808
2.3507385
2.3471527
1.2003326
0.20553589
-0.20147705
-0.054244995
0.21751404
0.4605255
0.77056885
1.1967316
1.6648102
2.0574493
2.210678
2.1915283
2.2669373
2.4105988
2.360321
1.9796448
1.5427094
1.5606537
1.9197845
1.786911
1.3008881
1.2051239
1.5510864
1.826416
1.7821198
1.3248291
0.8938751
1.218277
1.7126923
1.7797241
1.513977
1.2410278
0.9381561
0.96569824
1.2913055
1.534317
1.8611298
2.2130737
2.3818665
2.1053314
1.6013641
1.1620178
0.95851135
1.142868
1.332016
1.1117554
0.5155945
0.07385254
0.10977173
0.5586853
0.9812622
0.8771057
0.50242615
0.25343323
0.406662
0.69395447
0.8735199
0.94773865
1.0303345
1.2793427
1.6612091
1.9066162
2.092163
2.3686981
2.4848175
2.2741241
2.0969543
2.1173096
2.1771698
2.217865
2.241806
2.063446
1.9784393
2.2358246
2.617691
2.6081238
2.2190704
1.8144379
1.2111053
0.7837372
0.8029022
0.9740753
1.0016174
1.182373
1.3966522
1.5965729
1.7485962
1.8647156
2.0143585
2.2777252
2.5446777
2.6272736
2.470459
2.0610504
1.6229095
1.6516418
2.059845
2.2920837
2.0490723
1.8695068
1.9245758
2.1891327
2.1352692
1.4924164
0.881897
0.79930115
1.2194824
1.434967
1.2673645
1.308075
1.6648102
2.0849915
2.2537842
2.1723785
2.1280823
2.1831512
2.2908936
2.4572906
2.538681
2.439331
2.2669525
2.3303986
2.3088531
2.063446
2.028717
2.2453918
2.2549744
1.7725525
1.0758362
0.43537903
0.33721924
0.6233368
0.74064636
0.9776764
1.3463745
1.5977631
1.7509918
1.7569885
1.7354431
2.1771698
2.5171356
2.344757
1.5295258
1.0339355
0.8627472
1.0937958
1.5151672
1.7785339
1.6312866
1.2781372
1.1165314
1.297287
1.4158173
1.3583374
1.1153412
0.63409424
0.18878174
0.34680176
0.86395264
1.1356812
1.118927
1.2410431
1.5618591
1.7641754
1.9676666
2.2956848
2.6919098
2.8271942
2.5506592
2.2956696
2.1843414
2.138855
2.07901
1.850357
1.7031097
1.6899414
1.810852
2.0179443
2.0011902
1.910202
1.7665558
1.7569885
2.031128
2.3076477
2.1436462
1.6264954
1.2410278
1.024353
1.0423126
1.276947
1.558258
1.8347931
2.2202606
2.509964
2.4524994
2.0957642
1.8216248
1.6277008
1.4732666
1.6253052
1.652832
1.5690308
1.6336823
1.6827698
1.6061401
1.6875458
1.3739166
0.81365967
0.63648987
0.881897
1.1356964
1.0782318
1.094986
1.4146118
1.8587341
2.1137238
2.0957642
2.1161041
2.3459473
2.5291138
2.5075684
2.3495483
2.1675873
2.1496277
2.3567352
2.6165009
2.5925598
2.348343
2.2202606
2.1903381
1.9269714
1.4469299
0.7837372
0.43058777
0.76937866
1.2302551
1.3966522
1.3906708
1.1512604
1.0016174
1.2745514
1.802475
2.1209106
2.2705383
2.3579254
2.3136292
2.2621613
2.0658417
1.936554
2.1101227
2.2034912
2.3639069
2.2920837
1.8599243
1.4086304
1.2422333
1.0770264
0.8519745
0.75260925
0.5778351
0.30369568
0.17680359
0.53593445
1.2422333
1.5870056
1.6492462
1.9616852
2.3100433
2.3878632
2.3579254
2.4488983
2.470459
2.2394104
2.0813904
2.0706177
2.1855469
2.289688
2.3986206
2.5398865
2.7050934
2.9911957
3.2593384
3.0498505
2.4884186
2.0538635
1.8802795
1.9401398
2.063446
1.8084564
1.2673645
1.1105499
1.2829285
1.1787872
1.1392822
1.3739166
1.7414246
2.1197052
2.2274475
2.0897827
1.9592896
1.9102173
1.8323975
1.810852
1.8695068
1.9461212
1.8731079
1.9425354
1.980835
1.92099
2.039505
2.4740448
2.688324
2.3196259
1.5211487
0.9968262
1.1045685
1.5929718
1.870697
1.8778992
1.8491516
1.905426
2.166397
2.6033325
2.73143
2.4105988
2.1831512
2.3543396
2.4285583
2.3256073
2.289688
2.4082031
2.4105988
2.4955902
2.8295898
3.0666199
2.870285
2.6356506
2.4800262
2.0945587
1.6695862
1.4924164
1.2122955
1.1213226
1.2099152
1.2889099
1.4852448
1.767746
2.1352692
2.4644623
2.580597
2.4848175
2.4333344
2.4297485
2.3351746
2.221466
2.2825012
2.5877686
2.799652
2.5722046
2.039505
1.857544
2.0287323
2.241806
2.2848969
1.8120422
1.1488495
0.47369385
0.3934784
1.0854034
1.8371887
2.1568146
2.241806
2.288498
2.3148346
2.3651123
2.5327148
2.7409973
2.7721252
2.6739655
2.648819
2.5518646
2.5326996
2.5530548
2.600937
2.3974304
2.1879425
2.3555298
2.5686188
2.4920044
2.3315887
1.8120575
1.4816437
1.3092651
1.5067902
1.8910675
1.9102173
1.5510864
1.3116608
1.3188477
1.6336823
2.0730133
2.296875
2.1089325
1.7162781
1.7605743
2.1747742
2.1879425
2.015564
2.114914
2.25737
2.3423615
2.300476
2.2286377
2.2908936
2.3938446
2.4417267
2.5746002
2.166397
1.1201172
0.5203705
0.9501343
1.5881958
2.0299225
2.0155487
1.3822937
0.7143097
0.9704895
1.2709656
1.1668091
0.9692993
1.0207672
0.8831024
1.4864349
2.1867523
2.4034119
2.3770752
1.1632233
1.6624146
1.8898621
1.5427094
1.7066956
1.5774231
1.6229095
2.1771698
2.5841827
2.4022217
1.8276062
1.6324921
1.6648102
1.6013641
1.5834045
1.6791687
1.7294464
1.1919556
1.6827698
1.901825
1.8383789
1.9018402
2.0107727
1.9940033
1.8635254
1.7593689
1.6707916
1.9185944
2.1221008
2.0813904
1.8994446
1.7593689
1.6480408
1.5714264
1.6636047
1.8862762
2.1137085
2.123291
1.9030304
1.7426147
1.7426147
1.8012848
1.8826752
1.8850708
1.8647308
1.8707123
1.886261
1.8300018
1.810852
1.8671265
1.8826752
1.7809296
1.68396
1.6791687
1.7928925
1.8671112
1.7904968
1.5989685
1.5223541
1.6803741
1.9221802
2.0347137
1.9892273
1.9090118
1.8323975
1.7905121
1.8599396
1.9580994
1.9664764
1.9293671
1.9138031
1.857544
1.7857208
1.7438049
1.7258606
1.7270508
1.7007141
1.7450104
1.7521973
1.7414246
1.771347
1.8084564
1.8000793
1.7330322
1.6959229
1.7809143
1.9317627
1.9592896
1.7773285
1.6169281
1.6564331
1.7689514
1.7940979
1.7438049
1.6420593
1.5462952
1.589386
1.68396
1.7330475
1.7653656
1.7677612
1.6624146
1.5869904
1.5570679
1.5546722
1.5702362
1.608551
1.6145325
1.5762177
1.4972076
1.5271454
1.6648102
1.7426147
1.7450104
1.6767731
1.5786133
1.5199585
1.5032043
1.4984131
1.4996033
1.479248
1.4409485
1.534317
1.5881958
1.5762177
1.5714264
1.5594635
1.560669
1.5558777
1.4205933
1.3870697
1.4146118
1.4684753
1.5223541
1.4253845
1.2973022
1.4182129
1.644455
1.6815643
1.5642548
1.4469299
1.4205933
1.4385529
1.4517212
1.450531
1.4493256
1.5008087
1.569046
1.5977631
1.6181183
1.573822
1.573822
1.6312866
1.687561
1.6468506
1.5726318
1.5822144
1.6767731
1.6899414
1.5415039
1.4636841
1.4696808
1.5774231
1.692337
1.6456451
1.5594635
1.5271301
1.5127716
1.5989685
1.6827698
1.6348724
1.5965729
1.5834045
1.5534668
1.5570679
1.5798187
1.6001587
1.5786133
1.6025543
1.6253052
1.5821991
1.5714417
1.6217194
1.6277008
1.5115814
1.470871
1.5618591
1.723465
1.7174683
1.5690308
1.5379181
1.5546722
1.5881958
1.5977631
1.5032043
1.4217987
1.4194031
1.4481354
1.4457397
1.4194031
1.4457397
1.4421387
1.4672852
1.5367126
1.5869904
1.5666351
1.5774078
1.6001587
1.6013641
1.549881
1.4469299
1.434967
1.518753
1.5774231
1.5415039
1.4852448
1.4170074
1.4194031
1.4241791
1.4170074
1.4481354
1.4828491
1.5187683
1.608551
1.6707916
1.6420593
1.6001587
1.5881958
1.6013641
1.6061554
1.613327
1.68396
1.747406
1.7593689
1.7450104
1.6648102
1.6157227
1.6504364
1.7198792
1.7928925
1.8551483
1.9185944
1.9772491
2.052658
1.9880219
1.8647156
1.7653656
1.7402191
1.8479614
1.9329529
1.9293671
1.9461212
2.0299225
2.1221008
2.2035065
2.1759644
2.123291
2.1161194
2.1424408
2.2046967
2.17836
2.0586548
1.9592896
1.9916229
2.0957642
2.2142792
2.25737
2.2465973
2.1735687
2.1352692
2.131668
2.1604004
2.1855469
2.1771698
2.166397
2.162796
2.126892
2.0718231
2.0670319
2.1029358
2.1101227
2.0371094
2.051468
2.15802
2.162796
2.1256866
2.0095673
1.9018402
1.9748535
2.1412506
2.1352692
2.0347137
2.008377
2.0634308
2.0897827
2.0622406
2.039505
2.0622406
2.1268768
2.181961
2.1328735
2.0502625
1.9832306
1.984436
2.0143585
2.0059814
1.9245758
1.8838806
1.9796448
2.0849915
2.0706177
1.8826752
1.8467712
1.9856262
2.1197052
2.087387
1.9652863
1.8802948
1.8563385
1.8826752
1.8922577
1.8563385
1.8192291
1.8335876
1.8910522
1.9221802
1.897049
1.8551483
1.8347931
1.8515472
1.865921
1.8539581
1.7785339
1.7761383
1.8479614
1.8838654
1.7809143
1.6851654
1.771347
1.8742981
1.9006348
1.8347931
1.8120422
1.7976837
1.7581787
1.7390289
1.731842
1.7677612
1.8431702
1.8754883
1.8599396
1.8359833
1.8240204
1.7893066
1.7749329
1.807251
1.8336029
1.7964935
1.7952881
1.84198
1.850357
1.7509918
1.6887512
1.7605743
1.8730927
1.9317627
1.9221802
1.9329529
1.8802948
1.7893066
1.7462158
1.7677612
1.7928925
1.8216248
1.8323975
1.8647156
1.8683167
1.8132477
1.747406
1.7342377
1.7462158
1.7569885
1.707901
1.7330322
1.8671112
1.9904175
1.9233856
1.7450104
1.7330475
1.9149933
1.9700623
1.865921
1.802475
1.8084564
1.8707123
1.881485
1.8407745
1.8347931
1.8850708
1.9150085
1.8910522
1.8671265
1.8599396
1.9138031
1.9700623
1.9557037
1.9149933
1.8742981
1.8060608
1.8515472
1.9772491
1.9880219
1.7917023
1.7162781
1.9030304
2.1125183
2.044281
1.8635254
1.810852
1.8778839
1.9437256
1.9126129
1.8371887
1.9628754
2.1508331
2.17836
2.1496277
2.063446
2.0466766
2.0586548
2.0371094
2.035904
2.0670319
2.075409
2.1005554
2.1316833
2.17836
2.123291
1.9724579
1.9820404
2.1244965
2.2525787
2.2046967
2.2837067
2.4572906
2.0742188
1.6767883
2.0335083
2.2465973
2.162796
1.7019196
