-0.019454956
-0.007736206
0.032211304
7.7819824E-4
-0.043426514
-0.09509277
-0.10467529
-0.08709717
-0.07858276
-0.0892334
-0.094558716
-0.10202026
-0.115859985
-0.113723755
-0.07911682
-0.05567932
-0.06312561
-0.08709717
-0.1126709
-0.14143372
-0.16752625
-0.16166687
-0.12225342
-0.07218933
-0.03437805
-0.0050811768
0.008239746
-0.0098724365
-0.04875183
-0.08444214
-0.09562683
-0.0700531
-0.031173706
0.0050354004
0.041275024
0.06790161
0.08015442
0.0982666
0.12277222
0.109451294
0.050323486
-0.003479004
-0.017333984
-0.0029449463
0.010375977
0.022628784
0.04499817
0.10092163
0.17816162
0.21757507
0.19360352
0.14033508
0.09719849
0.069503784
0.03967285
0.0018463135
-0.022659302
-0.035964966
-0.043426514
-0.03491211
-0.019454956
-0.013595581
-0.018920898
-0.03010559
-0.03756714
-0.012008667
2.4414062E-4
-0.027450562
-0.042892456
-0.017318726
0.026367188
0.040740967
0.017837524
-0.014663696
-0.035446167
-0.0423584
-0.053009033
-0.06100464
-0.06100464
-0.0466156
-0.024246216
-0.014129639
-0.02319336
-0.02319336
-0.0040130615
0.011978149
0.027420044
0.04020691
0.04499817
0.043930054
0.04499817
0.043930054
0.0513916
0.0471344
0.012512207
-0.011474609
-8.087158E-4
0.03062439
0.04232788
0.031158447
0.018371582
0.009307861
-0.010406494
-0.017852783
-0.007736206
0.0045166016
0.0077056885
0.0018463135
-0.009338379
-0.01626587
-0.012008667
0.0061187744
0.021560669
0.020492554
0.016235352
0.012512207
0.01676941
0.015701294
-0.004547119
-0.0098724365
0.0013122559
-0.021057129
-0.0460968
-0.03489685
-0.003479004
0.010375977
0.0050354004
2.4414062E-4
0.013046265
0.029556274
0.026351929
0.009307861
0.0018463135
0.010375977
0.016235352
0.010910034
0.002380371
0.0013122559
0.005569458
0.008773804
-0.004547119
-0.022125244
-0.02796936
-0.033309937
-0.04182434
-0.050354004
-0.05619812
-0.053009033
-0.05621338
-0.078048706
-0.08657837
-0.05833435
-0.013595581
0.014099121
0.0013122559
-0.019989014
-0.017852783
0.002380371
0.009307861
2.4414062E-4
-0.013061523
-0.010406494
-0.003479004
-0.0072021484
-0.017868042
-0.025314331
-0.022659302
-0.003479004
0.019424438
0.020492554
2.4414062E-4
-0.010406494
-0.017333984
-0.036499023
-0.050354004
-0.03277588
-0.021591187
-0.04663086
-0.06314087
-0.023712158
0.031677246
0.04660034
0.025299072
-0.007736206
-0.025314331
-0.017868042
-0.010925293
-0.015197754
-0.011474609
0.007171631
0.033813477
0.055114746
0.06736755
0.071624756
0.06417847
0.04499817
0.04234314
0.052459717
0.048202515
0.029022217
0.015701294
0.008773804
0.018371582
0.02848816
0.014633179
-0.006134033
-0.024246216
-0.027450562
0.0034484863
0.022628784
0.018371582
0.009841919
0.010910034
0.018371582
0.012512207
0.015701294
0.026367188
0.03488159
0.019424438
0.0029144287
0.009841919
0.0077056885
7.7819824E-4
-0.003479004
-8.239746E-4
0.009307861
0.007171631
0.005050659
0.008239746
0.0029144287
0.005569458
0.015701294
-0.003479004
-0.03010559
-0.03224182
-0.006668091
-0.0024108887
-0.024246216
-0.025314331
-0.021057129
-0.041290283
-0.050354004
-0.031173706
-0.010940552
-0.0013427734
-0.0050811768
-0.0024108887
-0.010406494
-0.022644043
-0.008270264
0.017303467
0.041275024
0.052459717
0.0663147
0.069503784
0.050323486
0.015701294
-0.036499023
-0.0460968
0.009841919
0.02848816
-0.025314331
-0.09083557
-0.05621338
-0.02798462
-0.07324219
-0.055145264
-0.015731812
-0.006134033
-0.0098724365
-0.029052734
-0.05142212
-0.04396057
-0.013595581
0.013046265
0.017837524
0.022094727
0.052459717
0.09399414
0.12808228
0.14247131
0.1685791
0.19041443
0.18560791
0.137146
0.06576538
0.011444092
0.025283813
0.18135071
0.27243042
0.18667603
0.029022217
-0.075912476
-0.09614563
-0.031173706
0.050323486
0.055114746
0.010910034
-0.010940552
-0.0040130615
-0.03437805
-0.10681152
-0.1446228
-0.11000061
-0.062072754
-0.05833435
-0.11213684
-0.16645813
-0.14941406
-0.12225342
-0.15847778
-0.20428467
-0.18936157
-0.099349976
-0.068984985
-0.2106781
-0.36354065
-0.40348816
-0.34117126
-0.2346344
-0.19096375
-0.18084717
-0.11746216
-0.026382446
0.019973755
0.0029144287
-0.0466156
-0.07965088
-0.066329956
-0.010406494
0.03967285
0.06417847
0.0945282
0.13607788
0.17816162
0.20639038
0.19573975
0.20106506
0.28201294
0.43754578
0.45246887
0.29960632
0.16751099
0.13874817
0.21757507
0.3555298
0.49453735
0.5978699
0.62983704
0.58987427
0.5009308
0.37950134
0.25698853
0.15951538
0.066833496
-0.010406494
-0.030639648
0.014633179
0.0013122559
-0.18989563
-0.3534088
-0.37472534
-0.23890686
0.010910034
0.06364441
-0.20535278
-0.47431946
-0.49084473
-0.31932068
-0.195755
-0.24581909
-0.33796692
-0.37312317
-0.27671814
-0.16487122
-0.07644653
-0.07537842
-0.10574341
-0.14782715
-0.25222778
-0.3129425
-0.29483032
-0.30015564
-0.34117126
-0.06314087
0.2394104
0.31877136
0.33688354
0.266037
0.17495728
0.15100098
0.03541565
-0.068984985
-0.014129639
0.14407349
0.3027954
0.43275452
0.41783142
0.3693695
0.38801575
0.44447327
0.5062561
0.52597046
0.4854889
0.4039917
0.29000854
0.20799255
0.099853516
-0.03756714
-0.17391968
-0.27192688
-0.31506348
-0.32731628
-0.33636475
-0.30282593
-0.18936157
-0.12385559
-0.21705627
-0.4152069
-0.58351135
-0.5787201
-0.4002838
-0.21014404
-0.18403625
-0.26660156
-0.30441284
-0.2191925
-0.0700531
0.0705719
0.11317444
0.029022217
-0.12171936
-0.25328064
-0.33743286
-0.37898254
-0.39442444
-0.35714722
-0.19789124
0.06097412
0.25006104
0.30439758
0.2894745
0.24420166
0.24206543
0.29107666
0.376297
0.42689514
0.39440918
0.33102417
0.2702942
0.24900818
0.22557068
0.19786072
0.19467163
0.20159912
0.20692444
0.2117157
0.14672852
-0.008804321
-0.15794373
-0.18138123
-0.113204956
-0.1281128
-0.24742126
-0.3592682
-0.3315735
-0.13024902
0.0705719
0.12916565
0.007171631
-0.21865845
-0.40348816
-0.46154785
-0.3917694
-0.26286316
-0.19363403
-0.14729309
-0.06100464
-0.0040130615
-0.006668091
-0.04714966
-0.12545776
-0.2346344
-0.32678223
-0.38484192
-0.38430786
-0.31559753
-0.22026062
-0.1446228
-0.04396057
0.09346008
0.21064758
0.28840637
0.30065918
0.2697754
0.29161072
0.42156982
0.5818939
0.5877533
0.4466095
0.2974701
0.24580383
0.2628479
0.28894043
0.28149414
0.23408508
0.1967926
0.2314148
0.30491638
0.34806824
0.30226135
0.17655945
0.05831909
-0.021057129
-0.07858276
-0.15420532
-0.24369812
-0.28045654
-0.23890686
-0.25221252
-0.39283752
-0.5648651
-0.7236023
-0.8231964
-0.7933655
-0.66233826
-0.4860382
-0.26286316
-0.031707764
0.11264038
0.19360352
0.2159729
0.16697693
0.07588196
-0.04875183
-0.14622498
-0.21865845
-0.26927185
-0.27565002
-0.195755
-0.05088806
0.10092163
0.15898132
0.14672852
0.137146
0.15792847
0.19148254
0.2159729
0.19892883
0.15205383
0.15898132
0.19732666
0.19467163
0.16165161
0.15472412
0.15312195
0.08708191
-0.008270264
-0.04875183
-0.078048706
-0.12013245
-0.20747375
-0.3086853
-0.3560791
-0.34010315
-0.3006897
-0.32785034
-0.5068207
-0.7012329
-0.7017517
-0.47592163
-0.28471375
-0.306015
-0.49136353
-0.5936432
-0.49084473
-0.24902344
-0.122787476
-0.19256592
-0.3161316
-0.34649658
-0.29109192
-0.18403625
-0.122787476
-0.122787476
-0.17019653
-0.22451782
-0.2618103
-0.30441284
-0.36940002
-0.42799377
-0.43225098
-0.401886
-0.41360474
-0.5020294
-0.6202698
-0.62931824
-0.48017883
-0.46473694
-0.6170654
-0.72520447
-0.6501007
-0.41200256
-0.22558594
-0.16645813
-0.21014404
-0.27246094
-0.3118744
-0.34649658
-0.3630066
-0.34649658
-0.32891846
-0.33743286
-0.36140442
-0.36354065
-0.355011
-0.34703064
-0.35235596
-0.3837738
-0.43118286
-0.56700134
-0.7358551
-0.69802856
-0.40135193
-0.12597656
-0.16699219
-0.5808563
-1.0165405
-1.1214752
-0.89990234
-0.6974945
-0.8439789
-1.2439728
-1.548111
-1.4868622
-1.2439728
-1.1406403
-1.2024384
-1.2817993
-1.2541046
-1.1795197
-1.1251984
-1.0825958
-1.0176086
-0.93984985
-0.8759308
-0.83917236
-0.8381195
-0.84503174
-0.8221283
-0.7859192
-0.81840515
-0.9659424
-1.0740662
-0.9638214
-0.6101532
-0.18243408
0.10838318
0.19732666
0.14993286
0.046066284
-0.06951904
-0.17285156
-0.25914
-0.3129425
-0.29748535
-0.21440125
-0.1446228
-0.16592407
-0.26020813
-0.36460876
-0.47698975
-0.62345886
-0.7534332
-0.8189392
-0.7582245
-0.60002136
-0.6666107
-0.9963074
-1.1715393
-0.9547577
-0.4764557
-0.07272339
0.0013122559
-0.20747375
-0.43118286
-0.5265198
-0.5345154
-0.5467682
-0.58776855
-0.62080383
-0.59310913
-0.5265198
-0.434906
-0.35395813
-0.33638
-0.36886597
-0.40507507
-0.43969727
-0.4929657
-0.53663635
-0.54623413
-0.4572754
-0.2884369
-0.12651062
-0.024780273
0.023162842
0.090270996
0.13607788
0.13235474
0.11424255
0.092941284
0.06364441
0.036483765
0.0061035156
-0.023712158
-0.07858276
-0.15420532
-0.25646973
-0.3491516
-0.3752594
-0.34542847
-0.3161316
-0.30548096
-0.31506348
-0.3283844
-0.2900238
-0.19735718
-0.11160278
-0.24369812
-0.5217285
-0.5222626
-0.23623657
-0.13131714
-0.34117126
-0.5382385
-0.5190735
-0.38909912
-0.26339722
-0.23303223
-0.23570251
-0.1835022
-0.13024902
-0.08869934
-0.089767456
-0.09562683
-0.06526184
-0.014663696
0.03541565
0.076431274
0.07801819
0.020492554
-0.028518677
0.0061035156
0.12063599
0.2937317
0.35339355
0.24526978
0.13075256
0.14512634
0.28735352
0.4354248
0.45726013
0.3416748
0.24952698
0.26817322
0.3251648
0.35072327
0.31770325
0.22875977
0.1259613
0.07376099
0.04499817
-0.04663086
-0.14302063
-0.12757874
-0.059936523
-0.057800293
-0.115859985
-0.16859436
-0.13983154
-0.047683716
-0.029037476
-0.24263
-0.5893707
-0.7773895
-0.638916
-0.23091125
0.16537476
0.30491638
0.21437073
0.06311035
-0.05886841
-0.13343811
-0.17019653
-0.195755
-0.19468689
-0.18031311
-0.19256592
-0.22984314
-0.25274658
-0.23783875
-0.17977905
-0.09136963
0.0013122559
0.07588196
0.14353943
0.19946289
0.2394104
0.23408508
0.2479248
0.29693604
0.33155823
0.33422852
0.3571167
0.3182373
0.27349854
0.31451416
0.36244202
0.37097168
0.33955383
0.26657104
0.19360352
0.14833069
0.09346008
0.020492554
-0.061538696
-0.14941406
-0.24316406
-0.31347656
-0.29483032
-0.26287842
-0.31347656
-0.40455627
-0.4902954
-0.5632782
-0.58244324
-0.40934753
-0.1829834
-0.04449463
-0.11213684
-0.3358307
-0.31240845
-0.10520935
0.1302185
0.20425415
0.08973694
-0.020523071
-0.04396057
0.047668457
0.17869568
0.17495728
0.06523132
0.0029144287
0.05618286
0.16218567
0.24313354
0.2937317
0.33581543
0.32835388
0.3251648
0.4274292
0.49827576
0.4663086
0.3581848
0.25378418
0.23782349
0.28735352
0.32676697
0.29693604
0.18988037
0.13128662
0.1493988
0.15791321
0.10040283
0.010910034
-0.038635254
-0.014129639
0.055648804
0.031143188
-0.1829834
-0.22558594
-0.106277466
-0.09295654
-0.13397217
-0.120666504
-0.021057129
0.15579224
0.19786072
0.12861633
0.06790161
-0.021057129
-0.19682312
-0.42585754
-0.53770447
-0.44395447
-0.24528503
-0.019989014
0.13075256
0.12063599
0.029022217
0.026885986
0.035949707
0.0018463135
-0.025848389
-0.03756714
-0.07858276
-0.13397217
-0.14994812
-0.0466156
0.2074585
0.5158539
0.71292114
0.7246399
0.631958
0.50572205
0.37097168
0.20957947
0.01890564
-0.1281128
-0.15899658
-0.10255432
-0.0056152344
0.095062256
0.14993286
0.153656
0.10891724
0.048187256
0.03060913
0.017837524
-0.013061523
-0.059402466
-0.11213684
-0.11639404
-0.10202026
-0.20535278
-0.40348816
-0.58670044
-0.60162354
-0.5174713
-0.50894165
-0.5883026
-0.63571167
-0.559021
-0.36672974
-0.14782715
-0.0013427734
0.0476532
0.013580322
-0.033843994
-0.055145264
-0.040771484
-0.016784668
-0.0466156
-0.16645813
-0.24848938
-0.17073059
-0.064193726
0.06576538
0.2932129
0.55792236
0.7177124
0.7613983
0.7411499
0.6585846
0.5243683
0.38215637
0.28149414
0.19093323
0.057250977
-0.06791687
-0.12332153
-0.11425781
-0.08816528
-0.075912476
-0.04875183
-0.008804321
-0.016799927
-0.07644653
-0.05354309
0.052459717
0.11743164
0.10624695
0.0135650635
-0.17658997
-0.44129944
-0.6618042
-0.6516876
-0.43437195
-0.29429626
-0.3480835
-0.4663391
-0.51268005
-0.44396973
-0.31559753
-0.14622498
0.040740967
0.21543884
0.37469482
0.48016357
0.5430145
0.5419464
0.39494324
0.16004944
0.029022217
0.045532227
0.043930054
-0.053009033
-0.10787964
-0.07218933
0.0476532
0.22502136
0.37257385
0.4109192
0.30065918
0.13182068
0.038604736
0.057250977
0.13075256
0.15472412
0.14300537
0.15419006
0.16111755
0.101989746
-0.038101196
-0.15208435
-0.16752625
-0.15368652
-0.17871094
-0.22239685
-0.2106781
-0.08602905
0.0146484375
-0.09083557
-0.37312317
-0.5968323
-0.57606506
-0.37791443
-0.23783875
-0.22291565
-0.25061035
-0.2500763
-0.2026825
-0.10360718
0.017837524
0.09666443
0.12861633
0.15525818
0.17816162
0.21757507
0.26496887
0.25273132
0.16749573
0.05671692
-0.01838684
-0.0066833496
0.13235474
0.29267883
0.38641357
0.40878296
0.47802734
0.58828735
0.57229614
0.39068604
0.14779663
-0.007736206
-0.0466156
-0.038101196
-0.040237427
-0.054611206
-0.06739807
-0.05886841
-0.027450562
0.021560669
0.09080505
0.1568451
0.16751099
0.10145569
-0.025848389
-0.18510437
-0.31506348
-0.4460907
-0.55155945
-0.5808563
-0.56274414
-0.5606079
-0.5717926
-0.545166
-0.4663391
-0.3438263
-0.272995
-0.28683472
-0.31080627
-0.28471375
-0.22026062
-0.18191528
-0.19895935
-0.25967407
-0.31559753
-0.32092285
-0.2745819
-0.20854187
-0.14834595
-0.099349976
0.008773804
0.16644287
0.3139801
0.47642517
0.5909424
0.6122589
0.5531311
0.4577942
0.40452576
0.3571167
0.25698853
0.12063599
0.008773804
-0.022644043
0.033813477
0.10624695
0.12435913
0.06896973
-0.003479004
-0.0040130615
0.0513916
0.07801819
0.038604736
-0.018920898
-0.038635254
-0.009338379
-0.050354004
-0.17977905
-0.26979065
-0.25860596
-0.21972656
-0.20428467
-0.179245
-0.16059875
-0.16113281
-0.14888
-0.13397217
-0.10202026
-0.022125244
0.06736755
0.13235474
0.13928223
0.06364441
-0.016799927
-0.03277588
-0.0098724365
-0.053009033
-0.15208435
-0.19949341
-0.09776306
0.14353943
0.41038513
0.62184143
0.6830902
0.60054016
0.46365356
0.33314514
0.19839478
0.07589722
-0.029052734
-0.06472778
-0.03224182
0.02848816
0.099853516
0.14247131
0.1174469
0.03807068
-0.010925293
0.086013794
0.25752258
0.29000854
0.1690979
-0.03703308
-0.16859436
-0.21279907
-0.2980194
-0.38749695
-0.36993408
-0.289505
-0.24742126
-0.3161316
-0.39549255
-0.37898254
-0.30654907
-0.18084717
-0.010406494
0.08174133
0.0748291
0.0236969
-0.14143372
-0.31773376
-0.28364563
-0.13343811
-0.09828186
-0.20747375
-0.41253662
-0.4897766
-0.4194641
-0.2346344
0.004501343
0.18881226
0.26498413
0.2655182
0.22183228
0.20904541
0.23088074
0.25219727
0.2905426
0.32888794
0.35765076
0.36883545
0.3912201
0.42210388
0.42156982
0.3406067
0.266037
0.27882385
0.3219757
0.37683105
0.3885498
0.36883545
0.35072327
0.23887634
0.0236969
-0.13504028
-0.15048218
-0.10041809
-0.12385559
-0.18829346
-0.24156189
-0.25167847
-0.21972656
-0.17712402
-0.16113281
-0.16273499
-0.15687561
-0.16166687
-0.1723175
-0.20854187
-0.28631592
-0.39816284
-0.4844513
-0.5243988
-0.53770447
-0.51000977
-0.46099854
-0.4157257
-0.35447693
-0.23197937
-0.111068726
0.010375977
0.153656
0.25645447
0.30545044
0.30119324
0.26550293
0.2617798
0.2591095
0.21543884
0.15258789
0.111587524
0.12010193
0.1605835
0.21650696
0.23355103
0.19413757
0.153656
0.10519409
0.043395996
-0.016799927
-0.082839966
-0.12171936
-0.13717651
-0.2341156
-0.45620728
-0.6516876
-0.6431732
-0.40560913
-0.1558075
-0.07165527
-0.2218628
-0.38430786
-0.43811035
-0.37579346
-0.34436035
-0.3092041
-0.24635315
-0.22718811
-0.20907593
-0.16859436
-0.16752625
-0.24528503
-0.36619568
-0.4375763
-0.41200256
-0.26820374
-0.16539001
-0.20535278
-0.26872253
-0.29003906
-0.2735138
-0.29908752
-0.5265198
-0.7220001
-0.6479645
-0.42851257
-0.3640747
-0.5430298
-0.88072205
-1.1864471
-1.3142853
-1.2743378
-1.2205353
-1.2104187
-1.1901855
-1.1475677
-1.1012268
-1.0809937
-1.133194
-1.2189484
-1.2839203
-1.3339996
-1.3909912
-1.4463806
-1.4841919
-1.5070953
-1.5039062
-1.4453125
-1.4186859
-1.5821991
-1.900711
-2.0642395
-1.9129639
-1.5049744
-1.1688843
-1.1070862
-1.215744
-1.2711334
-1.1773987
-1.1108246
-1.1182709
-1.1912537
-1.2269287
-1.1310577
-0.9680786
-0.8679352
-0.84503174
-0.8519592
-0.8413086
-0.76460266
-0.6282501
-0.5014801
-0.40774536
-0.3763275
-0.44076538
-0.53237915
-0.5872345
-0.62080383
-0.5979004
-0.5872345
-0.577652
-0.56967163
-0.62080383
-0.71614075
-0.78804016
-0.80189514
-0.800827
-0.81947327
-0.8546295
-0.910553
-0.99684143
-1.0873871
-1.1230774
-1.1369171
-1.1837921
-1.2492981
-1.3350525
-1.3952484
-1.295105
-1.0666046
-0.97073364
-1.2274628
-1.6844635
-1.864502
-1.6386566
-1.149704
-0.7571564
-0.70228577
-0.86846924
-1.0591583
-1.2184143
-1.3190765
-1.3531647
-1.372345
-1.3904572
-1.3627472
-1.3084259
-1.2663422
-1.2594299
-1.2833862
-1.278595
-1.1869812
-1.0202789
-0.81999207
-0.638916
-0.54463196
-0.6032257
-0.7459717
-0.8066864
-0.70762634
-0.61227417
-0.6777954
-0.8082886
-0.8221283
-0.72465515
-0.65541077
-0.6618042
-0.67352295
-0.63464355
-0.5749817
-0.56381226
-0.63838196
-0.7736664
-0.8578186
-0.8674011
-0.8913727
-0.94091797
-0.9616852
-0.97340393
-0.91960144
-0.7720642
-0.68896484
-0.8077545
-1.1374512
-1.3536987
-1.2066956
-0.79763794
-0.4429016
-0.35661316
-0.4460907
-0.59043884
-0.70228577
-0.71720886
-0.6564789
-0.5728607
-0.53504944
-0.5536804
-0.5595398
-0.5030823
-0.41253662
-0.33796692
-0.2815094
-0.1984253
-0.085494995
-0.008804321
0.022628784
0.0013122559
-0.0040130615
-0.06951904
-0.1361084
0.0061187744
0.24473572
0.40985107
0.40187073
0.2516632
0.113708496
0.05883789
0.113708496
0.11584473
0.026885986
-0.040771484
0.020492554
0.10145569
0.01890564
-0.16966248
-0.29216003
-0.26446533
-0.13983154
-0.06793213
-0.11373901
-0.18138123
-0.16592407
-0.10202026
-0.14888
-0.3763275
-0.54463196
-0.44662476
-0.19361877
-0.06791687
-0.09988403
-0.15315247
-0.13397217
-0.1680603
-0.21279907
-0.2468872
-0.32624817
-0.23251343
-0.06472778
0.07376099
0.08280945
-0.038101196
-0.19789124
-0.27192688
-0.15794373
0.07962036
0.21810913
0.055648804
-0.11746216
0.009307861
0.27668762
0.32835388
0.17070007
0.010910034
-0.06846619
-0.06312561
-0.010940552
0.0029144287
-0.07698059
-0.1723175
-0.2026825
-0.12757874
0.0077056885
0.153656
0.22129822
0.18081665
0.12489319
0.08387756
0.0018463135
-0.0743103
-0.0849762
-0.06793213
-0.048217773
-0.008270264
0.05618286
0.055648804
0.013046265
-0.12437439
-0.31452942
-0.4263916
-0.40348816
-0.2975006
-0.1835022
-0.15740967
-0.2069397
-0.21653748
-0.14569092
-0.06472778
-0.012527466
-0.014129639
-0.05567932
-0.07751465
-0.047683716
0.005050659
0.032211304
-0.019454956
-0.0977478
-0.10946655
-0.07644653
-0.03010559
0.0513916
0.17655945
0.2751007
0.35020447
0.44233704
0.5227661
0.50679016
0.38108826
0.22822571
0.12542725
0.09666443
0.12649536
0.13447571
0.10040283
0.08494568
0.111572266
0.15898132
0.16377258
0.08708191
-0.051956177
-0.14888
-0.12918091
-0.04875183
0.01411438
0.016235352
-0.04875183
-0.20214844
-0.40827942
-0.5233307
-0.51000977
-0.4860382
-0.5510254
-0.6378479
-0.6351776
-0.52812195
-0.36619568
-0.25274658
-0.20640564
-0.18191528
-0.115859985
-0.045028687
-0.03010559
-0.099349976
-0.24476624
-0.32252502
-0.25593567
-0.14569092
-0.09667969
-0.13876343
-0.16273499
-0.04396057
0.21490479
0.4822998
0.62716675
0.6511383
0.6207733
0.58029175
0.50253296
0.41410828
0.34007263
0.27296448
0.18508911
0.09080505
0.022094727
0.008239746
0.022094727
0.012512207
-0.022644043
-0.066329956
-0.08390808
-0.057281494
-0.038101196
-0.07165527
-0.18510437
-0.3587494
-0.5073395
-0.66075134
-0.800827
-0.77153015
-0.5030823
-0.17817688
-0.049819946
-0.11532593
-0.27671814
-0.38323975
-0.38217163
-0.31027222
-0.20481873
-0.11213684
-0.06365967
-0.06259155
-0.122787476
-0.24263
-0.37045288
-0.434906
-0.37898254
-0.24423218
-0.1515503
-0.14302063
-0.07272339
0.1217041
0.40238953
0.6681824
0.789093
0.7464752
0.6042633
0.46258545
0.3832245
0.3571167
0.32463074
0.27616882
0.23194885
0.2394104
0.28894043
0.35339355
0.35551453
0.26071167
0.109451294
0.0513916
0.09559631
0.12382507
0.12382507
0.10038757
0.06629944
0.05458069
0.06576538
0.0029144287
-0.18777466
-0.40827942
-0.47698975
-0.27671814
0.03753662
0.18081665
0.06843567
-0.13557434
-0.21333313
-0.15901184
0.0013122559
0.10517883
0.07322693
-0.0029449463
-0.033843994
-0.029037476
-0.050354004
-0.1169281
-0.2191925
-0.32624817
-0.38804626
-0.39442444
-0.3645935
-0.30122375
-0.20960999
-0.10946655
0.0034484863
0.13075256
0.3097229
0.486557
0.54248047
0.44926453
0.26231384
0.09346008
0.008239746
0.01676941
0.06417847
0.10412598
0.13342285
0.18455505
0.27563477
0.36351013
0.36618042
0.26231384
0.14033508
0.043930054
-0.045028687
-0.12704468
-0.19203186
-0.21546936
-0.20481873
-0.17338562
-0.1680603
-0.24581909
-0.38963318
-0.4626007
-0.4306488
-0.37205505
-0.36514282
-0.43969727
-0.47273254
-0.3353119
-0.08444214
0.12754822
0.1802826
0.137146
0.11103821
0.1174469
0.121170044
0.12489319
0.11051941
0.034347534
-0.06526184
-0.097213745
-0.022659302
0.11584473
0.19946289
0.17495728
0.13661194
0.22608948
0.3954773
0.50679016
0.45939636
0.32569885
0.2436676
0.21862793
0.23036194
0.19786072
0.066833496
-0.09135437
-0.15740967
-0.06793213
0.09187317
0.20639038
0.26338196
0.27615356
0.26498413
0.25273132
0.23675537
0.17922974
0.11903381
0.11477661
0.1302185
0.106781006
-0.019989014
-0.19841003
-0.3283844
-0.42425537
-0.46366882
-0.39123535
-0.2607422
-0.16912842
-0.16487122
-0.20321655
-0.19096375
-0.15208435
-0.12597656
-0.101486206
-0.08602905
-0.053009033
-0.02319336
-0.029037476
-0.07058716
-0.11853027
-0.15634155
-0.20108032
-0.25967407
-0.2815094
-0.24369812
-0.21333313
-0.2111969
-0.24635315
-0.25167847
-0.13664246
0.06578064
0.2974701
0.48921204
0.60372925
0.6527405
0.62397766
0.53822327
0.42210388
0.3139801
0.23887634
0.17816162
0.13874817
0.15419006
0.19467163
0.20585632
0.19999695
0.20639038
0.19306946
0.16963196
0.16111755
0.15525818
0.12808228
0.1690979
0.20425415
0.12382507
-0.031707764
-0.12918091
-0.1211853
-0.03543091
-0.004547119
-0.09988403
-0.27246094
-0.33370972
-0.2191925
-0.10946655
-0.097213745
-0.17977905
-0.2703247
-0.2506256
-0.16433716
-0.108932495
-0.06260681
-0.012542725
-0.0024108887
-0.026916504
-0.04663086
-0.06312561
-0.12864685
-0.26393127
-0.3837738
-0.43597412
-0.40242004
-0.30015564
-0.19096375
-0.15315247
-0.16487122
-0.13983154
-0.022125244
0.15258789
0.25219727
0.32409668
0.45300293
0.5701752
0.5808258
0.44979858
0.2516632
0.10572815
0.05883789
0.060455322
0.025817871
-0.019454956
-0.025314331
0.017303467
0.054595947
0.03807068
-0.003479004
-0.02798462
-0.031173706
-0.06472778
-0.11479187
-0.14302063
-0.11213684
-0.029571533
0.07322693
0.13768005
0.0513916
-0.22718811
-0.49349976
-0.5622101
-0.4610138
-0.3076172
-0.18777466
-0.09509277
0.048202515
0.20585632
0.24313354
0.10145569
-0.092422485
-0.21600342
-0.22877502
-0.1872406
-0.14834595
-0.14569092
-0.17073059
-0.18722534
-0.17871094
-0.15048218
-0.13024902
-0.13504028
-0.13876343
-0.094558716
-0.006668091
0.13449097
0.16856384
0.13874817
0.08494568
0.07003784
0.10891724
0.08175659
-0.013061523
-0.04182434
0.13981628
0.43222046
0.5696411
0.4753723
0.29586792
0.19041443
0.18241882
0.22555542
0.2740326
0.29693604
0.26019287
0.19360352
0.12756348
0.083343506
0.027420044
-0.054611206
-0.11480713
-0.18244934
-0.24902344
-0.23516846
-0.13504028
-0.07698059
-0.12385559
-0.2069397
-0.3592682
-0.624527
-0.7731323
-0.6431732
-0.33210754
-0.10360718
-0.104141235
-0.2511444
-0.36672974
-0.39923096
-0.33691406
-0.23890686
-0.18084717
-0.13557434
-0.09135437
-0.057266235
-0.05621338
-0.09295654
-0.14515686
-0.18510437
-0.17658997
-0.082839966
0.062042236
0.200531
0.33528137
0.45298767
0.49613953
0.46044922
0.32463074
0.13768005
0.08654785
0.24526978
0.4753723
0.6042633
0.5531311
0.4194336
0.33421326
0.27722168
0.2351532
0.17442322
0.11050415
0.0945282
0.09399414
0.05671692
-0.0050811768
-0.05407715
-0.07485962
-0.08390808
-0.113204956
-0.1749878
-0.22505188
-0.26979065
-0.31985474
-0.35342407
-0.41253662
-0.5030823
-0.51586914
-0.34117126
-0.08390808
0.043395996
-0.023712158
-0.18829346
-0.25860596
-0.18563843
-0.023712158
0.05883789
0.01890564
0.013046265
0.11903381
0.200531
0.17070007
0.050323486
-0.027450562
2.4414062E-4
0.07003784
0.17230225
0.24101257
0.25752258
0.26338196
0.28681946
0.30332947
0.26763916
0.18455505
0.11105347
0.07269287
0.07055664
0.062042236
0.05831909
0.07376099
0.08068848
0.1179657
0.18934631
0.25006104
0.28840637
0.28414917
0.2505951
0.20851135
0.15151978
0.08708191
0.059387207
0.037017822
0.005050659
-0.019989014
-0.026916504
-0.009338379
-0.021591187
-0.09190369
-0.18138123
-0.30229187
-0.3763275
-0.24423218
0.050857544
0.23887634
0.22129822
0.05671692
-0.07858276
-0.03437805
0.15791321
0.2932129
0.29693604
0.25698853
0.23994446
0.24794006
0.23355103
0.18081665
0.16323853
0.23834229
0.37416077
0.5035858
0.61172485
0.70706177
0.79707336
0.83969116
0.8727112
0.7667084
0.55152893
0.47590637
0.6223755
0.98669434
1.2934875
1.3542023
1.3313141
1.3419495
1.3643341
1.3440857
1.2253113
1.1166534
1.0793762
1.1107941
1.1747131
1.1629944
1.0575256
0.9094696
0.7800293
0.709198
0.64527893
0.62609863
0.73368835
0.8444824
0.7310333
0.230896
-0.29162598
-0.3875122
-0.055145264
0.44554138
0.7624512
0.8892212
0.9957428
1.1326294
1.1624603
1.0223846
0.77630615
0.5392761
0.4189148
0.40771484
0.46098328
0.54460144
0.6175842
0.64527893
0.645813
0.71292114
0.85939026
0.99308777
1.0591278
1.0852356
0.9430237
0.6111908
0.45884705
0.64260864
0.9158478
1.0926819
1.109726
1.074585
1.1091919
1.1528778
1.1017456
0.9621887
0.7864227
0.61865234
0.48654175
0.38641357
0.3171692
0.29000854
0.28735352
0.25219727
0.17816162
0.08654785
0.017837524
-0.014663696
0.048187256
0.137146
0.041275024
-0.1872406
-0.25328064
-0.08816528
0.18295288
0.3209076
0.21864319
0.081222534
0.08068848
0.21331787
0.40452576
0.50146484
0.45726013
0.32781982
0.21331787
0.15951538
0.17495728
0.21864319
0.20532227
0.14993286
0.1217041
0.17443848
0.31237793
0.46577454
0.582428
0.68948364
0.7161102
0.5472717
0.40185547
0.42689514
0.503067
0.57710266
0.5909424
0.57177734
0.58828735
0.63835144
0.6719055
0.64527893
0.56059265
0.46151733
0.3677826
0.2585907
0.1259613
-2.746582E-4
-0.06100464
-0.08656311
-0.104141235
-0.11853027
-0.15473938
-0.21279907
-0.23197937
-0.14408875
0.008239746
0.06843567
-0.017333984
-0.09828186
-0.07218933
-0.03489685
-0.09881592
-0.23995972
-0.33103943
-0.29322815
-0.10307312
0.05671692
0.11584473
0.12863159
0.08708191
0.026351929
-0.0423584
-0.1281128
-0.2069397
-0.26020813
-0.30708313
-0.20747375
-0.04928589
0.05885315
0.28096008
0.3731079
0.33955383
0.21650696
0.055114746
-0.034362793
0.010375977
0.18614197
0.40185547
0.4908142
0.43807983
0.35179138
0.25698853
0.17816162
0.1882782
0.28681946
0.39759827
0.43754578
0.3773651
0.24687195
0.13821411
0.07589722
0.043395996
-2.746582E-4
-0.09828186
-0.20161438
-0.23677063
-0.19096375
-0.17871094
-0.23304749
-0.27990723
-0.37579346
-0.51161194
-0.5206604
-0.3486328
-0.120651245
-0.031707764
-0.13076782
-0.29109192
-0.3491516
-0.29748535
-0.25221252
-0.24476624
-0.23942566
-0.18403625
-0.07537842
-0.012527466
-0.06845093
-0.19309998
-0.30015564
-0.33584595
-0.21173096
-0.007736206
0.1882782
0.32676697
0.36776733
0.32409668
0.24208069
0.23088074
0.22875977
0.18188477
0.13874817
0.0940094
0.04446411
0.059387207
0.13554382
0.21383667
0.2559204
0.19467163
0.07269287
-0.022125244
-0.0977478
-0.15634155
-0.19042969
-0.20108032
-0.1595459
-0.13290405
-0.17445374
-0.23677063
-0.25009155
-0.18617249
-0.14569092
-0.24102783
-0.39123535
-0.4429016
-0.37098694
-0.28364563
-0.29483032
-0.3560791
-0.36993408
-0.28630066
-0.11479187
0.050323486
0.1456604
0.21383667
0.25431824
0.19148254
0.024230957
-0.15261841
-0.23516846
-0.20960999
-0.13130188
-0.040237427
0.08654785
0.2548523
0.4008026
0.39440918
0.24899292
0.16111755
0.20425415
0.32728577
0.42955017
0.4050598
0.29426575
0.19093323
0.15419006
0.247406
0.38215637
0.40345764
0.32144165
0.20957947
0.10092163
0.03807068
0.008239746
-0.057800293
-0.115859985
-0.10467529
-0.10095215
-0.14782715
-0.27511597
-0.371521
-0.3315735
-0.2618103
-0.30654907
-0.44769287
-0.5084076
-0.4375763
-0.36566162
-0.3406372
-0.30867004
-0.23942566
-0.13876343
-0.08869934
-0.13183594
-0.17445374
-0.12918091
-0.016799927
0.08175659
0.055648804
-0.047683716
-0.11746216
-0.10041809
-0.038101196
0.024749756
0.09719849
0.18241882
0.2655182
0.26924133
0.17495728
0.10145569
0.1563263
0.3320923
0.48867798
0.49720764
0.359787
0.21864319
0.17016602
0.24526978
0.27722168
0.17922974
0.057250977
-8.087158E-4
0.0045166016
0.002380371
-0.06526184
-0.14356995
-0.15794373
-0.13078308
-0.14143372
-0.19628906
-0.20481873
-0.09083557
0.095062256
0.20904541
0.048721313
-0.34275818
-0.68151855
-0.76620483
-0.6943054
-0.594162
-0.47113037
-0.32731628
-0.15687561
0.0018463135
0.08174133
0.09187317
0.03541565
-0.040222168
-0.09030151
-0.16113281
-0.27618408
-0.3406372
-0.27565002
-0.1361084
-0.05833435
-0.0423584
0.027954102
0.22129822
0.41410828
0.42530823
0.30119324
0.2894745
0.423172
0.5589905
0.5776367
0.4300995
0.19413757
0.029022217
0.0236969
0.10517883
0.17230225
0.184021
0.16004944
0.12277222
0.031158447
-0.104141235
-0.2218628
-0.2607422
-0.19895935
-0.09295654
-0.12651062
-0.3294525
-0.50735474
-0.5030823
-0.3251953
-0.21279907
-0.28364563
-0.3827057
-0.3683319
-0.23570251
-0.066329956
-0.0055999756
-0.053009033
-0.042892456
0.036483765
0.11317444
0.13607788
0.11956787
0.10359192
0.060440063
-0.038101196
-0.12918091
-0.1515503
-0.15527344
-0.17071533
-0.15473938
-0.11213684
-8.087158E-4
0.17602539
0.3406067
0.41464233
0.3448639
0.20957947
0.1770935
0.20213318
0.26817322
0.36138916
0.40826416
0.40826416
0.43489075
0.45298767
0.4311676
0.4077301
0.40931702
0.439682
0.44021606
0.33900452
0.12382507
-0.1211853
-0.28364563
-0.289505
-0.17871094
-0.106277466
-0.1680603
-0.27565002
-0.30708313
-0.26446533
-0.29748535
-0.39389038
-0.43437195
-0.3448944
-0.19470215
-0.15420532
-0.25009155
-0.33638
-0.31292725
-0.23730469
-0.20056152
-0.19735718
-0.19096375
-0.13929749
-0.07644653
-0.0700531
-0.09136963
-0.16113281
-0.22930908
-0.22984314
-0.17391968
-0.085510254
0.052993774
0.21437073
0.29107666
0.2271576
0.097732544
0.06097412
0.1733551
0.36883545
0.53341675
0.5973358
0.6042633
0.5669708
0.49295044
0.4151764
0.36138916
0.31184387
0.23887634
0.09133911
-0.1515503
-0.3672638
-0.3757782
-0.16593933
-0.014129639
0.010910034
-0.06365967
-0.21598816
-0.36140442
-0.355011
-0.27778625
-0.23677063
-0.2926941
-0.3875122
-0.42852783
-0.34649658
-0.179245
-0.07324219
-0.07272339
-0.1169281
-0.1446228
-0.07272339
0.06364441
0.18562317
0.24313354
0.20425415
0.081222534
-0.0657959
-0.13131714
-0.12599182
-0.11160278
-0.07698059
0.02848816
0.18508911
0.28308105
0.34327698
0.42582703
0.44979858
0.4774933
0.5866852
0.7177124
0.7310333
0.5531311
0.27349854
0.07110596
-0.011474609
0.027420044
0.11105347
0.17123413
0.21864319
0.2516632
0.2394104
0.15579224
0.016235352
-0.113723755
-0.19682312
-0.22398376
-0.21759033
-0.19361877
-0.19361877
-0.22612
-0.26127625
-0.22824097
-0.20428467
-0.31452942
-0.4460907
-0.4460907
-0.35821533
-0.29855347
-0.2580719
-0.20428467
-0.09881592
0.03753662
0.106781006
0.11956787
0.18881226
0.27456665
0.27349854
0.19306946
0.062042236
-0.08444214
-0.1717987
-0.16059875
-0.12651062
-0.12545776
-0.15367126
-0.19203186
-0.16752625
-0.11053467
-0.09669495
-0.07751465
0.090270996
0.359787
0.5675049
0.6138458
0.46525574
0.24206543
0.12542725
0.17549133
0.24047852
0.23461914
0.17123413
0.101989746
0.024749756
-0.08869934
-0.2815094
-0.51000977
-0.6463623
-0.674057
-0.6836548
-0.67352295
-0.68418884
-0.7076111
-0.6405029
-0.48710632
-0.35980225
-0.30760193
-0.29429626
-0.25434875
-0.14675903
0.057785034
0.29586792
0.39067078
0.32409668
0.22608948
0.16804504
0.1414032
0.09719849
0.041275024
-0.022659302
-0.120666504
-0.20960999
-0.23995972
-0.21972656
-0.16645813
-0.106277466
-0.025314331
0.057785034
0.09559631
0.086013794
-2.89917E-4
-0.11853027
-0.18138123
-0.082839966
0.19839478
0.44554138
0.5227661
0.4577942
0.34594727
0.31344604
0.2862854
0.2708435
0.32304382
0.34806824
0.31930542
0.25752258
0.16323853
0.05618286
-0.025848389
-0.078048706
-0.108947754
-0.106277466
-0.111068726
-0.14355469
-0.2191925
-0.3241272
-0.3672638
-0.27297974
-0.1366272
-0.195755
-0.43544006
-0.6298523
-0.641037
-0.45355225
-0.16752625
-0.040222168
-0.0934906
-0.17604065
-0.15634155
-0.017868042
0.11584473
0.10731506
0.005569458
-0.073776245
-0.08177185
-0.030639648
0.010375977
-8.087158E-4
0.0236969
0.13874817
0.30226135
0.44873047
0.5131836
0.48069763
0.41784668
0.35925293
0.33688354
0.359787
0.34700012
0.3059845
0.27456665
0.28308105
0.30119324
0.33262634
0.3917389
0.41410828
0.35499573
0.25326538
0.14726257
0.027954102
-0.06472778
-0.13876343
-0.22770691
-0.24795532
-0.2000122
-0.18457031
-0.27618408
-0.42851257
-0.48017883
-0.35447693
-0.17178345
-0.16593933
-0.3875122
-0.63305664
-0.75502014
-0.6831207
-0.39656067
-0.089767456
0.03060913
-0.001876831
-0.06526184
-0.08709717
-0.073776245
-0.061538696
-0.06526184
-0.09295654
-0.15420532
-0.21014404
-0.22239685
-0.17871094
-0.10253906
-0.027450562
0.04711914
0.12275696
0.2271576
0.32676697
0.34274292
0.30119324
0.25112915
0.21757507
0.27563477
0.44021606
0.58348083
0.6095886
0.5163727
0.42529297
0.4189148
0.47802734
0.49667358
0.42156982
0.26391602
0.10305786
0.06150818
0.081222534
0.050323486
-0.038635254
-0.1169281
-0.12864685
-0.094558716
-0.11479187
-0.1515503
-0.19096375
-0.22026062
-0.20214844
-0.21279907
-0.35714722
-0.60801697
-0.7358551
-0.5467682
-0.21865845
-0.057266235
-0.120651245
-0.32305908
-0.4333191
-0.35235596
-0.19203186
-0.12704468
-0.12918091
-0.019454956
0.17070007
0.39120483
0.54248047
0.44554138
0.23088074
0.16856384
0.16430664
0.41838074
0.3171692
0.1568451
0.16590881
0.24899292
0.29640198
0.28042603
0.14726257
-0.07644653
-0.23251343
-0.24049377
-0.1914978
-0.14622498
-0.10946655
-0.09136963
-0.094558716
-0.08444214
0.027420044
0.11531067
0.07003784
0.04234314
-0.011993408
-0.08602905
-0.12704468
-0.1169281
-0.056732178
0.0146484375
-0.0013427734
-0.03010559
-0.0466156
-0.066329956
-0.038101196
0.041793823
0.116378784
0.14726257
0.11956787
0.03488159
-0.038635254
-0.0466156
-0.0231781
-0.010925293
-0.014129639
-0.010406494
0.0034484863
0.007171631
-8.087158E-4
0.007171631
0.024230957
0.032211304
0.019424438
0.008239746
0.030090332
0.06896973
0.09933472
0.0748291
0.016235352
0.011978149
0.078552246
0.16963196
0.20266724
0.1648407
0.11050415
0.083343506
0.086013794
0.106781006
0.1302185
0.12489319
0.09240723
0.05618286
0.029022217
0.010375977
0.0018463135
-0.007736206
-0.017333984
-0.018920898
-0.009338379
0.013046265
0.010375977
-0.006149292
-0.003479004
-0.0072021484
-0.026382446
-0.026382446
0.013580322
0.055648804
0.048736572
0.0018463135
-0.04182434
-0.04396057
-0.040222168
-0.04449463
-0.059936523
-0.089767456
-0.10360718
-0.080703735
-0.029586792
0.010910034
0.0236969
0.014099121
-0.015197754
-0.03916931
-0.033828735
-0.013595581
-0.001876831
0.023162842
0.03488159
0.009307861
-0.010940552
2.4414062E-4
0.034347534
0.05192566
0.030090332
-0.009338379
-0.03968811
-0.05354309
-0.047683716
-0.029052734
-0.019454956
-0.013595581
-0.008270264
0.010375977
0.029022217
0.019958496
-0.0056152344
-0.024780273
-0.035446167
-0.04928589
-0.06791687
-0.082839966
-0.061538696
-0.013061523
-0.010940552
-0.040756226
-0.04714966
-0.009338379
0.050323486
0.06097412
0.013580322
-0.029571533
-0.038635254
-0.026382446
-0.024780273
-0.029037476
-0.02319336
-0.012008667
0.0061035156
0.017837524
0.014633179
0.010375977
0.0146484375
0.03327942
0.05406189
0.05618286
0.03488159
0.01890564
0.048202515
0.050857544
-0.006149292
-0.038101196
-0.015731812
0.017837524
0.041809082
0.027420044
-0.004547119
-0.019989014
-0.018920898
0.0034484863
0.02583313
0.019439697
-0.0013427734
-0.0098724365
-0.006668091
-0.0029449463
0.002380371
0.010375977
0.01676941
0.017303467
0.019439697
0.019973755
0.0045166016
0.018371582
0.03541565
0.013580322
-0.005065918
0.01676941
0.050857544
0.04660034
0.005050659
-0.022125244
-0.014663696
-0.0024108887
-0.016784668
-0.04182434
-0.061538696
-0.054611206
-0.033309937
-0.019454956
-0.013061523
-0.003479004
0.011444092
0.032211304
0.048202515
0.05831909
0.05885315
0.04232788
0.03541565
0.03541565
0.007171631
-0.027450562
-0.035964966
-0.019454956
-0.013061523
-0.035964966
-0.06686401
-0.07751465
-0.071121216
-0.05621338
-0.04449463
-0.03491211
-0.024246216
-0.010940552
0.0066375732
0.020492554
0.0045166016
-0.019454956
-0.029037476
-0.035446167
-0.04875183
-0.05567932
-0.057800293
-0.053009033
-0.042892456
-0.056747437
-0.085494995
-0.07965088
-0.042892456
-0.018920898
-0.0056152344
-2.746582E-4
0.005050659
0.008239746
0.0018463135
-0.03968811
-0.07272339
-0.10041809
-0.10734558
-0.073791504
-0.0423584
-0.03010559
-0.02319336
-0.0072021484
0.012512207
0.023162842
0.023162842
0.008773804
-0.008804321
-0.0072021484
0.0034484863
-0.013595581
-0.06793213
-0.07218933
-0.022109985
0.021026611
0.057250977
0.07215881
0.055648804
0.022628784
-0.008270264
-0.01626587
0.008773804
0.022094727
0.019439697
0.012512207
0.011444092
0.009841919
7.7819824E-4
-0.013061523
-0.014129639
-0.0098724365
-0.0098724365
-0.009338379
-0.006668091
0.013580322
7.7819824E-4
-0.041290283
-0.05567932
-0.025848389
0.017837524
0.021026611
-0.012008667
-0.030639648
-0.021591187
-0.012527466
-0.019454956
-0.02796936
-0.022659302
-0.003479004
0.003982544
-0.012527466
-0.040237427
-0.06047058
-0.057281494
-0.04449463
-0.04396057
-0.04714966
-0.04396057
-0.038635254
-8.087158E-4
-2.746582E-4
-0.053009033
-0.0700531
-0.019454956
0.025817871
0.010375977
-0.040222168
-0.0657959
-0.057266235
-0.040237427
-0.03703308
-0.04396057
-0.05354309
-0.042892456
-0.01838684
-0.006134033
-0.010406494
-0.018920898
-0.019454956
-0.008804321
0.0013122559
0.005050659
0.0029144287
-0.010406494
0.007171631
0.026885986
-8.087158E-4
-0.019989014
0.010375977
0.0476532
0.04925537
0.019439697
0.0029144287
-0.0029449463
-0.010940552
-0.016784668
-0.013595581
-0.003479004
0.01676941
0.029022217
0.024765015
0.011978149
0.0034484863
7.7819824E-4
-8.087158E-4
0.0013122559
0.009841919
0.009841919
-0.011459351
-0.007736206
0.0061035156
-0.025848389
-0.043426514
-0.008804321
0.035949707
0.048721313
0.03327942
0.020507812
0.010910034
-0.006668091
-0.01626587
-0.011474609
7.7819824E-4
0.009841919
0.017303467
0.017303467
0.010375977
-0.0024108887
-0.011459351
-0.011993408
-0.004547119
0.0034484863
0.010375977
0.011978149
0.022628784
0.050857544
0.022628784
-0.031173706
-0.03010559
0.017303467
0.033813477
0.0045166016
-0.02798462
-0.019989014
-0.001876831
-0.0024108887
-0.008804321
-0.009338379
0.0029144287
0.011978149
0.008239746
0.0034484863
0.008239746
0.022628784
0.034347534
0.025283813
0.007171631
0.0034484863
0.009307861
0.0066375732
0.02848816
0.037002563
-0.008804321
-0.031173706
0.019424438
0.07003784
0.0513916
-0.004547119
-0.022659302
-0.0013427734
0.010375977
-8.087158E-4
-0.008804321
0.010910034
0.055648804
0.06150818
0.026367188
-0.003479004
-0.021057129
-0.015197754
-0.015197754
-0.022125244
-0.018920898
-0.0024108887
-0.006668091
-0.006134033
0.010910034
-0.004547119
-0.031707764
-0.01626587
0.039138794
0.07589722
0.06150818
0.0236969
0.009841919
-0.050354004
-0.16592407
-0.1765747
-0.0466156
-0.008270264
-0.06791687
-0.104141235
