0.0652771
0.022140503
0.08338928
0.06687927
0.07913208
0.11961365
0.15209961
0.14463806
0.1121521
0.064208984
0.020004272
-0.014099121
-0.029541016
-0.021026611
-0.02368164
-0.036468506
-0.031677246
-0.03060913
-0.032730103
-0.036468506
-0.024749756
2.89917E-4
0.008804321
-0.017822266
-0.074279785
-0.092926025
-0.033798218
0.026397705
0.020004272
-0.04019165
-0.08811951
-0.07002258
0.003479004
0.051971436
0.028518677
-0.02154541
-0.04019165
-0.011962891
0.020004272
0.031723022
0.040237427
0.03491211
0.06474304
0.14624023
0.18565369
0.11480713
-0.00982666
-0.08332825
-0.07853699
-0.04977417
-0.04286194
-0.06842041
-0.08439636
-0.04019165
0.04397583
0.09829712
0.08392334
0.024261475
-0.027938843
-0.03326416
0.007751465
0.029586792
-0.003982544
-0.06416321
-0.08013916
-0.025817871
0.029586792
0.0066833496
-0.04232788
-0.051376343
-0.014083862
0.020004272
0.0184021
-0.014099121
-0.024749756
0.021072388
0.044509888
0.010940552
-0.030075073
-0.029006958
-0.017822266
-0.02633667
-0.040725708
-0.027404785
-0.009841919
-0.0076904297
-0.008224487
-0.0034484863
0.012008667
0.023727417
0.019470215
2.89917E-4
-0.003967285
0.017868042
0.014144897
-0.025817871
-0.037521362
-0.023147583
0.0034942627
0.012008667
-0.003982544
2.89917E-4
0.014678955
-7.7819824E-4
-0.024215698
-0.02368164
-0.0066375732
-0.0013122559
-0.024215698
-0.032196045
-0.009292603
0.0013580322
-0.010360718
-0.017822266
-0.008239746
0.007736206
0.02053833
0.01574707
-0.0077056885
-0.010894775
0.012008667
0.0056152344
-0.043380737
-0.06362915
-0.030075073
0.017349243
0.026931763
0.003479004
-0.014099121
-0.0077056885
0.0050811768
0.008804321
-0.0013122559
-0.008773804
-0.019943237
-0.03593445
-0.034332275
-0.003982544
0.01574707
0.004547119
-0.003967285
0.007217407
0.030654907
0.045562744
0.03012085
0.0024261475
-0.011428833
-0.0013122559
-0.0034332275
-0.04711914
-0.08653259
-0.07853699
-0.0284729
-0.0018463135
-0.024749756
-0.051376343
-0.043914795
-0.019943237
-0.0034484863
0.007217407
0.012542725
0.0050811768
-0.0050354004
-0.010360718
-0.0034332275
0.0018920898
0.0029449463
0.0098724365
0.017349243
0.03437805
0.062088013
0.066345215
0.037582397
0.0040130615
-0.002380371
0.04876709
0.09403992
0.053024292
-0.021011353
-0.016220093
0.04876709
0.08657837
0.07060242
0.024795532
-0.003967285
-0.0013122559
-0.005569458
-0.019958496
-0.019424438
-0.00289917
0.026397705
0.05834961
0.059951782
0.036514282
0.014678955
-2.4414062E-4
-0.007171631
0.0066833496
0.012542725
0.028533936
0.07060242
0.10682678
0.09669495
0.082855225
0.07911682
0.08604431
0.09136963
0.09403992
0.11373901
0.11534119
0.08232117
0.01361084
-0.02633667
0.010940552
0.07060242
0.08392334
0.06474304
0.0887146
0.14837646
0.17819214
0.16009521
0.11428833
0.07646179
0.08125305
0.08178711
0.08818054
0.09510803
0.10362244
0.075927734
0.036514282
0.013076782
-0.00982666
-0.026870728
-0.03060913
-0.060440063
-0.052978516
0.030654907
0.122802734
0.113220215
0.043441772
0.0040130615
0.0066833496
0.054626465
0.108428955
0.12973022
0.058883667
0.013076782
0.07167053
0.12173462
0.09724426
-0.0061035156
-0.060424805
-0.051376343
-0.043914795
-0.04925537
-0.045516968
0.035980225
0.09724426
0.08232117
0.075927734
0.10362244
0.18670654
0.16647339
-0.083862305
-0.20263672
-0.20584106
-0.17282104
-0.09132385
0.022125244
0.13079834
0.18191528
0.12705994
0.05090332
0.03012085
0.033859253
-0.034866333
-0.14352417
-0.116363525
-0.029541016
0.047698975
0.08818054
0.06793213
0.031723022
-0.07374573
-0.20211792
-0.25804138
-0.095062256
0.18405151
0.30229187
0.20695496
-0.020492554
-0.26869202
-0.40983582
-0.32141113
-0.04711914
0.19577026
0.22293091
0.12440491
0.061019897
0.021606445
-0.039123535
-0.16217041
-0.23939514
-0.18666077
-0.13127136
-0.20584106
-0.4322052
-0.60531616
-0.5190277
-0.33154297
-0.20956421
-0.06362915
0.11534119
0.22080994
0.17712402
0.011474609
-0.16375732
-0.21969604
-0.16056824
-0.030075073
0.07167053
0.08338928
0.038650513
0.0066833496
0.024795532
0.03225708
0.004547119
-2.4414062E-4
0.101501465
0.24690247
0.29270935
0.26287842
0.2501068
0.20960999
0.12120056
0.015213013
0.029586792
0.1675415
0.18405151
0.092437744
-0.02368164
-0.022613525
0.008285522
-0.024215698
-0.10092163
-0.12913513
-0.08653259
-0.008773804
0.087646484
0.18032837
0.16807556
-0.027404785
-0.25004578
-0.26602173
-0.09451294
0.073272705
0.10043335
0.059417725
0.033859253
-0.026870728
-0.19944763
-0.39492798
-0.36083984
0.016281128
0.254364
0.2767334
0.39071655
0.5712738
0.4146881
0.020004272
-0.3352661
-0.54086304
-0.4993286
-0.43753052
-0.334198
-0.1611023
0.012008667
0.007217407
-0.12594604
-0.33633423
-0.38693237
-0.3880005
-0.34539795
-0.032730103
0.13238525
0.09510803
0.16807556
0.1787262
0.17021179
0.19949341
0.07434082
-0.34698486
-0.5515137
-0.2591095
0.07966614
0.1632843
0.20962524
0.28631592
0.3774109
0.5574341
0.7257385
0.69911194
0.5467682
0.3869934
0.24371338
0.14942932
0.12599182
0.10202026
0.057296753
-7.7819824E-4
-0.06575012
-0.17974854
-0.27401733
-0.29638672
-0.20796204
-0.08226013
-0.1222229
-0.3501892
-0.46842957
-0.46949768
-0.49665833
-0.50038147
-0.39439392
-0.40930176
-0.55844116
-0.48867798
-0.0519104
0.44610596
0.80244446
0.8988495
0.70069885
0.2570343
-0.21809387
-0.51423645
-0.6106415
-0.5440674
-0.29478455
0.14038086
0.47860718
0.44345093
0.30229187
0.3443756
0.26234436
-0.008773804
-0.30384827
-0.5232849
-0.72569275
-0.84233093
-0.7395477
-0.48919678
-0.17707825
0.15582275
0.4290619
0.5451813
0.52227783
0.44664
0.28152466
0.05569458
-0.12008667
-0.16696167
-0.07002258
0.045562744
0.007217407
-0.1349945
-0.18452454
0.014678955
0.32414246
0.48179626
0.4056244
0.24104309
0.09190369
-0.012496948
-0.16375732
-0.2910614
-0.2244873
-0.040725708
0.075927734
0.07699585
0.066345215
0.07965088
0.11747742
0.13398743
0.05569458
-0.10411072
-0.22181702
-0.28147888
-0.27134705
-0.16429138
-0.06628418
-0.08067322
-0.19198608
-0.27827454
-0.2250061
-0.07748413
-0.008239746
0.007736206
0.0929718
0.23039246
0.16647339
-0.12327576
-0.51849365
-0.7752228
-0.7336731
-0.4247589
-0.036468506
0.3081665
0.5585022
0.6682129
0.5915222
0.28259277
-0.05404663
-0.24153137
-0.21916199
-0.040725708
0.069000244
-0.012496948
-0.15950012
-0.15737915
0.014144897
0.1313324
0.010940552
-0.2287445
-0.5067749
-0.75764465
-0.8561859
-0.74539185
-0.40185547
-0.019958496
0.29377747
0.33532715
0.21388245
0.09669495
0.07485962
0.11961365
0.10043335
0.07699585
0.13131714
0.22399902
0.26820374
0.29005432
0.3321228
0.35662842
0.33052063
0.21760559
0.14144897
-0.017288208
-0.31503296
-0.55578613
-0.5509796
-0.2633667
-0.036453247
-0.09718323
-0.33900452
-0.47322083
-0.35124207
-0.0716095
0.22666931
0.42160034
0.4881897
0.4924469
0.40829468
0.25862122
0.08444214
-0.036468506
-0.027938843
0.024261475
-0.010360718
-0.15736389
-0.28201294
-0.23672485
-0.026870728
0.09510803
-0.107299805
-0.47961426
-0.81251526
-0.9019928
-0.60531616
-0.21009827
0.032791138
0.07485962
-0.05456543
-0.14138794
-0.034332275
0.22932434
0.48072815
0.5243988
0.38645935
0.18884277
0.09190369
0.18511963
0.4146881
0.6234741
0.6708832
0.63786316
0.6628876
0.69325256
0.29856873
0.3598175
0.50416565
0.26127625
-0.13020325
-0.23620605
-0.10144043
-0.046051025
-0.1733551
-0.32887268
-0.34005737
-0.17068481
0.057281494
0.20695496
0.19737244
0.013076782
-0.16215515
-0.23513794
-0.24845886
-0.16802979
-0.12966919
-0.1030426
0.045562744
0.18830872
0.21281433
0.08659363
0.062072754
0.23039246
0.36834717
0.29803467
0.22241211
-0.043380737
-0.47642517
-0.6916046
-0.5579071
-0.34698486
-0.23246765
-0.29638672
-0.5014496
-0.68307495
-0.60317993
-0.2591095
0.032791138
0.22666931
0.3598175
0.43865967
0.48179626
0.50416565
0.53186035
0.57180786
0.54304504
0.40296936
0.21121216
0.10522461
0.1717987
0.07699585
-0.2319336
-0.45191956
-0.41783142
-0.38853455
-0.51156616
-0.6090393
-0.5312805
-0.31556702
-0.079071045
0.10469055
0.18458557
0.17607117
0.07913208
-0.048187256
-0.1307373
-0.076416016
0.104156494
0.27513123
0.33638
0.32307434
0.18244934
-0.07374573
-0.3065033
-0.20211792
0.23625183
0.4423828
0.23092651
-0.22181702
-0.5605774
-0.4513855
-0.22927856
-0.20370483
-0.14724731
-0.03326416
0.031188965
0.15901184
0.23997498
0.20109558
0.10787964
-0.007171631
-0.11050415
-0.23779297
-0.40930176
-0.55737305
-0.49665833
-0.20370483
0.14143372
0.24690247
0.047698975
-0.09664917
0.04876709
0.075927734
-0.13339233
-0.22502136
0.02532959
0.2612915
0.25968933
0.10096741
-0.050308228
-0.02154541
0.068481445
0.12387085
0.092437744
-0.009292603
-0.11315918
-0.16696167
-0.17068481
-0.20584106
-0.16802979
-0.08706665
-0.097717285
-0.205307
-0.3837433
-0.4710846
-0.24525452
0.1632843
0.4535675
0.42800903
0.21495056
0.022659302
0.22453308
0.2778015
0.026397705
-0.1696167
-0.10623169
0.12866211
0.28259277
0.254364
0.13612366
-0.017288208
-0.11689758
-0.12701416
-0.17175293
-0.1696167
-0.0987854
0.0013580322
0.14891052
0.30975342
0.35076904
0.26715088
0.0929718
-0.10197449
-0.13287354
0.08178711
0.16860962
-0.060424805
-0.32940674
-0.33847046
-0.19358826
-0.114227295
-0.16642761
-0.23139954
-0.20158386
-0.0034484863
0.26127625
0.45942688
0.49137878
0.2809906
-0.085998535
-0.39118958
-0.5355377
-0.53500366
-0.44392395
-0.32356262
-0.20744324
-0.14299011
-0.17015076
-0.25750732
-0.22767639
-0.025802612
0.12812805
-0.052444458
-0.47375488
-0.67349243
-0.47587585
-0.053512573
0.17126465
0.078063965
-0.088134766
-0.19944763
-0.18293762
-0.01889038
0.18086243
0.26875305
0.20748901
0.069000244
0.020004272
0.03012085
0.011474609
0.01574707
0.106292725
0.26715088
0.37101746
0.2778015
0.12545776
0.15368652
0.29164124
0.20748901
-0.04284668
-0.07374573
0.08924866
0.13078308
0.026931763
-0.090789795
-0.15896606
-0.11315918
0.023208618
0.1318512
0.14782715
0.0929718
-0.0018463135
-0.11741638
-0.18612671
-0.23300171
-0.2644348
-0.317688
-0.32035828
-0.19146729
0.08604431
0.30336
0.27726746
0.2879181
0.4732666
0.5228119
0.3720703
0.35716248
0.58992004
0.82481384
0.6511688
0.24850464
-0.014633179
0.042907715
0.41575623
0.6980438
0.765152
0.5883179
0.14250183
-0.17707825
-0.14511108
0.0652771
0.18511963
0.20855713
0.28312683
0.4178772
0.35609436
0.0072021484
-0.2899933
-0.48812866
-0.61543274
-0.3533783
-0.06416321
-0.19625854
-0.58454895
-0.7192993
-0.41889954
0.030654907
0.2421112
0.16221619
0.0040130615
0.06741333
0.3544922
0.48446655
0.29112244
-0.09025574
-0.28147888
0.1121521
0.7230835
0.89245605
0.029586792
-0.5413971
-0.23886108
0.34277344
0.28419495
-0.5525818
-1.462326
-2.0737762
-2.5190582
-2.4407654
-2.2010803
-1.8255768
-1.1384735
-0.2979889
0.16168213
0.31028748
0.38858032
0.43598938
0.4674225
0.542511
0.7039032
0.7587738
0.5670166
0.34223938
0.22399902
0.29856873
0.47433472
0.5473175
0.44503784
0.18458557
-0.104644775
-0.09718323
0.15422058
0.4098816
0.46954346
0.29856873
-0.032730103
-0.43647766
-0.68574524
-0.6660309
-0.43806458
-0.12861633
0.19844055
0.54571533
0.7752838
0.7880554
0.55371094
0.22399902
-0.055648804
-0.20584106
-0.1568451
0.0690155
0.21601868
0.13931274
0.0024261475
-0.12701416
-0.2591095
-0.37947083
-0.36402893
-0.20210266
-0.00982666
0.049835205
-0.011962891
-0.09239197
-0.15737915
-0.12701416
-0.056167603
-0.058303833
-0.07640076
-0.18026733
-0.3725586
-0.6063843
-0.7725525
-0.82102966
-0.5856018
-0.35604858
0.017868042
0.32466125
0.5569
0.6320038
0.61494446
0.63679504
0.5920563
0.2794037
-0.19519043
-0.491333
-0.4540558
-0.23725891
0.013076782
0.21813965
0.40615845
0.48765564
0.2809906
-0.032730103
-0.1776123
-0.079071045
0.1121521
0.23146057
0.2335968
0.26341248
0.39390564
0.53453064
0.5323944
0.40934753
0.13824463
-0.36190796
-0.7997284
-0.859375
-0.48120117
-0.083862305
0.10256958
0.15316772
0.13131714
0.1084137
0.12387085
0.066345215
-0.07853699
-0.21542358
-0.26974487
-0.2868042
-0.42208862
-0.71076965
-0.9632416
-0.9355469
-0.59413147
-0.0753479
0.39657593
0.66555786
0.5835266
0.33958435
0.27726746
0.41255188
0.46047974
0.237854
-0.08280945
-0.18080139
-0.041793823
0.08392334
0.1552887
0.23892212
0.23999023
0.11854553
0.024261475
0.045043945
0.054092407
-0.06895447
-0.09931946
0.11268616
0.37313843
0.46954346
0.36035156
0.190979
0.13131714
0.075927734
0.012008667
0.014144897
0.09031677
0.15849304
0.104156494
-0.05404663
-0.21809387
-0.30438232
-0.26869202
-0.11050415
0.066345215
0.111083984
0.056762695
-0.014099121
-0.07002258
-0.18293762
-0.35231018
-0.53767395
-0.7150421
-0.74913025
-0.5632324
-0.15045166
0.33692932
0.52441406
0.29377747
-0.00982666
-0.055114746
0.027999878
0.031188965
-0.039123535
-0.15950012
-0.18559265
0.0018920898
0.29431152
0.44184875
0.38006592
0.22399902
0.12226868
0.014144897
-0.18293762
-0.40611267
-0.5659027
-0.55311584
-0.3784027
-0.18400574
0.019470215
0.12013245
0.07859802
-0.029541016
-0.005569458
0.17553711
0.25169373
0.0844574
-0.1184845
-0.1738739
-0.08760071
-0.0077056885
-0.010894775
0.029586792
0.12387085
0.18991089
0.1717987
0.08552551
-0.10197449
-0.27827454
-0.29638672
-0.18507385
-0.088653564
-0.08918762
-0.119018555
-0.029006958
0.12812805
0.16593933
0.10362244
0.06846619
0.04397583
-0.055633545
-0.18400574
-0.17175293
-0.033798218
0.11375427
0.3044281
0.47807312
0.5148163
0.43545532
0.36514282
0.29963684
0.16275024
-0.08653259
-0.26283264
-0.21914673
-0.032730103
0.010406494
-0.13819885
-0.2798767
-0.22021484
-0.034332275
0.035446167
0.0013580322
0.066345215
0.17765808
0.2021637
0.18725586
0.17393494
0.078063965
-0.104644775
-0.21809387
-0.18560791
-0.057769775
0.040771484
0.06793213
0.0418396
-0.07481384
-0.16163635
-0.1376648
-0.10783386
-0.11262512
-0.056167603
0.13664246
0.49298096
0.85357666
0.8860626
0.5419922
0.1121521
-0.1733551
-0.2788086
-0.33047485
-0.3075714
-0.18080139
-0.015151978
0.13345337
0.19204712
0.25115967
0.30656433
0.29164124
0.18832397
0.06048584
0.021591187
0.19470215
0.35609436
0.2879181
0.0066833496
-0.3352661
-0.3768158
-0.17601013
0.017868042
0.11054993
0.1084137
0.08711243
0.085510254
0.008804321
-0.13980103
-0.35656738
-0.47161865
-0.37042236
-0.14299011
-0.08493042
-0.16908264
-0.24153137
-0.12913513
-0.008239746
0.007751465
-0.11103821
-0.28945923
-0.3778839
-0.3603058
-0.36723328
-0.30491638
-0.3421936
-0.38053894
-0.45031738
-0.41516113
-0.32089233
-0.317688
-0.25057983
-0.062026978
-0.033798218
0.040237427
0.25064087
0.46261597
0.510025
0.4232025
0.33372498
0.2559662
0.27938843
0.4647522
0.5419922
0.47647095
0.4567566
0.46954346
0.41362
0.24371338
0.061538696
-0.14405823
-0.28894043
-0.31077576
-0.17121887
0.027999878
0.124938965
0.10948181
0.038116455
2.89917E-4
-0.039123535
-0.10890198
-0.21063232
-0.31715393
-0.35125732
-0.25857544
-0.1222229
-0.0716095
-0.15577698
-0.3075714
-0.39118958
-0.3102417
-0.0987854
0.06687927
0.06048584
-0.027938843
-0.048171997
-0.041793823
-0.011428833
0.007736206
0.078063965
0.16914368
0.1552887
-0.019958496
-0.25430298
-0.31503296
-0.14938354
0.20802307
0.5126953
0.59524536
0.5435791
0.47912598
0.4897766
0.4386444
0.14996338
-0.16801453
-0.09718323
0.25064087
0.5366516
0.5302582
0.16009521
-0.25804138
-0.69532776
-0.74380493
-0.43060303
0.11054993
0.72254944
1.2775421
1.0884705
0.52441406
0.049301147
-0.24046326
-0.19039917
-0.107299805
-0.056167603
-0.02154541
0.029586792
0.19577026
0.37953186
0.3981781
0.23571777
0.05834961
0.0184021
0.1121521
0.16595459
0.025863647
-0.12382507
-0.08013916
0.06687927
-0.032196045
-0.589859
-0.9957428
-0.57655334
0.35928345
0.7896576
0.5686188
0.043441772
-0.42474365
-0.61117554
-0.5717621
-0.46736145
-0.41516113
-0.3075714
-0.09132385
0.07966614
0.16275024
0.11854553
-0.015686035
-0.13392639
-0.12860107
-0.090789795
-0.14459229
-0.3837433
-0.62768555
-0.587204
-0.26815796
0.05355835
0.13398743
-0.114227295
-0.42634583
-0.6079712
-0.54725647
-0.35177612
-0.23139954
-0.1541748
0.026397705
0.3076172
0.495636
0.50097656
0.30389404
-0.014083862
-0.19837952
-0.1967926
-0.14405823
-0.10997009
-0.111572266
-0.049240112
0.08552551
0.13079834
-0.0077056885
-0.14352417
-0.16215515
-0.25164795
-0.46096802
-0.5754852
-0.41516113
-0.13659668
-0.116363525
-0.31929016
-0.507843
-0.51849365
-0.35551453
-0.10783386
0.14889526
0.21813965
0.10469055
-2.4414062E-4
-0.06309509
-0.1307373
-0.18826294
-0.18986511
-0.1030426
-0.06629944
-0.19519043
-0.5009155
-0.65963745
-0.2788086
0.44396973
0.87008667
0.652771
-0.032196045
-0.58454895
-0.7150421
-0.5605774
-0.56643677
-0.6383362
-0.43753052
-0.038589478
0.28312683
0.4381256
0.44610596
0.3321228
0.15849304
0.037582397
0.013076782
-0.0050354004
-0.097717285
-0.09132385
0.07432556
0.31188965
0.4189453
0.40403748
0.4248047
0.15422058
-0.65112305
-1.2460632
-0.9339447
-0.18507385
0.047164917
-0.21488953
-0.4306183
-0.39544678
-0.18133545
0.06954956
0.18086243
0.1164093
-0.050842285
-0.106781006
-0.11689758
-0.10997009
-0.12275696
-0.12754822
-0.07002258
0.0460968
0.07646179
-0.13180542
-0.40290833
-0.4433899
-0.121154785
0.33638
0.495636
0.13877869
-0.38320923
-0.53500366
-0.24472046
0.05355835
-0.020477295
-0.1264801
-0.15524292
-0.1030426
0.0418396
0.22666931
0.3390503
0.3875122
0.3944397
0.28845215
0.054626465
-0.15524292
-0.1930542
-0.04925537
0.22346497
0.4562378
0.4189453
0.21174622
0.2501068
0.45622253
0.4146881
0.4221344
0.67781067
0.8322754
0.6112213
0.10043335
-0.3421936
-0.5121002
-0.30010986
0.15635681
0.51216125
0.6293335
0.4759369
0.23252869
0.11268616
0.017349243
-0.2665558
-0.6218262
-0.7209015
-0.43008423
-0.039657593
0.127594
0.07485962
-0.06362915
-0.13339233
-0.062561035
-0.06895447
-0.23513794
-0.26869202
0.03225708
0.2975006
0.22772217
0.1675415
0.5334625
0.28631592
-0.27615356
-0.14778137
0.33532715
0.33372498
-0.41516113
-1.2929382
-1.7089233
-1.607193
-1.2966766
-0.92170715
-0.5845337
-0.15150452
0.16700745
0.21760559
0.30975342
0.5334625
0.59417725
0.38485718
0.042373657
0.03012085
0.15635681
0.15368652
-0.0135650635
-0.23834229
-0.4247589
-0.5866699
-0.5520477
-0.26976013
0.08605957
0.1952362
0.17712402
0.08552551
-0.024749756
-0.11795044
-0.23886108
-0.36402893
-0.39065552
-0.24632263
-0.03593445
0.09190369
0.013076782
-0.13978577
-0.22714233
-0.22341919
-0.27134705
-0.3698883
-0.2798767
-0.029541016
0.18725586
0.23146057
0.1121521
-0.060958862
-0.09025574
0.07006836
0.24583435
0.23358154
0.010940552
-0.22767639
-0.27134705
-0.1504364
-0.03326416
0.040252686
0.09510803
0.15209961
0.17340088
0.089782715
0.045578003
0.071136475
0.025863647
-0.10569763
-0.15577698
-0.08227539
-0.050842285
-0.12594604
-0.21383667
-0.20051575
-0.12062073
-0.0034484863
0.13452148
0.21228027
0.20909119
0.21600342
0.2570343
0.2186737
0.09564209
-0.09611511
-0.21382141
-0.12966919
0.062088013
0.10734558
-0.109436035
-0.34805298
-0.45085144
-0.45884705
-0.4982605
-0.45671082
-0.2995758
-0.17814636
-0.079071045
-0.0029144287
0.041305542
0.087646484
0.1164093
0.11373901
0.08178711
-0.032730103
-0.10571289
-0.06895447
-0.03274536
-0.097717285
-0.17494202
-0.0987854
0.11853027
0.2975006
0.33052063
0.21174622
0.16007996
0.2298584
0.2975006
0.31454468
0.37420654
0.3912506
0.16967773
-0.25483704
-0.51849365
-0.4902649
-0.32514954
-0.14564514
0.012542725
0.13612366
0.1979065
0.18193054
0.09564209
0.0050811768
-0.039123535
-0.04711914
-0.02368164
-0.005569458
-0.00289917
-0.07695007
-0.20211792
-0.24153137
-0.20210266
-0.090789795
0.14624023
0.47912598
0.6927185
0.6122894
0.34809875
0.042907715
-0.12168884
-0.11741638
-0.1307373
-0.24685669
-0.32035828
-0.2564392
-0.13819885
-0.079071045
-0.14085388
-0.28147888
-0.4524536
-0.47001648
-0.22767639
0.14677429
0.4370575
0.5323944
0.3912506
0.1632843
0.089782715
0.16381836
0.15049744
-0.0519104
-0.26708984
-0.27934265
-0.17121887
-0.08706665
-0.029006958
0.047698975
0.11907959
0.1675415
0.23518372
0.2724762
0.18778992
0.018936157
-0.12382507
-0.16322327
-0.13287354
-0.08227539
0.008804321
0.02319336
-0.10890198
-0.3571167
-0.5259552
-0.47268677
-0.23939514
0.08018494
0.36302185
0.5771332
0.5963135
0.27993774
-0.2479248
-0.67774963
-0.7555084
-0.51156616
-0.17547607
0.09030151
0.17767334
0.082855225
-0.015701294
-0.046051025
-0.043395996
-0.037521362
-0.041793823
0.047164917
0.14570618
0.21174622
0.23518372
0.2059021
0.18405151
0.08552551
-0.14671326
-0.30438232
-0.27134705
-0.16854858
-0.16322327
-0.19093323
-0.14724731
-0.08811951
-0.0519104
-0.039123535
0.02798462
0.24424744
0.50737
0.5957794
0.4178772
0.13824463
-0.07321167
-0.1802826
-0.14671326
-0.06895447
-0.04978943
-0.0077056885
0.010940552
-0.041793823
-0.15736389
-0.23939514
-0.18719482
-0.102508545
-0.064697266
0.07167053
0.33532715
0.44877625
0.29589844
0.02798462
-0.14938354
-0.11582947
0.05355835
0.11054993
0.0460968
-0.0796051
-0.16801453
-0.17388916
-0.14724731
-0.17494202
-0.2511139
-0.20158386
-0.04498291
0.09616089
0.19151306
0.2724762
0.2975006
0.28578186
0.2618103
0.16435242
0.033843994
-0.04498291
0.03012085
0.10575867
0.08657837
0.09350586
0.16914368
0.19151306
0.12226868
0.0690155
0.18405151
0.40029907
0.47328186
0.35983276
0.19204712
0.053024292
-0.03540039
-0.09239197
-0.16908264
-0.20211792
-0.12168884
0.0098724365
0.07646179
-0.002380371
-0.14778137
-0.1227417
0.03439331
0.20162964
0.3113556
0.35928345
0.37527466
0.24371338
-0.02368164
-0.2319336
-0.26229858
-0.20477295
-0.15310669
-0.11050415
-0.055099487
-0.07267761
-0.20903015
-0.35710144
-0.42208862
-0.39385986
-0.28253174
-0.18826294
-0.16163635
-0.13873291
-0.031143188
0.11694336
0.19897461
0.15582275
0.06315613
0.07006836
0.25541687
0.39231873
0.41096497
0.33638
0.03439331
-0.32781982
-0.45085144
-0.35498047
-0.2122345
-0.057769775
0.14517212
0.38858032
0.57606506
0.6154938
0.46421814
0.2447815
0.127594
0.14250183
0.19151306
0.29803467
0.48391724
0.55955505
0.5004425
0.3624878
0.28579712
0.16381836
-0.048721313
-0.2319336
-0.26283264
-0.3683014
-0.6063843
-0.80026245
-0.58187866
-0.102508545
0.20748901
0.1979065
-0.008239746
-0.1222229
-0.046585083
0.08392334
0.17819214
0.18191528
0.031723022
-0.123809814
-0.1334076
-0.038589478
0.04876709
0.014678955
-0.033798218
-0.050842285
-0.037002563
0.03970337
0.14038086
0.15368652
0.07325745
0.01361084
0.056228638
0.097229004
0.13345337
0.104156494
0.08924866
-0.0077056885
-0.19837952
-0.35977173
-0.43273926
-0.3890686
-0.20690918
0.064208984
0.29058838
0.36035156
0.22772217
0.051437378
-0.044448853
-0.07002258
-0.13127136
-0.18507385
-0.15045166
-0.088134766
-0.07267761
-0.16323853
-0.20211792
-0.10623169
-0.020477295
0.03225708
0.254364
0.36888123
0.23518372
-0.0476532
-0.10038757
0.027999878
0.09617615
-0.016220093
-0.19837952
-0.24525452
-0.10357666
0.06741333
0.14570618
0.12705994
0.11747742
0.115875244
0.073272705
0.023727417
0.043441772
0.11959839
0.22453308
0.32946777
0.366745
0.3193512
0.40029907
0.5489044
0.22720337
0.06687927
0.0929718
0.19258118
0.4381256
0.6234741
0.27352905
-0.4790802
-1.0383453
-0.9754944
-0.34432983
0.33638
0.50735474
0.2383728
-0.08706665
-0.29959106
-0.3933258
-0.34805298
-0.18026733
0.023208618
0.18032837
0.2453003
0.22827148
0.11373901
-0.033798218
-0.092926025
-0.039657593
0.02746582
0.09085083
0.064208984
-0.08918762
-0.27134705
-0.37202454
-0.2979889
-0.15364075
0.0056152344
0.14730835
0.19949341
0.23571777
0.22827148
0.017868042
-0.29852295
-0.5232849
-0.52168274
-0.24099731
0.07966614
0.1952362
0.17021179
0.06794739
-0.09132385
-0.2010498
-0.24578857
-0.25271606
-0.2479248
-0.1973114
-0.06681824
0.11161804
0.26287842
0.2852478
0.23731995
0.18884277
0.115875244
-0.1930542
-0.6271515
-0.6905365
-0.17868042
0.44024658
0.57606506
0.20695496
-0.31236267
-0.5259552
-0.36616516
0.010940552
0.29910278
0.34651184
0.27513123
0.2064209
0.18405151
0.17658997
0.13505554
0.066345215
0.02267456
0.06741333
0.09136963
0.010406494
-0.13925171
-0.24685669
-0.121154785
0.10203552
0.18565369
0.03012085
-0.14512634
-0.11155701
-0.1184845
-0.36723328
-0.5909424
-0.6420593
-0.48014832
-0.16003418
0.11161804
0.16433716
0.045578003
-0.18772888
-0.34165955
-0.3118286
-0.19358826
-0.19358826
-0.16642761
-0.09611511
-0.018356323
0.10522461
0.22187805
0.24743652
0.20269775
0.18086243
0.09776306
-0.1264801
-0.26548767
-0.083862305
0.24424744
0.34544373
0.20802307
-0.013031006
-0.1967926
-0.11369324
0.15316772
0.31774902
0.32521057
0.2799225
0.20909119
0.103637695
-0.009307861
-0.032196045
0.025863647
0.056747437
0.120666504
0.2186737
0.15315247
-0.06309509
-0.24365234
-0.2207489
-0.04711914
-0.03540039
-0.16270447
-0.23300171
-0.015686035
0.25382996
0.13079834
-0.19093323
-0.32461548
-0.14033508
0.22932434
0.44503784
0.38752747
0.13452148
-0.10090637
-0.11582947
0.010940552
0.108947754
0.15263367
0.19683838
0.28471375
0.41415405
0.46794128
0.42373657
0.64797974
0.29110718
-0.013549805
-0.24472046
-0.69799805
-0.9051819
-0.6282196
-0.17175293
0.08338928
-0.0284729
-0.16801453
-0.19412231
-0.10676575
-0.025802612
-0.14512634
-0.26283264
-0.08653259
0.1717987
0.31082153
0.33744812
0.28471375
0.17233276
0.048233032
-0.017822266
-0.012496948
0.07752991
0.30282593
0.54730225
0.6319885
0.36302185
0.003479004
-0.19358826
-0.014633179
0.41362
0.59898376
0.3752594
-0.04498291
-0.25325012
-0.13020325
0.18351746
0.42108154
0.41255188
0.21281433
-0.010894775
-0.12808228
-0.07107544
0.12545776
0.37260437
0.5297394
0.54837036
0.48179626
0.39390564
0.39231873
0.5494385
0.4647522
-0.08439636
-0.36669922
8.239746E-4
0.3209381
0.22027588
-0.032196045
-0.13127136
-0.13127136
-0.112091064
-0.09664917
-0.07055664
-0.048706055
-0.004501343
0.080718994
0.16007996
0.19630432
0.17979431
0.15689087
0.17500305
0.20162964
0.15582275
-0.03060913
-0.23248291
-0.17547607
0.043441772
0.09724426
-0.038589478
-0.14138794
-0.12327576
0.035980225
0.11534119
-0.008758545
-0.21116638
-0.35017395
-0.23674011
0.1355896
0.40509033
0.3859253
0.17979431
-0.09931946
-0.30490112
-0.34698486
-0.26602173
-0.12541199
0.053024292
0.237854
0.33692932
0.36088562
0.30070496
0.2453003
0.34490967
0.36088562
-0.13180542
-0.68840027
-0.6463318
-0.21330261
-0.007171631
-0.09451294
-0.2606964
-0.3267517
-0.20051575
0.033325195
0.20269775
0.19258118
0.059951782
-0.11050415
-0.14724731
-0.049240112
0.05355835
0.1867218
0.28419495
0.28578186
0.19844055
0.115875244
0.014144897
-0.06576538
0.11375427
0.5142822
0.6985779
0.5302582
0.16540527
0.047164917
0.13505554
0.012008667
-0.29585266
-0.40292358
-0.1541748
0.35876465
0.6900635
0.6943054
0.51268005
0.31721497
0.23199463
0.2144165
0.24531555
0.3736725
0.53453064
0.71562195
1.1699524
1.3201599
0.5185547
0.042373657
-0.057769775
0.0056152344
0.2740631
0.42533875
0.25169373
-0.11529541
-0.1845398
0.09989929
0.2501068
-0.01461792
-0.45724487
-0.8220978
-0.85191345
-0.5126343
-0.017822266
0.35290527
0.47540283
0.4381256
0.28684998
0.087646484
-0.062561035
-0.141922
-0.20265198
-0.25164795
-0.28945923
-0.26283264
-0.24205017
-0.3310089
-0.36616516
-0.18080139
0.037582397
0.11961365
0.07167053
-0.008773804
-0.14299011
-0.37095642
-0.5435333
-0.5168915
-0.37149048
-0.12168884
0.19737244
0.39923096
0.35290527
0.13452148
0.0024108887
-0.052978516
-0.11582947
-0.16217041
-0.2702942
-0.2676239
-0.008773804
0.22399902
0.2602234
0.20588684
0.24157715
0.23997498
-0.022079468
-0.35658264
-0.364563
-0.2591095
-0.38746643
-0.603714
-0.6351471
-0.39172363
0.026397705
0.38806152
0.57499695
0.60643005
0.4615631
0.1398468
-0.18347168
-0.3491211
-0.38639832
-0.28892517
-0.09931946
0.097229004
0.19311523
0.09083557
-0.022613525
0.07220459
0.23304749
0.25543213
0.19311523
0.14889526
0.08659363
-0.116882324
-0.29052734
-0.31663513
-0.3224945
-0.2798767
-0.12487793
0.12013245
0.24797058
0.25968933
0.1824646
0.033859253
-0.12860107
-0.25857544
-0.26550293
-0.08226013
0.21920776
0.41841125
0.36727905
0.14624023
0.039718628
0.118011475
0.043441772
-0.21063232
-0.299057
-0.1611023
-0.1349945
-0.33847046
-0.5536499
-0.5520477
-0.31608582
0.11001587
0.45515442
0.56329346
0.53027344
0.38113403
0.118011475
-0.16322327
-0.3219452
-0.38160706
-0.3267517
-0.09931946
0.124923706
0.1952362
0.09776306
0.08338928
0.24583435
0.34809875
0.28738403
0.12705994
0.0050811768
-0.08546448
-0.27189636
-0.3922577
-0.38160706
-0.3352661
-0.32887268
-0.2606964
-0.10038757
0.07913208
0.20056152
0.19309998
0.10308838
-0.058303833
-0.19891357
-0.19891357
-0.020477295
0.23945618
0.37846375
0.32040405
0.1952362
0.1867218
0.27407837
0.24850464
0.096710205
-0.0034332275
0.07060242
0.07006836
-0.14884949
-0.47694397
-0.697464
-0.65219116
-0.32196045
0.026397705
0.30603027
0.50416565
0.5494385
0.4343872
0.1979065
-0.043914795
-0.06523132
0.101486206
0.27885437
0.35237122
0.18565369
-0.15524292
-0.21009827
0.11161804
0.39230347
0.32626343
0.05781555
-0.13233948
-0.18826294
-0.23939514
-0.23886108
-0.11955261
0.030654907
0.15635681
0.17607117
0.07485962
-0.017822266
-0.074279785
-0.09239197
-0.116363525
-0.19198608
-0.30117798
-0.35816956
-0.2287445
0.068481445
0.37739563
0.477005
0.3859253
0.29963684
0.28738403
0.111083984
-0.24099731
-0.33633423
-0.05404663
0.15635681
-0.03807068
-0.47535706
-0.7762909
-0.7986603
-0.46629333
0.096710205
0.5712738
0.7204132
0.59524536
0.36727905
0.061553955
-0.23725891
-0.39811707
-0.3587036
-0.19837952
-0.065216064
-0.018356323
-0.02368164
-0.07107544
-0.036453247
0.06581116
0.10362244
-0.008239746
-0.14671326
-0.15045166
-0.090789795
-0.043914795
0.004547119
0.058883667
0.15635681
0.3443756
0.55529785
0.666626
0.5915222
0.32839966
2.89917E-4
-0.2676239
-0.41462708
-0.47268677
-0.42155457
-0.19039917
0.13824463
0.41308594
0.5105591
0.4232025
0.28205872
0.27033997
0.20429993
-0.2633667
-0.6425934
-0.45777893
-0.07853699
-0.0023651123
-0.12968445
-0.21063232
-0.14938354
-0.026885986
0.14144897
0.25489807
0.23892212
0.13452148
0.032791138
-0.0284729
-0.14405823
-0.2868042
-0.24313354
-0.011428833
0.16540527
0.16593933
0.07006836
0.02053833
0.12652588
0.27619934
0.29484558
0.12652588
-0.10144043
-0.2702942
-0.3778839
-0.41783142
-0.31982422
-0.081207275
0.13131714
0.2490387
0.27938843
0.27513123
0.2218628
0.09669495
-0.07374573
-0.2314148
-0.36883545
-0.4236908
-0.2899933
-0.033798218
0.1675415
0.12120056
-0.034332275
-0.00982666
0.26608276
0.3720703
0.09510803
-0.17175293
-0.1307373
-0.07588196
-0.27615356
-0.5824127
-0.70544434
-0.6101074
-0.29692078
0.20269775
0.587265
0.69750977
0.6474457
0.48179626
0.2889862
0.09136963
-0.0135650635
-0.039657593
0.003479004
0.15263367
0.2644806
0.21813965
0.07752991
0.012008667
-0.09025574
-0.32089233
-0.4875946
-0.45936584
-0.3107605
-0.2633667
-0.3352661
-0.37734985
-0.3837433
-0.38853455
-0.40237427
-0.17868042
0.25543213
0.57073975
0.6192169
0.460495
0.13931274
-0.13552856
-0.20584106
-0.060424805
0.18991089
0.3720703
0.41041565
0.37739563
0.33958435
0.34223938
0.48712158
0.5659485
0.37527466
0.08711243
-0.09611511
-0.25804138
-0.5222168
-0.76297
-0.79652405
-0.6212921
-0.2399292
0.19311523
0.47221375
0.5808563
0.55636597
0.41255188
0.11854553
-0.24205017
-0.47375488
-0.4194336
-0.2079773
-0.02368164
0.09350586
0.13505554
0.14677429
0.13291931
0.17553711
0.27993774
0.4066925
0.41627502
0.30975342
0.15635681
-0.05458069
-0.2084961
-0.24899292
-0.188797
-0.053512573
0.0844574
0.08818054
-0.040725708
-0.121154785
-0.1030426
-0.04711914
-0.03274536
-0.074279785
-0.15896606
-0.16908264
-0.0029144287
0.09989929
0.025863647
-0.0987854
-0.013031006
0.31721497
0.52067566
0.26927185
-0.055633545
-0.16429138
-0.29638672
-0.56163025
-0.82421875
-0.9685669
-0.94140625
-0.6489868
-0.21702576
0.22825623
0.57447815
0.67300415
0.49084473
0.07911682
-0.350708
-0.5302124
-0.3890686
-0.105163574
0.06581116
0.031188965
-0.083343506
-0.052444458
0.115875244
0.19950867
0.13505554
0.10362244
0.12973022
0.12599182
0.07432556
0.045562744
0.11001587
0.18777466
0.16542053
0.013076782
-0.11262512
-0.060958862
0.097229004
0.19630432
0.18351746
0.08604431
0.0040130615
-0.027404785
-0.014083862
0.05355835
0.13664246
0.19683838
0.19895935
0.08125305
-0.119018555
-0.13926697
-0.0023651123
0.08018494
-0.079071045
-0.2122345
-0.050308228
0.07220459
-0.05883789
-0.41409302
-0.6740265
-0.5962677
-0.18772888
0.2809906
0.47966003
0.51216125
0.43545532
0.25169373
0.016799927
-0.16163635
-0.16908264
0.0098724365
0.28684998
0.50416565
0.49137878
0.23999023
-0.0077056885
-0.08439636
-0.0519104
0.1164093
0.28205872
0.37739563
0.43971252
0.32040405
0.015213013
-0.36616516
-0.60317993
-0.63461304
-0.5509949
-0.3113098
-0.00289917
0.289505
0.4567566
0.42533875
0.25382996
0.08178711
-0.050308228
-0.13819885
-0.15524292
-0.048171997
0.13612366
0.29484558
0.31507874
0.2453003
0.27407837
0.3582306
0.28952026
0.1121521
0.06367493
0.069000244
-0.06362915
-0.3613739
-0.573349
-0.49346924
-0.16642761
0.1478424
0.24850464
0.18458557
0.082855225
-0.0029144287
-0.08174133
-0.13127136
-0.1349945
-0.107299805
-0.03753662
0.02267456
8.239746E-4
-0.1616211
-0.38426208
-0.37628174
-0.05935669
0.2186737
0.22879028
0.014678955
-0.29478455
-0.35231018
-0.21488953
0.0098724365
0.19737244
0.19470215
0.12173462
0.12866211
0.21334839
0.2799225
0.23464966
0.1318512
0.054092407
-0.016220093
-0.11795044
-0.2314148
-0.28520203
-0.20584106
0.040237427
0.35342407
0.48233032
0.40083313
0.31401062
0.27885437
0.15368652
-0.111572266
-0.44178772
-0.5467224
-0.43113708
-0.28733826
-0.22502136
-0.21435547
-0.22821045
-0.1456604
0.03225708
0.23838806
0.35502625
0.2852478
0.04663086
-0.18612671
-0.24525452
-0.22821045
-0.16268921
-0.052444458
-0.010360718
0.03704834
0.017868042
-0.027404785
-0.010894775
0.11161804
0.26927185
0.35983276
0.32040405
0.035980225
-0.26976013
-0.20370483
0.12919617
0.47540283
0.53504944
0.2809906
-0.052444458
-0.14938354
-0.027938843
0.11001587
0.2256012
0.33532715
0.30282593
0.30975342
0.4333191
0.51216125
0.7854004
0.9957886
0.30229187
0.43013
0.8769989
0.7603607
-0.2122345
-0.9920044
-1.1544495
-0.99253845
-0.74539185
-0.49186707
-0.19465637
-0.014099121
-0.08972168
-0.28253174
-0.40664673
-0.37095642
-0.21809387
-0.06523132
0.14038086
0.16433716
0.049819946
-0.022613525
-0.12754822
-0.19519043
-0.21063232
-0.1184845
0.14730835
0.3912506
0.3076172
0.11534119
-0.08279419
-0.15524292
-0.074279785
0.036514282
0.06581116
-0.027938843
-0.1376648
-0.15736389
-0.114227295
-0.052978516
-0.0066375732
-0.0135650635
-0.067352295
-0.090789795
-0.055633545
-0.029006958
-0.057769775
-0.1030426
-0.10836792
-0.0796051
-0.055633545
-0.022079468
-0.008773804
-0.045516968
-0.06842041
-0.11155701
-0.17601013
-0.19519043
-0.13020325
-0.02154541
0.02532959
-0.02633667
-0.10038757
-0.13447571
-0.116363525
-0.050842285
0.03491211
0.07913208
0.049835205
-0.029006958
-0.06628418
-0.055633545
-0.045516968
-0.048721313
-0.037002563
0.0013580322
0.044509888
0.07485962
0.073791504
0.03916931
-0.021026611
-0.08439636
-0.076934814
-0.005569458
0.07965088
0.11001587
0.07966614
0.0184021
0.0098724365
0.042373657
0.0460968
0.03012085
0.049835205
0.061019897
0.037582397
-0.017288208
-0.07800293
-0.10092163
-0.10569763
-0.10144043
-0.07853699
-0.030075073
0.010406494
0.014678955
-0.009292603
-0.02368164
-0.034332275
-0.076934814
-0.08067322
-0.0050354004
0.08604431
0.099365234
0.043441772
-0.015151978
-0.0284729
0.0029449463
0.019470215
-0.0034484863
-0.041259766
-0.055099487
-0.017288208
0.07966614
0.18193054
0.22293091
0.19577026
0.12812805
0.047164917
-0.0066375732
0.0040130615
0.04611206
0.06314087
0.031188965
-0.05937195
-0.11795044
-0.08332825
-0.010894775
0.02532959
-0.020477295
-0.0796051
-0.08067322
-0.034866333
-0.0029144287
-0.0066375732
-0.034866333
-0.04977417
-0.036468506
-0.010894775
-0.003967285
-0.0077056885
-0.008239746
0.01361084
0.024261475
-0.012496948
-0.050842285
-0.05404663
-0.031677246
0.007736206
-0.003982544
-0.07481384
-0.09132385
-0.01675415
0.049835205
0.05090332
-0.011962891
-0.07746887
-0.08653259
-0.058303833
-0.024749756
-0.0061035156
-0.012496948
-0.029541016
-0.046585083
-0.032730103
-0.0061035156
0.0066833496
0.0066833496
-0.020492554
-0.055099487
-0.067352295
-0.045516968
-0.024749756
-0.0061035156
-0.040725708
-0.1307373
-0.14831543
-0.033798218
0.071136475
0.04876709
-0.051376343
-0.10144043
-0.053512573
0.0098724365
0.011474609
-0.0077056885
-7.7819824E-4
0.02532959
0.048233032
0.057281494
0.050369263
0.035446167
0.024795532
0.03704834
0.039718628
0.020004272
-0.0018463135
-0.024215698
-0.015686035
8.239746E-4
-0.046051025
-0.08706665
-0.044448853
0.05355835
0.10362244
0.07220459
0.022125244
0.03225708
0.078063965
0.062088013
-0.009292603
-0.057769775
-0.036987305
0.014678955
0.02532959
-0.0135650635
-0.060958862
-0.081207275
-0.07002258
-0.057769775
-0.06309509
-0.067352295
-0.044448853
-0.016220093
0.019470215
-0.027938843
-0.13980103
-0.18826294
-0.13659668
-0.07267761
-0.05935669
-0.050842285
-0.014099121
0.038116455
0.05834961
0.017868042
-0.03326416
-0.038589478
0.047164917
0.13771057
0.1355896
0.07060242
0.020004272
0.0029449463
0.014144897
0.02053833
-0.005569458
-0.029541016
0.0050811768
0.064208984
0.07646179
0.022125244
-0.022613525
-0.015686035
0.07006836
0.14517212
0.16647339
0.14730835
0.10734558
0.06581116
0.07220459
0.094573975
0.07006836
0.02746582
0.019470215
0.040771484
0.051956177
0.029586792
0.019470215
0.028518677
0.02746582
0.03225708
0.058883667
0.06687927
0.044509888
0.038116455
0.011474609
-0.037002563
-0.050842285
0.012542725
0.07646179
0.084991455
0.051956177
0.025863647
0.035980225
0.059417725
0.050354004
0.023727417
0.0098724365
0.0066833496
-0.0018463135
-0.0135650635
-0.011428833
0.009338379
0.03225708
0.043441772
0.038116455
0.03704834
0.047698975
0.027999878
0.011474609
-0.008773804
-0.036987305
-0.043395996
-0.0029144287
0.042373657
0.0460968
0.0029449463
-0.03540039
-0.0050354004
0.03439331
0.023727417
-0.00289917
-0.017822266
8.239746E-4
0.03704834
0.047164917
0.033843994
0.0056152344
-0.0076904297
0.0034942627
0.030654907
0.03704834
0.03437805
0.02053833
0.02319336
0.022125244
-0.02154541
-0.0476532
-0.0077056885
0.038650513
0.03916931
0.010940552
-7.7819824E-4
0.015213013
0.024795532
0.007217407
-0.0061035156
-0.0050354004
-7.7819824E-4
-0.005569458
-0.011428833
-0.0061035156
-0.008239746
-0.015151978
-0.0077056885
0.008270264
0.01626587
0.0184021
0.004547119
0.0066833496
0.02532959
-0.0135650635
-0.05937195
-0.040725708
0.0050811768
0.03225708
0.023727417
-0.011962891
-0.026870728
-0.018356323
-0.015167236
-0.016220093
0.007217407
0.030654907
0.045028687
0.03491211
0.012008667
8.239746E-4
-0.0013122559
-0.005569458
-0.0135650635
-0.011428833
-0.0066375732
-0.003967285
-0.0066375732
0.0066833496
-0.02633667
-0.09185791
-0.099853516
-0.03593445
0.012542725
0.019470215
-0.012496948
-0.03593445
-0.021011353
-0.005569458
-0.008773804
-0.01461792
-0.011962891
-0.015151978
-0.022079468
-0.025283813
-0.004501343
0.025863647
0.03012085
0.016281128
-7.7819824E-4
-0.003967285
-0.0013122559
-0.0050354004
0.001876831
-0.015686035
-0.08332825
-0.09718323
-0.010894775
0.059951782
0.031723022
-0.046051025
-0.0716095
-0.021011353
0.023208618
0.007751465
-0.04711914
-0.083343506
-0.10623169
-0.1227417
-0.09346008
-0.024749756
0.0652771
0.11747742
0.092437744
0.04663086
0.033325195
0.07220459
0.09190369
0.06739807
0.0098724365
-0.019424438
0.035446167
0.09136963
0.120666504
0.17553711
0.1787262
0.10575867
0.08657837
0.18830872
0.45303345
0.6027069
0.18884277
0.012542725
0.014144897
0.12440491
