-0.14260864
-0.099990845
-0.036071777
-0.0067749023
-0.021697998
-0.06378174
-0.08666992
-0.08720398
-0.07762146
-0.066970825
-0.04673767
-0.05897522
-0.093063354
-0.09413147
-0.05632019
-0.010513306
0.004928589
-0.014770508
-0.041397095
-0.061645508
-0.06324768
-0.047790527
-0.04460144
-0.049926758
-0.022766113
0.038497925
0.05821228
-0.001449585
-0.083480835
-0.10958862
-0.08666992
-0.07496643
-0.1005249
-0.13407898
-0.13354492
-0.104782104
-0.07601929
-0.048324585
-0.027023315
-0.032348633
-0.060043335
-0.085617065
-0.074417114
-0.062179565
-0.104782104
-0.16177368
-0.14154053
-0.050460815
0.0028076172
-0.027557373
-0.07762146
-0.071762085
-0.01423645
0.021453857
-0.004119873
-0.049926758
-0.060577393
-0.026489258
0.00440979
0.00440979
-0.02116394
-0.033935547
-0.0259552
-0.0046539307
0.010803223
0.02571106
0.010253906
-0.023284912
-0.021697998
0.031036377
0.08963013
0.0912323
0.045425415
0.018249512
0.03744507
0.056610107
0.031570435
-0.008911133
-0.017440796
0.00920105
0.025177002
0.0049438477
-0.023284912
-0.040863037
-0.033935547
-0.0025177002
0.028900146
0.04222107
0.035842896
0.03050232
0.03956604
0.047561646
0.05128479
0.03477478
-0.0030517578
-0.018493652
0.0054779053
0.03956604
0.044891357
0.028366089
0.021987915
0.028381348
0.015594482
0.0012054443
0.021987915
0.05342102
0.041168213
0.0065307617
-0.0030517578
0.017196655
0.024642944
0.0049438477
0.0022735596
0.02357483
0.028900146
0.007598877
0.005996704
0.023040771
0.01399231
-0.011047363
-0.0259552
-0.04458618
-0.057907104
-0.03767395
-9.1552734E-4
-0.0025177002
-0.034469604
-0.03767395
0.0038757324
0.043289185
0.034240723
0.0022735596
-0.013168335
1.373291E-4
0.026245117
0.03263855
0.0209198
0.010803223
0.0028076172
0.013458252
0.043823242
0.055023193
0.027297974
0.005996704
0.017730713
0.03050232
0.012924194
-0.0046539307
-0.02116394
-0.05152893
-0.06590271
-0.036605835
0.008666992
0.010803223
-0.017959595
-0.024353027
0.0070648193
0.02357483
0.005996704
-0.019561768
-0.022766113
-0.0046539307
0.01612854
0.021453857
0.0049438477
-0.020629883
-0.02809143
-0.0046539307
0.031036377
0.0438385
0.019317627
0.0113220215
0.03477478
0.0677948
0.0912323
0.101882935
0.06993103
0.0209198
0.024108887
0.090164185
0.12159729
0.059799194
-0.021697998
-0.053649902
-0.040863037
-0.038208008
-0.07388306
-0.09838867
-0.07388306
-0.027557373
-3.9672852E-4
1.373291E-4
0.0022735596
0.028900146
0.054489136
0.051818848
0.036895752
0.04649353
0.066726685
0.07472229
0.073654175
0.0869751
0.12159729
0.13171387
0.097091675
0.03956604
-0.011047363
-0.022766113
0.012924194
0.039031982
0.01878357
-0.014770508
-0.03288269
-0.053649902
-0.08241272
-0.08720398
-0.062698364
-0.044067383
-0.03553772
-0.026489258
-0.02809143
-0.03553772
-0.026489258
0.008666992
0.032104492
0.019851685
-0.0035858154
-0.01902771
-0.030212402
-0.041397095
-0.032348633
-9.1552734E-4
-0.0035858154
-0.038742065
-0.048858643
-0.031814575
-0.00730896
-0.025421143
-0.064834595
-0.060577393
-0.022766113
-0.01902771
-0.06111145
-0.09359741
-0.07975769
-0.050460815
-0.051513672
-0.06803894
-0.07015991
-0.04725647
-0.03553772
-0.054718018
-0.07548523
-0.08666992
-0.10105896
-0.121292114
-0.109573364
-0.062179565
-0.058441162
-0.055252075
-0.020095825
0.031036377
0.06088257
0.017181396
0.022506714
0.09655762
0.088027954
0.008666992
-0.074417114
-0.1473999
-0.19107056
-0.17881775
-0.14738464
-0.14419556
-0.15965271
-0.16444397
-0.13407898
-0.10159302
-0.11756897
-0.15751648
-0.16390991
-0.08934021
0.015060425
0.03263855
-0.04246521
-0.1708374
-0.3093109
-0.3812256
-0.33488464
-0.24433899
-0.17988586
-0.24487305
-0.3354187
-0.36257935
-0.3199768
-0.2720337
-0.23953247
-0.16656494
-0.057907104
-0.02116394
-0.08187866
-0.17030334
-0.15805054
-0.036605835
0.08856201
0.061401367
-0.10105896
-0.15805054
-0.039276123
0.016647339
-0.13993835
-0.3194275
-0.28694153
-0.083480835
0.08856201
0.09976196
0.02571106
-0.008377075
-0.001449585
0.0022735596
-0.008377075
0.052352905
0.18870544
0.29736328
0.276062
0.14343262
0.041168213
0.05340576
0.13543701
0.15568542
0.08270264
0.029968262
0.050750732
0.14450073
0.25527954
0.32666016
0.41081238
0.52905273
0.50349426
0.2861786
-0.01637268
-0.2331543
-0.36470032
-0.4408722
-0.42010498
-0.27416992
-0.086135864
0.073654175
0.19563293
0.22172546
0.17272949
0.14556885
0.2004242
0.31333923
0.3692627
0.2403717
0.020385742
-0.04032898
0.050750732
0.034240723
-0.0728302
-0.12663269
-0.09359741
-3.8146973E-4
-0.123428345
-0.5569916
-0.8744354
-0.63742065
0.0054626465
0.4725952
0.39216614
0.09069824
0.014526367
0.03742981
0.110946655
0.19082642
0.15194702
0.03742981
-0.046188354
-0.12768555
-0.2677765
-0.36950684
-0.11224365
0.5727234
0.98179626
0.7932434
0.45022583
0.19403076
0.12159729
0.19563293
0.10508728
-0.20864868
-0.37643433
-0.16497803
0.15034485
0.17166138
0.05342102
0.031036377
0.123184204
0.27445984
0.43211365
0.52905273
0.5002899
0.36872864
0.2089386
0.13278198
0.14501953
0.1381073
0.071517944
0.004928589
-0.055786133
-0.15112305
-0.21343994
-0.213974
-0.17828369
-0.11331177
-0.11703491
-0.20704651
-0.3247528
-0.40039062
-0.30345154
0.024108887
0.3495636
0.23558044
-0.24327087
-0.53622437
-0.40092468
-0.13461304
0.011856079
-0.020629883
-0.13887024
-0.13887024
0.031570435
0.14343262
0.08909607
0.043823242
0.10560608
0.20735168
0.25048828
0.24623108
0.24142456
0.15194702
-0.06430054
-0.14579773
0.026245117
0.18870544
0.06460571
-0.14633179
-0.08934021
0.12638855
0.2004242
0.056610107
-0.14100647
-0.20066833
-0.106918335
0.012924194
0.07897949
0.0912323
0.083236694
0.06939697
0.08483887
0.06991577
-0.041931152
-0.16390991
-0.26457214
-0.3439331
-0.27682495
-0.083480835
0.057144165
0.041168213
-0.102645874
-0.2885437
-0.36683655
-0.23901367
-0.053649902
-0.09892273
-0.29759216
-0.3119812
-0.06430054
0.22972107
0.37672424
0.34954834
0.21479797
0.057144165
-0.01689148
0.04170227
0.12904358
0.13650513
0.042770386
-0.04725647
-0.0025177002
0.18763733
0.3261261
0.17591858
-0.17030334
-0.3519287
-0.2262268
0.0054779053
0.022521973
-0.1436615
-0.23954773
-0.052581787
0.33251953
0.58657837
0.5498352
0.3735199
0.22172546
0.12957764
0.06460571
0.053955078
0.09762573
0.13064575
0.15994263
0.18817139
0.17219543
0.18284607
0.22705078
0.19935608
0.1578064
0.11148071
-0.054718018
-0.20013428
-0.17242432
-0.11277771
-0.13087463
-0.16444397
-0.13461304
-0.17721558
-0.32955933
-0.41477966
-0.30665588
-0.062698364
0.1535492
0.16899109
-0.0019836426
-0.15377808
-0.17616272
-0.088272095
0.08270264
0.2590027
0.4012146
0.48059082
0.517334
0.5365143
0.5061493
0.36872864
0.11520386
-0.09732056
-0.029678345
0.18391418
0.14768982
-0.15538025
-0.29812622
-0.095199585
0.15142822
0.18231201
0.07258606
-0.0770874
-0.10372925
0.031570435
0.12638855
0.045425415
-0.09199524
-0.15484619
-0.14047241
-0.11489868
-0.15911865
-0.2762909
-0.34339905
-0.34339905
-0.31837463
-0.3561859
-0.5846863
-0.89575195
-0.91970825
-0.45100403
0.17858887
0.32292175
-0.06430054
-0.43022156
-0.39720154
-0.043533325
0.31866455
0.40016174
0.23504639
0.080581665
0.101882935
0.19509888
0.23291016
0.18977356
0.097091675
0.041168213
0.02784729
0.0049438477
0.050750732
0.23609924
0.32452393
0.18017578
-0.1793518
-0.32528687
-0.095199585
0.22225952
0.2861786
0.09388733
-0.07495117
-0.097335815
-0.040863037
-0.016906738
-0.09146118
-0.21130371
-0.30293274
-0.28640747
-0.14100647
-0.053649902
-0.15911865
-0.34979248
-0.3588562
-0.09466553
0.068862915
-0.13354492
-0.42703247
-0.53567505
-0.42861938
-0.1825409
0.062469482
0.051818848
-0.25605774
-0.60440063
-0.44726562
0.14183044
0.48431396
0.23451233
-0.4185028
-1.1460724
-1.4502106
-1.1093292
-0.3742981
0.23504639
0.36820984
0.21746826
0.059280396
-0.036605835
-0.058441162
0.050750732
0.19935608
0.2089386
0.078445435
0.03956604
0.1578064
0.29364014
0.21586609
-0.14260864
-0.530365
-0.5255585
-0.088272095
0.35169983
0.50135803
0.4395752
0.31706238
0.17805481
0.024108887
-0.116500854
-0.2565918
-0.39987183
-0.4573822
-0.3316803
-0.0690918
0.1146698
0.09602356
-0.015304565
-0.022766113
0.094436646
0.1343689
0.03956604
0.008666992
0.12159729
0.22225952
0.007598877
-0.5687103
-1.0629883
-0.7295532
0.25048828
0.79589844
0.482193
-0.18946838
-0.49679565
-0.19906616
0.32026672
0.54556274
0.38258362
0.09869385
-0.023284912
0.06513977
0.21800232
0.33784485
0.39749146
0.38949585
0.31547546
0.2169342
0.16259766
0.2627411
0.46566772
0.517334
0.19242859
-0.14898682
-0.020095825
0.35116577
0.4592743
0.18551636
-0.19851685
-0.3481903
-0.21504211
-0.062164307
-0.03767395
-0.102127075
-0.1516571
-0.11968994
-0.016906738
0.10455322
0.17538452
0.16313171
0.07098389
0.029434204
0.09283447
0.17272949
0.18284607
0.12532043
0.028381348
-0.11756897
-0.29013062
-0.3945465
-0.29493713
1.373291E-4
0.15673828
0.05128479
-0.06590271
-0.01902771
0.06086731
0.038497925
-0.029144287
-0.029159546
-0.00944519
-0.0030517578
-0.023834229
-0.054718018
-0.032348633
0.057678223
0.13491821
0.11520386
0.057144165
0.033172607
0.040634155
0.062469482
0.12265015
0.23876953
0.3271942
0.19616699
-0.09413147
-0.23634338
-0.15963745
-0.083480835
-0.118637085
-0.18414307
-0.19799805
-0.20918274
-0.19374084
-0.13195801
-0.06590271
-0.07336426
-0.15058899
-0.15484619
-0.029678345
0.080581665
0.060333252
-0.05632019
-0.13194275
-0.086135864
-0.0035858154
0.0012054443
-0.019561768
0.009735107
0.049682617
-0.005722046
-0.29066467
-0.7013397
-0.8344879
-0.5074463
0.001739502
0.30854797
0.3665924
0.29896545
0.21800232
0.23397827
0.3026886
0.29415894
0.17219543
0.052352905
0.059814453
0.16261292
0.19403076
0.1343689
0.115737915
0.20201111
0.29203796
0.31440735
0.30055237
0.3069458
0.2792511
0.0869751
-0.2682953
-0.45845032
-0.2928009
-3.8146973E-4
0.080581665
-0.02809143
-0.14793396
-0.14633179
1.373291E-4
0.18231201
0.27445984
0.25741577
0.22065735
0.19563293
0.17591858
0.20095825
0.22758484
0.19721985
0.11039734
0.04914856
0.045425415
0.06832886
0.057678223
0.006011963
-0.11331177
-0.34925842
-0.6235657
-0.79507446
-0.4888153
0.06565857
0.22439575
-0.0051879883
-0.32688904
-0.4296875
-0.2848053
-0.102127075
-0.02116394
-0.10638428
-0.2762909
-0.30717468
-0.19692993
-0.088272095
-0.07229614
-0.08666992
-0.031280518
0.01878357
0.045959473
0.09336853
0.20787048
0.33517456
0.23876953
0.037963867
0.12957764
0.33998108
0.3330536
0.14556885
-0.027023315
-0.09359741
-0.12982178
-0.07974243
0.001739502
0.0038757324
-0.04032898
-0.085617065
-0.14419556
-0.20651245
-0.24647522
-0.2677765
-0.19000244
0.015060425
0.26327515
0.4710083
0.28085327
-0.014770508
-0.23420715
-0.36524963
-0.46272278
-0.39666748
-0.062164307
0.28511047
0.48431396
0.4960327
0.38897705
0.28990173
0.26860046
0.20149231
0.040100098
-0.07922363
-0.123428345
-0.060577393
0.085372925
0.18977356
0.19189453
0.17858887
0.21907043
0.22598267
0.17166138
-0.008377075
-0.26138306
-0.4339447
-0.38974
-0.10105896
0.27871704
0.48217773
0.36819458
0.111465454
-0.111709595
-0.2762909
-0.40518188
-0.4030609
-0.22302246
-0.045654297
-0.08401489
-0.24699402
-0.29067993
-0.16337585
-0.039794922
-0.047790527
-0.16123962
-0.19799805
-0.10850525
-0.046188354
-0.1351471
-0.3327484
-0.43714905
-0.34872437
-0.23687744
-0.16656494
-0.12556458
-0.12661743
-0.12449646
-0.12982178
-0.23208618
-0.41264343
-0.48349
-0.33914185
-0.073898315
0.113601685
0.17645264
0.18870544
0.23025513
0.3538208
0.52319336
0.630249
0.597229
0.67019653
0.74476624
0.6073456
0.22279358
-0.15963745
-0.35299683
-0.3316803
-0.19107056
-0.10105896
-0.13568115
-0.18734741
-0.13035583
0.0033416748
0.07472229
0.02357483
-0.10105896
-0.15965271
-0.097335815
0.045959473
0.2861786
0.5125427
0.5940399
0.3980255
0.025177002
-0.21769714
-0.121292114
0.10562134
0.20307922
0.13064575
-0.021697998
-0.3189087
-0.6065216
-0.44247437
0.13916016
0.6377106
0.5514221
0.028900146
-0.39346313
-0.4792328
-0.35725403
-0.31358337
-0.41477966
-0.40625
-0.18362427
0.06939697
0.13064575
0.0677948
0.14556885
0.4230652
0.6872406
0.6457062
0.38630676
0.20414734
0.13171387
-0.015304565
-0.13140869
-0.027557373
0.19935608
0.2877655
0.19242859
0.054473877
-0.029159546
-0.1239624
-0.28640747
-0.35299683
-0.23474121
-0.106918335
-0.09413147
-0.074417114
0.0443573
0.16366577
0.15675354
0.043289185
-0.06803894
-0.14260864
-0.20332336
-0.2374115
-0.1585846
-0.032348633
-0.08666992
-0.28268433
-0.37269592
-0.2682953
-0.06111145
0.10614014
0.16793823
0.14183044
0.090164185
0.068862915
0.075790405
0.053955078
0.05821228
0.13224792
0.22544861
0.2568817
0.22012329
0.23451233
0.3341217
0.37565613
0.23078918
-0.02861023
-0.20918274
-0.2374115
-0.25550842
-0.20758057
-0.0046539307
0.22172546
0.2723236
0.16047668
0.021453857
-0.057373047
-0.07388306
-0.066970825
-0.08880615
-0.16976929
-0.22357178
-0.17721558
-0.06430054
-0.014770508
-0.08081055
-0.16656494
-0.10105896
0.10507202
0.259552
0.31547546
0.28671265
0.19296265
0.07472229
0.0022735596
0.028915405
0.08483887
0.033706665
-0.093063354
-0.10798645
-0.0019836426
0.07418823
0.017715454
-0.11331177
-0.13726807
-0.01902771
0.092300415
0.07897949
0.011856079
0.004928589
0.055541992
0.059799194
-0.023284912
-0.13301086
-0.20758057
-0.26457214
-0.29759216
-0.30186462
-0.29333496
-0.15058899
0.085372925
0.19296265
0.09869385
-0.045654297
-0.050994873
0.045959473
0.0954895
0.042236328
-0.09466553
-0.21131897
-0.16017151
0.048080444
0.22225952
0.22065735
0.071517944
-0.024887085
-0.0030517578
0.035842896
-0.022216797
-0.09625244
-0.086135864
0.01399231
0.0033416748
-0.21557617
-0.3977356
-0.29386902
-0.040863037
0.08163452
0.03956604
-0.038208008
-0.08506775
-0.081344604
-0.034484863
0.033172607
0.14501953
0.27604675
0.34635925
0.3293152
0.25102234
0.20202637
0.20309448
0.19189453
0.07737732
-0.12715149
-0.2800293
-0.2736206
-0.16763306
-0.11277771
-0.07548523
0.038497925
0.20254517
0.23876953
0.09069824
-0.10638428
-0.17295837
-0.107437134
-0.040863037
-0.039276123
0.0049438477
0.165802
0.28778076
0.24409485
0.17112732
0.14982605
0.20414734
0.25209045
0.20095825
0.040100098
-0.09466553
0.03050232
0.20414734
0.07632446
-0.23580933
-0.33221436
-0.07762146
0.24302673
0.24783325
-0.038208008
-0.26882935
-0.21983337
0.031570435
0.26113892
0.2680664
0.09655762
-0.0259552
-0.048858643
-0.090408325
-0.13833618
-0.07015991
0.0033416748
-0.022232056
-0.085617065
-0.06271362
0.12745667
0.35595703
0.4203949
0.26539612
0.17805481
0.28511047
0.3815155
0.27392578
0.01612854
-0.2459259
-0.40092468
-0.39027405
-0.24806213
-0.15272522
-0.21078491
-0.27789307
-0.21130371
-0.06802368
0.032104492
0.02784729
-0.01689148
0.0028076172
0.053955078
0.061401367
0.10455322
0.13969421
-0.0030517578
-0.17988586
-0.13621521
0.12638855
0.27871704
0.1700592
-0.02116394
-0.10371399
-0.01210022
0.104537964
0.10507202
0.01399231
-0.018493652
0.059265137
0.1503601
0.14822388
0.0677948
-0.037139893
-0.10319519
-0.09892273
-0.064834595
-0.07922363
-0.19372559
-0.33061218
-0.33700562
-0.18734741
-0.07548523
-0.029144287
0.07525635
0.17272949
0.165802
0.11785889
0.08590698
0.059280396
0.076309204
0.12904358
0.113601685
0.015060425
-0.010513306
0.073654175
0.17964172
0.21853638
0.1466217
0.049682617
0.0049438477
-0.01902771
-0.045669556
-0.18681335
-0.41157532
-0.49093628
-0.3508606
-0.36470032
-0.61505127
-0.7167816
-0.34446716
0.23397827
0.5082855
0.25260925
-0.0690918
-0.048324585
0.09442139
0.059280396
-0.1985321
-0.3631134
-0.2651062
-0.027023315
0.20256042
0.2824402
0.18391418
0.09390259
0.15196228
0.23023987
0.24409485
0.2211914
0.23876953
0.30215454
0.32185364
0.2568817
0.09069824
-0.17988586
-0.2874756
-0.09094238
0.09921265
-0.018493652
-0.23474121
-0.28907776
-0.22302246
-0.20864868
-0.27096558
-0.3231659
-0.23048401
-0.012634277
0.14982605
0.15568542
0.0949707
0.048095703
0.010269165
-0.03553772
-0.0690918
-0.08081055
-0.13833618
-0.260849
-0.2885437
-0.10903931
0.15301514
0.16899109
-0.18734741
-0.7380829
-0.98683167
-0.69548035
-0.08934021
0.39855957
0.46247864
0.18338013
-0.11117554
-0.12449646
0.02571106
0.12797546
0.12159729
0.061935425
0.050750732
0.10720825
0.14875793
0.1301117
0.09976196
0.1381073
0.23558044
0.2957611
0.29841614
0.32133484
0.2984314
0.035827637
-0.35830688
-0.50904846
-0.30558777
-0.015304565
0.06513977
-0.008377075
-0.029678345
0.051818848
0.10562134
0.029968262
-0.07974243
-0.118637085
-0.0770874
-0.0062408447
0.029449463
1.373291E-4
-0.049926758
-0.06111145
-0.032348633
-0.034484863
-0.106918335
-0.18521118
-0.118637085
0.11253357
0.30480957
0.21000671
-0.35404968
-1.1167908
-1.3186493
-0.74394226
0.12159729
0.63505554
0.62120056
0.36766052
0.14503479
0.0028076172
-0.08720398
-0.16763306
-0.2720337
-0.30186462
-0.16603088
0.026779175
0.09762573
0.015594482
-0.07762146
-0.097335815
-0.07762146
-0.012634277
0.14875793
0.29203796
0.16101074
-0.18734741
-0.30984497
-0.033416748
0.26327515
0.14022827
-0.18307495
-0.2917328
-0.12289429
0.122665405
0.2446289
0.19456482
0.099746704
0.15727234
0.35435486
0.44010925
0.3261261
0.090164185
-0.09094238
-0.09786987
0.009735107
0.058746338
-0.008377075
-0.10585022
-0.1431427
-0.014770508
0.15248108
0.055541992
-0.37802124
-0.73542786
-0.5111847
0.14129639
0.61268616
0.566864
0.21533203
-0.0062408447
0.11413574
0.37246704
0.48750305
0.38684082
0.19189453
0.047546387
0.017181396
0.09176636
0.23609924
0.3730011
0.39430237
0.28297424
0.14503479
0.13490295
0.31173706
0.53811646
0.486969
0.11413574
-0.2331543
-0.33061218
-0.3199768
-0.27789307
-0.17349243
-0.062179565
-0.0035858154
-0.021697998
-0.08934021
-0.22834778
-0.38069153
-0.3577881
-0.16870117
-0.05418396
-0.14898682
-0.29652405
-0.32369995
-0.21078491
-0.016357422
0.14768982
0.12265015
-0.11224365
-0.30345154
-0.2640381
-0.17030334
-0.24752808
-0.42329407
-0.4185028
-0.17616272
0.090164185
0.25794983
0.2403717
0.14076233
0.25209045
0.101882935
-0.11703491
-0.22569275
-0.2336731
-0.15911865
0.06567383
0.25102234
0.21905518
0.09176636
0.085372925
0.20202637
0.39697266
0.6009674
0.6307831
0.44543457
0.21160889
0.019317627
-0.11064148
-0.15112305
-0.09945679
-0.02116394
-0.005722046
-0.1159668
-0.3204956
-0.42436218
-0.25445557
0.09442139
0.35061646
0.3927002
0.16207886
-0.12449646
-0.16976929
-0.011566162
0.07737732
-0.048858643
-0.21664429
-0.19586182
-0.09094238
-0.0920105
-0.19213867
-0.21557617
-0.07496643
0.024108887
-0.1436615
-0.41052246
-0.4653778
-0.20651245
0.10560608
0.22918701
0.087509155
-0.15272522
-0.25125122
-0.13568115
-0.046188354
-0.16337585
-0.2858734
-0.16976929
0.08590698
0.23397827
0.18338013
0.07737732
0.055007935
-0.0019836426
-0.10850525
-0.16976929
-0.19639587
-0.24113464
-0.2885437
-0.30184937
-0.21769714
-0.050460815
0.06460571
0.00920105
-0.15431213
-0.23954773
-0.19107056
-0.10424805
-0.046188354
-0.0259552
-0.03074646
0.0022735596
0.101882935
0.20414734
0.20201111
0.06300354
-0.17349243
-0.33221436
-0.26670837
-0.08560181
-0.034484863
-0.13568115
-0.14845276
-0.06643677
-0.046188354
-0.014770508
0.17965698
0.33251953
0.14715576
-0.2858734
-0.5665741
-0.49147034
-0.21929932
-0.062698364
-0.13407898
-0.2177124
-0.054718018
0.28085327
0.4960327
0.4118805
0.14183044
-0.0046539307
0.094955444
0.1700592
0.021453857
-0.2288971
-0.38601685
-0.34074402
-0.1239624
0.07098389
0.16526794
0.21321106
0.20735168
0.14822388
0.10348511
0.17112732
0.27445984
0.24942017
0.09176636
0.0049438477
0.059814453
0.11732483
0.10987854
0.057678223
0.045425415
0.08804321
0.13224792
0.1535492
0.14183044
0.09336853
0.02357483
-0.055786133
-0.23634338
-0.5788269
-0.80892944
-0.6161041
-0.10745239
0.31652832
0.35914612
0.1343689
-0.08508301
-0.1308899
-0.050460815
0.021987915
0.07737732
0.21853638
0.40176392
0.4672699
0.37832642
0.25102234
0.21640015
0.25634766
0.3223877
0.35061646
0.23077393
-0.066970825
-0.2917328
-0.2459259
0.02571106
0.32984924
0.44596863
0.31173706
0.06726074
-0.06855774
-0.048858643
-0.0030517578
-0.041397095
-0.16870117
-0.28640747
-0.28640747
-0.16337585
0.00440979
0.088027954
0.07897949
0.062469482
0.0677948
0.09655762
0.15568542
0.20201111
0.14822388
0.051818848
0.04914856
0.16687012
0.28778076
0.13864136
-0.24539185
-0.43608093
-0.24433899
0.13650513
0.3564911
0.20149231
-0.17295837
-0.38334656
-0.3162384
-0.16177368
-0.08454895
-0.050460815
-0.011047363
0.10720825
0.30641174
0.4449005
0.44810486
0.33091736
0.15515137
0.07258606
0.05342102
-0.0121154785
-0.12715149
-0.22888184
-0.29440308
-0.36044312
-0.4046631
-0.21290588
0.24995422
0.64356995
0.6084137
0.17752075
-0.22250366
-0.3151703
-0.19532776
-0.07815552
-0.033950806
-0.02330017
-0.0035858154
0.040634155
0.15940857
0.341568
0.43743896
0.35595703
0.22918701
0.1977539
0.17912292
0.041168213
-0.119155884
-0.16390991
-0.1159668
-0.03553772
-0.016906738
-0.2262268
-0.51171875
-0.52130127
-0.29333496
-0.1559143
-0.26296997
-0.44779968
-0.3993225
-0.08773804
0.18177795
0.18231201
0.05607605
0.040634155
0.18231201
0.32133484
0.3346405
0.26327515
0.21321106
0.2169342
0.2169342
0.17645264
0.11627197
0.078445435
0.050216675
0.010787964
0.04170227
0.10934448
0.20147705
0.29682922
0.2941742
0.2084198
0.12159729
0.101882935
0.13117981
0.064071655
-0.11064148
-0.22355652
-0.17190552
-0.045669556
-9.3078613E-4
-0.031814575
-0.03288269
0.03263855
0.08430481
0.064590454
0.016647339
0.0209198
0.07897949
0.09815979
0.050216675
-0.0046539307
6.713867E-4
0.0635376
-0.030212402
-0.30184937
-0.42222595
-0.18733215
0.15461731
0.2835083
0.18444824
0.07312012
0.062469482
0.07791138
0.059280396
0.023040771
-0.0030517578
0.0070648193
0.06832886
0.15248108
0.20202637
0.16952515
0.075790405
1.5258789E-4
0.00920105
0.1104126
0.20361328
0.19242859
0.0443573
-0.16496277
-0.24273682
-0.16337585
-0.081344604
-0.102127075
-0.09466553
0.027313232
0.08909607
0.05128479
0.014526367
-0.02809143
-0.104782104
-0.17189026
-0.13035583
-0.042999268
-0.059509277
-0.15751648
-0.19746399
-0.12768555
-0.10371399
-0.1559143
-0.21504211
-0.28215027
-0.3631134
-0.3753662
-0.23101807
-0.040863037
0.017730713
-0.024887085
-0.01423645
0.15194702
0.28137207
0.14822388
-0.09413147
-0.16976929
0.034240723
0.23077393
0.1535492
-0.083480835
-0.2539215
-0.21609497
-0.064834595
-0.009979248
-0.08773804
-0.18574524
-0.16551208
-0.0067749023
0.17272949
0.2472992
0.21746826
0.09869385
-0.016906738
-0.03553772
0.012924194
0.0715332
0.11413574
0.10241699
0.043289185
0.021972656
0.0438385
0.007598877
-0.08241272
-0.071762085
0.118927
0.3096161
0.32080078
0.2004242
0.06939697
0.01612854
0.040634155
0.04862976
-0.045135498
-0.18948364
-0.22515869
-0.095199585
0.01612854
-0.037139893
-0.1351471
-0.16337585
-0.121292114
-0.10850525
-0.15219116
-0.18147278
-0.1479187
-0.044067383
0.10987854
0.2669983
0.26539612
-0.061645508
-0.47123718
-0.56285095
-0.30665588
-0.07548523
-0.050979614
-0.093063354
-0.03553772
0.11148071
0.19935608
0.118927
-0.09732056
-0.2571106
-0.21504211
-0.038208008
0.10987854
0.14608765
0.09388733
0.045425415
0.052352905
0.064071655
0.061935425
0.040634155
1.373291E-4
0.010269165
-0.057373047
-0.03288269
0.08590698
0.1423645
0.14450073
0.09442139
-0.055252075
-0.22834778
-0.2374115
-0.069107056
0.12585449
0.18177795
0.12532043
0.09815979
0.12852478
0.12265015
0.061935425
0.020385742
0.050750732
0.09762573
0.051818848
-0.049926758
-0.1282196
-0.14260864
-0.051513672
-9.3078613E-4
-0.1159668
-0.28694153
-0.40092468
-0.41104126
-0.26989746
-0.040878296
0.11148071
0.09176636
-0.14633179
-0.5420685
-0.8499298
-0.7844238
-0.3466034
0.06512451
0.10987854
-0.09838867
-0.23048401
-0.13674927
0.031570435
0.08963013
0.018249512
-0.060043335
-0.057388306
0.03742981
0.12957764
0.1503601
0.14022827
0.16952515
0.21746826
0.25527954
0.26593018
0.25315857
0.2712555
0.33198547
0.3527527
0.26753235
0.0209198
-0.28640747
-0.2581787
0.16845703
0.40974426
0.22918701
-0.052581787
-0.07122803
0.21054077
0.468338
0.46194458
0.24569702
0.10934448
0.17912292
0.32026672
0.35221863
0.23344421
0.061401367
-0.033416748
-0.024353027
0.061935425
0.15940857
0.16899109
0.04914856
-0.05683899
-0.07015991
-0.18414307
-0.44566345
-0.6091919
-0.34553528
0.21640015
0.49336243
0.29682922
-0.04032898
-0.15058899
-0.010513306
0.1620636
0.21107483
0.115737915
0.029434204
0.108810425
0.26327515
0.31121826
0.23823547
0.104019165
0.016662598
0.016662598
0.09869385
0.15408325
0.08164978
-0.06111145
-0.07601929
0.13171387
0.3740692
0.3799286
0.21533203
0.064071655
-0.08027649
-0.2496643
-0.36524963
-0.33595276
-0.1820221
-0.011047363
0.05607605
0.051818848
0.10508728
0.1572876
0.13117981
0.10774231
0.14768982
0.19616699
0.15515137
0.05340576
-0.050994873
-0.104782104
-0.11810303
-0.06750488
-0.007843018
-0.049926758
-0.23794556
-0.48454285
-0.61717224
-0.42010498
0.10348511
0.49230957
0.3618164
-0.062179565
-0.31835938
-0.26670837
-0.053115845
0.08218384
0.035308838
-0.07069397
-0.09466553
-0.04246521
0.0012054443
-0.031280518
-0.11756897
-0.15484619
-0.102645874
-0.061645508
-0.046722412
0.012924194
0.14981079
0.19242859
0.2707367
0.22651672
-0.104782104
-0.33114624
-0.25498962
-0.078689575
-0.0046539307
-0.008377075
0.021987915
0.04914856
-0.020095825
-0.12075806
-0.118637085
0.059280396
0.28883362
0.3303833
0.20681763
0.07791138
1.373291E-4
0.03956604
0.1700592
0.24409485
0.21107483
0.2558136
0.48750305
0.71388245
0.6840515
0.25474548
-0.24433899
-0.42596436
-0.22090149
0.036895752
0.06034851
-0.08401489
-0.10531616
0.1737976
0.48324585
0.5125427
0.25102234
-0.088272095
-0.23262024
-0.13833618
0.04168701
0.15142822
0.1578064
0.092300415
0.029434204
0.08483887
0.30322266
0.5828552
0.71388245
0.644104
0.32826233
-0.1862793
-0.42010498
-0.18414307
0.008666992
-0.052581787
-0.10211182
0.017715454
0.15940857
0.20521545
0.14343262
0.043289185
-0.026489258
-0.07069397
-0.13887024
-0.24061584
-0.30026245
-0.23262024
-0.1308899
-0.13354492
-0.22569275
-0.28001404
-0.24327087
-0.16390991
-0.06802368
-0.10798645
-0.39720154
-0.7023926
-0.60173035
-0.061645508
0.47099304
0.5519562
0.20574951
-0.18840027
-0.26245117
-0.018493652
0.26220703
0.32240295
0.14129639
-0.11224365
-0.18414307
-0.037139893
0.17112732
0.25527954
0.16047668
0.03477478
-0.0110321045
0.036376953
0.1849823
0.36128235
0.45822144
0.48324585
0.34796143
-0.025421143
-0.17774963
0.24249268
0.674469
0.5460968
0.12957764
-0.008377075
0.2089386
0.4587555
0.47579956
0.32559204
0.17591858
0.13117981
0.22172546
0.34584045
0.31706238
0.09602356
-0.10638428
-0.1394043
-0.021697998
0.11679077
0.18231201
0.099227905
-0.053649902
-0.104782104
-0.08029175
-0.15965271
-0.2576599
-0.17082214
0.06726074
0.17271423
0.039031982
-0.18681335
-0.27256775
-0.1543274
0.064071655
0.23344421
0.24409485
0.14448547
0.12850952
0.24409485
0.31547546
0.19882202
-0.038742065
-0.19000244
-0.21611023
-0.11756897
0.0869751
0.12852478
0.22758484
0.3346405
0.341568
0.26913452
0.052352905
-0.3247528
-0.51065063
-0.2731018
0.08430481
0.120529175
-0.15219116
-0.4142456
-0.46218872
-0.30026245
-0.07815552
0.06619263
0.06513977
-0.053115845
-0.20492554
-0.3194275
-0.31251526
-0.19960022
-0.1282196
-0.1708374
-0.24913025
-0.27468872
-0.22729492
-0.19425964
-0.16070557
-0.078689575
-0.08987427
-0.3673706
-0.68322754
-0.6683197
-0.27415466
0.14183044
0.23451233
0.047027588
-0.1543274
-0.23527527
-0.19906616
-0.106918335
-0.029144287
-0.007843018
0.047561646
0.19189453
0.294693
0.24302673
0.13490295
0.055007935
0.09283447
0.19828796
0.22544861
0.22065735
0.34370422
0.52905273
0.5002899
0.1535492
-0.1516571
-0.1282196
-0.013168335
-0.083480835
-0.24008179
-0.27043152
-0.13354492
0.047027588
0.10507202
0.0012054443
-0.22781372
-0.4611206
-0.4408722
-0.12289429
0.17219543
0.16526794
-0.033416748
-0.20332336
-0.2054596
-0.09466553
-0.04032898
-0.02861023
0.0443573
0.055541992
-0.120224
-0.29919434
-0.277359
-0.11703491
0.008132935
0.031570435
-0.036605835
-0.20651245
-0.3631134
-0.28321838
0.06619263
0.38578796
0.468338
0.3650055
0.23558044
0.17166138
0.16152954
0.16899109
0.1892395
0.17112732
0.10348511
0.120529175
0.32505798
0.6329193
0.7218628
0.31973267
-0.15325928
-0.14260864
0.20147705
0.33410645
0.0954895
-0.26457214
-0.41477966
-0.23262024
0.08590698
0.25474548
0.14450073
-0.16123962
-0.41957092
-0.42861938
-0.25604248
-0.08666992
-0.055786133
-0.12289429
-0.12023926
-0.05418396
-0.01902771
-0.085617065
-0.13301086
-0.080825806
-0.078689575
-0.18095398
-0.25924683
-0.22569275
-0.12236023
-0.06803894
-0.061645508
-0.043533325
-0.05632019
-0.17349243
-0.34127808
-0.38708496
-0.22994995
0.027313232
0.18817139
0.2803192
0.3096161
0.24302673
0.17485046
0.21907043
0.3181305
0.3037567
0.23130798
0.2723236
0.42466736
0.4406433
0.13757324
-0.14952087
-0.05206299
0.23184204
0.23025513
-0.06536865
-0.3343506
-0.3663025
-0.13461304
0.1535492
0.20681763
0.009735107
-0.20011902
-0.23527527
-0.17562866
-0.13993835
-0.13461304
-0.16177368
-0.25924683
-0.33914185
-0.31251526
-0.24220276
-0.16870117
0.039031982
0.30215454
0.31227112
0.019851685
-0.21983337
-0.20332336
-0.04725647
0.05821228
0.01878357
-0.08666992
-0.15112305
-0.1239624
-0.052581787
-0.008911133
0.03477478
0.09336853
0.11520386
0.06726074
0.017715454
0.045959473
0.13597107
0.26167297
0.32826233
0.2403717
0.10508728
0.06832886
0.14450073
0.26060486
0.17805481
-0.13035583
-0.213974
0.085372925
0.2749939
0.08164978
-0.21025085
-0.29067993
-0.12182617
0.12478638
0.20307922
0.115737915
0.038497925
0.027832031
0.013458252
-0.09359741
-0.23422241
-0.3327484
-0.42329407
-0.5399475
-0.5538025
-0.34820557
-0.07122803
0.11999512
0.2084198
0.22546387
0.090164185
-0.19799805
-0.37376404
-0.22888184
0.07577515
0.2866974
0.28936768
0.13064575
-0.016906738
-0.08668518
-0.15112305
-0.21078491
-0.19639587
-0.08187866
0.0912323
0.22065735
0.24942017
0.25527954
0.3149414
0.34742737
0.31706238
0.2755127
0.2803192
0.3373108
0.4491577
0.5184021
0.31759644
-0.18574524
-0.3993225
0.029434204
0.51467896
0.45394897
0.09390259
-0.028076172
0.12585449
0.23664856
0.17059326
0.045425415
-0.0051879883
-0.012634277
-0.05897522
-0.06376648
-0.0046539307
-0.0030517578
-0.05204773
-0.01210022
0.11946106
0.21533203
0.17752075
0.051818848
-0.069625854
-0.16551208
-0.3311615
-0.48242188
-0.40519714
-0.1282196
0.11732483
0.14022827
-0.0030517578
-0.21769714
-0.47070312
-0.6198425
-0.5442047
-0.28268433
-0.060043335
-0.01637268
0.008132935
0.085372925
0.11148071
0.071517944
0.016113281
0.01878357
0.07951355
0.14076233
0.2584839
0.45341492
0.49443054
0.12585449
-0.3631134
-0.4254303
-0.09945679
0.0954895
-0.024353027
-0.16018677
-0.0046539307
0.25901794
0.26220703
0.040634155
-0.14100647
-0.13887024
-0.120224
-0.27415466
-0.35139465
-0.16337585
0.16740417
0.32292175
0.24356079
0.032104492
-0.1942749
-0.30026245
-0.21290588
-0.0030517578
0.120529175
0.092300415
-0.08027649
-0.20704651
-0.14846802
-0.015838623
0.085372925
0.15301514
0.12638855
-0.07015991
-0.37748718
-0.48135376
-0.25605774
0.040634155
0.118927
-0.01423645
-0.104782104
-0.031280518
0.08909607
0.1423645
0.09655762
0.019317627
0.061935425
0.3053589
0.59562683
0.6595459
0.49975586
0.17219543
-0.118637085
-0.02809143
0.36286926
0.5871124
0.39590454
0.03744507
-0.13993835
-0.09892273
-0.027023315
-0.07015991
-0.1479187
-0.15431213
-0.13568115
-0.16816711
-0.23208618
-0.21983337
-0.11489868
-0.020629883
0.049682617
0.14289856
0.16366577
0.031570435
-0.06323242
0.051818848
0.26913452
0.3069458
0.064590454
-0.19213867
-0.21557617
-0.1351471
-0.21343994
-0.4046631
-0.48028564
-0.4254303
-0.37748718
-0.32635498
-0.1862793
0.036895752
0.27392578
0.39109802
0.34529114
0.20947266
0.043304443
-0.10371399
-0.0920105
0.07951355
0.21000671
0.20947266
0.17378235
0.13064575
-0.041397095
-0.354599
-0.45632935
-0.03288269
0.56581116
0.68193054
0.2446289
-0.2576599
-0.34181213
0.03050232
0.45022583
0.49284363
0.23344421
-0.007843018
-0.08666992
-0.06643677
-0.029144287
0.006011963
-0.008911133
-0.12661743
-0.23101807
-0.21557617
-0.10850525
0.028381348
0.08644104
0.043289185
-3.8146973E-4
0.017715454
-9.1552734E-4
-0.1351471
-0.28108215
-0.2693634
-0.11489868
0.024108887
0.03050232
-0.11489868
-0.31358337
-0.31677246
-0.00944519
0.30534363
0.3271942
0.13171387
-0.061645508
-0.12449646
-0.095199585
-0.04246521
-0.0025177002
0.017715454
0.044891357
0.12690735
0.20628357
0.31333923
0.47685242
0.4710083
0.11946106
-0.2853546
-0.15751648
0.44329834
0.80656433
0.60095215
0.031036377
-0.45791626
-0.48188782
-0.118637085
0.20681763
0.2089386
-0.05418396
-0.31304932
-0.35032654
-0.22143555
-0.07975769
0.033706665
0.056610107
-0.027557373
-0.1516571
-0.21078491
-0.12449646
0.04170227
0.25048828
0.51094055
0.70695496
0.60469055
0.19882202
-0.28268433
-0.55326843
-0.5623169
-0.40678406
-0.21078491
-0.14419556
-0.29440308
-0.44140625
-0.35404968
-0.061645508
0.19296265
0.24783325
0.18870544
0.10934448
0.021987915
0.0070648193
0.07791138
0.17858887
0.25741577
0.2904358
0.28829956
0.32505798
0.44969177
0.49389648
0.30747986
0.049682617
0.014526367
0.13278198
0.12638855
-0.07229614
-0.25871277
-0.20864868
-0.017959595
0.10934448
0.10614014
0.040634155
0.0070648193
0.036376953
0.02305603
-0.07495117
-0.113845825
-0.07762146
-0.03074646
0.010269165
0.041168213
0.036376953
0.03477478
0.08644104
0.18710327
0.25474548
0.17324829
-0.0962677
-0.42010498
-0.53834534
-0.3950653
-0.14367676
0.059280396
0.09921265
-0.023284912
-0.17616272
-0.18574524
-0.06430054
0.031570435
0.050750732
0.07684326
0.11306763
0.06460571
-0.043533325
-0.07443237
0.05607605
0.2403717
0.28085327
0.18284607
0.14396667
0.24142456
0.34210205
0.26060486
0.01399231
-0.17242432
-0.07229614
0.23930359
0.42892456
0.3026886
-0.016357422
-0.21716309
-0.1351471
0.13331604
0.33996582
0.28564453
0.06300354
-0.1282196
-0.1394043
-0.04512024
-0.008377075
-0.047790527
-0.057907104
-0.043533325
-0.01210022
0.033706665
0.087509155
0.12159729
0.1381073
0.10455322
-0.042999268
-0.28375244
-0.48721313
-0.54367065
-0.39241028
-0.08506775
0.11946106
0.026245117
-0.21504211
-0.33914185
-0.1708374
0.061935425
0.11999512
-0.03767395
-0.18574524
-0.16923523
-0.013702393
0.13330078
0.24728394
0.32026672
0.36073303
0.06939697
-0.43608093
-0.5564575
-0.48188782
-0.5287628
-0.36897278
-9.1552734E-4
0.19456482
0.17166138
0.13969421
0.075790405
-0.07815552
-0.16603088
-0.0493927
0.16687012
0.27178955
0.15940857
-0.08294678
-0.21343994
-0.1197052
-0.024353027
0.009735107
0.0065307617
-0.015838623
-0.09413147
-0.14047241
-0.106918335
-0.04034424
-0.0019836426
-0.013168335
-0.08454895
-0.1282196
-0.0962677
-0.022766113
0.028366089
0.011871338
-0.03767395
-0.0728302
-0.0925293
-0.090408325
-0.08773804
-0.09466553
-0.0962677
-0.07122803
-0.04246521
-0.03767395
-0.049926758
-0.01637268
0.050750732
0.068862915
0.01612854
-0.02861023
-0.024887085
0.012390137
0.034240723
-0.027023315
-0.12875366
-0.1708374
-0.1239624
-0.030212402
0.012924194
-0.033416748
-0.08029175
-0.053115845
0.0049438477
0.015594482
-0.01902771
-0.02381897
0.010787964
0.021987915
-0.005722046
-0.032348633
-0.039276123
-0.027023315
-0.013702393
-0.01637268
-0.033416748
-0.0259552
-0.007843018
-0.004119873
-0.013168335
-0.03288269
-0.042999268
-0.03340149
-0.0030517578
0.036376953
0.057144165
0.055023193
0.036361694
0.021987915
0.01878357
-0.007843018
-0.04246521
-0.0728302
-0.1005249
-0.11756897
-0.097854614
-0.045654297
-0.015838623
-0.02116394
-0.040863037
-0.047790527
-0.034469604
-0.017959595
-0.022750854
-0.011566162
0.0028076172
-0.0046539307
-0.020095825
-0.019561768
0.011856079
0.03956604
0.041168213
0.01878357
-0.015838623
-0.038208008
-0.038742065
-0.020095825
0.00920105
0.036895752
0.043289185
-0.027023315
-0.120224
-0.14526367
-0.11703491
-0.073898315
-0.015304565
0.013458252
-0.023284912
-0.07762146
-0.07015991
-0.016906738
-0.022766113
-0.079208374
-0.095199585
-0.049926758
0.009735107
0.027313232
0.011856079
0.0028076172
0.012924194
0.01612854
6.866455E-4
-0.009979248
0.0065460205
0.019317627
0.0065307617
-0.013168335
-0.02168274
-0.0110321045
0.01133728
0.020385742
0.010787964
0.007598877
0.0209198
0.043289185
0.060333252
0.031036377
-0.020095825
-0.013168335
0.051818848
0.09069824
0.06993103
0.029434204
0.007598877
0.010269165
0.006011963
-0.017959595
-0.031280518
-0.027557373
-0.010513306
-3.9672852E-4
0.010253906
0.028915405
0.040100098
0.031570435
0.024108887
0.035842896
0.040634155
0.024108887
-0.00730896
-0.015838623
-0.01902771
-0.029678345
-0.029678345
-0.013168335
0.0070648193
6.713867E-4
-0.034484863
-0.041931152
-0.01210022
0.0054626465
-0.029678345
-0.048324585
-0.019561768
0.013458252
0.018249512
0.0022735596
-0.011581421
-0.011047363
-0.005706787
0.0012054443
0.0070648193
0.0065307617
0.008666992
0.01133728
0.01133728
-0.009979248
-0.05418396
-0.050994873
6.713867E-4
0.032104492
0.010803223
-0.022750854
-0.024887085
-0.0046539307
-0.001449585
-0.01637268
-0.01423645
0.019317627
0.034240723
0.0070648193
-0.026489258
-0.0067749023
0.047546387
0.06567383
0.04168701
0.037963867
0.066726685
0.09976196
0.123184204
0.14503479
0.1535492
0.104003906
0.062469482
0.10295105
0.17324829
0.17378235
0.1269226
0.12425232
0.1743164
0.2004242
0.19296265
0.14396667
0.07312012
0.0443573
0.061935425
0.07737732
0.07525635
0.0635376
0.047027588
0.043304443
0.06619263
0.07046509
0.03956604
0.011856079
0.01399231
0.040634155
0.047027588
-0.004119873
-0.07122803
-0.093063354
-0.04246521
0.03263855
0.0715332
0.070999146
0.0443573
0.00440979
-0.0046539307
0.026779175
0.05342102
0.048080444
0.017715454
-0.01210022
-0.02116394
-0.011566162
0.012924194
0.024642944
0.0065307617
-0.020095825
-0.03288269
-0.028625488
-0.018493652
-0.01423645
-0.050460815
-0.11277771
-0.1244812
-0.081344604
-0.035003662
-0.03288269
-0.050460815
-0.047790527
-0.02381897
-0.0025177002
-0.0025177002
-0.018493652
-0.024887085
-0.012634277
6.713867E-4
-0.0035858154
-0.01637268
-0.017959595
-0.011581421
-3.9672852E-4
-0.0030517578
-0.018493652
-0.029159546
-0.034484863
-0.013702393
-0.020629883
-0.0728302
-0.09413147
-0.050445557
0.0070648193
0.012390137
-0.031814575
-0.06750488
-0.051513672
-0.017974854
-0.034484863
-0.071762085
-0.08187866
-0.06803894
-0.04725647
-0.03553772
-0.038208008
-0.045135498
-0.040878296
-0.025421143
-0.013702393
-0.013168335
-0.019561768
-0.02381897
-0.0019836426
0.009735107
-0.019561768
-0.034484863
-0.009979248
0.016662598
0.024108887
0.009735107
-0.0030517578
-0.0035858154
-3.8146973E-4
-0.011581421
-0.020629883
-0.01423645
6.713867E-4
0.013458252
0.015594482
0.008132935
-0.0035858154
-0.00730896
6.713867E-4
0.012924194
0.017730713
0.012924194
6.713867E-4
0.008132935
0.008132935
-0.03767395
-0.06855774
-0.039276123
0.0022735596
0.021453857
0.016647339
6.713867E-4
-0.009979248
-0.005722046
0.0033416748
0.008132935
0.012390137
0.019851685
0.035842896
0.043289185
0.03263855
0.0209198
0.01399231
0.015594482
0.019851685
0.02571106
0.015594482
-0.004119873
0.0012054443
0.0209198
-0.010513306
-0.060043335
-0.05418396
0.0054626465
0.033172607
0.012924194
-0.004119873
0.0022735596
0.016662598
0.008132935
-0.00944519
-0.00944519
0.00440979
0.011871338
0.01133728
0.008132935
0.019851685
0.040100098
0.045959473
0.032104492
0.017715454
0.013458252
0.01612854
0.01399231
0.023040771
-0.0046539307
-0.06111145
-0.057373047
0.007598877
0.047027588
0.016662598
-0.02116394
-0.01689148
0.0065307617
0.012390137
0.001739502
0.015594482
0.06567383
0.13117981
0.21054077
0.20947266
0.1381073
0.06993103
0.040100098
0.054489136
0.09283447
0.104019165
0.07737732
0.024108887
0.00440979
0.025177002
0.016647339
-0.019561768
-0.029678345
-0.0035858154
0.029434204
0.041168213
-0.0019836426
-0.064834595
-0.08934021
-0.06590271
-0.09892273
-0.24273682
-0.17774963
0.02784729
0.1972351
