22.140503
21.165466
21.665955
22.639465
23.042297
22.866821
22.740173
22.354126
21.292114
21.664429
23.078918
23.431396
22.717285
23.928833
21.443176
22.892761
21.6156
22.018433
23.329163
22.454834
21.142578
22.242737
23.806763
21.679688
21.954346
21.054077
21.250916
19.82727
22.265625
21.97876
21.791077
21.743774
20.47882
21.377563
20.126343
21.617126
21.679688
21.517944
20.791626
21.829224
21.806335
20.72754
20.664978
21.64154
22.242737
21.141052
21.95282
21.766663
21.891785
21.827698
21.827698
21.827698
22.517395
21.914673
22.779846
21.704102
23.40393
23.054504
22.45636
22.955322
22.016907
21.704102
22.866821
22.543335
22.618103
21.292114
22.042847
21.443176
22.929382
20.729065
22.303772
22.392273
22.953796
22.305298
21.80481
22.364807
21.517944
22.018433
20.829773
21.765137
21.078491
23.094177
23.031616
21.829224
21.228027
21.328735
21.704102
21.704102
22.579956
21.2677
22.26715
21.202087
22.016907
22.843933
22.80426
23.332214
21.292114
22.016907
23.080444
23.268127
22.26715
22.390747
22.328186
23.643494
21.292114
21.678162
22.042847
21.702576
22.51587
20.53833
22.842407
21.954346
21.104431
21.64154
21.290588
23.054504
21.870422
22.717285
21.292114
21.380615
21.792603
23.03009
21.640015
21.35315
22.26715
22.016907
21.315002
22.45636
23.554993
21.229553
20.991516
20.991516
20.991516
22.54181
21.2677
21.35315
22.431946
21.292114
22.517395
21.188354
22.743225
22.805786
22.01538
22.392273
21.679688
20.603943
21.954346
22.17865
22.016907
20.166016
21.292114
22.891235
22.303772
21.917725
22.891235
21.35315
20.603943
21.23108
21.292114
21.6156
21.57898
21.2677
21.392822
21.330261
21.20514
22.543335
22.305298
21.055603
21.055603
20.19043
21.12732
21.328735
20.602417
21.806335
23.143005
20.95337
20.991516
21.83075
20.793152
21.954346
22.20459
20.602417
21.64154
21.479797
21.330261
21.829224
21.743774
22.390747
21.2677
21.229553
21.704102
21.768188
21.354675
21.481323
22.51587
21.95282
22.805786
20.928955
22.480774
23.104858
22.114563
22.140503
20.664978
22.843933
22.743225
22.416687
22.305298
23.680115
21.954346
24.014282
24.59259
24.59259
24.59259
22.779846
23.103333
23.405457
23.742676
22.479248
22.076416
22.865295
22.929382
23.013306
23.719788
24.017334
22.265625
23.42987
23.301697
22.579956
22.953796
23.96698
22.990417
23.402405
22.763062
21.97876
22.7417
24.116516
22.366333
22.416687
23.202515
23.802185
23.553467
23.51532
23.078918
23.054504
23.579407
23.80371
23.96698
23.428345
24.742126
24.217224
23.57788
25.065613
21.315002
22.990417
24.803162
23.228455
24.92981
23.466492
23.57788
23.513794
25.880432
25.1297
23.052979
24.803162
23.74115
23.14148
23.330688
23.11554
23.928833
22.990417
22.802734
23.054504
23.14148
23.078918
24.528503
24.655151
23.82965
23.765564
23.1781
25.030518
23.054504
23.805237
23.03009
24.053955
23.052979
23.59314
23.362732
24.053955
23.930359
25.569153
25.152588
25.152588
25.152588
24.305725
24.629211
23.718262
25.38147
24.19281
22.338867
24.716187
23.742676
25.506592
25.157166
23.654175
25.468445
23.156738
24.75586
24.057007
23.2193
22.619629
23.368835
22.618103
20.86792
22.143555
22.094727
22.143555
22.395325
21.432495
20.767212
21.247864
20.005798
19.892883
21.684265
21.270752
22.76001
20.906067
19.98291
21.559143
20.932007
21.496582
20.005798
23.3078
21.305847
21.182251
21.51947
21.43097
21.45691
23.408508
22.143555
22.581482
23.457336
23.495483
23.867798
24.034119
23.095703
22.11914
24.328613
22.367859
24.842834
24.993896
23.80371
25.553894
26.319885
25.569153
26.693726
25.619507
25.817871
25.52948
25.193787
24.33014
25.430298
27.218628
24.59259
23.991394
24.029541
25.506592
25.032043
25.596619
24.430847
25.006104
26.094055
23.2193
23.2193
23.68164
23.220825
23.846436
22.619629
22.581482
22.807312
22.746277
21.969604
22.209167
22.14508
20.60852
22.16034
22.30835
21.62323
21.560669
20.83435
21.931458
22.105408
22.146606
21.932983
22.51892
21.644592
21.733093
23.330688
21.580505
23.370361
22.579956
23.808289
23.87085
25.55542
26.11847
26.721191
26.405334
25.715637
26.753235
26.530457
26.316833
26.817322
26.254272
25.328064
27.73285
27.130127
25.305176
25.946045
26.00708
24.617004
23.554993
24.154663
23.094177
22.930908
22.53418
21.868896
22.042847
21.45996
20.458984
21.585083
21.044922
22.557068
22.746277
23.394775
21.582031
21.557617
20.457458
22.659302
19.880676
20.309448
22.17102
23.097229
22.810364
21.894836
23.033142
23.719788
22.143555
23.808289
23.370361
21.582031
21.307373
21.768188
21.768188
21.768188
22.54486
22.51892
23.643494
22.543335
24.758911
25.471497
23.530579
24.531555
22.99347
24.632263
24.594116
23.770142
23.831177
23.118591
23.683167
23.684692
22.494507
25.231934
25.920105
21.768188
23.93341
22.834778
21.481323
23.207092
22.517395
23.971558
22.581482
23.558044
22.581482
23.39325
22.183228
23.49701
22.019958
22.871399
22.084045
22.30835
21.496582
22.169495
21.97113
21.046448
20.106506
21.669006
20.832825
21.34552
21.522522
22.68219
22.932434
23.744202
21.670532
21.020508
21.607971
21.980286
21.955872
21.443176
23.16742
23.16742
24.269104
22.583008
23.866272
24.804688
25.692749
23.890686
23.80371
24.967957
24.11499
23.580933
24.095154
22.805786
22.331238
22.520447
22.180176
22.30835
19.593811
20.170593
20.77179
19.259644
20.983887
20.895386
20.14618
20.14618
20.52002
21.833801
21.209717
20.295715
19.21997
20.422363
21.520996
20.684814
21.582031
19.691467
22.645569
21.995544
21.91925
21.2677
20.417786
21.540833
21.206665
19.529724
20.10498
22.720337
21.018982
21.707153
19.917297
20.831299
20.353699
21.128845
20.542908
20.567322
22.555542
21.382141
21.705627
21.580505
21.255493
20.481873
21.983337
19.317627
20.558167
20.32013
18.318176
19.068909
20.32013
18.04657
18.696594
16.322327
15.682983
15.571594
16.51001
16.197205
16.25824
17.448425
16.760254
15.333557
15.997314
16.34674
16.696167
15.997314
16.322327
17.010498
15.844727
14.533997
16.235352
17.25769
14.907837
16.322327
14.532471
14.619446
17.73529
15.821838
16.099548
16.035461
15.010071
14.910889
13.934326
12.832642
13.746643
13.059998
14.247131
11.959839
12.084961
12.084961
11.897278
12.347412
11.108398
11.549377
10.810852
11.373901
10.771179
10.321045
10.897827
10.48584
9.773254
8.52356
8.047485
9.362793
9.237671
8.695984
9.29718
7.659912
4.9713135
4.38385
5.0979614
2.722168
2.3712158
1.1199951
-0.390625
-2.305603
-3.1433105
-2.9922485
-3.817749
-3.881836
-4.5684814
-5.844116
-6.8969727
-6.010437
-8.396912
-8.084106
-7.545471
-8.0581665
-7.046509
-8.621216
-11.973572
-11.335754
-11.723328
-12.698364
-12.887573
-12.498474
-14.738464
-13.075256
-14.074707
-12.887573
-14.175415
-14.074707
-15.490723
-15.151978
-14.611816
-15.403748
-15.52887
-15.2771
-15.388489
-16.503906
-16.50238
-16.003418
-17.878723
-18.005371
-19.16809
-18.132019
-19.92035
-21.269226
-21.621704
-21.270752
-21.270752
-22.685242
-22.232056
-22.598267
-23.158264
-23.822021
-23.886108
-23.536682
-25.98877
-24.412537
-25.888062
-25.888062
-25.863647
-26.965332
-28.277588
-27.71759
-28.318787
-27.279663
-27.96936
-29.069519
-29.608154
-27.468872
-29.258728
-27.632141
-29.859924
-27.722168
-29.960632
-27.946472
-28.633118
-29.071045
-28.007507
-28.547668
-28.634644
-28.775024
-28.822327
-28.260803
-28.88794
-28.086853
-27.612305
-29.527283
-29.174805
-27.32544
-28.053284
-28.515625
-29.090881
-29.65393
-27.365112
-27.992249
-28.57666
-27.366638
-28.079224
-27.478027
-27.217102
-28.077698
-27.217102
-28.642273
-27.453613
-28.404236
-26.829529
-27.641296
-28.616333
-26.368713
-26.353455
-28.244019
-27.581787
-27.658081
-28.157043
-27.516174
-26.330566
-27.018738
-25.642395
-25.616455
-26.330566
-25.41809
-24.539185
-25.767517
-23.9151
-24.003601
-23.765564
-23.939514
-23.788452
-23.10028
-24.165344
-22.975159
-23.625183
-23.21167
-23.58551
-23.564148
-21.936035
-21.936035
-21.936035
-22.549438
-23.81134
-21.362305
-23.023987
-22.024536
-22.549438
-20.761108
-22.749329
-23.039246
-21.90094
-21.386719
-21.749878
-22.462463
-23.15216
-22.311401
-23.728943
-22.851562
-22.851562
-21.299744
-21.777344
-22.003174
-22.052002
-21.939087
-21.488953
-23.275757
-21.876526
-20.863342
-23.165894
-21.749878
-20.17517
-21.940613
-19.73877
-19.73877
-19.54956
-19.551086
-18.164062
-19.613647
-18.963623
-18.162537
-17.160034
-17.070007
-16.65802
-16.494751
-14.3966675
-16.249084
-17.372131
-16.059875
-15.8706665
-14.245605
-13.557434
-13.682556
-14.4973755
-14.15863
-13.743591
-13.68103
-14.561462
-13.208008
-12.521362
-13.208008
-12.332153
-11.895752
-11.419678
-11.294556
-11.360168
-11.357117
-11.421204
-9.941101
-10.279846
-9.068298
-8.966064
-10.279846
-8.59375
-7.7423096
-6.803894
-7.3272705
-6.227112
-6.1416626
-6.07605
-6.07605
-5.8654785
-6.1172485
-5.264282
-3.6026
-3.6636353
-4.1381836
-3.1478882
-3.6010742
-2.6489258
-2.6245117
-2.8457642
-1.7486572
-1.159668
-1.9378662
-1.5609741
-1.9363403
-0.83465576
0.20141602
-0.93688965
-0.52490234
-0.21209717
0.41503906
-0.09765625
0.6011963
1.4526367
1.3504028
0.57525635
2.0370483
2.3635864
0.95062256
1.6998291
2.0996094
1.0620117
1.512146
-0.6637573
0.036621094
-1.8539429
-4.1412354
-6.0317993
-5.406189
-5.970764
-6.7214966
-7.98645
-6.9229126
-8.135986
-7.987976
-7.449341
-7.1762085
-6.387329
-7.0281982
-5.82428
-5.5145264
-6.741333
-6.741333
-5.8288574
-5.7678223
-4.6417236
-5.015564
-4.4555664
-5.467224
-3.85437
-4.2053223
-4.8324585
-4.8599243
-4.7454834
-4.121399
-5.3466797
-5.683899
-7.1609497
-7.13501
-6.037903
-5.4367065
-5.1254272
-6.265259
-4.2877197
-4.3518066
-5.7266235
-5.7266235
-6.0165405
-6.0165405
-6.0409546
-6.2042236
-6.1416626
-5.7540894
-4.5059204
-5.769348
-6.2683105
-6.3583374
-5.897522
-6.2713623
-6.9351196
-6.6467285
-7.772827
-6.436157
-5.923462
-5.963135
-6.437683
-6.8389893
-7.0877075
-7.4020386
-7.876587
-8.070374
-6.944275
-6.993103
-7.658386
-8.195496
-6.5093994
-7.673645
-8.522034
-7.611084
-6.9717407
-6.7993164
-6.19812
-7.1990967
-8.198547
-7.800293
-7.800293
-6.175232
-7.3272705
-5.7388306
-6.237793
-6.9015503
-6.32782
-4.916382
-6.0562134
-6.604004
-4.7927856
-6.6696167
-6.5841675
-5.0704956
-6.4331055
-6.4727783
-5.786133
-5.934143
-5.0735474
-6.8374634
-5.024719
-4.385376
-4.9224854
-5.445862
-4.084778
-4.6875
-4.962158
-4.171753
-4.0863037
-3.8604736
-4.1992188
-4.86145
-3.036499
-4.173279
-3.7628174
-2.2354126
-4.2007446
-2.7633667
-4.360962
-2.3498535
-4.650879
-2.2003174
-1.2741089
-1.2741089
-2.2872925
-2.8503418
-2.886963
-3.3233643
-4.0115356
-3.7628174
-3.161621
-2.1224976
-1.373291
-1.8478394
-2.937317
-1.8707275
-1.3092041
-2.972412
-1.9104004
-0.8102417
-1.9119263
-2.973938
-2.8839111
-1.2954712
-2.3483276
-0.43182373
-2.2705078
-2.1820068
-1.1444092
-2.1194458
-2.7816772
-1.2313843
-1.9546509
-1.4312744
-1.5411377
-1.991272
-0.5661011
-2.156067
-1.4266968
-0.642395
-1.3259888
-0.91400146
-0.41351318
0.18615723
-1.5380859
-1.3275146
-0.12359619
-0.41351318
-0.09918213
0.6500244
-0.22583008
-0.51116943
-0.8529663
1.6494751
0.50201416
0.31280518
0.59051514
-0.16326904
-0.8117676
1.8157959
0.16174316
-0.2883911
0.33569336
0.24871826
-0.84991455
1.9760132
-0.5996704
1.0894775
1.5625
0.39978027
-0.7888794
0.31280518
-0.12359619
-1.1367798
-0.31280518
-0.72631836
-0.81329346
-1.1352539
-1.1367798
-0.8743286
-2.9251099
-2.4871826
-2.4871826
-2.4871826
-2.8259277
-3.1784058
-3.1143188
-2.5131226
-0.7232666
-2.3254395
-2.5527954
-2.6382446
-1.1749268
-1.3259888
-1.8005371
-1.1611938
-1.7242432
-2.5512695
-1.739502
-3.0136108
-2.4520874
-2.4124146
-1.763916
-2.3635864
-3.4255981
-2.3651123
-2.5512695
-3.527832
-3.6758423
-4.0893555
-3.7002563
-2.987671
-4.890442
-4.652405
-3.5125732
-4.866028
-4.5898438
-5.8410645
-4.826355
-5.128479
-4.0283203
-4.827881
-4.6783447
-5.178833
-5.9906006
-5.9906006
-4.963684
-8.152771
-5.8639526
-6.465149
-5.8639526
-7.0526123
-8.06427
-7.4020386
-7.4645996
-7.6141357
-6.8618774
-6.300354
-7.5012207
-7.875061
-8.09021
-6.6741943
-9.063721
-8.351135
-8.210754
-8.210754
-8.937073
-8.874512
-8.625793
-10.409546
-10.147095
-9.999084
-9.609985
-9.873962
-10.308838
-8.706665
-10.308838
-11.471558
-11.03363
-10.284424
-9.645081
-12.532043
-12.532043
-12.532043
-11.042786
-11.868286
-9.767151
-12.654114
-11.178589
-12.902832
-12.176514
-11.990356
-12.1521
-11.587524
-13.139343
-13.139343
-13.937378
-13.676453
-14.498901
-13.548279
-13.587952
-13.2751465
-14.086914
-15.023804
-13.485718
-13.273621
-14.99939
-14.309692
-16.223145
-16.223145
-14.894104
-16.699219
-14.768982
-16.93573
-16.246033
-17.30957
-16.659546
-16.246033
-16.059875
-15.707397
-17.22107
-16.55426
-15.931702
-16.142273
-14.93988
-17.892456
-17.494202
-16.618347
-15.740967
-16.404724
-17.678833
-15.827942
-18.154907
-15.763855
-16.72821
-17.649841
-17.390442
-16.46576
-16.300964
-16.989136
-17.762756
-16.19873
-14.974976
-16.67633
-17.614746
-17.826843
-15.864563
-18.69049
-18.922424
-18.252563
-19.091797
-17.80243
-19.650269
-19.40155
-19.215393
-19.587708
-19.714355
-20.375061
-21.414185
-21.540833
-20.81604
-20.852661
-20.852661
-20.852661
-21.131897
-22.428894
-23.744202
-22.795105
-22.581482
-22.268677
-23.45581
-21.565247
-23.330688
-21.502686
-21.35315
-22.729492
-22.76764
-21.328735
-22.079468
-21.827698
-23.329163
-23.292542
-21.975708
-22.640991
-21.852112
-21.951294
-21.502686
-22.727966
-23.42987
-22.63794
-24.301147
-23.051453
-23.828125
-23.85254
-24.969482
-24.879456
-23.516846
-24.513245
-22.702026
-25.566101
-24.403381
-24.96643
-26.342773
-25.115967
-23.930359
-25.881958
-24.702454
-25.718689
-24.906921
-27.354431
-25.617981
-24.116516
-25.75531
-25.779724
-25.367737
-26.257324
-25.506592
-26.419067
-25.280762
-25.231934
-25.09613
-27.546692
-26.696777
-27.02179
-26.71051
-26.171875
-26.298523
-28.128052
-26.365662
-27.55127
-29.693604
-27.430725
-27.819824
-27.256775
-28.720093
-28.848267
-27.571106
-27.42157
-28.675842
-29.55017
-27.35138
-27.8656
-27.8656
-27.8656
-27.479553
-27.931213
-27.905273
-26.933289
-27.435303
-25.520325
-27.185059
-26.248169
-24.395752
-24.871826
-25.024414
-24.336243
-23.81134
-22.79663
-23.21167
-23.274231
-21.02356
-22.750854
-22.877502
-21.839905
-20.762634
-22.250366
-19.674683
-21.214294
-20.173645
-19.100952
-20.26062
-19.725037
-19.036865
-19.012451
-18.988037
-18.988037
-17.562866
-17.16156
-17.137146
-16.847229
-16.400146
-17.562866
-16.87622
-15.19928
-15.237427
-14.762878
-14.762878
-13.700867
-13.63678
-13.923645
-13.075256
-11.549377
-11.698914
-11.413574
-10.723877
-9.60083
-9.124756
-9.187317
-7.835388
-6.9610596
-6.6452026
-5.456543
-6.1080933
-4.571533
-5.584717
-4.736328
-4.522705
-3.7094116
-1.4938354
-2.2583008
0.2319336
0.6942749
2.0446777
4.145813
2.9586792
4.460144
3.6468506
5.7113647
5.685425
7.2891235
7.800293
7.6019287
7.6019287
8.926392
8.491516
9.1796875
9.266663
10.017395
10.8428955
8.805847
11.244202
10.383606
9.954834
12.670898
11.593628
11.534119
12.634277
13.0355835
13.298035
12.861633
14.071655
15.1474
14.735413
15.150452
15.150452
15.490723
15.403748
16.792297
17.756653
17.408752
17.755127
18.658447
18.110657
16.93573
19.94934
18.225098
19.386292
19.348145
17.036438
19.236755
20.036316
19.111633
20.202637
20.362854
21.087646
20.67871
21.5271
20.077515
21.803284
21.028137
21.653748
21.652222
24.066162
22.512817
23.529053
22.72644
22.23816
23.94104
25.016785
23.980713
24.928284
24.54071
23.951721
24.92981
24.542236
25.105286
25.468445
26.05133
25.039673
25.039673
25.10376
25.604248
27.11792
24.305725
24.99237
24.954224
25.541687
25.991821
23.916626
25.64392
23.857117
23.857117
23.857117
23.620605
26.872253
26.509094
24.893188
27.157593
27.093506
25.842285
27.568054
28.153992
26.681519
26.391602
27.568054
27.029419
25.205994
24.603271
23.504639
22.566223
22.253418
21.864319
21.64917
21.461487
21.434021
22.64862
22.930908
23.709106
22.671509
22.669983
22.235107
23.396301
24.345398
25.471497
22.395325
23.034668
21.48285
20.857239
23.106384
21.394348
21.41571
22.416687
22.418213
22.268677
21.879578
22.479248
21.64154
20.666504
21.104431
20.413208
21.792603
21.229553
22.8302
21.229553
21.768188
21.643066
21.705627
21.23108
22.306824
23.205566
22.581482
24.142456
23.79303
23.579407
24.893188
24.371338
23.76709
24.142456
23.080444
21.76361
22.976685
23.20404
25.306702
23.553467
25.151062
24.201965
23.57788
25.453186
24.163818
25.090027
23.616028
23.616028
23.616028
23.616028
23.452759
22.724915
24.900818
22.825623
24.40033
23.449707
24.6109
25.088501
26.18866
25.236511
24.987793
24.92218
24.298096
25.2594
25.546265
24.83368
25.546265
25.671387
24.83368
25.735474
25.735474
25.820923
28.536987
27.737427
27.374268
28.102112
28.813171
27.938843
29.890442
30.117798
30.180359
30.329895
29.167175
30.41687
30.140686
29.475403
30.140686
30.293274
29.603577
31.367493
33.255005
32.266235
32.092285
33.155823
32.780457
33.05664
33.154297
33.903503
33.340454
33.665466
32.011414
33.15277
33.277893
31.92749
31.878662
32.36389
33.99048
35.191345
33.589172
34.31549
35.476685
33.86383
33.09021
35.04181
33.815002
34.631348
36.91864
36.505127
37.52289
36.71112
36.17401
37.423706
37.312317
37.998962
38.563538
39.189148
39.21814
39.21814
39.21814
37.878418
39.21814
39.031982
38.993835
39.445496
39.857483
38.630676
39.42108
39.44702
39.40735
39.097595
40.986633
40.79895
42.564392
39.785767
40.19928
43.025208
40.533447
41.555786
40.98358
40.919495
40.745544
42.68341
41.459656
41.63513
42.837524
40.768433
40.956116
41.583252
42.642212
42.045593
41.082764
42.367554
43.370056
42.39044
41.519165
42.7948
43.745422
42.866516
41.91742
40.64331
42.26837
43.55774
42.085266
42.344666
43.533325
43.595886
43.769836
43.30902
41.934204
41.39557
42.58423
41.93573
42.70935
44.28711
43.18695
42.559814
42.645264
41.833496
43.77289
44.57245
45.472717
44.63501
44.18335
45.251465
45.861816
45.32318
45.94879
44.662476
45.82367
46.298218
44.72046
45.222473
43.56079
44.470215
43.58368
43.022156
44.34662
44.34662
43.545532
44.30847
46.220398
46.194458
46.694946
45.5307
45.513916
46.46759
45.36438
46.528625
45.365906
44.740295
46.054077
45.054626
45.36743
45.617676
45.429993
44.519043
45.747375
44.493103
45.532227
46.258545
47.09778
47.16339
45.185852
46.369934
44.64569
45.721436
45.78247
44.64569
45.706177
45.881653
44.433594
45.054626
45.021057
44.093323
44.05365
45.643616
44.978333
45.86487
44.778442
45.802307
44.639587
45.802307
45.262146
44.573975
45.524597
45.52307
43.40973
44.34662
44.532776
43.634033
44.03534
46.324158
44.69757
45.159912
44.692993
45.358276
43.59436
45.06836
43.133545
45.069885
43.867493
43.055725
42.967224
42.515564
43.50586
43.893433
42.681885
45.65735
44.46869
43.655396
45.420837
44.53125
43.03131
44.81964
44.122314
43.995667
43.995667
43.995667
43.24646
45.507812
43.46924
43.1839
42.871094
42.43164
43.1839
44.511414
45.199585
43.006897
43.159485
43.910217
43.997192
44.909668
44.796753
43.847656
43.597412
44.97223
46.133423
44.781494
45.281982
44.932556
42.741394
42.391968
41.79077
42.20276
41.201782
42.240906
41.064453
42.07611
41.726685
43.30139
41.575623
41.511536
42.263794
41.38794
40.57312
41.036987
40.660095
41.947937
40.28473
41.51001
42.448425
41.474915
40.696716
40.72113
38.783264
37.835693
39.27307
37.835693
38.81073
38.84735
38.685608
39.14795
36.883545
40.060425
38.111877
39.27307
38.272095
39.12506
37.272644
38.435364
38.246155
37.44507
38.937378
37.747192
37.747192
38.49945
37.371826
38.17444
39.060974
39.21051
37.709045
40.100098
39.370728
39.08539
37.79602
37.768555
37.768555
37.768555
35.13031
35.13031
34.5047
34.777832
33.465576
34.17816
33.71582
34.56726
35.092163
33.465576
34.339905
33.903503
33.717346
34.155273
32.366943
32.84149
32.455444
33.14209
32.27997
32.478333
31.767273
32.328796
31.739807
33.618164
33.15735
33.1192
32.43103
31.867981
32.08313
31.993103
32.44629
30.89447
32.929993
31.655884
31.806946
32.27997
32.844543
31.330872
31.49414
32.70569
32.533264
32.444763
33.09326
32.21588
33.692932
32.617188
33.84552
33.821106
33.692932
32.966614
33.09021
33.692932
33.09021
32.339478
32.05414
31.491089
30.72815
30.451965
29.953003
29.79889
30.787659
28.69873
29.82483
28.825378
29.063416
26.9104
28.250122
27.47345
27.185059
26.93634
27.645874
25.749207
27.062988
26.67389
27.876282
28.161621
26.350403
27.601624
28.26233
28.26233
28.627014
26.065063
27.26593
27.85492
27.894592
27.48108
29.994202
28.207397
28.833008
27.394104
28.245544
27.197266
28.269958
28.683472
27.558899
29.109192
28.749084
27.734375
29.04663
28.24707
27.02179
26.983643
29.174805
26.608276
27.557373
28.230286
27.005005
25.968933
25.854492
27.104187
26.768494
26.005554
25.190735
25.378418
26.66626
24.841309
24.526978
23.526001
23.776245
23.149109
23.736572
24.21112
23.98529
23.687744
23.338318
23.684692
22.673035
23.448181
24.276733
23.046875
23.797607
25.102234
24.21112
24.37439
24.563599
25.213623
24.665833
24.815369
24.81842
24.128723
25.917053
24.253845
25.27771
24.194336
23.94104
23.402405
25.094604
24.667358
24.942017
24.691772
23.464966
21.92688
23.490906
24.064636
23.027039
24.316406
23.11554
23.013306
23.013306
23.013306
22.799683
24.02649
22.323608
23.486328
23.173523
20.822144
21.461487
21.612549
22.737122
21.922302
23.112488
23.075867
22.04895
22.38617
23.422241
21.798706
21.826172
22.10846
22.885132
22.235107
21.896362
21.922302
23.109436
20.558167
22.857666
22.737122
21.609497
23.423767
22.836304
21.4859
22.862244
22.737122
22.04895
21.673584
22.04895
20.722961
22.801208
22.174072
22.44873
22.612
22.148132
21.50879
21.0083
21.57135
21.54541
22.322083
22.109985
21.611023
21.588135
20.968628
22.195435
20.86029
20.930481
20.02716
19.715881
19.403076
18.016052
17.178345
16.664124
16.166687
15.852356
16.061401
12.898254
11.585999
10.224915
11.213684
8.911133
8.784485
8.410645
8.071899
5.102539
5.393982
4.081726
4.017639
4.1046143
1.9775391
3.2424927
2.3788452
2.3788452
-0.2883911
2.0614624
0.8773804
2.1011353
2.1255493
1.4144897
0.9246826
1.6494751
1.2374878
-0.25024414
-0.7247925
-1.7028809
-3.17688
-4.0283203
-3.6514282
-3.201294
-2.9647827
-4.4021606
-5.227661
-5.027771
-5.467224
-5.227661
-6.817627
-6.60553
-7.5042725
-8.708191
-8.39386
-9.043884
-9.794617
-9.73053
-12.469482
-12.65564
-12.42981
-14.093018
-15.730286
-14.906311
-15.380859
-17.234802
-18.35785
-18.769836
-17.60559
-20.431519
-20.204163
-19.830322
-20.367432
-20.329285
-19.792175
-19.891357
-20.080566
-21.902466
-20.930481
-19.93103
-20.39032
-21.278381
-20.92743
-20.176697
-20.47882
-20.866394
-20.45288
-22.053528
-21.83075
-22.116089
-23.176575
-21.452332
-21.928406
-22.0932
-24.031067
-23.304749
-23.304749
-24.568176
-23.716736
-22.940063
-23.96698
-22.140503
-24.316406
-23.864746
-23.62976
-24.943542
-25.819397
-25.819397
-26.15509
-26.730347
-25.19226
-25.379944
-26.455688
-27.557373
-28.16925
-27.983093
-29.93164
-28.956604
-30.644226
-29.89502
-31.636047
-29.60968
-29.644775
-31.684875
-30.23529
-31.806946
-29.95758
-30.084229
-29.77295
-30.14679
-30.897522
-29.02069
-30.935669
-29.647827
-29.345703
-29.684448
-28.559875
-28.546143
-27.833557
-28.933716
-29.173279
-29.898071
-28.309631
-27.748108
-27.146912
-28.582764
-27.420044
-26.835632
-25.29602
-26.234436
-27.383423
-26.947021
-26.23291
-24.794006
-24.632263
-25.569153
-25.045776
-25.671387
-24.906921
-25.570679
-25.546265
-23.970032
-25.132751
-25.63324
-25.756836
-26.231384
-24.256897
-25.318909
-27.31781
-26.79596
-27.041626
-28.544617
-27.20642
-27.31781
-28.518677
-27.944946
-27.554321
-28.442383
-29.0802
-28.044128
-28.742981
-27.479553
-27.815247
-28.141785
-28.269958
-27.915955
-27.915955
-27.915955
-26.455688
-26.817322
-25.87738
-24.59259
-25.590515
-26.643372
-26.519775
-26.605225
-26.731873
-25.032043
-25.318909
-26.153564
-26.005554
-23.880005
-25.006104
-24.754333
-25.068665
-24.295044
-24.98169
-24.569702
-23.843384
-23.945618
-24.217224
-24.81842
-23.905945
-23.530579
-25.544739
-23.782349
-24.21875
-25.07019
-25.631714
-24.59259
-25.694275
-26.321411
-25.167847
-24.630737
-26.504517
-26.005554
-26.481628
-26.75476
-25.590515
-25.837708
-25.694275
-26.091003
-25.253296
-25.128174
-25.878906
-24.627686
-25.465393
-24.778748
-24.279785
-24.34082
-22.705078
-23.840332
-22.576904
-22.077942
-21.450806
-22.46399
-22.077942
-22.276306
-23.654175
-21.174622
-22.052002
-21.678162
-22.529602
-22.013855
-22.239685
-22.877502
-22.640991
-23.242188
-22.465515
-20.202637
-20.326233
-21.540833
-22.680664
-22.529602
-21.582031
-23.34137
-23.34137
-23.34137
-23.40393
-22.618103
-23.654175
-23.640442
-25.154114
-24.717712
-25.039673
-24.241638
-23.678589
-24.214172
-22.888184
-23.275757
-24.586487
-24.526978
-25.239563
-24.050903
-23.677063
-24.523926
-22.801208
-23.986816
-22.711182
-23.449707
-21.788025
-22.236633
-22.174072
-22.047424
-20.884705
-20.59784
-21.28601
-21.510315
-20.285034
-21.098328
-20.34607
-20.495605
-21.887207
-21.247864
-20.385742
-20.909119
-19.845581
-20.822144
-19.94934
-19.32373
-19.284058
-20.011902
-19.325256
-19.72351
-19.696045
-18.746948
-20.097351
-21.572876
-20.011902
-20.495605
-20.384216
-22.886658
-21.696472
-22.984314
-23.410034
-22.285461
-22.259521
-20.220947
-22.547913
-23.007202
-21.557617
-22.821045
-22.483826
-21.444702
-21.817017
-20.243835
-21.968079
-20.065308
-19.720459
-20.965576
-20.402527
-19.013977
-20.065308
-18.804932
-20.654297
-19.181824
-19.181824
-19.181824
-19.181824
-19.27948
-19.343567
-17.706299
-18.569946
-18.632507
-19.281006
-18.867493
-18.995667
-17.619324
-18.719482
-17.668152
-18.658447
-17.495728
-16.545105
-16.244507
-17.619324
-17.59491
-18.884277
-17.20581
-19.320679
-19.084167
-19.558716
-19.346619
-20.057678
-19.322205
-21.009827
-22.322083
-21.261597
-22.485352
-21.974182
-20.97168
-21.48285
-22.146606
-20.573425
-21.847534
-21.195984
-20.315552
-18.806458
-21.6568
-20.469666
-20.033264
-19.21997
-19.558716
-19.622803
-18.569946
-20.285034
-17.706299
-19.021606
-20.185852
-19.308472
-20.072937
-19.847107
-19.78302
-18.183899
-18.719482
-18.844604
-17.770386
-17.744446
-19.122314
-20.384216
-19.160461
-20.635986
-20.059204
-18.699646
-18.87207
-18.199158
-17.495728
-19.47174
-20.385742
-20.67566
-19.43512
-19.346619
-20.509338
-22.486877
-20.924377
-21.136475
-21.287537
-21.287537
-21.287537
-21.800232
-22.950745
-22.239685
-22.79663
-23.822021
-24.71466
-24.835205
-22.1344
-25.064087
-24.938965
-23.085022
-23.822021
-23.214722
-23.925781
-22.950745
-23.553467
-23.175049
-23.425293
-23.937988
-22.737122
-23.249817
-22.236633
-23.512268
-21.635437
-22.30072
-22.44873
-21.247864
-22.109985
-21.697998
-21.510315
-24.049377
-21.6568
-21.73767
-22.67456
-21.22345
-23.57483
-22.676086
-21.162415
-22.95227
-23.277283
-22.839355
-22.799683
-22.387695
-22.862244
-21.012878
-22.174072
-23.30017
-23.614502
-25.213623
-24.838257
-24.42627
-26.02539
-24.925232
-26.086426
-24.272156
-24.424744
-24.85962
-25.370789
-24.446106
-24.298096
-25.048828
-24.38507
-24.21112
-24.836731
-23.822021
-24.708557
-23.799133
-23.822021
-24.899292
-23.738098
-23.07434
-23.963928
-23.609924
-24.075317
-24.588013
-25.112915
-24.360657
-24.711609
-24.711609
-24.711609
-24.998474
-24.510193
-23.899841
-23.258972
-24.685669
-24.275208
-23.109436
-24.838257
-24.511719
-23.410034
-23.21167
-23.109436
-23.712158
-23.77472
-23.648071
-24.447632
-24.835205
-26.811218
-26.237488
-27.313232
-27.400208
-28.001404
-26.751709
-26.58844
-25.810242
-26.022339
-25.946045
-26.748657
-26.307678
-27.146912
-27.684021
-28.871155
-27.560425
-27.661133
-27.70996
-26.670837
-27.597046
-26.393127
-26.870728
-26.872253
-25.648499
-25.482178
-23.132324
-24.645996
-25.17395
-25.54779
-24.882507
-25.372314
-24.64447
-24.731445
-25.6073
-24.10736
-25.645447
-24.957275
-26.083374
-25.396729
-26.043701
-25.23346
-26.330566
-24.958801
-26.123047
-26.335144
-27.497864
-25.79956
-24.83368
-23.822021
-24.745178
-24.58496
-25.457764
-26.187134
-25.332642
-26.670837
-27.659607
-25.672913
-27.687073
-28.948975
-28.787231
-30.137634
-30.137634
-30.137634
-27.960205
-25.99945
-27.70996
-26.338196
-26.126099
-26.400757
-25.735474
-24.838257
-25.024414
-23.364258
-25.039673
-24.176025
-24.276733
-23.277283
-24.08905
-23.251343
-20.950317
-23.275757
-22.425842
-22.514343
-23.339844
-24.276733
-22.738647
-24.151611
-24.073792
-23.338318
-23.83728
-23.487854
-23.55194
-23.590088
-22.554016
-21.452332
-22.277832
-22.55249
-22.01538
-22.550964
-21.200562
-21.97876
-22.43042
-21.289062
-23.339844
-22.341919
-24.406433
-22.277832
-23.379517
-23.806763
-26.156616
-24.116516
-24.693298
-25.402832
-25.02594
-25.067139
-25.239563
-24.464417
-23.277283
-23.939514
-24.464417
-23.277283
-24.177551
-25.52948
-23.590088
-25.105286
-23.614502
-22.740173
-21.803284
-22.24121
-21.829224
-20.7016
-20.617676
-20.291138
-20.988464
-20.355225
-21.740723
-20.98999
-19.94934
-21.202087
-20.011902
-20.915222
-20.915222
-20.915222
-20.515442
-20.553589
-19.97528
-20.491028
-20.765686
-21.180725
-19.665527
-19.914246
-22.016907
-20.767212
-20.70465
-22.366333
-21.742249
-22.428894
-22.242737
-22.453308
-22.706604
-22.555542
-23.405457
-23.866272
-24.21875
-25.692749
-24.281311
-24.441528
-23.55194
-24.653625
-24.742126
-25.004578
-26.004028
-24.90387
-25.193787
-23.42987
-22.71576
-24.156189
-23.904419
-23.280334
-23.84491
-24.783325
-23.382568
-23.53363
-21.481323
-21.23108
-21.681213
-21.157837
-20.018005
-22.431946
-21.11969
-21.894836
-20.729065
-20.49408
-19.439697
-20.039368
-20.643616
-20.04242
-20.018005
-20.9198
-20.895386
-21.807861
-19.580078
-20.454407
-21.308899
-21.54541
-20.295715
-21.292114
-22.08252
-22.583008
-20.793152
-22.53418
-24.307251
-25.131226
-22.930908
-25.431824
-25.344849
-24.493408
-26.882935
-25.157166
-25.567627
-25.819397
-25.819397
-25.819397
-25.718689
-26.23291
-27.168274
-25.245667
-26.191711
-24.317932
-25.657654
-25.032043
-25.219727
-25.242615
-24.943542
-24.719238
-24.969482
-23.556519
-23.217773
-24.745178
-24.282837
-22.244263
-23.706055
-22.43042
-22.26715
-22.265625
-22.781372
-23.970032
-21.704102
-21.455383
-21.803284
-21.141052
-21.328735
-23.280334
-21.229553
-22.265625
-21.664429
-21.702576
-22.589111
-21.10138
-22.7005
-23.901367
-23.303223
-24.403381
-25.090027
-23.490906
-25.779724
-23.153687
-23.927307
-25.216675
-23.989868
-24.403381
-25.115967
-23.391724
-24.59259
-24.53003
-25.093079
-24.594116
-24.07837
-24.465942
-22.929382
-24.841309
-24.815369
-24.029541
-25.219727
-24.029541
-24.554443
-24.029541
-22.677612
-25.367737
-23.51532
-25.27771
-24.465942
-25.343323
-24.87793
-24.615479
-23.30017
-24.05243
-24.617004
-24.401855
-23.866272
-24.142456
-24.142456
-24.142456
-23.153687
-23.390198
-23.114014
-23.991394
-24.943542
-23.643494
-23.779297
-24.964905
-25.343323
-24.427795
-26.603699
-26.216125
-25.465393
-24.31488
-25.740051
-24.403381
-24.427795
-25.778198
-25.987244
-26.3031
-26.190186
-25.439453
-25.938416
-25.465393
-25.439453
-26.24054
-24.176025
-24.902344
-26.31836
-24.80011
-25.653076
-24.516296
-24.48883
-25.868225
-25.58899
-24.48883
-25.003052
-25.177002
-26.087952
-25.67749
-25.138855
-23.350525
-25.202942
-25.093079
-26.751709
-24.276733
-24.589539
-25.437927
-24.68872
-25.439453
-24.427795
-24.925232
-25.740051
-24.51477
-25.675964
-26.278687
-25.67749
-24.752808
-24.238586
-24.902344
-25.50354
-24.360657
-26.84021
-24.928284
-25.088501
-24.687195
-25.05188
-26.216125
-25.590515
-24.777222
-24.90387
-24.777222
-25.463867
-25.650024
-26.777649
-25.39978
-24.238586
-25.300598
-25.300598
-25.300598
-26.153564
-24.838257
-24.838257
-24.299622
-24.363708
-25.611877
-25.112915
-25.138855
-25.550842
-25.401306
-24.339294
-24.813843
-25.305176
-25.613403
-24.711609
-27.062988
-24.839783
-24.749756
-25.177002
-25.11444
-23.738098
-25.375366
-25.802612
-22.724915
-25.865173
-25.201416
-24.838257
-25.152588
-26.791382
-25.02594
-24.27826
-24.450684
-26.02539
-26.152039
-25.502014
-26.000977
-24.014282
-24.902344
-26.216125
-24.987793
-25.202942
-24.212646
-25.675964
-25.51117
-24.926758
-25.05188
-25.241089
-25.090027
-26.153564
-25.58899
-25.900269
-24.316406
-26.087952
-24.751282
-26.690674
-27.130127
-27.464294
-26.026917
-25.076294
-25.575256
-26.104736
-26.751709
-26.817322
-25.11444
-26.191711
-26.153564
-26.626587
-24.401855
-25.074768
-26.539612
-26.000977
-24.429321
-26.792908
-26.565552
-25.939941
-25.527954
-26.063538
-27.438354
-27.438354
-27.438354
-25.138855
-24.42627
-24.150085
-26.02539
-25.177002
-25.177002
-26.087952
-26.152039
-24.861145
-26.152039
-24.926758
-24.751282
-25.465393
-25.653076
-26.126099
-24.777222
-25.65155
-25.50354
-26.216125
-25.50354
-25.804138
-25.489807
-26.6922
-26.3031
-26.281738
-24.879456
-26.127625
-25.154114
-24.778748
-25.817871
-26.12915
-24.96643
-26.191711
-25.004578
-25.119019
-25.717163
-25.569153
-25.505066
-25.78125
-26.342773
-24.53003
-26.255798
-24.508667
-25.805664
-25.068665
-24.841309
-26.319885
-23.843384
-24.720764
-25.093079
-24.778748
-24.617004
-25.369263
-25.180054
-23.904419
-25.567627
-25.219727
-24.905396
-23.99292
-23.953247
-24.719238
-24.554443
-25.718689
-23.828125
-23.092651
-24.96643
-24.879456
-23.156738
-25.367737
-25.2182
-23.240662
-25.093079
-26.130676
-24.180603
-24.55597
-25.567627
-23.905945
-23.179626
-24.240112
-24.240112
-25.756836
-23.930359
-24.427795
-24.942017
-25.028992
-24.841309
-24.679565
-25.305176
-25.091553
-25.654602
-25.180054
-24.342346
-25.030518
-22.865295
-25.216675
-24.681091
-24.679565
-24.491882
-25.04425
-24.969482
-24.079895
-25.279236
-25.692749
-24.116516
-23.928833
-25.61493
-24.427795
-24.617004
-23.928833
-23.454285
-24.658203
-22.613525
-23.452759
-25.566101
-23.490906
-23.365784
-23.80371
-23.327637
-24.055481
-23.928833
-25.093079
-23.0896
-23.364258
-23.48938
-24.179077
-23.777771
-23.428345
-24.116516
-24.377441
-23.51532
-23.927307
-23.96698
-25.178528
-22.865295
-23.027039
-22.164917
-23.277283
-24.276733
-23.51532
-25.216675
-23.451233
-26.002502
-23.451233
-23.57788
-25.216675
-22.2641
-22.676086
-23.277283
-24.015808
-24.615479
-23.365784
-24.465942
-24.552917
-24.96643
-23.181152
-23.579407
-25.067139
-23.051453
-23.051453
-23.051453
-24.67804
-24.116516
-24.653625
-23.55194
-23.617554
-24.90387
-22.891235
-26.254272
-24.07837
-23.841858
-24.240112
-24.015808
-24.552917
-23.492432
-24.403381
-24.34082
-24.378967
-25.154114
-23.74115
-25.592041
-24.928284
-25.654602
-23.928833
-23.80371
-23.390198
-23.96698
-23.11554
-23.413086
-24.316406
-24.839783
-25.367737
-24.90387
-24.87793
-25.131226
-23.841858
-25.028992
-24.963379
-24.07837
-24.679565
-24.528503
-24.777222
-25.067139
-23.320007
-24.591064
-24.905396
-24.214172
-25.842285
-25.154114
-23.841858
-24.053955
-23.713684
-24.378967
-23.902893
-23.677063
-23.989868
-24.90387
-25.15564
-23.904419
-23.42987
-25.439453
-24.96643
-24.905396
-24.316406
-24.681091
-23.828125
-23.843384
-25.003052
-24.118042
-24.61853
-26.106262
-25.279236
-24.079895
-23.841858
-24.05243
-25.279236
-23.580933
-22.329712
-23.99292
-23.99292
-23.99292
-24.014282
-24.464417
