21.168518
22.4823
21.97113
22.236633
22.155762
23.283386
21.820068
22.062683
23.942566
21.963501
22.58606
23.503113
23.11554
22.98584
24.108887
23.571777
22.970581
24.47052
22.33429
23.225403
23.77472
23.918152
24.702454
23.706055
23.73352
24.336243
21.90857
22.73407
22.624207
24.024963
23.420715
24.433899
23.976135
23.36731
23.057556
22.975159
23.698425
24.975586
24.446106
23.860168
25.164795
23.713684
22.987366
23.262024
23.916626
23.768616
23.721313
24.713135
24.586487
23.857117
23.857117
23.857117
23.950195
23.292542
23.843384
23.988342
23.202515
23.872375
24.812317
24.299622
24.461365
23.98529
24.855042
24.246216
25.11139
23.937988
24.758911
24.10431
24.00055
25.29602
24.638367
24.082947
22.709656
24.64447
25.15564
23.777771
24.978638
24.465942
24.884033
23.127747
24.623108
25.897217
25.172424
23.858643
23.205566
24.365234
23.991394
23.991394
24.673462
25.22583
24.203491
22.909546
24.461365
24.572754
24.125671
25.50354
23.937988
24.46289
24.172974
24.769592
24.205017
22.492981
23.348999
24.394226
23.937988
23.6969
24.757385
22.401428
23.947144
21.528625
24.571228
23.73352
23.338318
23.268127
23.931885
23.873901
25.89264
23.118591
23.934937
23.37799
23.428345
25.167847
23.25592
23.075867
24.206543
24.46289
22.639465
24.812317
23.373413
23.216248
23.608398
23.608398
23.608398
24.23706
23.649597
23.075867
24.523926
23.939514
23.950195
21.182251
23.414612
24.139404
24.453735
24.082947
23.698425
23.849487
23.731995
23.190308
24.459839
23.503113
23.937988
23.568726
23.057556
23.301697
23.5672
23.078918
23.849487
23.220825
23.93341
22.96753
22.538757
25.230408
25.100708
24.377441
24.505615
24.25232
24.64447
24.345398
24.34082
23.786926
22.04132
24.369812
22.262573
25.163269
24.897766
23.171997
23.614502
23.87085
24.450684
23.736572
23.483276
22.259521
23.260498
24.54071
24.377441
23.858643
24.435425
22.497559
23.649597
23.21167
23.989868
24.72229
24.659729
24.543762
23.94867
23.724365
24.14093
22.885132
23.52295
22.88208
22.457886
22.750854
22.98584
24.578857
23.417664
22.787476
24.647522
23.248291
23.738098
22.410583
24.365234
24.365234
24.365234
23.841858
22.87445
23.210144
23.971558
23.513794
22.018433
23.27118
24.006653
21.847534
25.267029
22.43042
22.618103
23.493958
22.03064
24.67804
24.290466
23.416138
23.146057
23.196411
22.102356
24.023438
23.402405
23.579407
23.7854
22.787476
24.031067
21.524048
23.364258
22.924805
24.165344
23.872375
23.654175
24.687195
23.416138
23.486328
24.5224
24.743652
23.64502
23.556519
22.636414
23.144531
23.666382
24.325562
25.123596
23.925781
23.649597
22.917175
25.105286
24.285889
23.867798
23.666382
23.962402
23.3078
25.492859
24.594116
22.97821
23.138428
24.124146
23.872375
24.88556
24.163818
23.62976
25.086975
24.977112
24.249268
25.318909
26.28479
23.872375
26.264954
25.164795
24.430847
23.864746
25.38147
22.747803
24.432373
26.138306
26.2146
24.56665
24.56665
24.56665
25.758362
24.789429
26.834106
25.616455
26.031494
25.056458
25.79956
25.543213
27.06604
27.745056
26.10321
26.628113
28.201294
26.25122
27.601624
27.346802
28.274536
27.511597
26.689148
26.896667
27.493286
28.497314
27.494812
28.8208
28.697205
27.313232
29.693604
27.937317
28.205872
30.033875
29.977417
29.88739
28.91388
29.231262
30.155945
27.627563
29.434204
27.93274
28.366089
27.23999
28.952026
28.131104
27.119446
27.406311
27.955627
25.917053
26.25885
26.9516
27.394104
25.41504
27.319336
27.479553
27.20642
24.461365
25.36621
25.68512
25.852966
24.681091
24.481201
27.037048
26.213074
25.07019
25.2182
24.375916
24.195862
25.015259
24.476624
24.612427
24.85199
24.35913
23.704529
24.142456
25.489807
26.287842
26.51825
25.63324
27.575684
25.993347
27.348328
27.348328
26.400757
27.354431
28.29895
26.69983
26.26648
27.302551
28.160095
27.04773
28.234863
27.505493
28.605652
29.237366
27.810669
27.737427
28.591919
26.481628
25.036621
25.479126
27.513123
26.615906
25.541687
26.4328
27.456665
25.497437
25.701904
25.938416
24.681091
26.283264
27.012634
24.48883
24.702454
25.370789
23.304749
21.626282
22.625732
23.1781
22.285461
23.358154
23.14148
21.868896
24.490356
23.832703
23.162842
25.84076
24.980164
23.072815
24.949646
24.017334
25.90332
25.587463
27.276611
25.888062
24.758911
27.426147
26.863098
27.301025
27.36206
25.971985
28.160095
26.226807
27.287292
27.001953
26.855469
27.149963
26.489258
28.277588
26.217651
27.493286
27.314758
26.182556
26.757812
26.841736
25.917053
26.290894
25.942993
25.712585
25.679016
24.725342
24.725342
24.725342
24.253845
23.96698
24.391174
24.246216
26.26648
25.067139
24.66278
23.648071
24.734497
24.812317
24.369812
24.27063
24.990845
24.615479
26.409912
26.417542
25.253296
25.457764
25.549316
24.72229
27.740479
27.601624
26.123047
25.630188
25.531006
28.17688
26.264954
28.120422
26.261902
26.220703
27.935791
28.979492
26.05133
28.030396
26.783752
27.818298
27.857971
26.210022
27.056885
27.366638
25.94757
26.721191
26.475525
27.693176
28.152466
25.846863
25.596619
25.550842
26.725769
27.070618
26.004028
24.032593
23.744202
24.105835
23.609924
23.609924
23.75946
24.691772
22.259521
23.675537
22.927856
20.968628
21.533203
22.410583
22.000122
23.666382
24.88556
22.561646
23.364258
23.968506
23.196411
24.664307
23.155212
25.102234
25.765991
25.567627
26.64795
25.627136
24.815369
24.815369
24.430847
25.463867
26.106262
24.97406
25.126648
26.434326
26.571655
26.322937
25.712585
24.3042
25.419617
25.770569
23.31543
23.651123
23.260498
22.103882
22.935486
22.427368
22.790527
23.135376
22.335815
24.009705
22.190857
21.73767
20.948792
22.053528
21.551514
21.839905
21.238708
23.394775
22.421265
22.547913
21.93451
23.995972
24.049377
23.117065
24.865723
25.267029
24.136353
24.954224
25.267029
27.27356
26.92871
27.772522
26.679993
26.960754
28.367615
27.897644
27.043152
28.207397
28.115845
27.355957
28.736877
28.059387
27.386475
28.73993
27.774048
27.864075
26.986694
27.54364
28.335571
27.597046
27.149963
27.772522
27.529907
26.971436
29.966736
28.277588
29.904175
30.751038
28.323364
30.319214
28.466797
28.320312
29.447937
29.367065
28.93982
29.222107
30.667114
30.667114
30.06897
30.557251
28.819275
30.755615
31.658936
31.881714
29.637146
30.722046
31.091309
32.618713
32.240295
33.520508
32.73163
33.773804
33.90045
32.377625
33.03833
32.969666
33.340454
32.83081
33.218384
34.059143
34.721375
34.41162
35.803223
35.687256
33.857727
34.0271
35.49652
34.7641
34.6817
35.665894
32.933044
32.182312
32.88269
33.355713
33.28247
33.651733
32.7713
33.432007
32.41272
33.502197
32.159424
33.47473
31.286621
32.633972
31.903076
32.269287
31.713867
31.286621
32.121277
31.712341
31.079102
31.851196
33.366394
30.517578
30.639648
31.973267
32.250977
30.374146
30.384827
29.864502
30.19867
30.32074
29.452515
28.863525
28.630066
30.322266
27.825928
30.314636
28.738403
28.112793
28.616333
27.546692
28.92456
27.539062
26.80664
26.135254
24.516296
27.024841
25.686646
25.686646
24.389648
24.243164
24.795532
23.41919
22.764587
22.190857
22.090149
21.946716
20.440674
21.582031
19.761658
19.688416
19.110107
18.666077
17.941284
19.207764
19.129944
20.361328
20.074463
18.551636
19.120789
17.514038
18.519592
18.733215
17.782593
17.601013
16.802979
16.682434
16.02478
16.97998
14.860535
15.80658
15.446472
15.22522
14.952087
14.0060425
15.090942
14.945984
14.564514
15.220642
13.528442
14.572144
13.531494
14.347839
13.934326
13.948059
13.293457
13.331604
13.064575
12.335205
14.074707
12.669373
12.469482
11.590576
12.104797
13.212585
12.779236
12.689209
12.869263
13.163757
12.776184
12.321472
14.605713
12.998962
13.96637
12.942505
14.125061
15.254211
15.41748
15.513611
15.794373
15.382385
15.733337
17.366028
17.752075
16.4505
16.386414
16.386414
16.386414
17.163086
16.719055
16.738892
17.967224
16.947937
17.160034
17.393494
18.000793
16.230774
16.810608
18.02826
16.975403
18.173218
16.494751
18.338013
16.12854
16.82129
16.825867
17.46521
16.670227
15.637207
16.638184
16.371155
16.85791
16.629028
15.518188
16.221619
14.772034
16.973877
16.316223
14.7872925
15.078735
15.075684
15.679932
15.672302
14.41803
14.94751
14.605713
14.427185
16.577148
17.597961
16.073608
17.962646
17.079163
16.11023
17.263794
16.719055
18.89801
17.248535
17.333984
17.463684
15.914917
16.67633
16.74347
17.47284
15.182495
16.656494
16.74347
16.656494
17.355347
16.111755
16.894531
16.770935
16.029358
17.616272
15.310669
18.24646
17.478943
17.346191
18.518066
17.478943
16.542053
18.525696
18.362427
18.591309
18.73169
18.16101
18.89801
18.89801
18.200684
16.868591
18.855286
17.637634
18.496704
17.715454
19.72351
17.643738
19.210815
19.49768
20.059204
18.614197
19.125366
18.006897
17.63153
18.011475
18.157959
17.572021
16.990662
17.041016
17.515564
16.893005
17.24701
15.899658
16.300964
15.132141
15.608215
15.21759
15.841675
13.647461
14.4592285
12.785339
13.3758545
13.86261
12.284851
14.097595
12.693787
12.974548
11.57074
10.932922
10.714722
9.895325
7.8536987
7.571411
7.6934814
7.8460693
7.7819824
6.227112
5.9036255
4.803467
6.126404
5.0064087
3.4042358
3.4057617
2.949524
2.0874023
2.5222778
2.911377
1.5335083
2.4124146
2.191162
1.2802124
0.32958984
0.030517578
-0.23345947
-0.8773804
-0.8880615
-0.07324219
-1.4205933
-1.1291504
-2.5756836
-1.9165039
-3.038025
-5.1956177
-2.7832031
-3.5171509
-3.6865234
-3.692627
-3.881836
-3.881836
-4.1748047
-4.486084
-5.3375244
-3.9916992
-5.279541
-5.7281494
-5.2200317
-6.2423706
-7.194519
-6.8084717
-6.616211
-8.0078125
-6.867981
-7.13501
-7.495117
-7.940674
-7.142639
-8.628845
-6.793213
-8.853149
-9.625244
-11.833191
-11.401367
-10.398865
-11.784363
-11.709595
-12.646484
-13.523865
-12.333679
-12.797546
-11.705017
-12.844849
-12.184143
-12.753296
-11.723328
-13.407898
-13.409424
-11.903381
-14.21814
-13.146973
-12.637329
-14.016724
-13.664246
-13.053894
-15.226746
-13.70697
-13.194275
-14.442444
-15.0177
-14.81781
-14.848328
-15.298462
-16.790771
-15.367126
-16.410828
-16.363525
-15.838623
-14.74762
-14.671326
-12.867737
-14.414978
-15.080261
-15.116882
-13.856506
-14.427185
-14.970398
-14.155579
-13.95874
-13.293457
-13.864136
-13.818359
-13.470459
-14.16626
-13.264465
-11.308289
-13.212585
-13.08136
-13.047791
-11.781311
-11.781311
-10.906982
-11.129761
-11.553955
-10.319519
-10.406494
-10.668945
-8.439636
-9.010315
-9.780884
-8.9782715
-10.560608
-7.684326
-7.470703
-7.835388
-8.131409
-7.989502
-8.135986
-7.8414917
-6.8099976
-5.74646
-6.9000244
-5.194092
-4.432678
-4.989624
-5.580139
-5.847168
-5.645752
-5.0109863
-2.368164
-4.1748047
-2.3132324
-2.798462
-3.6254883
-4.6951294
-2.5726318
-4.496765
-1.4083862
-1.3626099
-1.8630981
-1.2161255
-2.2979736
-1.4160156
-0.10070801
-1.8630981
-1.3885498
-0.5767822
-1.2664795
0.13885498
-2.2201538
-1.5991211
0.84991455
0.23956299
0.28686523
-2.1240234
-0.1876831
0.30670166
-1.5060425
-1.9897461
-2.633667
-2.0736694
-0.6240845
-0.9750366
-0.8773804
-0.22583008
-1.0406494
-0.3250122
-1.486206
-1.3412476
-0.10070801
-0.8010864
-0.7034302
-0.76293945
-0.1953125
0.77667236
-0.8041382
-0.9185791
-1.0406494
-0.69732666
-0.69732666
-0.69732666
0.119018555
-2.3757935
-1.6433716
-0.98876953
-0.74920654
-0.390625
-1.435852
-0.8621216
-1.2420654
-1.4083862
-0.6057739
0.4852295
0.2670288
-1.4282227
-1.4663696
-0.47912598
-1.8447876
0.17547607
-1.7593384
-0.8300781
-0.53253174
-0.83465576
-1.4251709
-1.7028809
-0.27770996
-0.33569336
1.0101318
-0.19073486
-0.15411377
-0.55389404
1.6052246
-1.449585
0.16479492
-0.14343262
0.5706787
0.23651123
0.38146973
0.56152344
0.72631836
1.2298584
1.2771606
1.2756348
2.1316528
1.4266968
1.1550903
2.078247
2.734375
1.5731812
2.4475098
2.2491455
1.5182495
2.9403687
3.7597656
3.9733887
2.6641846
4.6279907
2.1514893
4.359436
3.4683228
3.8497925
5.4595947
5.4595947
4.9316406
4.0771484
3.8162231
6.765747
6.651306
5.2246094
6.5719604
6.678772
7.925415
9.140015
7.9193115
8.630371
7.4005127
8.2092285
9.309387
8.935547
8.935547
8.935547
10.427856
11.90033
11.021423
10.658264
11.994934
12.4938965
13.026428
12.039185
13.313293
13.545227
12.901306
12.902832
13.096619
12.982178
14.463806
14.44397
12.420654
14.468384
14.515686
14.686584
13.592529
14.485168
14.971924
15.074158
14.964294
14.96582
16.16211
14.18457
17.607117
14.585876
16.267395
16.555786
16.209412
16.26587
15.280151
16.194153
16.000366
17.393494
16.748047
17.445374
18.75763
17.654419
15.9713745
16.662598
18.940735
17.555237
18.547058
17.930603
17.759705
18.658447
18.52417
18.855286
17.150879
16.842651
18.740845
18.644714
19.12384
19.911194
18.344116
17.54303
17.704773
18.395996
17.500305
17.849731
19.851685
16.619873
16.358948
17.103577
17.736816
17.480469
16.4917
18.461609
17.002869
18.795776
16.21399
16.331482
16.854858
16.42456
16.42456
16.42456
14.79187
15.499878
14.456177
14.434814
13.749695
14.219666
14.646912
16.049194
14.517212
16.77246
15.359497
15.176392
14.735413
15.641785
14.830017
16.160583
14.524841
14.959717
16.007996
14.620972
15.87677
16.299438
15.200806
15.185547
13.366699
16.210938
14.277649
16.156006
15.037537
16.333008
12.870789
13.896179
13.9328
14.964294
13.899231
13.813782
13.102722
12.88147
12.701416
12.724304
12.298584
11.750793
12.780762
12.062073
10.444641
12.007141
10.069275
11.703491
11.631775
11.343384
11.395264
8.973694
9.790039
10.2508545
10.830688
9.825134
8.256531
9.806824
8.624268
9.587097
6.8969727
6.8237305
6.9488525
4.6829224
4.621887
5.0491333
2.3117065
1.7425537
1.9729614
2.191162
0.9963989
-0.46844482
0.13427734
-1.2832642
-3.1845093
-2.2888184
-3.590393
-4.815674
-4.815674
-4.815674
-5.0613403
-7.13501
-6.840515
-8.1604
-10.813904
-9.126282
-11.070251
-11.239624
-10.276794
-11.061096
-12.814331
-12.716675
-12.9348755
-12.226868
-13.870239
-14.590454
-15.30304
-14.820862
-16.273499
-16.860962
-15.419006
-15.322876
-17.001343
-17.494202
-16.485596
-16.647339
-15.9210205
-16.00647
-15.914917
-17.204285
-16.91742
-16.914368
-17.732239
-17.814636
-17.5354
-17.341614
-18.441772
-17.730713
-19.229126
-18.717957
-19.14978
-19.952393
-19.953918
-20.248413
-19.520569
-19.689941
-20.880127
-20.536804
-20.70465
-22.105408
-20.428467
-23.16742
-22.37854
-23.10791
-21.632385
-24.105835
-22.035217
-22.45636
-22.111511
-23.216248
-23.921204
-25.11139
-24.21875
-24.250793
-22.227478
-24.778748
-22.721863
-23.669434
-23.782349
-23.07129
-24.229431
-22.590637
-22.558594
-22.28241
-22.57843
-21.351624
-21.717834
-20.878601
-20.878601
-21.287537
-20.037842
-19.93866
-20.509338
-19.689941
-19.58313
-19.54956
-19.670105
-18.6203
-20.411682
-18.90564
-20.341492
-19.476318
-19.332886
-17.842102
-17.95044
-16.711426
-18.431091
-18.574524
-18.624878
-16.983032
-16.978455
-16.209412
-15.644836
-13.734436
-15.182495
-12.922668
-15.193176
-12.62207
-11.097717
-12.107849
-11.865234
-11.366272
-12.078857
-12.518311
-10.9436035
-12.240601
-12.425232
-12.110901
-10.523987
-11.804199
-11.280823
-9.736633
-10.932922
-10.395813
-10.88562
-10.412598
-11.044312
-11.058044
-11.454773
-13.674927
-11.376953
-12.782288
-12.133789
-11.323547
-11.470032
-10.879517
-12.492371
-12.251282
-12.765503
-12.483215
-12.246704
-12.030029
-12.55188
-15.222168
-14.344788
-14.341736
-13.612366
-14.122009
-13.916016
-13.420105
-13.330078
-13.771057
-14.840698
-14.350891
-14.761353
-13.6657715
-13.897705
-13.897705
-13.897705
-13.491821
-12.062073
-11.535645
-14.483643
-13.470459
-14.201355
-14.5095825
-15.008545
-16.085815
-14.254761
-16.02478
-15.008545
-14.935303
-15.594482
-16.253662
-16.390991
-16.22467
-16.697693
-18.051147
-18.948364
-19.54956
-19.851685
-19.973755
-22.970581
-21.853638
-21.270752
-21.27533
-20.033264
-20.74585
-20.773315
-21.913147
-21.308899
-20.21637
-20.854187
-21.795654
-22.514343
-21.876526
-23.181152
-22.615051
-22.608948
-22.772217
-24.118042
-23.474121
-23.721313
-23.991394
-23.643494
-25.32959
-23.553467
-23.773193
-22.563171
-23.773193
-22.261047
-23.713684
-22.987366
-23.76709
-22.335815
-22.938538
-22.296143
-23.10791
-22.433472
-23.327637
-22.29309
-20.483398
-22.731018
-23.109436
-22.814941
-23.864746
-25.570679
-22.953796
-22.239685
-23.628235
-24.005127
-23.979187
-23.339844
-23.672485
-24.41864
-23.149109
-22.903442
-22.903442
-22.903442
-22.903442
-23.214722
-25.32959
-25.334167
-24.16687
-24.827576
-24.806213
-25.52185
-24.736023
-24.59259
-24.578857
-24.32251
-26.64032
-25.99945
-25.87738
-25.701904
-26.078796
-25.701904
-25.828552
-26.083374
-25.09613
-25.097656
-25.66986
-24.15924
-23.968506
-23.44513
-22.909546
-22.540283
-21.64154
-22.676086
-20.051575
-19.332886
-19.16809
-20.036316
-19.73877
-19.781494
-21.16394
-19.778442
-19.604492
-19.700623
-18.177795
-18.370056
-18.78357
-17.655945
-17.948914
-17.564392
-15.94696
-17.951965
-18.721008
-18.94226
-18.32428
-20.133972
-19.541931
-19.66858
-19.552612
-18.554688
-20.79773
-19.291687
-17.979431
-19.20166
-18.67218
-19.389343
-19.169617
-18.687439
-18.144226
-18.167114
-16.610718
-16.888428
-16.949463
-14.642334
-13.020325
-12.940979
-12.638855
-12.358093
-12.278748
-10.473633
-11.108398
-9.223938
-9.223938
-9.223938
-10.548401
-9.220886
-8.233643
-8.676147
-8.175659
-8.123779
-8.145142
-6.880188
-6.588745
-8.610535
-5.911255
-7.672119
-6.692505
-5.1605225
-5.819702
-5.7632446
-6.111145
-9.754944
-10.491943
-9.263611
-9.992981
-10.444641
-10.044861
-10.06012
-9.602356
-8.2901
-11.738586
-11.146545
-10.189819
-12.080383
-9.55658
-11.262512
-12.112427
-11.5448
-13.41095
-12.5
-11.901855
-11.923218
-14.201355
-14.173889
-13.192749
-14.848328
-12.516785
-10.687256
-12.388611
-12.808228
-12.081909
-13.215637
-12.257385
-12.432861
-12.362671
-12.782288
-12.425232
-12.905884
-11.97052
-12.117004
-13.064575
-13.639832
-13.595581
-13.189697
-13.381958
-12.399292
-12.658691
-13.148499
-10.261536
-12.6297
-12.562561
-11.619568
-12.353516
-13.070679
-13.865662
-14.802551
-15.301514
-14.080811
-16.125488
-15.374756
-15.586853
-15.992737
-15.992737
-15.812683
-16.43219
-16.329956
-16.627502
-17.137146
-18.011475
-19.755554
-19.758606
-19.909668
-19.036865
-19.908142
-19.268799
-18.234253
-18.792725
-18.31665
-18.572998
-19.172668
-17.129517
-15.52124
-17.424011
-16.421509
-15.895081
-15.637207
-14.892578
-15.733337
-16.168213
-15.6692505
-15.814209
-16.67633
-15.6692505
-17.555237
-18.670654
-16.555786
-18.789673
-17.630005
-18.908691
-19.352722
-18.278503
-19.66858
-20.419312
-18.830872
-21.144104
-20.436096
-21.148682
-22.659302
-22.750854
-22.773743
-22.77832
-23.625183
-23.797607
-24.783325
-24.177551
-22.683716
-22.961426
-22.894287
-23.835754
-26.069641
-24.676514
-24.62616
-24.868774
-23.669434
-24.861145
-26.176453
-26.12915
-27.156067
-27.650452
-25.646973
-25.881958
-25.74768
-24.354553
-25.515747
-25.482178
-23.951721
-24.79248
-24.84436
-24.609375
-23.254395
-24.711609
-24.711609
-24.711609
-23.945618
-24.517822
-26.075745
-24.668884
-23.562622
-25.489807
-24.664307
-23.474121
-23.390198
-25.126648
-24.952698
-24.134827
-24.697876
-25.160217
-24.891663
-24.86267
-24.6109
-24.429321
-25.14801
-26.62201
-27.128601
-26.457214
-28.190613
-29.08783
-29.750061
-29.699707
-28.68042
-29.257202
-30.271912
-29.57611
-30.479431
-31.13861
-30.648804
-31.3797
-30.560303
-31.25
-32.800293
-30.577087
-31.784058
-32.626343
-31.402588
-31.391907
-31.556702
-30.23529
-31.358337
-32.643127
-33.042908
-31.430054
-32.107544
-31.428528
-32.737732
-32.307434
-31.0318
-31.976318
-32.992554
-32.43103
-31.384277
-32.099915
-32.666016
-30.674744
-31.64215
-32.354736
-32.96051
-32.780457
-31.280518
-32.452393
-32.447815
-31.622314
-30.488586
-30.659485
-31.410217
-31.248474
-32.887268
-31.990051
-34.11255
-32.704163
-33.44879
-33.753967
-33.753967
-33.753967
-35.961914
-35.961914
-35.328674
-36.872864
-36.3266
-35.946655
-35.00061
-36.18164
-36.395264
-36.325073
-37.223816
-35.983276
-34.991455
-34.64966
-36.460876
-35.681152
-35.438538
-35.35614
-35.894775
-36.740112
-35.536194
-36.898804
-35.835266
-34.573364
-33.61664
-34.06067
-34.14917
-34.368896
-33.470154
-34.495544
-32.417297
-33.04901
-34.661865
-35.256958
-33.5083
-34.31549
-32.51648
-34.291077
-33.984375
-34.1156
-32.981873
-32.418823
-32.777405
-35.04944
-33.702087
-33.561707
-31.951904
-30.667114
-33.70819
-34.236145
-34.370422
-33.70819
-34.375
-35.183716
-33.776855
-33.996582
-34.957886
-35.00061
-34.48944
-36.245728
-35.827637
-36.384583
-35.95276
-34.931946
-35.324097
-36.62262
-35.292053
-36.405945
-36.590576
-36.32965
-37.539673
-35.905457
-34.87091
-36.21826
-34.906006
-36.30829
-35.247803
-34.93805
-33.57086
-33.57086
-34.085083
-33.840942
-32.533264
-32.02057
-31.575012
-31.63147
-30.877686
-31.105042
-30.15747
-31.066895
-29.08783
-30.218506
-30.374146
-30.316162
-29.170227
-28.536987
-28.00293
-28.712463
-29.263306
-29.074097
-27.516174
-29.536438
-27.799988
-29.151917
-29.18396
-30.827332
-30.839539
-30.245972
-29.988098
-31.263733
-30.43518
-29.8172
-31.365967
-30.769348
-31.60553
-30.696106
-32.74994
-31.73523
-31.988525
-32.9422
-34.01184
-33.239746
-32.696533
-33.01239
-30.760193
-33.026123
-32.14569
-32.618713
-32.499695
-34.109497
-33.294678
-30.81665
-33.239746
-31.347656
-30.749512
-31.088257
-29.570007
-29.40979
-27.815247
-29.496765
-29.266357
-29.624939
-30.355835
-28.755188
-30.093384
-30.02472
-27.780151
-29.56543
-29.530334
-29.278564
-30.879211
-29.786682
-30.58014
-30.229187
-29.649353
-28.900146
-30.204773
-31.375122
-31.375122
-31.375122
-32.266235
-30.670166
-31.472778
-32.18689
-32.655334
-33.111572
-32.017517
-30.265808
-31.419373
-32.963562
-30.21698
-30.651855
-31.5094
-32.32727
-32.922363
-31.251526
-30.950928
-32.374573
-32.83844
-32.499695
-33.26416
-32.969666
-33.39386
-33.006287
-33.14514
-31.414795
-31.861877
-31.333923
-31.83899
-31.723022
-31.54602
-31.419373
-31.510925
-31.129456
-31.512451
-31.10962
-30.683899
-31.634521
-31.60553
-29.710388
-31.929016
-33.029175
-32.522583
-32.30133
-32.591248
-33.062744
-32.373047
-31.855774
-30.557251
-34.542847
-32.943726
-32.67212
-34.983826
-35.97412
-34.86023
-35.334778
-35.655212
-35.90393
-37.12616
-35.021973
-37.078857
-37.78839
-38.194275
-37.64496
-37.667847
-37.25128
-38.708496
-38.5849
-38.1958
-38.963318
-41.818237
-40.04364
-39.489746
-40.220642
-40.78827
-41.789246
-39.752197
-40.301514
-40.301514
-42.82074
-42.370605
-41.93573
-41.9281
-41.63971
-42.012024
-42.947388
-42.419434
-40.893555
-40.800476
-41.574097
-43.43872
-43.19458
-43.597412
-42.391968
-41.905212
-42.30652
-43.20984
-41.73584
-42.57202
-42.93213
-41.73889
-42.816162
-43.50586
-42.900085
-44.221497
-43.73932
-41.815186
-42.634583
-43.481445
-43.69507
-42.710876
-41.66565
-42.030334
-40.519714
-41.99829
-41.192627
-42.16919
-41.0141
-41.059875
-40.1886
-39.837646
-38.793945
-39.178467
-39.102173
-38.667297
-38.737488
-38.320923
-40.50293
-37.998962
-39.31732
-40.345764
-39.38446
-38.63983
-39.30664
-38.482666
-38.822937
-38.5849
-38.526917
-38.163757
-40.293884
-38.887024
-37.008667
-37.512207
-38.29193
-38.609314
-39.00299
-38.471985
-38.471985
-38.92975
-38.523865
-37.408447
-38.272095
-37.599182
-37.59613
-37.098694
-39.09149
-38.54828
-39.23645
-39.23645
-36.836243
-37.1994
-36.706543
-37.31079
-37.165833
-37.31079
-36.52649
-37.513733
-36.468506
-36.203003
-35.273743
-36.038208
-37.2818
-35.868835
-36.294556
-36.27777
-36.813354
-36.135864
-35.186768
-36.643982
-37.7594
-37.371826
-38.18817
-36.93695
-38.62915
-37.887573
-37.54883
-38.316345
-39.460754
-37.73346
-37.35504
-37.49695
-38.685608
-39.212036
-38.14087
-39.50348
-38.84735
-38.16986
-38.87787
-39.96277
-37.890625
-39.308167
-38.446045
-39.68811
-39.300537
-38.391113
-39.665222
-39.491272
-39.72168
-40.6662
-38.116455
-39.500427
-39.21051
-39.86969
-39.157104
-40.22827
-38.511658
-39.29138
-38.46588
-38.16986
-37.704468
-39.517212
-36.088562
-37.72583
-37.98523
-37.705994
-37.43286
-37.078857
-37.30011
-36.557007
-37.64038
-38.235474
-36.88507
-36.43036
-35.606384
-36.228943
-37.69226
-36.766052
-36.766052
-36.766052
-37.165833
-38.209534
-36.78894
-39.21814
-36.610413
-39.338684
-37.895203
-37.324524
-38.78174
-37.989807
-38.16681
-36.824036
-38.24768
-38.83667
-37.693787
-37.942505
-38.42163
-38.90381
-38.983154
-38.934326
-38.407898
-39.5813
-38.020325
-38.67798
-39.134216
-36.364746
-39.208984
-37.687683
-38.02643
-38.432312
-37.0636
-36.062622
-37.789917
-38.74054
-36.42578
-36.499023
-36.161804
-36.679077
-37.461853
-37.487793
-36.610413
-34.765625
-37.78534
-36.105347
-35.853577
-35.980225
-36.79657
-34.90448
-35.16388
-36.653137
-37.17041
-37.886047
-37.825012
-36.816406
-36.361694
-36.87744
-35.92224
-36.63025
-36.87439
-36.036682
-37.802124
-35.88257
-36.58142
-38.54828
-37.371826
-36.143494
-35.606384
-36.691284
-37.094116
-37.74872
-36.634827
-37.210083
-37.075806
-36.95526
-37.542725
-37.374878
-37.405396
-35.749817
-35.749817
-35.749817
-36.480713
-36.813354
-36.22589
-34.498596
-34.69696
-35.935974
-34.960938
-35.151672
-34.934998
-34.848022
-33.676147
-33.43048
-32.876587
-33.743286
-34.12018
-32.958984
-34.924316
-33.73108
-34.233093
-33.8089
-34.783936
-33.877563
-33.528137
-34.00421
-34.861755
-33.406067
-32.536316
-33.940125
-34.028625
-33.480835
-33.462524
-33.425903
-32.606506
-32.765198
-34.684753
-33.5907
-33.052063
-32.818604
-33.1131
-33.389282
-34.28955
-34.92737
-32.896423
-35.017395
-34.928894
-33.258057
-32.951355
-32.97577
-34.44214
-34.202576
-35.01892
-32.766724
-33.039856
-33.66089
-32.49054
-31.65741
-31.861877
-33.00171
-32.70874
-31.155396
-32.891846
-30.352783
-30.88684
-32.922363
-32.157898
-31.155396
-30.76477
-31.427002
-30.929565
-30.961609
-33.233643
-30.360413
-31.71997
-29.814148
-30.960083
-32.10144
-31.474304
-33.30536
-33.30536
-33.30536
-33.30078
-32.873535
-33.607483
-33.54492
-34.091187
-34.81598
-32.878113
-32.826233
-34.28955
-34.106445
-34.246826
-33.103943
-35.108948
-34.240723
-34.262085
-33.93402
-34.10797
-35.395813
-36.141968
-34.051514
-34.90753
-35.308838
-34.509277
-35.198975
-33.992004
-34.910583
-35.560608
-35.014343
-35.31494
-35.31952
-35.69641
-33.546448
-33.17566
-34.55963
-35.224915
-34.233093
-34.57794
-32.284546
-33.68683
-33.618164
-34.04541
-33.703613
-33.740234
-34.50775
-35.238647
-34.088135
-36.616516
-33.53882
-34.580994
-35.4599
-33.18634
-35.72998
-34.69391
-33.963013
-34.332275
-34.2453
-34.12018
-34.27887
-33.976746
-35.74829
-34.613037
-36.18622
-35.951233
-34.00116
-35.56366
-34.42688
-36.071777
-34.24225
-35.07538
-34.62982
-36.392212
-34.648132
-33.62732
-34.495544
-35.32715
-34.558105
-33.865356
-34.031677
-34.031677
-34.031677
-35.25238
-34.39331
-35.598755
-32.63092
-31.912231
-34.339905
-32.61566
-31.259155
-33.66394
-33.79364
-32.821655
-31.912231
-34.291077
-33.09021
-34.40094
-35.058594
-33.850098
-33.59375
-34.80835
-33.502197
-34.718323
-34.01184
-33.0307
-33.354187
-34.742737
-34.895325
-33.587646
-32.55005
-34.0744
-33.477783
-34.529114
-32.048035
-34.51996
-32.77893
-34.880066
-33.75244
-34.36432
-34.16443
-34.402466
-35.017395
-34.677124
-34.23004
-34.181213
-33.372498
-33.999634
-33.285522
-33.721924
-34.2041
-33.828735
-32.62787
-32.585144
-32.21283
-32.066345
-31.349182
-30.822754
-32.57599
-31.32782
-30.955505
-31.26831
-31.111145
-31.930542
-30.54657
-31.68335
-32.62024
-30.33142
-31.158447
-31.63147
-31.910706
-33.351135
-32.492065
-31.106567
-33.522034
-31.019592
-33.251953
-32.888794
-32.669067
-31.840515
-31.173706
-31.173706
-31.173706
-32.92694
-31.999207
-32.792664
-30.108643
-30.880737
-32.417297
-31.532288
-32.629395
-32.00836
-31.861877
-32.70111
-31.532288
-32.192993
-32.91931
-31.459045
-31.277466
-31.033325
-31.872559
-31.515503
-31.369019
-30.807495
-31.465149
-31.159973
-30.847168
-29.734802
-30.61676
-28.161621
-31.144714
-29.208374
-29.466248
-29.389954
-28.964233
-29.522705
-30.690002
-29.6875
-30.26123
-29.959106
-28.63617
-29.4281
-29.434204
-31.004333
-29.09851
-30.227661
-30.432129
-31.803894
-31.41632
-30.027771
-30.960083
-30.4245
-29.856873
-30.543518
-30.499268
-30.987549
-30.89447
-29.753113
-31.251526
-29.312134
-29.35791
-29.484558
-30.905151
-31.77948
-32.661438
-31.951904
-32.743835
-31.025696
-31.907654
-31.58722
-32.86743
-30.3833
-32.50885
-30.517578
-30.259705
-30.680847
-31.292725
-30.97992
-31.430054
-31.12793
-31.015015
-31.015015
-31.015015
-31.011963
-31.90918
-29.6875
-32.67975
-33.37097
-33.40912
-32.017517
-32.62787
-33.22296
-34.45587
-34.95636
-34.40857
-35.575867
-35.017395
-34.977722
-34.725952
-34.854126
-35.009766
-34.613037
-35.638428
-35.743713
-35.577393
-35.090637
-35.699463
-33.242798
-35.739136
-33.64563
-34.31549
-35.05249
-35.48889
-36.079407
-35.932922
-36.038208
-36.07025
-36.146545
-36.064148
-36.180115
-35.7193
-37.79297
-35.62317
-35.743713
-36.772156
-37.046814
-36.04126
-36.195374
-36.39984
-36.846924
-35.276794
-35.64911
-34.436035
-33.232117
-35.26001
-34.124756
-34.59778
-35.020447
-34.814453
-34.59778
-35.01892
-34.417725
-35.894775
-35.490417
-35.697937
-34.2041
-35.09369
-35.266113
-35.614014
-35.560608
-35.116577
-37.275696
-36.650085
-35.295105
-37.384033
-36.120605
-35.302734
-34.291077
-34.613037
-35.01892
-37.590027
-37.590027
-37.590027
-36.102295
-36.541748
-34.588623
-35.813904
-35.847473
-35.916138
-35.70404
-35.44922
-36.161804
-35.85968
-36.71112
-35.487366
-36.125183
-36.21216
-35.620117
-34.918213
-37.84027
-36.09314
-36.491394
-33.958435
-34.87854
-34.628296
-35.603333
-34.318542
-33.48236
-35.20813
-34.64966
-34.539795
-35.09369
-33.372498
-35.142517
-35.19745
-34.814453
-35.733032
-34.396362
-35.03723
-36.843872
-36.683655
-36.209106
-36.375427
-36.24878
-34.91974
-35.409546
-37.216187
-35.050964
-36.23047
-36.776733
-36.30371
-35.421753
-35.832214
-34.67102
-35.324097
-35.99701
-35.33783
-36.63025
-37.617493
-37.3291
-36.869812
-36.283875
-35.38971
-37.382507
-36.982727
-36.676025
-35.64148
-36.90033
-36.392212
-36.158752
-37.40387
-35.90088
-34.42383
-34.136963
-34.751892
-33.737183
-33.335876
-34.220886
-33.135986
-33.18329
-34.513855
-34.513855
-34.513855
-33.354187
-34.568787
-32.814026
-34.158325
-32.539368
-32.878113
-34.210205
-33.265686
-33.862305
-32.569885
-33.824158
-34.370422
-34.121704
-33.503723
-34.318542
-34.66339
-35.609436
-34.054565
-35.24475
-34.64203
-34.329224
-34.32617
-35.554504
-35.13794
-34.109497
-35.95276
-35.27069
-33.89435
-34.49707
-35.035706
-34.913635
-34.321594
-33.668518
-34.103394
-33.35266
-33.444214
-33.0719
-32.80487
-33.735657
-33.880615
-33.96759
-32.759094
-34.0683
-33.581543
-33.094788
-33.84247
-32.24945
-32.30133
-32.684326
-33.184814
-34.484863
-33.761597
-33.981323
-34.495544
-33.262634
-33.029175
-34.132385
-32.650757
-32.356262
-34.27124
-35.44159
-34.265137
-34.046936
-34.272766
-32.79724
-34.014893
-33.044434
-32.989502
-33.029175
-33.7265
-33.08258
-33.187866
-32.15027
-32.97119
-33.198547
-32.29828
-32.380676
-34.002686
-34.002686
-34.002686
-33.57849
-33.17566
-31.55365
-33.83026
-33.81958
-34.510803
-32.94525
-32.51648
-33.729553
-32.595825
-32.592773
-32.82776
-32.01294
-32.862854
-32.037354
-32.30133
-32.58972
-32.481384
-30.19867
-32.26013
-32.533264
-31.712341
-31.195068
-32.00836
-31.713867
-31.53534
-31.259155
-31.790161
-33.999634
-30.618286
-32.606506
-32.032776
-31.729126
-33.506775
-31.877136
-31.73523
-32.94983
-31.826782
-31.36139
-31.318665
-31.38733
-31.150818
-32.122803
-32.403564
-31.166077
-32.42035
-32.896423
-31.706238
-30.892944
-31.712341
-32.58667
-30.493164
-32.04193
-32.025146
-31.306458
-31.970215
-31.314087
-31.634521
-31.988525
-31.78711
-32.443237
-30.265808
-32.18689
-32.08313
-32.383728
-30.88684
-31.947327
-32.824707
-33.459473
-31.913757
-33.377075
-31.915283
-31.99768
-31.015015
-31.455994
-31.269836
-31.988525
-30.111694
-30.111694
-30.111694
-32.099915
-31.053162
-31.056213
-31.12793
-31.8573
-30.578613
-31.092834
-31.381226
-31.439209
-31.274414
-33.14514
-32.35016
-33.288574
-32.154846
-31.176758
-31.625366
-32.6416
-31.61621
-31.822205
-32.676697
-30.914307
-30.982971
-32.76367
-31.784058
-33.493042
-32.110596
-31.053162
-33.114624
-33.18329
-31.655884
-32.429504
-31.297302
-30.632019
-32.087708
-32.434082
-31.92749
-32.53784
-31.790161
-32.824707
-31.221008
-32.118225
-31.692505
-31.306458
-29.412842
-32.073975
-31.947327
-32.554626
-32.388306
-32.099915
-31.871033
-30.763245
-32.86743
-31.359863
-31.625366
-32.0282
-32.3761
-31.541443
-32.22046
-30.659485
-30.145264
-33.10089
-31.161499
-33.47931
-32.676697
-32.539368
-32.09839
-31.291199
-32.29828
-30.654907
-31.855774
-31.924438
-32.59735
-33.190918
-32.147217
-31.208801
-32.73468
-31.074524
-31.25
-31.25
-31.25
-31.381226
-31.007385
-30.966187
-30.630493
-31.825256
-31.826782
-31.36139
-32.09076
-29.760742
-32.095337
-32.081604
-31.622314
-32.00836
-32.606506
-31.79779
-31.91986
-31.025696
-32.443237
-32.82318
-32.443237
-32.774353
-30.717468
-32.03125
-32.26471
-33.569336
-33.085632
-31.806946
-33.12683
-31.92749
-34.5047
-31.811523
-32.521057
-32.540894
-32.962036
-32.699585
-31.76117
-33.187866
-32.455444
-34.077454
-32.707214
-33.769226
-33.27484
-35.0708
-32.780457
-33.695984
-32.655334
-34.00421
-33.683777
-34.37805
-33.9859
-31.929016
-33.203125
-34.0271
-33.421326
-32.821655
-33.180237
-35.44159
-33.389282
-33.839417
-31.817627
-34.373474
-34.049988
-33.346558
-31.948853
-32.862854
-32.52716
-33.088684
-33.59375
-34.017944
-33.859253
-33.016968
-33.981323
-33.399963
-34.44214
-34.062195
-33.184814
-34.410095
-33.872986
-31.996155
-31.996155
-33.784485
-33.111572
-32.595825
-33.81195
-33.2489
-32.650757
-33.921814
-33.2901
-32.400513
-32.61261
-33.416748
-33.161926
-33.258057
-33.395386
-33.847046
-33.932495
-33.924866
-33.328247
-34.9823
-34.114075
-33.273315
-33.000183
-34.631348
-33.706665
-33.10852
-32.17163
-32.595825
-33.198547
-33.10852
-33.91266
-35.227966
-32.06482
-32.321167
-33.172607
-32.76062
-34.466553
-33.23059
-32.447815
-34.568787
-33.103943
-33.981323
-32.84912
-32.87506
-32.751465
-34.43451
-32.939148
-33.610535
-33.70056
-33.587646
-33.04596
-31.52008
-33.54187
-33.410645
-33.392334
-32.11975
-31.57959
-33.44879
-32.424927
-33.04901
-33.84247
-32.313538
-31.929016
-32.318115
-33.776855
-33.84857
-32.737732
-32.78961
-33.44879
-32.54547
-33.18634
-32.888794
-33.032227
-32.4646
-34.10492
-33.880615
-33.77838
-33.68988
-32.411194
-32.411194
-32.411194
-33.917236
-33.703613
-33.63037
-33.48236
-34.21936
-33.372498
-33.694458
-33.262634
-33.268738
-33.67157
-31.994629
-32.539368
-32.466125
-34.342957
-33.885193
-33.158875
-33.59375
-33.122253
-32.5058
-33.46405
-32.084656
-32.61566
-33.10852
-33.236694
-33.172607
-33.543396
-33.139038
-31.880188
-32.865906
-32.644653
-34.01184
-33.3786
-33.07953
-34.420776
-33.67157
-33.244324
-32.504272
-33.270264
-33.924866
-33.75702
-31.918335
-33.683777
-35.482788
-32.90863
-33.380127
-31.697083
-33.215332
-33.125305
-33.668518
-32.981873
-32.2052
-33.59375
-32.8125
-31.774902
-33.825684
-33.374023
-34.710693
-32.817078
-33.621216
-31.716919
-32.52411
-33.38623
-32.87201
-33.929443
-31.947327
-33.6792
-32.955933
-33.714294
-33.206177
-33.110046
-32.99713
-33.277893
-33.668518
-32.97577
-33.000183
-33.792114
-33.477783
-33.83789
-33.83789
-33.83789
-32.53784
-33.024597
