-27.400208
-27.172852
-27.288818
-25.875854
-27.992249
-27.264404
-26.470947
-27.563477
-27.201843
-25.76294
-26.473999
-27.853394
-26.657104
-26.443481
-27.656555
-26.812744
-26.400757
-27.485657
-27.371216
-26.519775
-26.594543
-26.545715
-27.101135
-27.482605
-25.944519
-25.697327
-25.323486
-26.020813
-26.66626
-25.950623
-25.334167
-27.192688
-26.631165
-25.352478
-24.946594
-27.163696
-25.956726
-26.14746
-25.865173
-25.801086
-27.513123
-25.086975
-25.834656
-26.405334
-26.087952
-25.37384
-23.6557
-24.908447
-25.05188
-25.038147
-25.038147
-25.038147
-25.770569
-25.172424
-26.365662
-25.657654
-25.863647
-24.827576
-26.71051
-26.521301
-25.654602
-25.19989
-24.401855
-26.539612
-24.572754
-26.438904
-26.72882
-26.893616
-24.989319
-24.209595
-24.575806
-26.695251
-25.872803
-25.798035
-25.680542
-24.095154
-26.60675
-26.417542
-25.872803
-25.022888
-24.938965
-25.027466
-25.775146
-25.343323
-25.965881
-24.46289
-26.420593
-26.420593
-24.563599
-25.097656
-25.02594
-24.891663
-25.654602
-26.38092
-24.388123
-26.533508
-26.438904
-25.959778
-26.664734
-25.75531
-25.331116
-26.046753
-25.611877
-27.253723
-26.438904
-25.65155
-26.423645
-25.772095
-25.00763
-25.805664
-25.923157
-25.944519
-26.890564
-27.474976
-25.2182
-25.132751
-27.22168
-27.114868
-25.98114
-27.642822
-26.860046
-25.012207
-25.184631
-25.346375
-25.78888
-25.959778
-25.796509
-26.71051
-27.233887
-27.95105
-25.987244
-25.987244
-25.987244
-24.55597
-27.19574
-25.346375
-27.16217
-26.74408
-25.770569
-26.071167
-27.883911
-27.134705
-24.127197
-26.695251
-25.956726
-26.774597
-25.639343
-26.837158
-25.196838
-26.481628
-26.438904
-26.048279
-25.912476
-27.157593
-25.743103
-26.109314
-26.774597
-28.71399
-25.675964
-25.941467
-27.459717
-25.860596
-25.698853
-26.753235
-26.914978
-27.607727
-25.798035
-27.528381
-26.765442
-24.961853
-26.400757
-25.227356
-26.583862
-27.207947
-25.611877
-26.435852
-27.207947
-27.632141
-26.628113
-26.402283
-26.843262
-26.126099
-25.94757
-26.597595
-26.753235
-25.343323
-27.497864
-26.809692
-27.19574
-27.18811
-25.96283
-26.741028
-24.926758
-27.360535
-25.312805
-24.113464
-27.43988
-27.194214
-27.593994
-27.548218
-26.05896
-26.522827
-25.376892
-27.449036
-28.64685
-26.51062
-26.560974
-27.835083
-26.707458
-24.746704
-25.52948
-25.52948
-25.52948
-25.907898
-26.022339
-27.389526
-26.628113
-25.761414
-25.744629
-24.97406
-26.057434
-24.932861
-26.81427
-28.562927
-25.598145
-25.868225
-25.076294
-25.328064
-24.537659
-25.230408
-25.576782
-24.794006
-24.493408
-25.645447
-25.593567
-25.074768
-25.621033
-26.51062
-23.756409
-25.956726
-25.708008
-25.241089
-25.138855
-24.827576
-25.254822
-24.047852
-25.230408
-24.342346
-24.153137
-24.336243
-23.423767
-24.41864
-25.032043
-25.117493
-24.281311
-24.525452
-24.005127
-24.809265
-24.186707
-23.713684
-24.41864
-24.433899
-24.064636
-24.281311
-24.797058
-24.961853
-24.54834
-23.31543
-25.222778
-24.049377
-24.082947
-24.827576
-23.321533
-24.83368
-24.293518
-24.017334
-23.596191
-24.040222
-22.567749
-22.807312
-24.827576
-22.254944
-24.249268
-23.725891
-23.301697
-24.075317
-22.496033
-24.183655
-22.550964
-23.6969
-22.149658
-22.149658
-22.149658
-23.287964
-22.790527
-22.883606
-24.301147
-22.994995
-20.768738
-20.521545
-23.76709
-22.499084
-23.295593
-22.563171
-22.48993
-22.63794
-23.278809
-23.344421
-23.072815
-22.36023
-23.374939
-22.627258
-23.478699
-22.821045
-23.001099
-23.12622
-22.232056
-22.732544
-22.88208
-24.749756
-23.239136
-22.335815
-23.667908
-23.228455
-23.919678
-22.151184
-23.118591
-22.761536
-23.797607
-24.273682
-22.476196
-22.787476
-23.007202
-22.444153
-22.409058
-24.372864
-23.616028
-24.45221
-24.920654
-24.143982
-24.272156
-25.349426
-23.605347
-25.169373
-24.150085
-23.884583
-22.644043
-24.285889
-23.413086
-24.020386
-22.827148
-23.503113
-24.139404
-23.391724
-24.989319
-25.04425
-24.403381
-24.717712
-24.449158
-25.697327
-24.12262
-25.11139
-24.308777
-24.473572
-24.482727
-24.44458
-23.571777
-25.991821
-23.736572
-22.23053
-23.208618
-23.530579
-23.530579
-23.63739
-24.598694
-24.134827
-24.916077
-25.671387
-25.074768
-24.946594
-24.95575
-25.126648
-25.416565
-25.820923
-25.0
-24.501038
-27.583313
-26.997375
-28.048706
-27.35138
-24.911499
-26.637268
-26.016235
-26.724243
-25.872803
-26.197815
-25.31128
-25.39978
-26.083374
-26.091003
-25.765991
-25.78125
-25.028992
-24.092102
-26.521301
-25.570679
-25.410461
-24.77417
-25.714111
-25.856018
-25.552368
-25.726318
-26.197815
-26.14746
-25.549316
-25.924683
-25.654602
-25.019836
-25.9552
-25.135803
-25.083923
-26.095581
-24.874878
-26.919556
-26.45874
-26.72882
-27.430725
-27.618408
-28.033447
-25.465393
-25.20752
-24.946594
-25.326538
-25.28534
-26.499939
-26.091003
-27.215576
-25.498962
-25.827026
-26.757812
-26.745605
-27.365112
-26.77002
-25.662231
-24.409485
-24.920654
-27.29187
-26.846313
-27.688599
-28.160095
-27.198792
-27.198792
-27.198792
-28.06549
-28.823853
-26.79596
-26.539612
-26.330566
-27.488708
-26.350403
-27.804565
-25.767517
-27.36969
-26.29242
-28.161621
-26.3443
-27.436829
-25.622559
-27.148438
-27.17743
-25.221252
-25.648499
-26.741028
-25.33722
-26.60675
-25.720215
-26.38855
-24.435425
-25.346375
-25.213623
-24.601746
-24.908447
-24.258423
-23.898315
-24.92981
-26.150513
-24.632263
-26.92871
-25.72174
-26.219177
-25.231934
-26.78833
-26.228333
-26.54419
-25.11444
-26.828003
-26.069641
-26.683044
-25.808716
-26.705933
-25.292969
-25.87738
-25.45929
-27.389526
-27.476501
-27.929688
-27.35138
-27.2583
-27.2583
-28.277588
-28.074646
-27.192688
-26.26648
-26.663208
-28.074646
-27.940369
-28.669739
-26.409912
-27.545166
-27.244568
-28.77655
-28.665161
-29.129028
-28.057861
-29.614258
-29.70581
-28.962708
-30.628967
-30.696106
-28.503418
-28.483582
-30.02472
-30.02472
-29.692078
-29.045105
-29.548645
-29.10614
-29.924011
-29.135132
-28.018188
-28.967285
-27.688599
-26.219177
-27.632141
-28.434753
-29.751587
-27.500916
-29.211426
-28.213501
-30.23529
-29.995728
-29.82483
-30.473328
-30.381775
-29.779053
-30.430603
-31.291199
-30.226135
-28.691101
-30.384827
-29.62799
-30.43518
-30.69458
-29.588318
-29.444885
-30.665588
-30.447388
-30.529785
-29.260254
-29.24347
-29.112244
-28.56903
-28.248596
-29.112244
-28.504944
-28.92456
-29.057312
-29.212952
-30.599976
-27.993774
-28.761292
-29.042053
-29.014587
-28.587341
-29.551697
-28.637695
-28.300476
-28.572083
-29.095459
-29.362488
-29.33197
-28.6026
-30.204773
-28.770447
-27.17743
-28.346252
-29.057312
-27.609253
-28.813171
-27.212524
-28.024292
-28.66211
-26.548767
-29.438782
-27.354431
-28.729248
-28.015137
-27.845764
-29.708862
-28.42102
-29.452515
-26.733398
-26.733398
-27.339172
-26.565552
-28.87268
-29.66156
-27.581787
-28.62854
-28.144836
-26.055908
-27.105713
-26.094055
-26.881409
-26.971436
-25.906372
-26.785278
-26.641846
-24.645996
-25.701904
-25.930786
-26.373291
-26.235962
-27.432251
-27.107239
-24.545288
-23.986816
-24.702454
-22.653198
-24.938965
-25.85144
-24.247742
-23.469543
-25.02594
-24.346924
-24.63684
-24.423218
-25.010681
-25.00763
-25.132751
-25.776672
-25.250244
-25.492859
-24.711609
-23.791504
-25.151062
-25.230408
-25.186157
-24.894714
-23.9151
-24.760437
-26.473999
-25.186157
-24.046326
-26.167297
-23.16742
-24.238586
-24.707031
-23.75946
-22.7005
-23.330688
-23.953247
-24.113464
-26.098633
-24.230957
-24.937439
-23.573303
-24.829102
-24.002075
-24.08142
-22.964478
-23.226929
-21.438599
-23.536682
-22.062683
-24.342346
-21.891785
-23.478699
-23.62976
-22.851562
-23.580933
-23.81134
-22.729492
-24.291992
-24.291992
-24.10736
-23.39325
-24.230957
-22.645569
-22.810364
-25.036621
-23.083496
-23.132324
-24.342346
-23.657227
-23.851013
-24.382019
-24.473572
-24.057007
-24.145508
-23.01178
-25.332642
-23.397827
-24.867249
-22.871399
-23.500061
-23.010254
-23.648071
-22.709656
-22.106934
-22.67456
-23.54889
-20.736694
-24.214172
-22.62268
-21.690369
-21.124268
-21.754456
-21.165466
-21.965027
-22.125244
-23.704529
-20.896912
-20.921326
-21.061707
-21.923828
-22.447205
-22.381592
-21.095276
-22.70813
-21.37909
-22.357178
-22.549438
-23.504639
-20.480347
-21.896362
-21.188354
-21.609497
-20.829773
-21.322632
-24.220276
-21.710205
-21.740723
-21.98639
-22.450256
-21.252441
-21.809387
-23.043823
-22.30072
-22.999573
-22.520447
-21.92688
-21.658325
-21.50116
-22.540283
-20.002747
-21.920776
-22.723389
-21.063232
-21.548462
-20.143127
-22.505188
-22.505188
-22.505188
-20.721436
-22.755432
-20.350647
-20.916748
-21.607971
-20.263672
-20.184326
-20.446777
-20.265198
-19.92035
-19.161987
-20.069885
-18.75763
-18.139648
-18.907166
-17.700195
-18.133545
-18.896484
-19.60144
-17.315674
-18.675232
-18.09082
-19.45343
-18.67981
-19.522095
-20.344543
-19.093323
-20.236206
-19.610596
-20.13092
-20.025635
-20.690918
-20.233154
-20.544434
-19.322205
-20.448303
-20.071411
-21.253967
-22.279358
-22.131348
-22.151184
-23.77472
-22.285461
-21.401978
-20.39795
-20.936584
-21.624756
-19.836426
-22.314453
-21.520996
-21.835327
-21.836853
-21.07544
-23.652649
-23.666382
-21.36383
-21.182251
-20.69397
-21.182251
-22.531128
-22.175598
-21.86737
-22.773743
-20.469666
-20.355225
-22.439575
-22.897339
-22.590637
-21.91925
-22.705078
-22.590637
-21.723938
-21.273804
-21.530151
-23.545837
-22.73407
-21.800232
-23.34137
-23.34137
-22.550964
-22.37854
-22.38617
-23.80371
-23.979187
-24.441528
-25.205994
-24.871826
-24.864197
-23.802185
-26.725769
-26.333618
-26.623535
-25.106812
-26.60675
-25.869751
-26.585388
-26.521301
-26.560974
-25.779724
-25.776672
-29.089355
-26.985168
-27.682495
-27.957153
-27.476501
-27.677917
-26.683044
-27.598572
-29.748535
-28.205872
-29.063416
-29.888916
-29.116821
-30.25055
-28.123474
-27.722168
-28.141785
-27.740479
-28.152466
-27.868652
-27.885437
-27.894592
-30.126953
-28.509521
-26.368713
-28.173828
-27.359009
-28.535461
-27.31781
-29.582214
-28.318787
-28.338623
-28.796387
-28.895569
-27.955627
-27.912903
-29.008484
-27.116394
-27.49176
-27.56195
-27.555847
-27.105713
-25.572205
-27.545166
-26.73645
-27.862549
-26.373291
-26.409912
-26.416016
-25.718689
-26.316833
-24.74823
-26.733398
-24.867249
-24.08905
-25.98114
-24.913025
-23.54889
-23.54889
-23.23761
-22.932434
-23.977661
-23.381042
-21.76361
-22.729492
-22.154236
-21.829224
-21.173096
-21.658325
-19.709778
-22.410583
-20.353699
-18.299866
-19.641113
-18.10608
-16.773987
-18.740845
-17.271423
-17.388916
-19.682312
-15.821838
-15.014648
-14.889526
-14.733887
-14.91394
-14.048767
-13.319397
-13.998413
-12.876892
-12.719727
-10.852051
-12.060547
-11.026001
-12.167358
-11.190796
-10.88562
-9.777832
-9.776306
-9.268188
-8.999634
-10.066223
-7.9101562
-6.4834595
-5.569458
-6.3964844
-4.032898
-5.1605225
-3.4622192
-3.85437
-4.3762207
-2.0767212
-2.770996
-3.1188965
-2.4414062
-0.541687
-0.46844482
-0.0076293945
-0.4928589
0.20141602
-0.76446533
1.0543823
1.0421753
0.592041
1.5258789
0.63323975
2.1240234
2.8503418
4.142761
2.11792
3.6636353
2.810669
4.109192
5.680847
5.0994873
6.0043335
6.045532
5.8547974
7.394409
7.394409
8.088684
8.982849
6.3964844
7.5668335
7.23114
8.317566
11.039734
8.050537
8.71582
8.825684
8.354187
8.946228
9.883118
10.423279
10.939026
11.29303
11.701965
11.645508
9.640503
11.672974
12.872314
10.327148
11.90033
10.240173
11.065674
10.110474
10.073853
10.437012
10.949707
11.018372
10.968018
9.4314575
10.282898
9.47113
8.079529
9.536743
8.514404
10.058594
7.9574585
9.649658
7.914734
10.040283
9.303284
7.9574585
7.962036
9.503174
8.868408
8.821106
10.235596
9.117126
8.699036
10.383606
8.105469
9.043884
8.815002
7.5531006
9.350586
7.814026
8.622742
9.82666
8.517456
8.203125
8.078003
8.294678
10.473633
10.249329
9.457397
9.048462
9.303284
7.4401855
9.460449
10.51178
10.035706
9.233093
8.203125
8.828735
8.581543
8.900452
8.900452
8.900452
10.084534
9.213257
8.740234
8.905029
7.91626
9.510803
10.899353
9.202576
8.21228
8.514404
8.624268
9.239197
9.370422
9.371948
9.259033
9.480286
8.776855
9.645081
9.5703125
9.977722
9.156799
10.740662
8.609009
9.942627
9.443665
10.188293
10.784912
9.931946
10.757446
10.319519
12.1536255
10.636902
12.289429
12.390137
11.505127
12.872314
12.463379
13.3377075
13.188171
14.830017
12.806702
13.111877
13.139343
13.006592
11.747742
13.223267
13.082886
12.290955
12.9852295
12.258911
12.730408
12.689209
12.704468
13.642883
13.15918
14.468384
13.754272
13.157654
13.371277
13.395691
12.600708
12.600708
12.57782
11.991882
12.92572
11.090088
12.020874
12.826538
12.963867
13.560486
12.593079
13.40332
13.661194
14.199829
12.113953
14.11438
12.744141
11.853027
11.853027
11.853027
12.039185
13.339233
13.154602
10.27832
12.30011
11.749268
10.702515
11.192322
11.764526
8.885193
10.65979
10.202026
8.326721
9.259033
8.572388
8.770752
8.360291
11.073303
9.048462
7.9315186
7.572937
7.7148438
9.45282
6.8878174
7.7163696
7.409668
4.849243
6.9488525
7.5683594
6.92749
6.0043335
7.0144653
6.7489624
6.3095093
6.3415527
5.8792114
5.0491333
3.6727905
4.786682
3.9962769
3.7155151
2.8396606
3.8146973
3.6865234
3.9794922
3.8284302
2.9800415
1.7105103
3.7399292
2.1530151
3.6361694
-0.077819824
1.1962891
0.7904053
0.44708252
1.4846802
0.8255005
-0.340271
-0.8544922
-0.76293945
0.103759766
0.5355835
0.19226074
0.5081177
-1.9943237
-1.5792847
-0.23803711
-0.04272461
-1.8249512
-1.8066406
-1.1627197
-1.0757446
-1.0467529
-1.8844604
-3.2455444
-1.1169434
-0.3326416
-1.8493652
-1.8493652
-1.8493652
0.31280518
-2.3605347
-1.0238647
-0.8255005
-2.3254395
-1.7105103
-2.6931763
-3.0960083
-2.531433
-1.8890381
-3.831482
-3.1295776
-2.357483
-1.8539429
-3.3950806
-3.263855
-4.058838
-3.3035278
-5.403137
-5.0964355
-4.7836304
-5.4092407
-4.751587
-4.962158
-5.5618286
-5.744934
-8.830261
-5.458069
-4.246521
-4.1275024
-4.400635
-5.1849365
-5.731201
-7.3303223
-6.6085815
-6.741333
-7.2799683
-6.690979
-6.4468384
-7.762146
-7.084656
-6.248474
-8.506775
-6.706238
-8.001709
-9.683228
-9.248352
-8.453369
-7.9193115
-8.676147
-8.200073
-8.946228
-8.16803
-8.833313
-8.486938
-8.155823
-7.9589844
-7.348633
-8.195496
-7.1655273
-9.222412
-9.34906
-8.746338
-7.4050903
-6.5567017
-7.6919556
-6.6589355
-6.842041
-5.340576
-5.4718018
-6.57959
-5.482483
-6.047058
-7.0739746
-6.0195923
-6.0821533
-5.3359985
-4.5669556
-4.5669556
-4.5669556
-3.0166626
-3.9031982
-4.672241
-3.5263062
-5.317688
-4.1992188
-4.9942017
-4.335022
-4.269409
-4.273987
-3.781128
-5.2764893
-5.5511475
-5.215454
-4.737854
-6.55365
-7.0404053
-4.386902
-5.5786133
-5.0582886
-5.6518555
-6.1828613
-6.9351196
-6.538391
-7.887268
-5.2383423
-7.7529907
-5.282593
-5.558777
-6.9000244
-5.683899
-6.4468384
-7.5805664
-9.239197
-6.954956
-9.083557
-8.119202
-7.885742
-7.359314
-8.207703
-9.268188
-9.53064
-9.072876
-9.016418
-8.724976
-11.177063
-10.496521
-10.279846
-9.672546
-10.388184
-10.548401
-10.124207
-11.18927
-11.174011
-11.451721
-13.182068
-14.89563
-15.135193
-14.4104
-12.936401
-13.883972
-13.204956
-13.063049
-14.398193
-14.952087
-15.078735
-15.164185
-15.270996
-15.203857
-15.731812
-17.286682
-17.256165
-15.9210205
-17.356873
-16.282654
-17.762756
-17.881775
-17.758179
-17.758179
-16.76941
-18.499756
-20.301819
-19.062805
-19.04602
-19.0094
-21.092224
-19.90509
-21.498108
-20.558167
-20.00885
-20.63446
-22.337341
-21.983337
-21.237183
-21.681213
-21.273804
-20.716858
-21.424866
-22.206116
-22.380066
-23.143005
-23.908997
-23.773193
-23.143005
-25.810242
-25.271606
-23.825073
-23.84491
-25.89264
-27.450562
-25.939941
-26.79596
-26.876831
-26.5625
-27.015686
-27.490234
-27.294922
-27.651978
-28.096008
-27.44751
-26.663208
-28.855896
-27.108765
-28.257751
-29.385376
-28.823853
-30.303955
-27.557373
-29.41742
-29.742432
-30.055237
-29.600525
-27.961731
-30.036926
-30.28717
-31.114197
-29.962158
-30.749512
-29.696655
-31.793213
-31.512451
-31.185913
-32.681274
-31.674194
-31.437683
-32.200623
-32.21588
-32.637024
-34.09729
-33.937073
-33.906555
-33.13446
-34.606934
-34.140015
-35.29663
-36.157227
-36.541748
-36.541748
-36.541748
-37.32605
-36.442566
-35.710144
-36.47766
-35.632324
-35.31189
-35.21118
-34.66034
-34.605408
-35.3302
-35.14862
-34.66034
-34.53369
-36.894226
-36.29608
-37.565613
-37.76703
-37.77008
-36.84082
-36.21826
-36.364746
-34.069824
-35.68878
-34.68628
-35.897827
-35.19745
-34.43451
-34.63745
-34.718323
-33.299255
-35.354614
-34.751892
-34.90143
-34.196472
-35.575867
-34.84192
-34.17511
-32.157898
-32.582092
-33.80432
-33.95996
-34.555054
-32.406616
-33.813477
-34.005737
-34.451294
-32.611084
-34.420776
-34.136963
-32.258606
-34.136963
-33.84247
-35.339355
-34.591675
-35.357666
-33.662415
-33.911133
-34.414673
-33.251953
-32.97882
-32.81555
-32.167053
-33.000183
-31.752014
-32.946777
-33.00476
-30.59845
-32.78961
-30.85785
-32.148743
-31.28357
-29.367065
-30.480957
-30.525208
-30.123901
-30.014038
-28.93219
-30.0766
-30.0766
-30.0766
-30.0766
-29.924011
-29.754639
-29.650879
-29.014587
-28.619385
-28.970337
-28.591919
-29.04663
-28.997803
-27.668762
-27.687073
-27.48108
-27.832031
-27.026367
-25.796509
-26.583862
-25.796509
-25.939941
-25.820923
-26.71814
-26.25885
-25.019836
-25.23346
-26.496887
-25.45929
-26.963806
-24.649048
-25.323486
-26.88446
-26.63269
-24.357605
-24.507141
-25.761414
-23.573303
-22.363281
-22.666931
-22.821045
-24.95575
-23.765564
-22.34497
-21.029663
-21.981812
-21.253967
-21.502686
-21.528625
-20.639038
-20.73822
-20.532227
-19.943237
-19.483948
-18.29834
-20.24231
-20.385742
-21.21582
-20.326233
-20.555115
-19.598389
-19.572449
-19.0094
-19.4458
-18.762207
-18.234253
-19.656372
-19.422913
-18.107605
-19.633484
-19.670105
-18.162537
-20.458984
-19.926453
-21.022034
-19.902039
-20.98236
-18.9682
-18.984985
-20.161438
-21.121216
-21.121216
-21.121216
-22.068787
-21.884155
-22.070312
-21.298218
-22.814941
-22.491455
-21.479797
-22.999573
-23.005676
-23.568726
-23.49701
-25.500488
-24.465942
-25.028992
-23.771667
-24.21112
-24.832153
-24.861145
-23.57483
-24.85199
-24.836731
-25.445557
-25.820923
-26.184082
-26.339722
-26.618958
-25.871277
-23.892212
-25.564575
-23.789978
-24.794006
-26.325989
-24.565125
-25.294495
-23.921204
-26.88446
-26.533508
-26.335144
-26.321411
-27.742004
-26.605225
-28.01361
-28.009033
-28.42865
-27.612305
-28.00293
-27.255249
-26.913452
-28.637695
-29.46167
-28.878784
-29.116821
-30.987549
-30.02472
-31.498718
-31.088257
-30.943298
-29.246521
-30.201721
-31.79779
-30.229187
-30.058289
-29.17633
-29.490662
-30.88379
-31.559753
-30.213928
-29.290771
-31.776428
-30.787659
-32.424927
-30.645752
-33.052063
-32.39746
-32.304382
-32.518005
-33.607483
-33.229065
-33.229065
-32.50885
-32.914734
-32.21588
-31.141663
-31.259155
-31.292725
-29.11377
-32.273865
-30.796814
-30.763245
-31.254578
-31.300354
-30.651855
-31.600952
-32.208252
-31.884766
-32.33795
-32.125854
-33.174133
-31.661987
-31.941223
-31.462097
-32.344055
-35.412598
-34.265137
-31.602478
-32.460022
-32.862854
-31.924438
-32.460022
-31.448364
-34.31244
-33.82263
-32.365417
-34.225464
-33.628845
-32.398987
-32.655334
-31.584167
-31.370544
-31.307983
-32.11975
-31.27594
-31.356812
-31.803894
-31.375122
-30.718994
-29.956055
-31.410217
-29.988098
-29.954529
-30.470276
-30.029297
-30.218506
-28.466797
-29.795837
-27.931213
-29.612732
-28.170776
-27.485657
-29.589844
-29.011536
-28.27301
-29.992676
-28.903198
-28.45459
-28.15094
-28.736877
-29.71344
-28.385925
-29.17633
-28.300476
-28.865051
-28.123474
-28.03955
-28.266907
-29.095459
-29.524231
-29.524231
-29.524231
-29.27246
-28.694153
-29.974365
-30.479431
-28.994751
-30.036926
-31.24237
-32.582092
-31.330872
-29.866028
-31.999207
-31.526184
-32.118225
-31.149292
-30.244446
-31.970215
-31.22406
-31.4682
-30.480957
-30.66101
-31.69403
-30.963135
-29.804993
-32.699585
-31.338501
-30.555725
-29.866028
-31.78711
-32.580566
-29.954529
-31.323242
-31.385803
-30.410767
-29.937744
-29.922485
-30.557251
-30.253601
-29.82788
-29.052734
-28.971863
-28.775024
-27.648926
-27.905273
-29.051208
-26.771545
-28.875732
-28.347778
-29.652405
-29.72107
-29.959106
-31.10199
-29.58374
-29.316711
-30.340576
-30.422974
-30.744934
-31.472778
-31.246948
-30.822754
-31.594849
-30.895996
-31.12793
-30.05371
-29.333496
-30.673218
-29.632568
-30.395508
-31.448364
-28.32489
-30.723572
-30.511475
-29.898071
-29.928589
-31.517029
-29.820251
-30.632019
-30.827332
-28.225708
-28.225708
-28.225708
-30.587769
-30.587769
-29.411316
-30.734253
-30.046082
-29.716492
-29.151917
-30.456543
-31.646729
-30.505371
-29.830933
-29.728699
-30.982971
-30.207825
-32.08008
-31.312561
-32.40509
-30.848694
-32.250977
-30.999756
-30.909729
-32.070923
-29.377747
-30.540466
-32.26471
-30.72815
-31.063843
-30.932617
-31.860352
-31.077576
-30.952454
-31.774902
-30.87616
-31.837463
-31.567383
-30.60913
-29.5578
-31.570435
-30.960083
-30.74646
-31.088257
-30.647278
-28.623962
-29.832458
-29.794312
-28.321838
-29.829407
-27.72522
-28.573608
-28.59497
-27.212524
-28.573608
-26.44806
-28.448486
-28.80249
-28.671265
-29.446411
-27.93274
-28.120422
-27.017212
-26.98059
-27.82898
-27.023315
-26.637268
-28.601074
-27.145386
-27.26593
-26.971436
-26.37024
-27.456665
-26.47705
-27.82898
-27.180481
-27.7771
-27.75116
-28.466797
-28.27301
-28.526306
-25.170898
-25.170898
-28.041077
-28.779602
-27.990723
-28.585815
-30.12085
-29.681396
-28.05481
-29.354858
-29.499817
-29.54712
-28.027344
-31.256104
-29.673767
-30.419922
-29.585266
-28.915405
-29.86145
-29.740906
-29.664612
-30.622864
-28.123474
-28.993225
-30.456543
-29.019165
-26.837158
-26.612854
-27.281189
-28.871155
-25.982666
-26.655579
-28.06549
-27.352905
-27.354431
-26.443481
-27.278137
-26.165771
-27.505493
-25.744629
-26.185608
-24.971008
-26.443481
-24.455261
-23.562622
-25.85907
-23.79303
-23.112488
-23.638916
-24.201965
-26.454163
-24.946594
-24.168396
-24.16687
-24.455261
-23.425293
-22.819519
-24.612427
-25.132751
-24.519348
-25.932312
-25.00763
-24.47052
-25.151062
-25.08545
-27.311707
-25.91858
-25.028992
-25.920105
-26.202393
-25.88501
-25.138855
-25.463867
-24.647522
-26.99585
-24.534607
-23.530579
-23.945618
-25.497437
-24.710083
-24.710083
-24.710083
-25.309753
-23.762512
-23.214722
-22.988892
-24.214172
-23.24524
-23.547363
-23.582458
-23.196411
-23.95935
-22.901917
-23.6557
-23.225403
-23.80066
-21.905518
-23.54889
-25.387573
-21.524048
-23.916626
-22.125244
-22.427368
-22.891235
-22.213745
-22.34497
-20.858765
-23.95935
-21.711731
-22.096252
-23.028564
-23.858643
-23.492432
-23.196411
-22.920227
-22.48993
-22.462463
-22.383118
-24.430847
-23.52295
-22.288513
-22.021484
-23.059082
-21.688843
-20.80841
-21.3974
-21.697998
-22.717285
-21.981812
-22.93396
-23.576355
-21.678162
-20.895386
-23.712158
-20.906067
-19.703674
-19.744873
-19.747925
-20.721436
-21.672058
-21.360779
-22.503662
-23.38562
-20.30487
-21.665955
-21.742249
-23.942566
-23.600769
-23.368835
-22.462463
-23.558044
-23.249817
-20.422363
-21.366882
-22.206116
-21.885681
-21.562195
-21.333313
-20.559692
-19.824219
-19.824219
-18.669128
-18.110657
-20.924377
-19.187927
-18.431091
-20.439148
-19.218445
-19.197083
-17.880249
-17.800903
-19.787598
-18.415833
-19.560242
-18.675232
-19.143677
-18.371582
-18.35022
-19.465637
-18.624878
-19.204712
-16.470337
-18.165588
-17.300415
-18.035889
-18.551636
-16.592407
-18.115234
-16.055298
-16.072083
-18.185425
-18.156433
-18.190002
-19.120789
-18.579102
-17.625427
-17.703247
-17.89856
-15.367126
-16.365051
-17.90924
-17.570496
-17.254639
-18.185425
-18.157959
-18.4906
-18.040466
-18.624878
-18.02826
-19.206238
-19.810486
-18.969727
-18.133545
-20.315552
-19.46106
-21.26007
-22.006226
-19.72351
-19.747925
-20.492554
-19.66095
-20.362854
-20.86792
-20.353699
-18.733215
-19.499207
-18.125916
-18.818665
-19.560242
-19.560242
-18.693542
-19.883728
-20.637512
-19.1391
-19.526672
-19.172668
-20.384216
-19.40918
-18.263245
-18.89801
-18.89801
-17.292786
-17.46521
-18.014526
-17.703247
-16.99524
-16.737366
-16.786194
-16.142273
-16.871643
-15.457153
-14.796448
-15.353394
-14.031982
-12.901306
-15.182495
-14.212036
-13.366699
-16.815186
-14.002991
-14.431763
-13.9328
-14.72168
-15.501404
-14.678955
-14.729309
-14.076233
-16.053772
-15.592957
-16.885376
-16.011047
-15.223694
-15.577698
-15.101624
-15.124512
-14.768982
-15.930176
-16.070557
-16.308594
-17.303467
-15.724182
-14.9383545
-15.405273
-16.091919
-15.887451
-16.932678
-16.885376
-17.45758
-19.184875
-17.170715
-17.636108
-17.202759
-17.35382
-16.90216
-17.115784
-16.88385
-17.643738
-18.15033
-18.91632
-16.705322
-17.22107
-18.395996
-17.259216
-17.048645
-17.538452
-17.010498
-18.09082
-17.54303
-15.846252
-19.02771
-17.866516
-19.702148
-17.654419
-17.720032
-17.823792
-18.470764
-17.860413
-17.068481
-19.973755
-19.973755
-19.973755
-16.99524
-19.734192
-19.570923
-19.450378
-18.951416
-20.002747
-16.97998
-18.066406
-18.34259
-16.906738
-17.984009
-19.888306
-19.541931
-19.425964
-17.675781
-19.184875
-18.119812
-16.697693
-18.711853
-17.930603
-17.451477
-16.358948
-18.241882
-18.101501
-18.199158
-14.280701
-17.359924
-15.634155
-17.172241
-15.829468
-15.888977
-15.864563
-16.638184
-16.033936
-16.035461
-16.160583
-17.326355
-16.221619
-16.22467
-18.222046
-18.951416
-19.31305
-17.401123
-17.61322
-17.427063
-17.570496
-18.045044
-17.573547
-16.69159
-17.996216
-16.89148
-19.624329
-17.869568
-18.405151
-18.661499
-18.014526
-19.381714
-19.56482
-18.319702
-18.197632
-18.373108
-20.132446
-18.78357
-19.329834
-17.260742
-18.792725
-16.679382
-18.362427
-18.188477
-18.354797
-18.80188
-17.765808
-18.995667
-17.071533
-15.890503
-16.802979
-14.77356
-16.72821
-16.72821
-16.72821
-16.407776
-15.905762
-16.426086
-15.39917
-15.161133
-15.72113
-17.286682
-15.716553
-15.390015
-18.013
-15.841675
-17.391968
-18.231201
-16.52832
-17.315674
-16.525269
-17.680359
-18.817139
-17.503357
-18.179321
-20.385742
-19.068909
-16.555786
-19.618225
-19.747925
-19.013977
-18.215942
-18.626404
-18.962097
-18.833923
-19.386292
-19.120789
-19.10553
-20.176697
-18.821716
-18.971252
-17.56897
-20.195007
-20.137024
-19.108582
-18.128967
-18.54248
-19.810486
-18.572998
-18.084717
-16.76941
-19.52362
-18.562317
-20.269775
-20.34607
-18.115234
-19.718933
-19.859314
-18.894958
-19.935608
-18.336487
-17.436218
-19.493103
-19.804382
-17.607117
-19.66095
-20.048523
-19.662476
-20.741272
-20.437622
-20.565796
-22.11914
-21.418762
-21.969604
-23.252869
-21.350098
-22.851562
-24.777222
-23.382568
-23.558044
-22.096252
-22.657776
-21.932983
-21.932983
-21.932983
-22.695923
-24.389648
-23.306274
-21.85669
-21.884155
-22.633362
-23.321533
-22.845459
-22.052002
-22.755432
-23.262024
-22.628784
-22.322083
-21.524048
-21.174622
-21.166992
-22.450256
-23.791504
-23.529053
-22.737122
-22.358704
-22.48993
-21.6156
-22.3526
-22.872925
-21.90094
-22.575378
-21.887207
-20.60852
-22.80426
-20.632935
-20.484924
-21.434021
-21.73767
-20.578003
-21.426392
-22.149658
-24.911499
-22.363281
-24.02649
-22.891235
-22.116089
-22.381592
-21.920776
-21.601868
-22.341919
-23.278809
-23.077393
-22.047424
-21.012878
-20.262146
-21.916199
-21.31958
-21.334839
-21.096802
-23.5672
-23.118591
-21.078491
-23.069763
-22.02301
-22.415161
-22.013855
-21.022034
-21.04187
-19.259644
-20.36438
-19.682312
-21.066284
-21.751404
-19.363403
-20.555115
-19.470215
-19.490051
-20.593262
-21.276855
-18.778992
-18.806458
-18.199158
-18.199158
-18.199158
-18.19458
-18.421936
-18.206787
-20.4422
-18.217468
-17.437744
-19.16504
-18.000793
-17.471313
-17.30957
-18.771362
-18.217468
-16.757202
-15.904236
-16.896057
-16.4505
-17.529297
-17.547607
-18.763733
-17.974854
-18.733215
-18.092346
-16.955566
-18.69049
-18.077087
-20.217896
-19.429016
-18.884277
-20.506287
-19.596863
-19.996643
-20.706177
-18.971252
-16.76941
-19.854736
-18.467712
-16.88385
-17.274475
-16.589355
-17.506409
-16.426086
-18.266296
-17.17987
-18.136597
-17.424011
-17.648315
-17.385864
-15.863037
-17.321777
-16.874695
-14.567566
-15.5685425
-15.977478
-16.964722
-16.89148
-16.551208
-17.823792
-19.230652
-19.026184
-17.649841
-17.6651
-17.514038
-16.25824
-18.4021
-16.882324
-18.888855
-15.934753
-18.52417
-18.081665
-15.299988
-15.454102
-16.964722
-18.077087
-16.519165
-15.940857
-15.818787
-17.634583
-15.835571
-15.835571
-15.835571
-19.012451
-18.553162
-16.97998
-17.77649
-16.14685
-15.4800415
-17.73529
-16.569519
-17.027283
-17.436218
-17.407227
-17.73529
-16.83197
-17.276001
-17.610168
-17.042542
-18.287659
-17.75055
-16.357422
-16.107178
-15.209961
-14.916992
-14.407349
-14.865112
-15.312195
-17.437744
-16.12091
-17.459106
-18.249512
-17.21344
-17.851257
-18.528748
-16.926575
-16.903687
-16.777039
-19.003296
-17.224121
-19.488525
-17.660522
-16.438293
-16.647339
-18.518066
-19.599915
-18.44635
-17.521667
-18.312073
-18.92395
-18.162537
-19.972229
-20.143127
-21.235657
-19.792175
-20.005798
-20.433044
-18.682861
-18.461609
-19.454956
-17.736816
-21.296692
-18.449402
-18.177795
-20.60852
-19.76471
-18.902588
-19.813538
-18.981934
-20.71228
-20.062256
-20.622253
-18.467712
-19.239807
-19.308472
-18.734741
-17.4057
-17.202759
-17.861938
-16.488647
-16.555786
-16.555786
-16.555786
-17.977905
-17.863464
-16.777039
-17.097473
-17.529297
-17.08374
-18.153381
-16.874695
-18.243408
-16.607666
-18.049622
-18.327332
-18.302917
-17.506409
-17.69867
-17.207336
-18.009949
-19.032288
-18.23883
-17.454529
-17.948914
-17.997742
-17.63153
-19.210815
-18.045044
-19.018555
-18.023682
-19.059753
-17.518616
-17.967224
-16.682434
-17.398071
-17.892456
-18.667603
-18.029785
-19.735718
-18.90564
-16.053772
-17.092896
-17.245483
-17.948914
-17.114258
-15.983582
-17.129517
-15.193176
-14.292908
-15.309143
-16.166687
-14.505005
-16.247559
-16.25824
-15.753174
-16.552734
-16.96167
-16.74347
-17.54303
-16.96167
-17.201233
-16.799927
-16.218567
-17.50946
-15.745544
-15.863037
-16.868591
-15.59906
-15.153503
-15.135193
-16.618347
-15.493774
-16.409302
-17.237854
-15.6311035
-16.03241
-15.711975
-17.823792
-14.974976
-18.115234
-18.095398
-18.095398
-18.095398
-16.586304
-16.271973
-16.596985
-15.827942
-16.297913
-13.569641
-16.25061
-15.962219
-15.281677
-14.009094
-15.206909
-15.010071
-15.26947
-15.757751
-14.085388
-15.638733
-14.816284
-14.08844
-14.424133
-13.743591
-12.211609
-14.273071
-12.960815
-14.678955
-14.350891
-15.2771
-13.922119
-13.78479
-15.802002
-13.807678
-13.626099
-14.303589
-14.584351
-12.799072
-13.735962
-13.38501
-13.063049
-11.889648
-12.597656
-11.990356
-12.507629
-12.22229
-12.689209
-12.620544
-12.008667
-12.246704
-12.9348755
-12.52594
-14.0182495
-12.471008
-15.196228
-15.513611
-12.168884
-12.765503
-13.343811
-12.753296
-11.994934
-12.202454
-13.63678
-13.243103
-12.013245
-11.729431
-11.3723755
-13.734436
-13.435364
-12.5564575
-12.477112
-11.155701
-11.886597
-11.656189
-11.253357
-11.357117
-10.15625
-10.430908
-11.437988
-10.009766
-11.553955
-11.686707
-11.686707
-11.686707
-10.183716
-11.399841
-11.791992
-9.988403
-12.362671
-10.891724
-10.464478
-9.848022
-10.757446
-10.180664
-11.204529
-11.332703
-9.976196
-10.076904
-11.4151
-11.326599
-11.8927
-9.69696
-12.026978
-12.591553
-13.049316
-13.812256
-12.280273
-11.430359
-13.638306
-13.276672
-14.836121
-13.006592
-12.8479
-13.690186
-13.442993
-14.575195
-14.105225
-14.859009
-15.072632
-15.304565
-16.45813
-14.689636
-14.639282
-14.68811
-15.176392
-13.145447
-13.221741
-12.956238
-15.141296
-14.573669
-12.722778
-13.046265
-12.765503
-11.909485
-14.224243
-12.712097
-12.428284
-11.933899
-14.228821
-13.490295
-12.321472
-12.295532
-13.064575
-13.13324
-12.094116
-14.355469
-14.231873
-12.828064
-12.953186
-12.898254
-14.360046
-13.682556
-13.490295
-12.446594
-13.508606
-14.4088745
-14.524841
-14.234924
-12.425232
-13.809204
-12.1032715
-12.229919
-12.229919
-12.229919
-13.414001
-13.74054
-13.613892
-13.905334
-11.967468
-12.80365
-12.237549
-13.6779785
-11.683655
-12.734985
-12.380981
-13.119507
-12.036133
-13.945007
-14.337158
-13.046265
-13.804626
-13.1073
-13.630676
-13.290405
-13.583374
-13.873291
-14.825439
-13.104248
-13.568115
-12.541199
-13.671875
-12.930298
-12.028503
-14.022827
-13.708496
-12.142944
-14.437866
-12.322998
-13.723755
-13.217163
-14.433289
-12.942505
-14.370728
-12.367249
-13.256836
-13.635254
-12.173462
-10.787964
-13.18512
-14.717102
-14.414978
-15.093994
-13.858032
-13.873291
-14.26239
-13.572693
-13.574219
-13.668823
-14.657593
-12.991333
-13.131714
-11.552429
-13.656616
-13.693237
-13.552856
-15.231323
-13.165283
-12.924194
-14.604187
-15.078735
-14.306641
-13.5772705
-14.601135
-13.83667
-13.044739
-13.531494
-15.087891
-14.663696
-13.638306
-14.645386
-13.656616
-13.142395
-13.142395
-13.142395
-12.82959
-14.471436
-14.013672
-14.291382
-14.276123
-14.367676
-13.720703
-14.477539
-13.73291
-13.882446
-15.922546
-14.286804
-12.454224
-16.313171
-15.377808
-16.088867
-14.280701
-15.063477
-13.705444
-14.292908
-13.659668
-13.88855
-15.086365
-15.116882
-15.071106
-14.46228
-14.471436
-14.283752
-14.512634
-14.312744
-13.189697
-13.226318
-14.38446
-15.118408
-15.385437
-14.505005
-13.48114
-12.930298
-13.5772705
-13.864136
-12.936401
-14.425659
-14.657593
-13.9328
-14.755249
-14.306641
-13.232422
-13.839722
-12.82959
-14.79187
-13.764954
-12.876892
-14.675903
-13.079834
-12.246704
-11.801147
-14.431763
-14.041138
-12.965393
-13.612366
-13.259888
-13.949585
-13.743591
-14.292908
-12.362671
-13.134766
-13.787842
-13.809204
-13.7283325
-13.922119
-14.810181
-12.277222
-12.9852295
-13.916016
-12.229919
-13.546753
-13.613892
-14.437866
-14.437866
-14.437866
-14.477539
-12.927246
-13.983154
-14.691162
-13.247681
-12.942505
-14.370728
-14.355469
-13.893127
-13.592529
-13.22937
-13.842773
-13.104248
-13.708496
-14.666748
-12.768555
-12.373352
-13.552856
-13.882446
-13.552856
-12.7960205
-12.220764
-11.787415
-12.527466
-10.510254
-13.050842
-12.835693
-11.993408
-11.242676
-13.212585
-12.071228
-12.915039
-12.057495
-12.142944
-10.018921
-11.289978
-10.48584
-11.264038
-11.390686
-11.450195
-11.491394
-11.279297
-10.084534
-11.575317
-11.364746
-11.532593
-11.264038
-10.391235
-9.805298
-11.665344
-10.783386
-11.355591
-10.60791
-11.529541
-11.331177
-12.011719
-12.094116
-10.754395
-12.07428
-11.51123
-10.874939
-13.468933
-11.709595
-10.891724
-10.681152
-11.694336
-12.286377
-10.360718
-12.440491
-11.21521
-12.82196
-12.428284
-11.727905
-11.915588
-11.180115
-11.248779
-11.140442
-12.950134
-12.130737
-12.130737
-11.395264
-11.630249
-12.734985
-13.493347
-13.206482
-12.295532
-13.630676
-12.149048
-11.245728
-12.487793
-12.294006
-12.413025
-11.373901
-13.557434
-13.81073
-11.341858
-12.867737
-11.958313
-13.012695
-11.503601
-12.245178
-11.697388
-13.508606
-12.998962
-12.394714
-13.259888
-12.734985
-12.425232
-12.394714
-12.199402
-11.460876
-13.731384
-13.153076
-13.539124
-12.840271
-14.624023
-13.453674
-13.450623
-12.059021
-13.157654
-12.428284
-13.42926
-15.272522
-14.671326
-13.442993
-13.459778
-14.189148
-14.219666
-14.692688
-13.902283
-12.738037
-13.148499
-13.514709
-14.320374
-13.442993
-12.194824
-13.88092
-13.954163
-13.597107
-14.573669
-14.680481
-14.047241
-13.612366
-13.887024
-13.505554
-14.155579
-14.479065
-13.88092
-11.953735
-14.71405
-12.678528
-12.727356
-13.201904
-13.487244
-11.424255
-13.581848
-12.434387
-13.438416
-13.438416
-13.438416
-14.393616
-13.761902
-13.63678
-14.350891
-12.809753
-13.807678
-12.330627
-13.569641
-13.008118
-12.986755
-12.435913
-13.021851
-12.8967285
-13.717651
-13.618469
-13.175964
-13.624573
-12.757874
-12.704468
-13.53302
-12.466431
-11.7248535
-12.394714
-12.232971
-14.198303
-12.843323
-13.7283325
-13.925171
-13.182068
-13.516235
-13.661194
-12.739563
-14.271545
-12.113953
-12.986755
-13.969421
-15.968323
-12.702942
-12.867737
-13.780212
-13.07373
-13.65509
-11.849976
-12.124634
-12.281799
-13.66272
-12.329102
-12.298584
-13.444519
-12.249756
-14.237976
-13.624573
-13.163757
-13.024902
-14.6698
-13.502502
-12.413025
-12.399292
-12.205505
-12.805176
-12.1521
-11.212158
-12.112427
-12.104797
-11.349487
-11.460876
-13.212585
-11.4730835
-10.897827
-11.428833
-12.155151
-11.175537
-13.444519
-13.471985
-11.697388
-10.835266
-12.156677
-12.379456
-12.379456
-12.379456
-13.48114
-14.253235
