1624761107219
1624761107251
1624761107258
1624761107277
1624761107297
1624761107317
1624761107337
1624761107357
1624761107377
1624761107398
1624761107418
1624761107437
1624761107457
1624761107477
1624761107498
1624761107518
1624761107538
1624761107557
1624761107577
1624761107597
1624761107617
1624761107637
1624761107657
1624761107677
1624761107698
1624761107717
1624761107737
1624761107757
1624761107777
1624761107797
1624761107818
1624761107838
1624761107858
1624761107878
1624761107898
1624761107917
1624761107938
1624761107958
1624761107978
1624761107998
1624761108018
1624761108038
1624761108060
1624761108079
1624761108100
1624761108119
1624761108140
1624761108160
1624761108180
1624761108199
1624761108220
1624761108239
1624761108260
1624761108279
1624761108300
1624761108319
1624761108340
1624761108359
1624761108379
1624761108399
1624761108420
1624761108439
1624761108460
1624761108479
1624761108500
1624761108520
1624761108540
1624761108560
1624761108579
1624761108600
1624761108620
1624761108640
1624761108660
1624761108681
1624761108700
1624761108720
1624761108739
1624761108759
1624761108780
1624761108800
1624761108820
1624761108840
1624761108860
1624761108880
1624761108899
1624761108920
1624761108940
1624761108960
1624761108980
1624761109000
1624761109020
1624761109040
1624761109060
1624761109080
1624761109099
1624761109120
1624761109140
1624761109160
1624761109179
1624761109200
1624761109220
1624761109239
1624761109260
1624761109281
1624761109301
1624761109320
1624761109340
1624761109360
1624761109382
1624761109401
1624761109420
1624761109440
1624761109460
1624761109480
1624761109501
1624761109520
1624761109541
1624761109562
1624761109580
1624761109601
1624761109621
1624761109640
1624761109662
1624761109681
1624761109702
1624761109720
1624761109740
1624761109760
1624761109780
1624761109800
1624761109820
1624761109840
1624761109860
1624761109880
1624761109900
1624761109920
1624761109939
1624761109965
1624761109979
1624761109999
1624761110020
1624761110040
1624761110059
1624761110079
1624761110100
1624761110120
1624761110140
1624761110160
1624761110181
1624761110200
1624761110220
1624761110240
1624761110260
1624761110280
1624761110300
1624761110319
1624761110339
1624761110359
1624761110380
1624761110401
1624761110421
1624761110440
1624761110461
1624761110480
1624761110499
1624761110520
1624761110539
1624761110559
1624761110579
1624761110599
1624761110619
1624761110640
1624761110660
1624761110680
1624761110700
1624761110719
1624761110740
1624761110759
1624761110780
1624761110800
1624761110821
1624761110840
1624761110859
1624761110881
1624761110901
1624761110920
1624761110940
1624761110960
1624761110980
1624761111001
1624761111019
1624761111040
1624761111060
1624761111080
1624761111100
1624761111121
1624761111142
1624761111162
1624761111181
1624761111200
1624761111220
1624761111240
1624761111260
1624761111280
1624761111300
1624761111320
1624761111341
1624761111360
1624761111380
1624761111401
1624761111421
1624761111441
1624761111461
1624761111481
1624761111500
1624761111521
1624761111541
1624761111561
1624761111580
1624761111601
1624761111622
1624761111641
1624761111662
1624761111681
1624761111701
1624761111721
1624761111741
1624761111761
1624761111781
1624761111800
1624761111821
1624761111841
1624761111861
1624761111881
1624761111903
1624761111921
1624761111942
1624761111961
1624761111981
1624761112001
1624761112021
1624761112041
1624761112061
1624761112080
1624761112101
1624761112121
1624761112141
1624761112161
1624761112181
1624761112201
1624761112221
1624761112241
1624761112261
1624761112281
1624761112301
1624761112321
1624761112341
1624761112361
1624761112381
1624761112401
1624761112421
1624761112441
1624761112462
1624761112490
1624761112502
1624761112522
1624761112542
1624761112560
1624761112581
1624761112605
1624761112620
1624761112642
1624761112660
1624761112681
1624761112705
1624761112720
1624761112740
1624761112760
1624761112781
1624761112802
1624761112820
1624761112841
1624761112861
1624761112881
1624761112902
1624761112921
1624761112940
1624761112961
1624761112985
1624761113001
1624761113021
1624761113041
1624761113060
1624761113080
1624761113102
1624761113121
1624761113140
1624761113161
1624761113181
1624761113201
1624761113222
1624761113241
1624761113262
1624761113283
1624761113301
1624761113322
1624761113341
1624761113361
1624761113383
1624761113402
1624761113421
1624761113442
1624761113462
1624761113482
1624761113501
1624761113521
1624761113542
1624761113562
1624761113582
1624761113602
1624761113621
1624761113642
1624761113660
1624761113682
1624761113702
1624761113721
1624761113742
1624761113761
1624761113783
1624761113801
1624761113823
1624761113842
1624761113861
1624761113881
1624761113902
1624761113923
1624761113942
1624761113962
1624761113982
1624761114002
1624761114021
1624761114041
1624761114063
1624761114081
1624761114101
1624761114121
1624761114142
1624761114162
1624761114182
1624761114202
1624761114222
1624761114242
1624761114262
1624761114282
1624761114302
1624761114322
1624761114343
1624761114362
1624761114382
1624761114402
1624761114422
1624761114442
1624761114462
1624761114482
1624761114501
1624761114523
1624761114542
1624761114561
1624761114582
1624761114604
1624761114622
1624761114642
1624761114662
1624761114682
1624761114703
1624761114723
1624761114742
1624761114762
1624761114782
1624761114803
1624761114822
1624761114841
1624761114862
1624761114882
1624761114902
1624761114923
1624761114942
1624761114961
1624761114982
1624761115002
1624761115021
1624761115042
1624761115062
1624761115082
1624761115102
1624761115122
1624761115143
1624761115164
1624761115182
1624761115202
1624761115222
1624761115242
1624761115263
1624761115282
1624761115302
1624761115322
1624761115343
1624761115363
1624761115382
1624761115402
1624761115423
1624761115443
1624761115464
1624761115482
1624761115502
1624761115524
1624761115543
1624761115562
1624761115582
1624761115602
1624761115624
1624761115642
1624761115662
1624761115682
1624761115702
1624761115723
1624761115743
1624761115763
1624761115782
1624761115802
1624761115823
1624761115844
1624761115863
1624761115883
1624761115902
1624761115922
1624761115942
1624761115964
1624761115983
1624761116002
1624761116022
1624761116042
1624761116062
1624761116084
1624761116103
1624761116122
1624761116143
1624761116163
1624761116183
1624761116203
1624761116222
1624761116243
1624761116263
1624761116283
1624761116302
1624761116323
1624761116342
1624761116363
1624761116384
1624761116402
1624761116423
1624761116444
1624761116462
1624761116483
1624761116503
1624761116522
1624761116543
1624761116563
1624761116583
1624761116603
1624761116623
1624761116642
1624761116662
1624761116683
1624761116703
1624761116722
1624761116743
1624761116763
1624761116783
1624761116803
1624761116823
1624761116843
1624761116863
1624761116883
1624761116903
1624761116922
1624761116943
1624761116963
1624761116983
1624761117003
1624761117023
1624761117043
1624761117064
1624761117084
1624761117102
1624761117123
1624761117143
1624761117163
1624761117183
1624761117204
1624761117223
1624761117243
1624761117264
1624761117283
1624761117304
1624761117323
1624761117343
1624761117363
1624761117383
1624761117403
1624761117423
1624761117443
1624761117464
1624761117483
1624761117503
1624761117523
1624761117543
1624761117563
1624761117583
1624761117604
1624761117623
1624761117643
1624761117663
1624761117683
1624761117703
1624761117723
1624761117743
1624761117764
1624761117782
1624761117803
1624761117823
1624761117843
1624761117863
1624761117884
1624761117903
1624761117923
1624761117943
1624761117962
1624761117984
1624761118004
1624761118023
1624761118043
1624761118063
1624761118084
1624761118104
1624761118123
1624761118143
1624761118164
1624761118185
1624761118204
1624761118225
1624761118244
1624761118263
1624761118283
1624761118304
1624761118322
1624761118345
1624761118364
1624761118383
1624761118403
1624761118424
1624761118443
1624761118465
1624761118482
1624761118503
1624761118524
1624761118544
1624761118563
1624761118583
1624761118604
1624761118625
1624761118645
1624761118664
1624761118683
1624761118704
1624761118724
1624761118744
1624761118763
1624761118783
1624761118804
1624761118823
1624761118844
1624761118863
1624761118883
1624761118904
1624761118924
1624761118944
1624761118964
1624761118984
1624761119005
1624761119024
1624761119044
1624761119063
1624761119084
1624761119104
1624761119125
1624761119149
1624761119162
1624761119183
1624761119204
1624761119223
1624761119243
1624761119270
1624761119282
1624761119304
1624761119324
1624761119344
1624761119364
1624761119383
1624761119403
1624761119423
1624761119443
1624761119465
1624761119484
1624761119503
1624761119523
1624761119542
1624761119564
1624761119584
1624761119604
1624761119624
1624761119644
1624761119664
1624761119684
1624761119705
1624761119724
1624761119744
1624761119764
1624761119784
1624761119804
1624761119824
1624761119843
1624761119864
1624761119884
1624761119904
1624761119924
1624761119944
1624761119965
1624761119984
1624761120006
1624761120023
1624761120043
1624761120063
1624761120083
1624761120104
1624761120132
1624761120143
1624761120164
1624761120184
1624761120204
1624761120224
1624761120243
1624761120264
1624761120284
1624761120304
1624761120324
1624761120344
1624761120365
1624761120384
1624761120405
1624761120423
1624761120444
1624761120465
1624761120485
1624761120504
1624761120524
1624761120544
1624761120565
1624761120584
1624761120604
1624761120624
1624761120644
1624761120665
1624761120686
1624761120704
1624761120725
1624761120744
1624761120764
1624761120785
1624761120804
1624761120824
1624761120846
1624761120864
1624761120884
1624761120904
1624761120925
1624761120945
1624761120964
1624761120984
1624761121005
1624761121024
1624761121044
1624761121064
1624761121085
1624761121104
1624761121124
1624761121145
1624761121165
1624761121186
1624761121205
1624761121225
1624761121245
1624761121265
1624761121287
1624761121305
1624761121325
1624761121345
1624761121365
1624761121386
1624761121405
1624761121425
1624761121444
1624761121465
1624761121485
1624761121506
1624761121525
1624761121546
1624761121566
1624761121586
1624761121606
1624761121625
1624761121645
1624761121667
1624761121685
1624761121706
1624761121725
1624761121745
1624761121766
1624761121785
1624761121806
1624761121831
1624761121843
1624761121864
1624761121886
1624761121912
1624761121925
1624761121943
1624761121969
1624761121983
1624761122004
1624761122025
1624761122044
1624761122064
1624761122083
1624761122112
1624761122127
1624761122143
1624761122165
1624761122184
1624761122205
1624761122226
1624761122245
1624761122265
1624761122284
1624761122306
1624761122326
1624761122345
1624761122365
1624761122384
1624761122405
1624761122425
1624761122445
1624761122465
1624761122486
1624761122506
1624761122526
1624761122544
1624761122565
1624761122584
1624761122606
1624761122626
1624761122645
1624761122668
1624761122683
1624761122703
1624761122725
1624761122744
1624761122764
1624761122786
1624761122804
1624761122825
1624761122845
1624761122866
1624761122885
1624761122905
1624761122925
1624761122945
1624761122967
1624761122984
1624761123005
1624761123026
1624761123045
1624761123064
1624761123084
1624761123105
1624761123125
1624761123144
1624761123165
1624761123185
1624761123204
1624761123225
1624761123246
1624761123265
1624761123285
1624761123305
1624761123325
1624761123346
1624761123365
1624761123385
1624761123405
1624761123426
1624761123444
1624761123465
1624761123484
1624761123505
1624761123526
1624761123546
1624761123565
1624761123585
1624761123605
1624761123626
1624761123645
1624761123665
1624761123684
1624761123705
1624761123725
1624761123744
1624761123765
1624761123785
1624761123805
1624761123825
1624761123845
1624761123865
1624761123885
1624761123905
1624761123925
1624761123947
1624761123965
1624761123985
1624761124005
1624761124025
1624761124046
1624761124066
1624761124085
1624761124105
1624761124124
1624761124145
1624761124165
1624761124186
1624761124205
1624761124225
1624761124246
1624761124267
1624761124285
1624761124306
1624761124326
1624761124347
1624761124365
1624761124388
1624761124407
1624761124424
1624761124444
1624761124465
1624761124485
1624761124505
1624761124525
1624761124545
1624761124566
1624761124585
1624761124605
1624761124625
1624761124645
1624761124667
1624761124686
1624761124705
1624761124726
1624761124744
1624761124765
1624761124785
1624761124805
1624761124827
1624761124845
1624761124866
1624761124885
1624761124905
1624761124925
1624761124945
1624761124967
1624761124986
1624761125006
1624761125025
1624761125046
1624761125066
1624761125085
1624761125105
1624761125126
1624761125145
1624761125167
1624761125195
1624761125211
1624761125225
1624761125245
1624761125265
1624761125285
1624761125305
1624761125325
1624761125346
1624761125366
1624761125386
1624761125406
1624761125426
1624761125446
1624761125465
1624761125487
1624761125506
1624761125526
1624761125546
1624761125566
1624761125587
1624761125606
1624761125626
1624761125646
1624761125666
1624761125686
1624761125706
1624761125727
1624761125747
1624761125766
1624761125786
1624761125806
1624761125826
1624761125847
1624761125866
1624761125885
1624761125906
1624761125927
1624761125947
1624761125966
1624761125987
1624761126006
1624761126028
1624761126048
1624761126066
1624761126086
1624761126106
1624761126126
1624761126146
1624761126165
1624761126186
1624761126207
1624761126227
1624761126245
1624761126267
1624761126286
1624761126306
1624761126326
1624761126347
1624761126366
1624761126386
1624761126407
1624761126428
1624761126446
1624761126466
1624761126486
1624761126508
1624761126527
1624761126547
1624761126567
1624761126587
1624761126607
1624761126626
1624761126646
1624761126667
1624761126685
1624761126707
1624761126727
1624761126748
1624761126767
1624761126786
1624761126807
1624761126826
1624761126846
1624761126867
1624761126886
1624761126907
1624761126927
1624761126946
1624761126967
1624761126987
1624761127006
1624761127026
1624761127047
1624761127067
1624761127087
1624761127106
1624761127126
1624761127148
1624761127167
1624761127185
1624761127207
1624761127226
1624761127248
1624761127267
1624761127288
1624761127306
1624761127327
1624761127348
1624761127367
1624761127386
1624761127406
1624761127426
1624761127447
1624761127467
1624761127486
1624761127508
1624761127527
1624761127546
1624761127568
1624761127587
1624761127606
1624761127627
1624761127647
1624761127668
1624761127688
1624761127706
1624761127727
1624761127746
1624761127768
1624761127787
1624761127806
1624761127830
1624761127846
1624761127868
1624761127887
1624761127907
1624761127928
1624761127947
1624761127967
1624761127987
1624761128007
1624761128026
1624761128046
1624761128068
1624761128087
1624761128107
1624761128128
1624761128146
1624761128166
1624761128187
1624761128207
1624761128227
1624761128247
1624761128268
1624761128288
1624761128307
1624761128327
1624761128347
1624761128368
1624761128388
1624761128407
1624761128426
1624761128449
1624761128467
1624761128487
1624761128508
1624761128526
1624761128548
1624761128568
1624761128587
1624761128608
1624761128627
1624761128647
1624761128667
1624761128688
1624761128707
1624761128727
1624761128748
1624761128768
1624761128787
1624761128808
1624761128826
1624761128847
1624761128867
1624761128888
1624761128907
1624761128927
1624761128948
1624761128967
1624761128988
1624761129008
1624761129027
1624761129048
1624761129067
1624761129087
1624761129106
1624761129126
1624761129146
1624761129166
1624761129186
1624761129206
1624761129226
1624761129246
1624761129266
1624761129287
1624761129307
1624761129327
1624761129347
1624761129367
1624761129388
1624761129408
1624761129428
1624761129449
1624761129468
1624761129488
1624761129509
1624761129527
1624761129549
1624761129567
1624761129588
1624761129609
1624761129627
1624761129647
1624761129667
1624761129688
1624761129706
1624761129727
1624761129748
1624761129767
1624761129789
1624761129808
1624761129827
1624761129846
1624761129868
1624761129889
1624761129908
1624761129928
1624761129953
1624761129970
1624761129986
1624761130007
1624761130027
1624761130047
1624761130067
1624761130088
1624761130108
1624761130128
1624761130147
1624761130168
1624761130187
1624761130208
1624761130228
1624761130247
1624761130267
1624761130288
1624761130309
1624761130329
1624761130348
1624761130368
1624761130388
1624761130409
1624761130428
1624761130448
1624761130468
1624761130488
1624761130509
1624761130528
1624761130548
1624761130569
1624761130588
1624761130608
1624761130628
1624761130649
1624761130668
1624761130688
1624761130708
1624761130727
1624761130748
1624761130768
1624761130788
1624761130808
1624761130828
1624761130848
1624761130869
1624761130888
1624761130908
1624761130928
1624761130949
1624761130968
1624761130988
1624761131008
1624761131028
1624761131048
1624761131067
1624761131088
1624761131108
1624761131128
1624761131149
1624761131168
1624761131188
1624761131208
1624761131228
1624761131249
1624761131268
1624761131288
1624761131308
1624761131329
1624761131349
1624761131368
1624761131387
1624761131409
1624761131428
1624761131447
1624761131468
1624761131488
1624761131508
1624761131529
1624761131548
1624761131569
1624761131588
1624761131608
1624761131629
1624761131649
1624761131669
1624761131688
1624761131708
1624761131728
1624761131749
1624761131769
1624761131788
1624761131809
1624761131828
1624761131848
1624761131869
1624761131889
1624761131908
1624761131928
1624761131948
1624761131967
1624761131988
1624761132009
1624761132030
1624761132049
1624761132068
1624761132088
1624761132108
1624761132128
1624761132148
1624761132169
1624761132195
1624761132208
1624761132228
1624761132248
1624761132267
1624761132288
1624761132308
1624761132328
1624761132349
1624761132368
1624761132388
1624761132408
1624761132429
1624761132448
1624761132468
1624761132488
1624761132508
1624761132530
1624761132550
1624761132569
1624761132588
1624761132608
1624761132628
1624761132648
1624761132668
1624761132689
1624761132708
1624761132728
1624761132749
1624761132768
1624761132789
1624761132809
1624761132829
1624761132848
1624761132869
1624761132889
1624761132908
1624761132928
1624761132949
1624761132968
1624761132989
1624761133008
1624761133028
1624761133048
1624761133068
1624761133088
1624761133108
1624761133130
1624761133148
1624761133169
1624761133188
1624761133209
1624761133229
1624761133249
1624761133268
1624761133289
1624761133308
1624761133329
1624761133348
1624761133369
1624761133388
1624761133408
1624761133429
1624761133450
1624761133469
1624761133489
1624761133509
1624761133528
1624761133548
1624761133569
1624761133589
1624761133609
1624761133629
1624761133649
1624761133669
1624761133689
1624761133709
1624761133728
1624761133749
1624761133769
1624761133789
1624761133809
1624761133829
1624761133849
1624761133869
1624761133889
1624761133910
1624761133928
1624761133949
1624761133969
1624761133989
1624761134008
1624761134028
1624761134049
1624761134069
1624761134090
1624761134109
1624761134128
1624761134149
1624761134169
1624761134189
1624761134209
1624761134231
1624761134252
1624761134269
1624761134289
1624761134309
1624761134329
1624761134350
1624761134369
1624761134389
1624761134409
1624761134428
1624761134448
1624761134468
1624761134488
1624761134509
1624761134528
1624761134548
1624761134569
1624761134589
1624761134610
1624761134629
1624761134650
1624761134669
1624761134690
1624761134709
1624761134729
1624761134750
1624761134769
1624761134790
1624761134810
1624761134830
1624761134850
1624761134870
1624761134890
1624761134910
1624761134930
1624761134951
1624761134970
1624761134990
1624761135008
1624761135031
1624761135050
1624761135069
1624761135091
1624761135111
1624761135131
1624761135150
1624761135169
1624761135196
1624761135210
1624761135228
1624761135249
1624761135269
1624761135288
1624761135311
1624761135330
1624761135350
1624761135369
1624761135390
1624761135410
1624761135428
1624761135449
1624761135470
1624761135490
1624761135509
1624761135530
1624761135550
1624761135570
1624761135591
1624761135611
1624761135631
1624761135650
1624761135670
1624761135691
1624761135710
1624761135730
1624761135750
1624761135770
1624761135790
1624761135811
1624761135831
1624761135850
1624761135870
1624761135890
1624761135910
1624761135931
1624761135950
1624761135971
1624761135990
1624761136010
1624761136030
1624761136050
1624761136071
1624761136090
1624761136111
1624761136131
1624761136151
1624761136170
1624761136189
1624761136210
1624761136229
1624761136251
1624761136271
1624761136289
1624761136311
1624761136331
1624761136349
1624761136370
1624761136390
1624761136410
1624761136430
1624761136450
1624761136470
1624761136490
1624761136510
1624761136531
1624761136551
1624761136570
1624761136590
1624761136610
1624761136630
1624761136650
1624761136670
1624761136690
1624761136710
1624761136730
1624761136752
1624761136770
1624761136791
1624761136810
1624761136831
1624761136851
1624761136870
1624761136891
1624761136910
1624761136931
1624761136950
1624761136969
1624761136991
1624761137010
1624761137031
1624761137051
1624761137072
1624761137090
1624761137110
1624761137131
1624761137151
1624761137169
1624761137193
1624761137210
1624761137232
1624761137262
1624761137269
1624761137289
1624761137310
1624761137330
1624761137349
1624761137371
1624761137393
1624761137410
1624761137432
1624761137450
1624761137471
1624761137490
1624761137511
1624761137529
1624761137550
1624761137570
1624761137590
1624761137610
1624761137632
1624761137651
1624761137671
1624761137691
1624761137711
1624761137730
1624761137751
1624761137772
1624761137791
1624761137811
1624761137830
1624761137850
1624761137871
1624761137890
1624761137911
1624761137930
1624761137951
1624761137971
1624761137991
1624761138010
1624761138030
1624761138050
1624761138070
1624761138091
1624761138110
1624761138131
1624761138151
1624761138171
1624761138192
1624761138209
1624761138230
1624761138250
1624761138270
1624761138291
1624761138311
1624761138332
1624761138350
1624761138371
1624761138392
1624761138411
1624761138432
1624761138449
1624761138470
1624761138491
1624761138511
1624761138530
1624761138551
1624761138571
1624761138591
1624761138611
1624761138631
1624761138651
1624761138671
1624761138691
1624761138711
1624761138731
1624761138751
1624761138772
1624761138792
1624761138811
1624761138831
1624761138851
1624761138872
1624761138892
1624761138911
1624761138931
1624761138951
1624761138971
1624761138991
1624761139009
1624761139031
1624761139050
1624761139071
1624761139091
1624761139111
1624761139131
1624761139151
1624761139171
1624761139192
1624761139211
1624761139232
1624761139251
1624761139272
1624761139291
1624761139312
1624761139331
1624761139352
1624761139372
1624761139392
1624761139412
1624761139432
1624761139451
1624761139471
1624761139492
1624761139511
1624761139531
1624761139551
1624761139571
1624761139592
1624761139611
1624761139631
1624761139652
1624761139671
1624761139691
1624761139710
1624761139731
1624761139752
1624761139771
1624761139791
1624761139811
1624761139831
1624761139851
1624761139871
1624761139892
1624761139912
1624761139931
1624761139952
1624761139970
1624761139992
1624761140011
1624761140031
1624761140051
1624761140072
1624761140092
1624761140112
1624761140131
1624761140152
1624761140171
1624761140192
1624761140212
1624761140231
1624761140254
1624761140272
1624761140292
1624761140312
1624761140332
1624761140352
1624761140372
1624761140392
1624761140412
1624761140431
1624761140451
1624761140471
1624761140491
1624761140511
1624761140532
1624761140552
1624761140571
1624761140592
1624761140612
1624761140632
1624761140652
1624761140671
1624761140692
1624761140712
1624761140731
1624761140752
1624761140771
1624761140791
1624761140812
1624761140832
1624761140852
1624761140872
1624761140891
1624761140912
1624761140932
1624761140953
1624761140972
1624761140992
1624761141013
1624761141033
1624761141052
1624761141073
1624761141092
1624761141113
1624761141133
1624761141152
1624761141172
1624761141192
1624761141212
1624761141232
1624761141251
1624761141271
1624761141292
1624761141312
1624761141332
1624761141352
1624761141374
1624761141392
1624761141412
1624761141432
1624761141452
1624761141472
1624761141492
1624761141512
1624761141532
1624761141552
1624761141572
1624761141592
1624761141612
1624761141632
1624761141652
1624761141673
1624761141692
1624761141711
1624761141732
1624761141753
1624761141772
1624761141793
1624761141812
1624761141833
1624761141853
1624761141874
1624761141891
1624761141911
1624761141932
1624761141954
1624761141972
1624761141993
1624761142012
1624761142033
1624761142053
1624761142073
1624761142095
1624761142112
1624761142133
1624761142152
1624761142171
1624761142192
1624761142212
1624761142234
1624761142254
1624761142273
1624761142293
1624761142312
1624761142333
1624761142352
1624761142373
1624761142393
1624761142413
1624761142432
1624761142452
1624761142472
1624761142492
1624761142512
1624761142532
1624761142552
1624761142572
1624761142592
1624761142613
1624761142632
1624761142653
1624761142673
1624761142693
1624761142713
1624761142732
1624761142754
1624761142773
1624761142793
1624761142813
1624761142833
1624761142853
1624761142873
1624761142893
1624761142913
1624761142932
1624761142953
1624761142974
1624761142995
1624761143014
1624761143033
1624761143053
1624761143074
1624761143094
1624761143113
1624761143133
1624761143154
1624761143174
1624761143193
1624761143214
1624761143233
1624761143253
1624761143273
1624761143295
1624761143314
1624761143333
1624761143353
1624761143373
1624761143393
1624761143414
1624761143434
1624761143453
1624761143473
1624761143492
1624761143515
1624761143533
1624761143553
1624761143574
1624761143594
1624761143613
1624761143633
1624761143653
1624761143673
1624761143694
1624761143713
1624761143733
1624761143753
1624761143774
1624761143794
1624761143813
1624761143833
1624761143853
1624761143873
1624761143892
1624761143913
1624761143933
1624761143953
1624761143973
1624761143992
1624761144012
1624761144032
1624761144053
1624761144073
1624761144093
1624761144112
1624761144133
1624761144153
1624761144172
1624761144192
1624761144212
1624761144233
1624761144254
1624761144273
1624761144291
1624761144313
1624761144333
1624761144354
1624761144374
1624761144392
1624761144414
1624761144433
1624761144453
1624761144473
1624761144493
1624761144514
1624761144533
1624761144554
1624761144574
1624761144593
1624761144613
1624761144633
1624761144653
1624761144673
1624761144693
1624761144714
1624761144733
1624761144753
1624761144773
1624761144793
1624761144814
1624761144834
1624761144855
1624761144873
1624761144894
1624761144913
1624761144933
1624761144956
1624761144973
1624761144993
1624761145014
1624761145033
1624761145053
1624761145073
1624761145093
1624761145114
1624761145133
1624761145154
1624761145173
1624761145193
1624761145213
1624761145233
1624761145253
1624761145273
1624761145293
1624761145313
1624761145335
1624761145352
1624761145375
1624761145393
1624761145412
1624761145433
1624761145455
1624761145473
1624761145493
1624761145513
1624761145533
1624761145553
1624761145573
1624761145592
1624761145613
1624761145633
1624761145654
1624761145674
1624761145693
1624761145713
1624761145734
1624761145755
1624761145773
1624761145794
1624761145813
1624761145832
1624761145855
1624761145873
1624761145893
1624761145917
1624761145932
1624761145952
1624761145975
1624761145996
1624761146014
1624761146035
1624761146057
1624761146074
1624761146093
1624761146113
1624761146132
1624761146153
1624761146174
1624761146195
1624761146213
1624761146234
1624761146253
1624761146273
1624761146294
1624761146314
1624761146334
1624761146356
1624761146374
1624761146394
1624761146413
1624761146433
1624761146453
1624761146473
1624761146493
1624761146514
1624761146533
1624761146553
1624761146573
1624761146593
1624761146613
1624761146636
1624761146654
1624761146674
1624761146694
1624761146714
1624761146735
1624761146752
1624761146773
1624761146793
1624761146815
1624761146834
1624761146854
1624761146874
1624761146895
1624761146914
1624761146934
1624761146954
1624761146973
1624761146996
1624761147014
1624761147033
1624761147054
1624761147074
1624761147094
1624761147114
1624761147134
1624761147154
1624761147174
1624761147194
1624761147214
1624761147234
1624761147254
1624761147274
1624761147293
1624761147313
1624761147334
1624761147354
1624761147374
1624761147395
1624761147414
1624761147434
1624761147454
1624761147474
1624761147495
1624761147514
1624761147534
1624761147554
1624761147574
1624761147595
1624761147614
1624761147634
1624761147653
1624761147673
1624761147693
1624761147713
1624761147733
1624761147753
1624761147773
1624761147793
1624761147813
1624761147834
1624761147853
1624761147874
1624761147894
1624761147915
1624761147934
1624761147953
1624761147974
1624761147994
1624761148015
1624761148033
1624761148054
1624761148074
1624761148094
1624761148116
1624761148134
1624761148154
1624761148174
1624761148195
1624761148214
1624761148235
1624761148254
1624761148275
1624761148294
1624761148314
1624761148334
1624761148354
1624761148374
1624761148395
1624761148415
1624761148435
1624761148454
1624761148474
1624761148494
1624761148515
1624761148534
1624761148554
1624761148574
1624761148594
1624761148615
1624761148635
1624761148654
1624761148674
1624761148694
1624761148715
1624761148734
1624761148755
1624761148774
1624761148794
1624761148815
1624761148836
1624761148854
1624761148875
1624761148895
1624761148914
1624761148934
1624761148954
1624761148975
1624761148995
1624761149015
1624761149034
1624761149055
1624761149075
1624761149095
1624761149115
1624761149134
1624761149154
1624761149174
1624761149196
1624761149215
1624761149238
1624761149254
1624761149274
1624761149295
1624761149316
1624761149343
1624761149355
1624761149373
1624761149395
1624761149414
1624761149435
1624761149454
1624761149475
1624761149494
1624761149514
1624761149535
1624761149554
1624761149575
1624761149594
1624761149614
1624761149636
1624761149655
1624761149675
1624761149695
1624761149716
1624761149736
1624761149755
1624761149775
1624761149795
1624761149815
1624761149836
1624761149856
1624761149875
1624761149896
1624761149915
1624761149934
1624761149955
1624761149975
1624761149996
1624761150015
1624761150035
1624761150056
1624761150075
1624761150095
1624761150115
1624761150135
1624761150155
1624761150175
1624761150195
1624761150215
1624761150236
1624761150255
1624761150275
1624761150297
1624761150314
1624761150337
1624761150355
1624761150375
1624761150395
1624761150415
1624761150437
1624761150455
1624761150475
1624761150495
1624761150516
1624761150535
1624761150555
1624761150577
1624761150595
1624761150615
1624761150634
1624761150655
1624761150675
1624761150695
1624761150715
1624761150735
1624761150755
1624761150775
1624761150795
1624761150815
1624761150835
1624761150855
1624761150876
1624761150895
1624761150915
1624761150935
1624761150955
1624761150975
1624761150995
1624761151015
1624761151035
1624761151055
1624761151075
1624761151095
1624761151116
1624761151135
1624761151157
1624761151176
1624761151196
1624761151215
1624761151235
1624761151255
1624761151275
1624761151295
1624761151315
1624761151336
1624761151354
1624761151376
1624761151396
1624761151416
1624761151435
1624761151456
1624761151476
1624761151496
1624761151515
1624761151535
1624761151557
1624761151576
1624761151596
1624761151616
1624761151636
1624761151655
1624761151676
1624761151696
1624761151715
1624761151734
1624761151756
1624761151776
1624761151795
1624761151817
1624761151835
1624761151855
1624761151878
1624761151895
1624761151917
1624761151936
1624761151956
1624761151978
1624761151995
1624761152016
1624761152036
1624761152056
1624761152076
1624761152095
1624761152116
1624761152136
1624761152156
1624761152177
1624761152196
1624761152216
1624761152235
1624761152256
1624761152275
1624761152298
1624761152316
1624761152335
1624761152355
1624761152375
1624761152395
1624761152416
1624761152438
1624761152456
1624761152475
1624761152497
1624761152515
1624761152535
1624761152556
1624761152576
1624761152595
1624761152616
1624761152636
1624761152656
1624761152676
1624761152697
1624761152715
1624761152735
1624761152756
1624761152779
1624761152797
1624761152816
1624761152836
1624761152856
1624761152877
1624761152896
1624761152916
1624761152936
1624761152957
1624761152976
1624761152996
1624761153016
1624761153036
1624761153056
1624761153076
1624761153096
1624761153116
1624761153136
1624761153156
1624761153176
1624761153196
1624761153217
1624761153236
1624761153256
1624761153276
1624761153296
1624761153317
1624761153336
1624761153356
1624761153376
1624761153395
1624761153416
1624761153436
1624761153456
1624761153475
1624761153496
1624761153517
1624761153536
1624761153557
1624761153576
1624761153596
1624761153616
1624761153636
1624761153658
1624761153676
1624761153696
1624761153717
1624761153736
1624761153756
1624761153776
1624761153796
1624761153816
1624761153836
1624761153856
1624761153877
1624761153897
1624761153917
1624761153937
1624761153956
1624761153976
1624761153996
1624761154017
1624761154036
1624761154057
1624761154076
1624761154097
1624761154116
1624761154137
1624761154158
1624761154176
1624761154201
1624761154215
1624761154237
1624761154257
1624761154277
1624761154296
1624761154317
1624761154338
1624761154358
1624761154377
1624761154396
1624761154416
1624761154438
1624761154457
1624761154476
1624761154496
1624761154516
1624761154537
1624761154558
1624761154576
1624761154597
1624761154616
1624761154637
1624761154657
1624761154678
1624761154697
1624761154717
1624761154736
1624761154757
1624761154777
1624761154797
1624761154817
1624761154836
1624761154857
1624761154877
1624761154897
1624761154917
1624761154937
1624761154957
1624761154977
1624761154998
1624761155018
1624761155037
1624761155058
1624761155076
1624761155097
1624761155117
1624761155137
1624761155158
1624761155177
1624761155197
1624761155217
1624761155237
1624761155258
1624761155277
1624761155296
1624761155317
1624761155337
1624761155357
1624761155377
1624761155397
1624761155416
1624761155437
1624761155457
1624761155477
1624761155497
1624761155517
1624761155537
1624761155557
1624761155577
1624761155597
1624761155617
1624761155636
1624761155656
1624761155678
1624761155697
1624761155717
1624761155738
1624761155756
1624761155777
1624761155798
1624761155817
1624761155837
1624761155857
1624761155876
1624761155897
1624761155917
1624761155937
1624761155957
1624761155978
1624761155998
1624761156017
1624761156038
1624761156058
1624761156078
1624761156097
1624761156117
1624761156137
1624761156158
1624761156177
1624761156198
1624761156217
1624761156237
1624761156256
1624761156277
1624761156298
1624761156318
1624761156337
1624761156357
1624761156377
1624761156397
1624761156417
1624761156438
1624761156457
1624761156477
1624761156499
1624761156517
1624761156538
1624761156559
1624761156579
1624761156597
1624761156618
1624761156637
1624761156658
1624761156677
1624761156699
1624761156719
1624761156737
1624761156760
1624761156778
1624761156798
1624761156819
1624761156837
1624761156858
1624761156877
1624761156898
1624761156920
1624761156938
1624761156958
1624761156978
1624761156999
1624761157017
1624761157037
1624761157058
1624761157077
1624761157097
1624761157119
1624761157138
1624761157157
1624761157177
1624761157198
1624761157219
1624761157238
1624761157257
1624761157277
1624761157298
1624761157319
1624761157338
1624761157357
1624761157377
1624761157399
1624761157418
1624761157437
1624761157458
1624761157478
1624761157499
1624761157517
1624761157538
1624761157558
1624761157578
1624761157599
1624761157618
1624761157638
1624761157658
1624761157678
1624761157699
1624761157719
1624761157738
1624761157758
1624761157777
1624761157799
1624761157820
1624761157839
1624761157858
1624761157878
1624761157897
1624761157919
1624761157940
1624761157958
1624761157978
1624761157998
1624761158018
1624761158038
1624761158058
1624761158078
1624761158099
1624761158118
1624761158137
1624761158158
1624761158178
1624761158199
1624761158219
1624761158238
1624761158258
1624761158277
1624761158297
1624761158317
1624761158337
1624761158358
1624761158377
1624761158398
1624761158419
1624761158440
1624761158458
1624761158477
1624761158498
1624761158518
1624761158539
1624761158558
1624761158579
1624761158599
1624761158618
1624761158638
1624761158658
1624761158678
1624761158698
1624761158719
1624761158739
1624761158759
1624761158779
1624761158798
1624761158818
1624761158839
1624761158858
1624761158881
1624761158897
1624761158919
1624761158940
1624761158959
1624761158979
1624761158998
1624761159017
1624761159039
1624761159060
1624761159079
1624761159098
1624761159118
1624761159138
1624761159159
1624761159178
1624761159198
1624761159219
1624761159239
1624761159258
1624761159279
1624761159299
1624761159319
1624761159339
1624761159358
1624761159378
1624761159399
1624761159418
1624761159438
1624761159458
1624761159478
1624761159498
1624761159518
1624761159539
1624761159559
1624761159580
1624761159599
1624761159619
1624761159638
1624761159659
1624761159680
1624761159698
1624761159719
1624761159739
1624761159757
1624761159779
1624761159799
1624761159819
1624761159838
1624761159859
1624761159879
1624761159898
1624761159918
1624761159940
1624761159959
1624761159979
1624761159999
1624761160018
1624761160039
1624761160059
1624761160078
1624761160099
1624761160119
1624761160138
1624761160159
1624761160180
1624761160199
1624761160218
1624761160239
1624761160258
1624761160279
1624761160299
1624761160319
1624761160340
1624761160360
1624761160379
1624761160398
1624761160419
1624761160439
1624761160459
1624761160479
1624761160499
1624761160520
1624761160540
1624761160559
1624761160579
1624761160600
1624761160619
1624761160638
1624761160659
1624761160680
1624761160700
1624761160719
1624761160739
1624761160759
1624761160779
1624761160800
1624761160819
1624761160839
1624761160860
1624761160879
1624761160899
1624761160919
1624761160939
1624761160960
1624761160980
1624761160999
1624761161018
1624761161039
1624761161059
1624761161079
1624761161100
1624761161119
1624761161139
1624761161158
1624761161180
1624761161200
1624761161219
1624761161239
1624761161259
1624761161279
1624761161299
1624761161320
1624761161339
1624761161360
1624761161379
1624761161399
1624761161420
1624761161439
1624761161460
1624761161480
1624761161500
1624761161518
1624761161539
1624761161560
1624761161579
1624761161599
1624761161619
1624761161639
1624761161659
1624761161679
1624761161699
1624761161720
1624761161739
1624761161760
1624761161780
1624761161799
1624761161819
1624761161839
1624761161859
1624761161879
1624761161899
1624761161919
1624761161940
1624761161961
1624761161981
1624761162000
1624761162019
1624761162040
1624761162060
1624761162079
1624761162099
1624761162120
1624761162140
1624761162160
1624761162180
1624761162199
1624761162220
1624761162239
1624761162260
1624761162279
1624761162299
1624761162319
1624761162340
1624761162359
1624761162380
1624761162400
1624761162419
1624761162439
1624761162459
1624761162480
1624761162500
1624761162521
1624761162539
1624761162559
1624761162580
1624761162601
1624761162620
1624761162639
1624761162659
1624761162680
1624761162700
1624761162720
1624761162739
1624761162760
1624761162780
1624761162800
1624761162820
1624761162840
1624761162860
1624761162880
1624761162901
1624761162921
1624761162940
1624761162959
1624761162980
1624761163000
1624761163019
1624761163041
1624761163060
1624761163080
1624761163100
1624761163120
1624761163140
1624761163164
1624761163179
1624761163199
1624761163219
1624761163240
1624761163260
1624761163281
1624761163302
1624761163320
1624761163340
1624761163360
1624761163380
1624761163400
1624761163420
1624761163441
1624761163460
1624761163480
1624761163501
1624761163521
1624761163540
1624761163560
1624761163580
1624761163601
1624761163621
1624761163641
1624761163660
1624761163680
1624761163701
1624761163721
1624761163740
1624761163760
1624761163780
1624761163800
1624761163820
1624761163841
1624761163861
1624761163881
1624761163901
1624761163921
1624761163941
1624761163960
1624761163980
1624761164001
1624761164021
1624761164041
1624761164061
1624761164080
1624761164101
1624761164121
1624761164141
1624761164160
1624761164180
1624761164200
1624761164220
1624761164240
1624761164260
1624761164280
1624761164299
1624761164321
1624761164341
1624761164361
1624761164381
1624761164400
1624761164422
1624761164442
1624761164462
1624761164481
1624761164501
1624761164521
1624761164541
1624761164561
1624761164581
1624761164600
1624761164622
1624761164641
1624761164660
1624761164681
1624761164700
1624761164722
1624761164742
1624761164761
1624761164783
1624761164801
1624761164820
1624761164841
1624761164867
1624761164887
1624761164900
1624761164921
1624761164940
1624761164961
1624761164981
1624761165003
1624761165021
1624761165040
1624761165061
1624761165084
1624761165100
1624761165121
1624761165141
1624761165161
1624761165182
1624761165200
1624761165221
1624761165240
1624761165261
1624761165282
1624761165301
1624761165319
1624761165341
1624761165361
1624761165382
1624761165402
1624761165421
1624761165450
1624761165460
1624761165481
1624761165502
1624761165521
1624761165541
1624761165562
1624761165580
1624761165602
1624761165620
1624761165641
1624761165661
1624761165681
1624761165702
1624761165720
1624761165741
1624761165762
1624761165782
1624761165803
1624761165820
1624761165841
1624761165861
1624761165881
1624761165902
1624761165920
1624761165941
1624761165961
1624761165981
1624761166002
1624761166020
1624761166040
1624761166062
1624761166082
1624761166103
1624761166121
1624761166141
1624761166161
1624761166181
1624761166202
1624761166220
1624761166241
1624761166261
1624761166281
1624761166301
1624761166321
1624761166340
1624761166361
1624761166381
1624761166400
1624761166421
1624761166441
1624761166461
1624761166481
1624761166501
1624761166521
1624761166541
1624761166560
1624761166581
1624761166601
1624761166621
1624761166641
1624761166661
1624761166681
1624761166701
1624761166721
1624761166741
1624761166762
1624761166782
1624761166800
1624761166822
1624761166840
1624761166862
1624761166881
1624761166901
1624761166921
1624761166941
1624761166961
1624761166982
1624761167001
1624761167021
1624761167041
1624761167060
1624761167081
1624761167101
1624761167121
1624761167141
1624761167160
1624761167181
1624761167201
1624761167221
1624761167241
1624761167261
1624761167281
1624761167300
1624761167321
1624761167341
1624761167361
1624761167381
1624761167401
1624761167420
1624761167442
1624761167461
1624761167482
1624761167500
1624761167520
1624761167540
1624761167560
1624761167580
1624761167600
1624761167620
1624761167640
1624761167660
1624761167680
1624761167700
1624761167721
1624761167741
1624761167762
1624761167781
1624761167801
1624761167821
1624761167841
1624761167861
1624761167881
1624761167901
1624761167920
1624761167942
1624761167961
1624761167982
1624761168001
1624761168021
1624761168043
1624761168062
1624761168081
1624761168101
1624761168122
1624761168141
1624761168162
1624761168181
1624761168201
1624761168221
1624761168242
1624761168261
1624761168281
1624761168300
1624761168321
1624761168341
1624761168362
1624761168381
1624761168402
1624761168421
1624761168442
1624761168461
1624761168481
1624761168502
1624761168522
1624761168542
1624761168562
1624761168582
1624761168601
1624761168622
1624761168641
1624761168662
1624761168681
1624761168701
1624761168722
1624761168741
1624761168762
1624761168782
1624761168802
1624761168822
1624761168842
1624761168862
1624761168883
1624761168902
1624761168921
1624761168942
1624761168961
1624761168982
1624761169003
1624761169022
1624761169042
1624761169062
1624761169082
1624761169102
1624761169122
1624761169142
1624761169163
1624761169181
1624761169202
1624761169222
1624761169242
1624761169262
1624761169282
1624761169302
1624761169322
1624761169342
1624761169362
1624761169382
1624761169402
1624761169422
1624761169442
1624761169462
1624761169482
1624761169503
1624761169522
1624761169542
1624761169562
1624761169582
1624761169602
1624761169623
1624761169642
1624761169662
1624761169682
1624761169702
1624761169722
1624761169742
1624761169762
1624761169782
1624761169801
1624761169821
1624761169842
1624761169862
1624761169882
1624761169904
1624761169921
1624761169942
1624761169962
1624761169982
1624761170002
1624761170022
1624761170043
1624761170062
1624761170082
1624761170102
1624761170122
1624761170142
1624761170163
1624761170182
1624761170202
1624761170222
1624761170242
1624761170262
1624761170283
1624761170303
1624761170321
1624761170342
1624761170362
1624761170383
1624761170402
1624761170422
1624761170442
1624761170462
1624761170482
1624761170504
1624761170522
1624761170543
1624761170562
1624761170582
1624761170602
1624761170623
1624761170642
1624761170662
1624761170682
1624761170702
1624761170724
1624761170742
1624761170762
1624761170783
1624761170802
1624761170824
1624761170842
1624761170863
1624761170883
1624761170902
1624761170923
1624761170942
1624761170962
1624761170983
1624761171003
1624761171023
1624761171043
1624761171063
1624761171083
1624761171103
1624761171124
1624761171143
1624761171164
1624761171182
1624761171202
1624761171222
1624761171242
1624761171262
1624761171283
1624761171304
1624761171323
1624761171343
1624761171364
1624761171382
1624761171403
1624761171423
1624761171442
1624761171463
1624761171482
1624761171503
1624761171522
1624761171543
1624761171562
1624761171583
1624761171603
1624761171623
1624761171642
1624761171663
1624761171683
1624761171702
1624761171723
1624761171743
1624761171763
1624761171783
1624761171802
1624761171823
1624761171843
1624761171863
1624761171883
1624761171903
1624761171924
1624761171943
1624761171963
1624761171983
1624761172003
1624761172024
1624761172044
1624761172062
1624761172084
1624761172103
1624761172124
1624761172144
1624761172163
1624761172184
1624761172203
1624761172223
1624761172244
1624761172264
1624761172283
1624761172303
1624761172324
1624761172343
1624761172364
1624761172384
1624761172404
1624761172423
1624761172443
1624761172463
1624761172483
1624761172503
1624761172523
1624761172543
1624761172563
1624761172583
1624761172603
1624761172623
1624761172643
1624761172664
1624761172683
1624761172703
1624761172723
1624761172743
1624761172763
1624761172783
1624761172803
1624761172823
1624761172844
1624761172863
1624761172883
1624761172904
1624761172924
1624761172943
1624761172964
1624761172984
1624761173005
1624761173024
1624761173045
1624761173064
1624761173084
1624761173104
1624761173124
1624761173144
1624761173164
1624761173183
1624761173202
1624761173224
1624761173243
1624761173263
1624761173283
1624761173304
1624761173325
1624761173344
1624761173364
1624761173384
1624761173403
1624761173423
1624761173442
1624761173464
1624761173484
1624761173504
1624761173524
1624761173544
1624761173563
1624761173583
1624761173603
1624761173623
1624761173643
1624761173664
1624761173683
1624761173703
1624761173723
1624761173747
1624761173762
1624761173783
1624761173804
