-2.6452484
-2.2358398
-1.9150085
-1.5259552
-1.0854187
-1.0040131
-1.2817383
-1.2123108
-1.3990631
-1.1907654
-0.95732117
-0.3300476
0.142807
-0.21392822
-0.37313843
0.2182312
0.91973877
1.399765
1.166336
0.5629883
0.3846283
0.5067291
0.513916
0.316391
0.17753601
0.31399536
0.5438385
0.79164124
0.9532471
1.0657806
1.257309
1.1747131
1.0550079
1.0669708
1.078949
0.94966125
0.7246094
0.58813477
0.27809143
-0.15885925
-0.43060303
-0.70474243
-0.6951599
-0.5515137
0.020706177
0.9149475
1.5386353
1.4835663
0.9149475
0.34631348
0.31159973
0.78685
0.94366455
0.48399353
0.12246704
-0.028381348
0.25054932
0.6551666
0.90057373
1.1076813
1.2261963
0.889801
0.6049042
0.53427124
0.47080994
0.16316223
0.111694336
0.5258789
0.88261414
0.95684814
1.0059204
1.1100616
1.1411896
1.2190094
1.5350342
1.5745544
1.2010498
1.1244354
1.1328125
1.0573883
1.1687317
1.3638611
1.4033661
1.26091
1.1890869
1.2273865
1.3878021
1.6379852
1.8582611
1.7732697
1.0945129
0.22302246
0.014709473
0.11767578
0.4636383
0.91973877
1.0466309
0.5414429
-0.09780884
-0.14569092
0.40498352
0.80122375
0.9472656
1.0969086
1.221405
1.1256409
0.8634796
0.7641144
0.782074
0.92930603
0.9340973
0.7688904
0.66116333
0.7844696
1.039444
1.1220398
1.178299
1.4763947
1.6774902
1.5374451
1.5685577
1.7361603
1.4967346
1.1399994
1.217804
1.8774109
2.5370178
2.4484406
1.8534698
1.3231506
1.3255463
1.8426971
2.2509155
2.1958466
2.0402222
1.9995117
1.9157257
1.9037476
1.9707947
1.8079834
1.3279419
0.9233246
0.79164124
0.9077606
0.9724121
0.8646698
0.70306396
0.5067291
0.41575623
0.69229126
1.0921173
1.1711273
0.85150146
0.6204529
0.5222931
0.37983704
0.29484558
0.24935913
0.3152008
0.36787415
0.5246887
0.60728455
0.57855225
0.64201355
0.70425415
0.72340393
0.65397644
0.5606079
0.5893402
0.41934204
0.17514038
0.4600525
1.3327332
1.8283386
1.7002411
1.549408
1.43927
1.5482178
2.067749
2.368225
1.9157257
1.2261963
0.78445435
0.7102356
0.9640198
1.0526123
1.0119019
1.0801392
1.2441406
1.4344788
1.751709
1.8750153
1.5266571
1.0490265
0.66593933
0.56300354
0.57736206
0.60369873
0.647995
0.6671448
0.6946869
0.97720337
1.5877228
2.0557861
2.1192322
1.8618469
1.0765533
0.1954956
-0.14689636
-0.11456299
-0.061904907
-0.021194458
-0.016403198
-0.030776978
0.15957642
0.5713806
0.8251648
0.731781
0.5606079
0.3630829
0.38581848
0.4827881
0.4360962
0.44447327
0.4827881
0.32476807
0.26731873
0.5941162
1.2585144
2.0773315
2.2545013
1.9300842
1.8115692
1.8367157
1.7828369
1.6308136
1.3506927
1.063385
1.1160583
1.2166138
1.0825348
0.7593231
0.44448853
0.46961975
0.6695404
0.79522705
0.9329071
1.3195648
1.6260223
1.5146942
1.0657806
0.5701752
0.31280518
0.38702393
0.4935608
0.5318756
0.45645142
0.19787598
-0.029586792
0.17753601
0.51631165
0.6001129
0.4804077
0.44088745
0.6096802
1.0705719
1.4620209
1.3770294
1.0825348
0.9041748
0.7605133
0.6838989
0.5510254
0.276886
0.12365723
0.15359497
0.19787598
0.40737915
0.6910858
0.8862152
1.0825348
1.2022552
1.0262756
0.8934021
1.0310669
1.4165344
1.9109344
2.680664
2.8841705
2.4292755
2.0845184
1.9767761
1.8929749
1.7744598
1.6954498
1.7110138
1.6164398
1.4536438
1.2800598
1.1292267
0.9807892
0.81318665
0.81318665
1.0131073
1.2800598
1.1986542
1.2657013
1.2980194
1.2082367
1.5470123
1.9588165
1.6858673
1.2513275
0.9652252
1.02388
1.3231506
1.7026367
1.6583405
1.300415
1.3028107
1.454834
1.3183746
0.6731262
0.15478516
0.09013367
0.15357971
0.05781555
-0.023590088
-0.08584595
-0.12174988
-0.0738678
-0.06549072
-0.11576843
-0.034362793
0.28407288
0.44328308
0.17633057
0.002746582
0.2469635
0.49116516
0.6156769
0.60369873
0.3451233
0.019500732
0.11767578
0.94966125
1.8618469
1.8510742
1.5386353
1.4177246
1.5446167
1.6332092
1.5589905
1.3087921
1.2321777
1.2405548
1.0406342
0.91134644
1.0574036
1.4237213
1.5362396
1.4117432
1.3949738
1.5470123
1.4356842
1.0813446
0.7736969
0.3630829
-0.1421051
-0.81607056
-1.4134216
-1.5379181
-1.0243683
-0.7023468
-0.67959595
-0.56947327
-0.31808472
-0.014022827
0.23379517
0.38223267
0.5067291
0.592926
0.6013031
0.4456787
0.22181702
0.063797
0.037460327
-0.1828003
-0.4784851
-0.4892578
-0.30012512
0.07817078
0.2828827
0.22181702
0.25894165
0.42892456
0.68151855
0.7605133
0.647995
0.66474915
0.94966125
0.9245148
0.40737915
0.22062683
0.58932495
0.96162415
1.1902771
1.2238007
1.0502167
1.1052856
1.3782196
1.320755
0.86586
0.3259735
0.20147705
0.46961975
0.7126312
1.0142975
1.3423157
1.4332886
1.1483765
0.7389679
0.4528656
0.4636383
0.5426483
0.50912476
-0.021194458
-1.4397583
-1.3272247
-0.94296265
-1.390686
-1.2254791
-1.0016174
-1.0950012
-1.3655396
-1.42659
-1.3463898
-0.9764862
-0.57785034
-0.5431366
-0.6269226
-0.6915741
-0.5874176
-0.32048035
-0.0020446777
0.07575989
-0.19477844
-0.41384888
-0.60658264
-0.7705841
-0.79452515
-0.71791077
-0.5934143
-0.4282074
-0.4174347
-0.307312
-0.14450073
0.023101807
0.5510254
1.2657013
1.4488525
1.0059204
0.7090454
0.9197235
1.5158844
2.2712555
2.3538666
1.7241821
1.0538025
0.6982727
0.8754425
0.85987854
0.4971466
0.36547852
0.52827454
0.8969879
0.9831848
0.7760773
0.6767273
0.82037354
0.39779663
0.025482178
0.11886597
0.31040955
0.44807434
0.5330658
0.39060974
-0.030776978
-0.1708374
-0.37194824
-0.7095337
-0.73587036
-0.49404907
0.07696533
0.6384125
0.89100647
0.6695404
0.20864868
0.07936096
0.06977844
0.029083252
0.114089966
0.106903076
-0.1133728
-0.27737427
-0.24624634
-0.07626343
0.09013367
0.08415222
0.0697937
0.08654785
0.15957642
0.38702393
1.0980988
2.0294495
2.2951965
2.0701447
2.0270538
1.904953
1.7134094
1.6547546
1.2058411
0.5438385
0.37625122
0.41455078
0.31878662
0.12246704
-0.16604614
-0.32765198
-0.18998718
0.039855957
0.09611511
0.27209473
0.5211029
0.60009766
0.57496643
0.4600525
0.4540558
0.5833435
0.5725708
0.60609436
0.69348145
0.31999207
-0.39109802
-0.228302
-0.12893677
0.2074585
0.21224976
