-22.732544
-23.046875
-23.84491
-23.950195
-23.364258
-23.61908
-24.763489
-26.309204
-25.506592
-25.180054
-26.55487
-25.422668
-26.107788
-28.726196
-27.04773
-26.887512
-24.995422
-28.393555
-27.29187
-24.48883
-24.865723
-24.595642
-25.930786
-24.427795
-24.345398
-23.52295
-24.267578
-25.091553
-24.273682
-24.552917
-25.20752
-25.241089
-25.093079
-26.19934
-25.128174
-24.784851
-26.498413
-25.874329
-25.517273
-25.735474
-25.933838
-26.594543
-26.945496
-26.161194
-27.966309
-29.457092
-28.89862
-29.79126
-30.20935
-28.607178
-29.418945
-28.170776
-29.411316
-27.967834
-27.384949
-27.867126
-28.843689
-29.620361
-29.620361
-29.620361
-29.631042
-30.17273
-30.610657
-31.347656
-30.238342
-30.531311
-29.142761
-29.585266
-30.715942
-29.309082
-29.048157
-29.421997
-29.301453
-28.244019
-27.513123
-27.116394
-27.842712
-26.879883
-26.002502
-25.997925
-24.827576
-26.216125
-25.642395
-24.784851
-24.91455
-24.531555
-24.531555
-26.2146
-25.047302
-25.048828
-25.865173
-24.645996
-22.605896
-25.473022
-22.969055
-22.421265
-23.672485
-23.02246
-23.051453
-23.020935
-23.236084
-21.879578
-24.745178
-25.854492
-25.532532
-23.88916
-23.501587
-24.868774
-23.365784
-24.591064
-22.460938
-21.676636
-23.007202
-22.322083
-23.356628
-21.803284
-21.398926
-21.340942
-21.514893
-23.27118
-20.768738
-20.78247
-19.6167
-20.144653
-20.109558
-19.935608
-19.535828
-19.407654
-18.82019
-17.289734
-17.941284
-17.727661
-17.033386
-15.861511
-18.32428
-18.32428
-17.282104
-18.276978
-16.949463
-16.171265
-14.985657
-14.916992
-16.825867
-16.218567
-15.057373
-14.627075
-14.933777
-15.9713745
-16.70227
-14.315796
-14.993286
-17.012024
-16.76941
-15.988159
-15.690613
-16.053772
-17.877197
-16.453552
-14.97345
-16.488647
-15.814209
-17.747498
-17.123413
-16.142273
-18.5318
-18.403625
-16.500854
-18.336487
-17.95044
-16.352844
-16.114807
-17.662048
-17.565918
-18.3609
-18.399048
-16.972351
-17.07306
-16.452026
-17.391968
-15.658569
-16.007996
-15.524292
-14.646912
-13.972473
-13.223267
-14.39209
-15.370178
-13.696289
-12.399292
-14.346313
-14.179993
-15.423584
-14.884949
-12.390137
-13.090515
-12.384033
-13.30719
-14.022827
-13.235474
-14.038086
-14.48822
-13.291931
-11.932373
-15.484619
-13.534546
-14.533997
-13.490295
-15.386963
-13.925171
-15.643311
-15.090942
-15.647888
-15.647888
-15.647888
-15.696716
-17.242432
-16.337585
-17.832947
-18.852234
-17.373657
-17.094421
-17.176819
-17.062378
-18.47229
-18.771362
-17.892456
-17.965698
-16.696167
-17.375183
-17.082214
-18.487549
-18.739319
-18.774414
-16.781616
-15.626526
-16.653442
-14.428711
-15.470886
-15.209961
-13.925171
-14.616394
-15.255737
-13.780212
-11.700439
-12.142944
-13.578796
-14.561462
-12.5442505
-12.973022
-13.121033
-13.046265
-13.795471
-10.902405
-12.246704
-12.345886
-13.259888
-13.052368
-11.758423
-13.928223
-14.161682
-13.427734
-14.385986
-15.791321
-16.555786
-16.85791
-16.712952
-18.675232
-20.42389
-20.324707
-21.759033
-20.863342
-20.884705
-22.706604
-23.214722
-20.832825
-22.317505
-24.186707
-24.111938
-24.295044
-23.179626
-24.040222
-23.161316
-23.48938
-22.546387
-24.459839
-24.37439
-23.919678
-22.216797
-23.22998
-23.22998
-23.242188
-23.451233
-21.31195
-20.576477
-20.472717
-20.257568
-22.062683
-20.210266
-20.446777
-19.084167
-20.33844
-19.430542
-20.606995
-21.200562
-20.948792
-22.276306
-21.194458
-21.606445
-22.575378
-21.31958
-23.571777
-23.751831
-21.93451
-24.386597
-24.778748
-25.216675
-23.155212
-24.546814
-25.073242
-25.062561
-24.468994
-25.8255
-25.894165
-26.358032
-28.083801
-25.914001
-27.226257
-27.89917
-26.295471
-28.41034
-27.574158
-27.824402
-26.72882
-26.737976
-27.745056
-28.686523
-29.273987
-27.656555
-29.949951
-29.811096
-30.229187
-29.589844
-27.255249
-28.045654
-29.077148
-28.533936
-28.8208
-27.584839
-29.766846
-26.593018
-27.972412
-26.712036
-30.093384
-27.961731
-27.305603
-26.280212
-27.297974
-27.061462
-28.216553
-26.881409
-26.420593
-26.361084
-26.000977
-27.78778
-27.383423
-27.954102
-27.954102
-27.954102
-27.301025
-26.919556
-27.154541
-26.553345
-26.826477
-24.951172
-26.261902
-27.287292
-28.285217
-27.333069
-28.208923
-29.910278
-30.20935
-32.424927
-33.06427
-33.18634
-34.277344
-32.632446
-34.38263
-34.020996
-33.970642
-35.188293
-33.799744
-33.724976
-34.184265
-34.91211
-34.588623
-35.298157
-36.026
-34.843445
-34.21631
-36.03363
-36.26709
-35.80475
-36.193848
-34.79767
-33.75702
-33.106995
-33.413696
-33.016968
-32.83844
-35.028076
-33.11615
-33.692932
-33.537292
-34.86786
-32.295227
-33.795166
-33.28247
-32.817078
-33.753967
-35.67047
-33.688354
-34.321594
-33.703613
-34.014893
-34.32617
-33.5968
-34.732056
-34.33075
-31.968689
-33.77533
-34.584045
-34.243774
-35.1532
-34.39026
-35.16388
-33.60138
-34.988403
-34.48944
-35.05249
-34.465027
-34.324646
-34.61914
-34.127808
-35.35919
-35.35919
-34.379578
-35.29358
-36.68518
-36.473083
-35.723877
-37.309265
-34.329224
-34.93347
-35.984802
-34.965515
-35.00824
-35.585022
-36.85608
-36.384583
-34.40399
-33.91266
-34.231567
-32.896423
-32.769775
-33.702087
-32.49359
-33.71277
-34.23767
-33.639526
-34.072876
-33.337402
-33.413696
-32.476807
-31.817627
-33.5083
-34.332275
-32.313538
-32.182312
-33.07495
-33.10547
-31.321716
-32.225037
-31.652832
-32.56073
-32.35016
-31.526184
-33.24585
-32.569885
-30.514526
-31.681824
-32.56378
-30.874634
-32.922363
-33.06122
-31.871033
-34.968567
-33.16803
-33.57849
-33.815002
-33.885193
-32.707214
-33.441162
-33.05664
-33.891296
-31.503296
-31.549072
-33.876038
-31.910706
-31.472778
-31.419373
-30.73883
-31.758118
-31.129456
-30.281067
-30.71289
-30.96466
-30.134583
-29.039001
-28.936768
-30.218506
-28.642273
-28.642273
-27.947998
-28.097534
-28.02124
-27.381897
-27.856445
-28.665161
-27.198792
-27.812195
-28.483582
-26.919556
-27.320862
-28.372192
-28.538513
-28.033447
-28.619385
-29.629517
-29.03595
-29.502869
-28.24707
-28.683472
-30.064392
-30.825806
-31.452942
-30.592346
-30.673218
-30.932617
-32.269287
