1624763891175
1624763891176
1624763891212
1624763891213
1624763891233
1624763891254
1624763891273
1624763891293
1624763891314
1624763891334
1624763891354
1624763891374
1624763891394
1624763891415
1624763891433
1624763891456
1624763891476
1624763891494
1624763891514
1624763891535
1624763891555
1624763891576
1624763891595
1624763891615
1624763891635
1624763891656
1624763891676
1624763891695
1624763891717
1624763891733
1624763891754
1624763891776
1624763891796
1624763891814
1624763891837
1624763891856
1624763891875
1624763891896
1624763891915
1624763891935
1624763891955
1624763891975
1624763891995
1624763892015
1624763892035
1624763892053
1624763892075
1624763892094
1624763892115
1624763892135
1624763892155
1624763892176
1624763892195
1624763892215
1624763892235
1624763892255
1624763892275
1624763892295
1624763892315
1624763892334
1624763892355
1624763892375
1624763892395
1624763892415
1624763892435
1624763892454
1624763892475
1624763892495
1624763892514
1624763892535
1624763892556
1624763892575
1624763892595
1624763892615
1624763892635
1624763892655
1624763892675
1624763892695
1624763892715
1624763892735
1624763892756
1624763892776
1624763892795
1624763892815
1624763892835
1624763892856
1624763892875
1624763892895
1624763892915
1624763892935
1624763892955
1624763892975
1624763892995
1624763893015
1624763893035
1624763893055
1624763893075
1624763893095
1624763893115
1624763893136
1624763893155
1624763893176
1624763893199
1624763893214
1624763893235
1624763893255
1624763893275
1624763893298
1624763893316
1624763893335
1624763893355
1624763893375
1624763893397
1624763893416
1624763893435
1624763893455
1624763893475
1624763893497
1624763893518
1624763893534
1624763893556
1624763893576
1624763893596
1624763893617
1624763893635
1624763893654
1624763893676
1624763893697
1624763893717
1624763893738
1624763893757
1624763893776
1624763893796
1624763893816
1624763893836
1624763893855
1624763893875
1624763893895
1624763893915
1624763893935
1624763893955
1624763893975
1624763893996
1624763894016
1624763894036
1624763894056
1624763894077
1624763894095
1624763894115
1624763894135
1624763894155
1624763894175
1624763894195
1624763894217
1624763894234
1624763894256
1624763894277
1624763894298
1624763894317
1624763894335
1624763894356
1624763894376
1624763894396
1624763894417
1624763894436
1624763894455
1624763894476
1624763894497
1624763894516
1624763894538
1624763894557
1624763894575
1624763894595
1624763894615
1624763894636
1624763894656
1624763894676
1624763894697
1624763894716
1624763894741
1624763894754
1624763894775
1624763894796
1624763894816
1624763894836
1624763894857
1624763894876
1624763894897
1624763894915
1624763894936
1624763894956
1624763894976
1624763894996
1624763895017
1624763895037
1624763895056
1624763895076
1624763895096
1624763895116
1624763895137
1624763895156
1624763895176
1624763895195
1624763895216
1624763895236
1624763895256
1624763895276
1624763895296
1624763895316
1624763895336
1624763895357
1624763895376
1624763895396
1624763895416
1624763895437
1624763895456
1624763895476
1624763895496
1624763895516
1624763895538
1624763895556
1624763895576
1624763895596
1624763895617
1624763895637
1624763895656
1624763895676
1624763895696
1624763895716
1624763895736
1624763895757
1624763895776
1624763895796
1624763895816
1624763895837
1624763895856
1624763895876
1624763895896
1624763895916
1624763895936
1624763895956
1624763895976
1624763895996
1624763896016
1624763896037
1624763896055
1624763896076
1624763896096
1624763896116
1624763896137
1624763896157
1624763896176
1624763896196
1624763896216
1624763896236
1624763896257
1624763896277
1624763896297
1624763896316
1624763896335
1624763896356
1624763896377
1624763896397
1624763896417
1624763896437
1624763896456
1624763896477
1624763896497
1624763896517
1624763896536
1624763896556
1624763896578
1624763896596
1624763896616
1624763896636
1624763896657
1624763896676
1624763896697
1624763896716
1624763896738
1624763896759
1624763896776
1624763896796
1624763896816
1624763896837
1624763896857
1624763896876
1624763896897
1624763896916
1624763896936
1624763896956
1624763896976
1624763896996
1624763897016
1624763897036
1624763897057
1624763897077
1624763897097
1624763897116
1624763897136
1624763897156
1624763897177
1624763897196
1624763897216
1624763897236
1624763897257
1624763897276
1624763897297
1624763897317
1624763897336
1624763897356
1624763897377
1624763897396
1624763897418
1624763897437
1624763897456
1624763897476
1624763897497
1624763897517
1624763897537
1624763897557
1624763897578
1624763897597
1624763897617
1624763897637
1624763897657
1624763897677
1624763897698
1624763897718
1624763897738
1624763897757
1624763897776
1624763897797
1624763897818
1624763897837
1624763897857
1624763897877
1624763897897
1624763897919
1624763897937
1624763897957
1624763897978
1624763897997
1624763898018
1624763898037
1624763898057
1624763898077
1624763898097
1624763898116
1624763898137
1624763898157
1624763898177
1624763898199
1624763898216
1624763898236
1624763898256
1624763898277
1624763898299
1624763898317
1624763898337
1624763898357
1624763898377
1624763898397
1624763898418
1624763898438
1624763898456
1624763898478
1624763898498
1624763898517
1624763898537
1624763898557
1624763898578
1624763898598
1624763898619
1624763898638
1624763898657
1624763898678
1624763898699
1624763898718
1624763898738
1624763898757
1624763898776
1624763898805
1624763898817
1624763898836
1624763898856
1624763898877
1624763898897
1624763898919
1624763898937
1624763898958
1624763898977
1624763898997
1624763899017
1624763899037
1624763899058
1624763899077
1624763899097
1624763899118
1624763899138
1624763899158
1624763899178
1624763899197
1624763899218
1624763899237
1624763899257
1624763899277
1624763899297
1624763899318
1624763899338
1624763899359
1624763899378
1624763899398
1624763899419
1624763899439
1624763899459
1624763899479
1624763899499
1624763899519
1624763899539
1624763899559
1624763899578
1624763899598
1624763899618
1624763899639
1624763899659
1624763899679
1624763899706
1624763899720
1624763899739
1624763899757
1624763899785
1624763899804
1624763899817
1624763899837
1624763899858
1624763899878
1624763899899
1624763899919
1624763899940
1624763899958
1624763899978
1624763899997
1624763900018
1624763900038
1624763900058
1624763900078
1624763900099
1624763900117
1624763900138
1624763900157
1624763900179
1624763900198
1624763900219
1624763900238
1624763900258
1624763900277
1624763900297
1624763900317
1624763900339
1624763900359
1624763900378
1624763900398
1624763900418
1624763900437
1624763900458
1624763900478
1624763900498
1624763900518
1624763900537
1624763900559
1624763900578
1624763900598
1624763900618
1624763900638
1624763900659
1624763900678
1624763900698
1624763900718
1624763900737
1624763900757
1624763900778
1624763900798
1624763900817
1624763900838
1624763900857
1624763900878
1624763900898
1624763900919
1624763900940
1624763900957
1624763900978
1624763900998
1624763901019
1624763901039
1624763901058
1624763901078
1624763901098
1624763901118
1624763901138
1624763901158
1624763901178
1624763901198
1624763901217
1624763901237
1624763901258
1624763901278
1624763901298
1624763901318
1624763901338
1624763901358
1624763901378
1624763901398
1624763901417
1624763901438
1624763901458
1624763901478
1624763901498
1624763901518
1624763901539
1624763901558
1624763901578
1624763901598
1624763901618
1624763901638
1624763901660
1624763901678
1624763901698
1624763901719
1624763901738
1624763901758
1624763901778
1624763901798
1624763901818
1624763901839
1624763901858
1624763901878
1624763901898
1624763901918
1624763901939
1624763901959
1624763901979
1624763902007
1624763902017
1624763902037
1624763902062
1624763902079
1624763902099
