0.9106293
1.0818176
1.6229095
1.9904175
1.9676666
1.6360779
1.4325714
1.6229095
1.7881012
1.7677612
1.4996033
1.1488495
0.99443054
1.2314606
1.5881958
2.250183
2.501587
1.8647156
1.0291443
0.05949402
-0.019515991
0.60417175
1.6731873
2.3351898
2.142456
1.6456451
1.6372681
1.9664764
2.0287323
1.6013641
0.82084656
0.1361084
0.110961914
0.16603088
0.12892151
0.15765381
0.63290405
1.1883698
1.2721558
1.4696808
1.7258606
1.2829285
0.048721313
-0.6647644
-0.41098022
0.05949402
0.4210205
0.6065674
0.83761597
1.0255585
1.2625732
1.628891
1.8300018
1.3547668
0.5155945
0.16244507
0.41264343
0.70951843
0.782547
0.6592407
0.4030609
0.40904236
0.62213135
0.8364105
1.276947
1.5019989
1.4996033
0.7047272
-0.40977478
-0.93530273
-0.5773773
0.113357544
0.6305084
0.7681732
0.66882324
0.79930115
1.2649841
1.8192291
2.0454865
1.8395844
1.5091858
1.1704102
0.9321747
0.91181946
0.960907
0.80888367
1.1644135
1.8719025
1.5845947
0.6424866
-0.20387268
-1.0083313
-0.76771545
0.45932007
1.9568939
2.7290344
2.5590363
2.1496277
1.7498016
1.3379974
0.9633026
0.80288696
0.76937866
0.8555603
1.024353
1.1656189
1.3272247
1.4529114
1.3966522
1.1931458
0.82922363
0.5012207
0.41622925
0.10020447
-0.29605103
-0.0015563965
0.54670715
0.916626
1.352356
1.1775818
0.5921936
0.43418884
1.0482941
1.9006348
2.4010315
2.3902435
2.1065369
1.7641602
1.5331268
1.5211487
1.6013641
1.4445496
1.0458984
0.7071228
0.47488403
0.4497528
0.63648987
0.6209259
0.31806946
0.06666565
0.048721313
0.2618103
0.7394409
1.5570679
1.9820404
1.521164
0.8483887
0.9309845
1.5774231
2.1735687
2.2992706
1.881485
1.5355225
1.3403931
1.1045685
0.826828
0.5335541
0.47369385
0.7346649
0.9896393
0.9920349
0.7849426
0.54193115
0.5658722
0.64486694
0.7214813
0.97647095
0.8986664
0.9788666
1.4672852
1.1153412
0.13371277
0.07147217
1.0351257
1.897049
2.1197052
1.7617798
1.5067902
1.6145325
1.7940979
1.7007141
1.2075195
0.6017761
0.4497528
0.55389404
0.6472626
0.7610016
0.78015137
0.7657776
0.7933197
0.95732117
1.2242737
1.1380768
1.0686493
1.2506104
1.2937012
0.91423035
0.42581177
0.50601196
1.0447083
1.652832
1.9245758
1.8551483
1.7306519
1.6540222
1.5786133
1.371521
1.2003326
1.3104706
1.5714264
1.6791687
1.7378235
1.9042206
2.0430908
2.0562592
2.2453918
2.2561798
1.7641602
1.2158966
1.4158173
1.984436
2.2382202
2.4417267
2.6021423
1.9580994
0.97288513
0.86872864
1.4876404
2.0622406
2.3351746
2.1017456
1.8599396
1.9545135
2.2777252
2.4022217
2.4105988
2.1855469
1.60495
1.0937958
1.4373627
2.1448517
2.6260834
2.1556244
1.1416626
0.782547
1.3978577
2.343567
3.043869
2.3172302
1.0842133
0.7454376
1.4828491
2.4453125
2.8056335
2.518341
2.209488
2.1460419
2.241806
2.289688
2.0969543
1.8946533
1.7378235
1.6959229
2.0335236
2.609314
3.000763
2.806839
2.8259888
2.9349213
2.6165009
2.0730133
1.9856262
2.6308594
3.2353973
4.079361
4.115265
3.0893555
2.2478027
2.123291
2.8654938
3.6112976
3.5322876
2.964859
2.5889587
2.6057281
2.9624634
3.3156128
3.4089813
2.9947815
2.1915283
1.5427094
1.7521973
2.3926544
2.8415527
3.2868805
3.3850403
2.9433136
2.5674286
2.5722046
2.8259888
2.913391
2.4189758
1.8611298
1.9568939
2.1173096
2.6152954
2.6895294
2.2837067
2.3148346
2.375885
2.462082
2.5937653
2.667984
2.7852936
2.7230377
2.4141846
2.1759644
1.9688721
1.6971283
1.6779785
1.9772491
1.9377441
1.86232
2.0766144
2.0825958
1.7689514
1.3020782
0.7741699
0.58981323
0.6772003
0.9908447
1.3846893
1.6324768
1.7857056
1.9161987
1.9940186
1.9640808
1.94133
1.6827698
1.3236389
1.2170868
1.387085
1.771347
2.1017456
2.0490723
1.8144379
1.2973022
0.46769714
0.10018921
0.5000305
1.182373
1.6695862
1.6348724
1.3786926
1.2446289
1.2146912
1.3260193
1.4852448
1.7246704
1.9952087
2.2082825
2.25737
2.0466766
1.7797241
1.5953827
1.6719971
1.8886719
2.047882
2.2406158
2.628479
2.7386017
2.3351746
1.6061401
0.9273987
0.6676178
1.0842133
1.8060608
2.130478
1.8323975
1.3427887
1.0518951
1.019577
1.1536407
1.2518005
1.4158173
1.5462952
1.5690308
1.6001587
1.6935272
1.7102966
1.6887512
1.7857208
1.8395844
1.7605743
1.6396637
1.7569885
1.9437408
1.9102173
1.8838806
1.7557831
1.1943359
0.82684326
1.1249084
1.5810089
1.818039
1.7414093
1.4074249
1.1536407
1.1249084
1.3763123
1.6276855
1.7785339
1.9473267
2.1077423
2.2741394
2.5123444
2.585373
2.4955902
2.3076477
2.1843567
2.1951141
2.2549744
2.3375702
2.4345398
2.3315887
1.850357
1.5091858
1.2063141
0.7621918
0.569458
0.8196564
1.1895599
1.3056793
1.1883698
1.1009674
1.1500549
1.3811035
1.7545929
2.0574493
2.0694275
1.8000793
1.7210693
1.8551483
1.8886566
1.8479614
1.7366333
1.5510864
1.510376
1.652832
1.7773285
1.7557831
1.4229889
1.1380768
1.3104706
1.8144531
2.383072
2.2142792
1.094986
-0.037475586
0.17800903
1.2709656
1.86232
1.3775024
0.8340149
0.7238922
0.9142151
1.2158966
1.42659
1.4194031
1.3739014
1.4936218
1.628891
1.6971283
1.5929871
1.4170074
1.3631439
1.4217987
1.6827545
2.171173
2.4824219
2.130478
1.857544
2.2501984
2.5087585
2.2825012
2.3004608
2.720642
2.7014923
2.0885773
1.8407745
2.0562592
2.0610504
1.529541
0.9226074
1.8323975
3.2641296
2.171173
1.1907501
1.7533875
2.0227356
1.2554016
1.1847687
1.3894806
1.6229095
1.9940186
2.4297638
2.7697296
2.8882446
2.41539
1.8910675
1.7761383
1.9976044
2.1723785
2.4836273
2.6069183
2.4261627
2.181961
1.9736633
1.3739014
0.85676575
0.84599304
1.5450897
2.4884033
3.1839294
3.1791382
2.562622
1.7797241
1.450531
1.52594
1.7342377
1.5091858
1.0770264
0.82084656
0.822052
1.237442
1.7581787
2.173584
2.2310333
2.1508331
1.8252106
1.4864349
1.4565125
1.2865143
0.6772003
0.5550995
0.97288513
1.3356018
1.553482
1.901825
2.059845
2.0371094
1.94133
1.9796448
1.9233856
1.5750275
1.1356812
0.9130249
1.1296997
1.8336029
2.3567352
2.0035858
1.3822937
0.8519745
0.51678467
0.6412811
1.0111847
1.0710449
1.1296997
1.4780579
1.628891
1.3104706
1.0602722
0.5550995
-0.42294312
-0.47084045
0.46769714
1.3415833
2.0586548
2.1771698
1.8491669
1.5714264
1.5810089
1.5426941
1.1883698
0.83761597
0.7214966
0.75860596
0.91542053
1.039917
0.822052
0.5598755
0.5993805
1.0135803
1.2996826
1.1536407
0.95851135
1.1105499
1.1057587
0.99324036
1.26857
0.8424072
0.0738678
0.21511841
0.8986511
1.534317
1.6037598
1.4720764
1.565445
1.8994446
2.2920837
2.4692535
2.4094086
2.107727
1.846756
1.6264954
1.292511
0.945343
0.62213135
1.0566711
1.8671112
1.9185944
1.237442
0.64009094
0.65805054
0.6305084
0.20553589
-0.06022644
0.28933716
1.0315399
1.6779785
1.905426
1.7821198
1.6612091
1.7677612
1.9592896
2.0658264
1.8970337
1.5283356
1.434967
1.6695862
1.6504364
1.213501
0.72268677
0.36595154
0.29891968
0.4222107
0.32884216
0.3132782
0.8531647
1.2506104
1.7677612
2.0167542
1.6073456
0.94296265
0.78852844
1.1237183
1.692337
2.011963
1.6109314
1.1273041
1.158432
1.6564331
2.1915283
2.5315094
2.5003815
2.0849915
1.5091858
1.2410278
1.1632233
0.96569824
1.0267487
1.455307
1.6540375
1.0973816
0.8196564
1.2901154
1.9533081
2.4333496
1.6217041
-0.02909851
-0.821579
0.18759155
1.6253052
2.5542603
2.1065369
1.2266693
0.84239197
1.024353
1.3739166
1.4361572
1.0471039
0.68078613
0.5503082
0.65805054
0.81726074
0.945343
0.92500305
0.75260925
0.6532593
0.64486694
0.91542053
1.1752014
1.4936218
1.5019989
0.99801636
0.69395447
1.0842133
1.7833252
2.1771698
1.8742981
1.4217834
1.2494049
1.4600983
1.8359985
2.1340637
1.9473267
1.4241943
0.79930115
0.3204651
0.629303
1.5223541
2.0191498
1.92099
1.8958435
1.9305573
2.0011902
1.865921
1.4648895
1.2673645
0.9381714
0.23187256
-0.22662354
0.16842651
1.173996
1.9018402
1.9149933
1.5953674
1.3308105
1.4864349
1.8455658
1.944931
1.6755829
1.3068695
1.3092651
2.051468
2.9528809
2.949295
2.3734894
1.9952087
2.0191498
1.8982391
1.5163727
1.4385529
1.6899414
2.2705383
1.8946533
1.0064087
1.0147858
2.047882
2.8750763
2.8044434
2.7290192
2.1735687
1.6037598
1.529541
1.3523712
