-0.10211182
-0.06323242
0.16419983
0.3852539
0.37939453
0.23823547
0.11520386
-0.00730896
-0.13726807
-0.16496277
-0.015304565
0.19242859
0.25474548
0.2046814
0.16740417
0.050750732
-0.15805054
-0.45100403
-0.53034973
-0.3577881
-0.2027893
-0.21504211
-0.48295593
-0.6065216
-0.4254303
-0.22676086
-0.0925293
-0.042999268
-0.042999268
0.023590088
0.05393982
-0.10105896
-0.13833618
-0.046722412
0.104019165
0.09867859
-0.09892273
-0.29067993
-0.23368835
-0.15219116
-0.2454071
-0.38388062
-0.34979248
-0.33700562
-0.66511536
-1.0518036
-1.1018677
-0.6688385
0.13490295
0.9674072
1.455307
1.3109589
0.70962524
0.052352905
-0.4216919
-0.5996094
-0.46751404
-0.15644836
0.12159729
0.23397827
0.25048828
0.31652832
0.51200867
0.7490387
0.8800659
0.7149353
0.22439575
-0.291214
-0.47921753
-0.35032654
-0.25178528
-0.32583618
-0.3854828
-0.32209778
-0.14526367
-0.021697998
-0.041397095
-0.10159302
-0.025421143
0.14768982
0.22012329
0.1769867
0.17538452
0.2989502
0.4358368
0.44329834
0.25209045
-0.02861023
-0.30718994
-0.6896057
-0.7801666
-0.15219116
0.8267975
1.1959076
0.61906433
-0.25712585
-0.82650757
-0.8291626
-0.4419403
0.010269165
0.23451233
0.15568542
-0.017959595
-0.069625854
0.039031982
0.19456482
0.25741577
0.21479797
0.13969421
0.1343689
0.24836731
0.24143982
0.07684326
0.0038757324
0.08644104
0.22172546
0.2904358
0.19456482
-0.08401489
-0.32955933
-0.3396759
-0.21769714
-0.1793518
-0.27096558
-0.3439331
-0.29014587
-0.120773315
0.033172607
0.08270264
0.0874939
0.16633606
0.24143982
0.12159729
-0.086135864
-0.12556458
-0.001449585
0.021453857
-0.12661743
-0.27149963
-0.25338745
-0.004119873
0.33251953
0.39483643
0.047561646
-0.45152283
-0.61131287
-0.34872437
0.013458252
0.16845703
0.07312012
-0.11010742
-0.19425964
-0.123428345
-0.004119873
0.044891357
0.045425415
0.09283447
0.18763733
0.2590027
0.29682922
0.35328674
0.45448303
0.5018921
0.40708923
0.25421143
0.15887451
0.15834045
0.101882935
-0.21025085
-0.5990753
-0.612381
-0.37590027
-0.30238342
-0.50904846
-0.6235657
-0.45791626
-0.16923523
0.02357483
0.039031982
-0.013702393
0.040634155
0.1892395
0.2600708
0.16419983
0.06939697
0.14076233
0.30322266
0.3927002
0.4076233
0.38630676
0.32505798
0.24674988
0.16900635
0.0209198
-0.22994995
-0.44779968
-0.39613342
-0.13833618
-0.013702393
-0.10852051
-0.14738464
0.031036377
0.3058777
0.4560852
0.41027832
0.2824402
0.23132324
0.30322266
0.421463
0.4827118
0.48538208
0.47312927
0.45343018
0.44117737
0.3687439
0.19561768
0.03050232
0.043304443
0.2046814
0.30429077
0.2749939
0.12850952
-0.22409058
-0.65286255
-0.6810913
-0.3620453
-0.18362427
-0.28694153
-0.43821716
-0.4222412
-0.20811462
0.1146698
0.358078
0.33570862
0.12585449
0.0033416748
0.07951355
0.30055237
0.42999268
0.28883362
-0.022766113
-0.32369995
-0.49946594
-0.37695312
0.064590454
0.47312927
0.3969574
-0.19374084
-0.76205444
-0.7929535
-0.37802124
0.029968262
0.11253357
-0.012634277
-0.031814575
0.12425232
0.35221863
0.53118896
0.5306549
0.3665924
0.17059326
0.094955444
0.21000671
0.43424988
0.6148071
0.6899109
0.73625183
0.6286621
0.3261261
0.073654175
0.028366089
0.07258606
0.12904358
0.10134888
-0.24220276
-0.74235535
-0.8371582
-0.43821716
0.10720825
0.35221863
0.08856201
-0.2997284
-0.4419403
-0.29386902
0.021453857
0.3650055
0.5706024
0.49284363
0.21800232
-0.014770508
-0.055252075
0.092300415
0.28831482
0.39483643
0.36235046
0.2281189
0.15142822
0.16419983
0.122665405
-0.060043335
-0.3620453
-0.57562256
-0.5500641
-0.38334656
-0.17669678
-0.054718018
-0.21343994
-0.20385742
0.09762573
0.3703308
0.46354675
0.374588
0.22544861
0.14076233
0.18391418
0.32666016
0.4598236
0.5130768
0.41880798
0.16473389
-0.0051879883
0.106674194
0.34210205
0.30747986
-0.045669556
-0.38974
-0.46644592
-0.30770874
-0.07069397
0.05342102
-0.024887085
-0.20758057
-0.3396759
-0.31996155
-0.19213867
-0.071762085
-0.008911133
0.023040771
0.008132935
-0.056854248
-0.12182617
-0.13993835
-0.05418396
0.08963013
0.14929199
0.024108887
-0.0690918
0.10720825
0.44436646
0.65582275
0.6041565
0.3037567
-0.09892273
-0.33221436
-0.24913025
0.08644104
0.36553955
0.3500824
0.13224792
-0.07015991
-0.10958862
0.018249512
0.18763733
0.33198547
0.4395752
0.4640808
0.40281677
0.33198547
0.294693
0.24942017
0.10987854
-0.17562866
-0.28108215
0.07258606
0.6052246
0.7948303
0.564209
0.24623108
0.042236328
-0.021697998
-0.016906738
-0.001449585
0.0070648193
-0.029678345
-0.1005249
-0.1308899
-0.071762085
0.049682617
0.15994263
0.19296265
0.165802
0.12211609
0.11946106
0.13278198
0.12850952
0.10295105
0.092300415
0.07312012
-0.05630493
-0.18786621
-0.08081055
0.21107483
0.374588
0.31333923
0.118392944
-0.032348633
-0.031280518
0.070999146
0.14129639
0.11946106
0.05821228
0.062469482
0.16793823
0.32505798
0.404953
0.3804474
0.34210205
0.34210205
0.34475708
0.2861786
0.21586609
0.25527954
0.43797302
0.6387787
0.67019653
0.468338
0.13224792
-0.07069397
-0.011581421
0.08856201
0.009735107
-0.15112305
-0.2219696
-0.1516571
1.5258789E-4
0.13970947
0.18231201
0.116256714
-0.018493652
-0.13140869
-0.1308899
-0.081344604
-0.093063354
-0.13674927
-0.13726807
-0.039260864
0.09602356
0.16793823
0.14608765
0.10720825
0.12638855
0.21800232
0.3383789
0.43585205
0.3852539
0.08590698
-0.3093109
-0.3812256
-0.04246521
0.36021423
0.43211365
0.048080444
-0.52557373
-0.7615204
-0.48349
-0.050979614
0.0912323
-0.06964111
-0.22676086
-0.19532776
0.006011963
0.24942017
0.41134644
0.45661926
0.43692017
0.3815155
0.311203
0.29736328
0.35168457
0.4411621
0.46513367
0.39163208
0.2669983
0.2366333
0.40815735
0.5460968
0.38737488
0.14183044
-0.026489258
-0.26564026
-0.6075897
-0.67097473
-0.4461975
-0.21983337
-0.27363586
-0.5196991
-0.68322754
-0.41531372
-0.14579773
-0.24806213
-0.38441467
-0.33702087
-0.10585022
0.3857727
0.88539124
1.009491
0.7106781
0.31280518
0.13543701
0.2089386
0.30801392
0.28297424
0.19828796
0.08804321
-0.02116394
-0.09892273
-0.32902527
-0.77163696
-1.0571289
-0.914917
-0.5372772
-0.28907776
-0.31144714
-0.46165466
-0.5133209
-0.3561859
-0.12661743
-0.008377075
-0.04460144
-0.17721558
-0.24487305
-0.17295837
-0.0046539307
0.19828796
0.3303833
0.32398987
0.2835083
0.31547546
0.38258362
0.41081238
0.34796143
0.17964172
0.0033416748
-0.03074646
0.06300354
0.15568542
0.104537964
-0.06855774
-0.22836304
-0.30291748
-0.29866028
-0.2954712
-0.3508606
-0.43608093
-0.45526123
-0.37802124
-0.24752808
-0.16230774
-0.25445557
-0.32955933
-0.19000244
-0.08454895
-0.09680176
-0.014770508
0.120529175
0.24783325
0.43904114
0.61161804
0.59562683
0.3618164
-0.07762146
-0.7146454
-1.0198364
-0.6672363
-0.21343994
-0.17402649
-0.44779968
-0.615036
-0.43501282
-0.06536865
0.18391418
0.18870544
0.12638855
0.20521545
0.3703308
0.4395752
0.3538208
0.2169342
0.16473389
0.22972107
0.31015015
0.27552795
0.1769867
0.31866455
0.7106781
0.8710022
0.6457062
0.2089386
-0.32209778
-0.6645813
-0.5245056
-0.21130371
-0.20013428
-0.63316345
-1.0805664
-1.0592651
-0.57936096
-0.01637268
0.27392578
0.2765808
0.25634766
0.36979675
0.47685242
0.31066895
-0.05152893
-0.14952087
0.18817139
0.60469055
0.6808624
0.46354675
0.27445984
0.24249268
0.15194702
-0.12236023
-0.34020996
-0.31944275
-0.1905365
-0.16017151
-0.18681335
-0.16390991
-0.076553345
0.009735107
0.03477478
0.07046509
0.18070984
0.25102234
0.21640015
0.12638855
0.035827637
0.008132935
0.061401367
0.14768982
0.20947266
0.15834045
-0.007843018
-0.11331177
-0.058441162
0.07685852
0.21000671
0.21321106
-0.053649902
-0.4797516
-0.7524719
-0.6480713
-0.40785217
-0.35246277
-0.5522003
-0.71784973
-0.5458069
-0.1159668
0.26860046
0.40867615
0.34635925
0.23823547
0.23823547
0.29096985
0.2835083
0.28671265
0.43424988
0.54981995
0.36393738
0.05607605
-0.038742065
0.17912292
0.5306549
0.6148071
0.08963013
-0.89468384
-1.4656525
-1.0123901
-0.11810303
0.35435486
0.09069824
-0.44407654
-0.62249756
-0.28961182
0.24409485
0.580719
0.5327759
0.21107483
-0.10159302
-0.21290588
-0.15272522
-0.03288269
0.106674194
0.29415894
0.38790894
0.21000671
-0.020095825
-0.043533325
0.087509155
0.13864136
-0.08934021
-0.35298157
-0.36897278
-0.2454071
-0.26190186
-0.4845581
-0.62942505
-0.43075562
-0.03767395
0.24142456
0.28404236
0.20947266
0.16687012
0.15994263
0.17326355
0.20681763
0.26913452
0.26167297
0.1769867
0.24835205
0.46406555
0.53279114
0.44969177
0.4257202
0.45129395
0.35595703
-0.06536865
-0.4296875
-0.36897278
-0.043533325
0.26220703
0.32984924
0.1338501
-0.07922363
-0.062698364
0.14448547
0.3468933
0.33517456
0.1381073
-0.05152893
-0.06271362
0.13917542
0.35221863
0.3618164
0.2669983
0.18763733
0.11999512
0.06300354
0.035842896
0.048614502
0.07418823
-0.057907104
-0.41157532
-0.62835693
-0.5266266
-0.3508606
-0.36790466
-0.46749878
-0.42382812
-0.4446106
-0.54260254
-0.28533936
0.18551636
0.52479553
