-37.698364
-39.15863
-37.678528
-38.848877
-39.309692
-36.94153
-37.348938
-35.440063
-36.299133
-35.839844
-35.72235
-35.15625
-35.614014
-34.098816
-35.009766
-35.154724
-33.46405
-34.884644
-33.392334
-31.149292
-28.422546
-28.96576
-28.144836
-31.375122
-31.513977
-31.062317
-30.018616
-29.159546
-31.341553
-28.327942
-27.400208
-27.0401
-28.352356
-27.249146
-26.01471
-27.363586
-26.18866
-26.603699
-26.44043
-25.172424
-24.414062
-23.0896
-20.848083
-20.768738
-17.94281
-20.100403
-21.290588
-21.318054
-22.45636
-25.146484
-27.731323
-27.388
-27.204895
-28.857422
-28.347778
-27.902222
-27.36969
-27.938843
-28.883362
-27.397156
-28.822327
-29.856873
-29.673767
-30.151367
-28.593445
-28.155518
-27.861023
-26.664734
-25.183105
-23.554993
-24.917603
-24.917603
-24.917603
-25.205994
-25.40741
-25.344849
-27.606201
-25.72937
-27.433777
-24.186707
-24.464417
-23.390198
-25.076294
-23.780823
-25.073242
-25.65918
-25.708008
-25.279236
-25.585938
-25.015259
-23.620605
-23.312378
-22.592163
-23.39325
-23.832703
-23.770142
-25.317383
-25.143433
-24.113464
-24.162292
-24.6109
-24.595642
-25.78125
-28.09143
-25.970459
-27.636719
-25.744629
-27.052307
-27.081299
-26.516724
-24.935913
-25.662231
-27.226257
-28.178406
-27.980042
-27.584839
-26.47705
-27.401733
-27.330017
-25.77362
-24.45221
-24.176025
-26.771545
-25.117493
-26.377869
-25.128174
-27.89154
-26.878357
-26.600647
-26.812744
-25.860596
-24.59259
-27.183533
-27.11792
-25.767517
-28.237915
-28.042603
-27.450562
-28.811646
-26.498413
-26.678467
-26.394653
-28.160095
-28.198242
-27.127075
-28.042603
-29.022217
-28.89862
-28.149414
-28.135681
-29.319763
-29.644775
-29.644775
-29.644775
-28.834534
-31.100464
-31.76117
-29.621887
-30.06134
-31.617737
-31.303406
-31.573486
-31.121826
-31.549072
-31.776428
-32.414246
-34.09424
-30.751038
-32.696533
-34.18274
-30.8609
-30.989075
-31.974792
-30.85785
-30.508423
-31.298828
-31.716919
-31.861877
-32.618713
-32.64923
-32.009888
-31.91986
-33.31299
-31.677246
-33.314514
-32.258606
-31.636047
-33.177185
-33.267212
-33.45337
-34.83734
-32.244873
-34.10034
-34.500122
-33.076477
-34.144592
-35.585022
-33.381653
-34.031677
-32.385254
-32.929993
-33.718872
-32.591248
-33.920288
-33.636475
-35.186768
-33.572388
-34.658813
-34.66797
-35.850525
-34.08203
-33.06732
-34.59778
-34.428406
-35.1593
-34.57489
-35.00061
-35.006714
-33.169556
-35.964966
-35.31189
-36.231995
-35.90851
-34.414673
-33.184814
-33.187866
-32.902527
-33.789062
-34.381104
-34.973145
-35.458374
-35.003662
-33.659363
-35.009766
-35.009766
-35.009766
-32.981873
-33.532715
-32.188416
-33.84857
-34.414673
-32.84912
-33.132935
-34.225464
-33.80127
-31.20575
-34.599304
-32.777405
-31.822205
-34.680176
-32.69043
-33.468628
-33.779907
-32.03888
-32.333374
-32.91931
-32.009888
-32.217407
-32.315063
-33.758545
-32.862854
-31.806946
-32.017517
-31.465149
-31.237793
-32.11212
-32.214355
-31.303406
-32.67212
-30.963135
-31.181335
-31.452942
-29.948425
-30.763245
-29.690552
-29.852295
-29.582214
-28.163147
-27.308655
-27.278137
-27.478027
-28.208923
-29.144287
-28.582764
-26.71814
-28.05481
-26.01471
-27.783203
-27.282715
-26.09253
-26.019287
-27.386475
-27.20642
-26.9104
-26.387024
-26.818848
-26.16272
-25.749207
-27.487183
-25.89569
-26.200867
-25.193787
-24.98169
-24.456787
-26.924133
-25.035095
-25.305176
-25.187683
-24.85199
-25.323486
-26.319885
-26.338196
-24.943542
-24.957275
-26.365662
-26.365662
-24.41864
-24.874878
-24.739075
-24.295044
-24.91455
-24.990845
-25.27008
-24.198914
-25.265503
-24.951172
-24.621582
-23.072815
-23.080444
-22.434998
-22.465515
-23.243713
-23.277283
-22.148132
-21.878052
-22.24884
-20.54596
-21.678162
-21.408081
-20.762634
-21.549988
-20.335388
-20.045471
-21.176147
-19.799805
-19.918823
-18.269348
-19.033813
-20.314026
-18.97583
-18.939209
-17.977905
-18.286133
-18.22815
-18.55011
-18.554688
-17.468262
-15.931702
-17.926025
-17.42096
-17.051697
-17.172241
-17.193604
-14.909363
-16.490173
-16.595459
-15.493774
-16.429138
-16.368103
-14.759827
-15.501404
-13.710022
-14.712524
-13.005066
-13.279724
-15.106201
-13.543701
-13.926697
-14.36615
-15.400696
-12.176514
-13.508606
-11.878967
-11.543274
-12.290955
-12.185669
-11.912537
-12.838745
-13.215637
-11.880493
-11.158752
-12.47406
-10.063171
-11.329651
-11.729431
-10.871887
-10.871887
-10.871887
-10.398865
-10.969543
-10.177612
-10.801697
-11.755371
-10.020447
-11.715698
-11.557007
-11.022949
-11.682129
-10.733032
-10.299683
-11.013794
-9.606934
-10.704041
-11.000061
-8.349609
-10.813904
-10.801697
-9.568787
-10.75592
-8.77533
-10.089111
-10.119629
-9.306335
-8.221436
-8.976746
-9.306335
-8.625793
-8.48999
-9.838867
-7.4127197
-8.407593
-8.914185
-8.181763
-8.110046
-9.190369
-9.307861
-7.3242188
-7.5317383
-7.4676514
-6.7993164
-7.4890137
-8.399963
-6.0913086
-8.610535
-6.134033
-6.781006
-7.3379517
-7.650757
-7.017517
-5.7998657
-6.755066
-7.017517
-6.2911987
-6.1416626
-5.9677124
-6.60553
-6.1080933
-6.587219
-6.2789917
-5.1452637
-5.570984
-6.060791
-5.1696777
-5.1879883
-5.1483154
-4.8095703
-4.5043945
-4.79126
-3.881836
-5.944824
-4.072571
-5.11322
-4.6325684
-5.455017
-4.51355
-4.798889
-4.0481567
-4.0481567
-4.0481567
-3.2913208
-2.2262573
-1.0162354
-0.8010864
-0.6011963
-1.4099121
-0.26245117
0.12512207
0.4333496
0.7293701
-0.018310547
-0.37384033
0.6347656
-0.07019043
0.13122559
0.018310547
-1.1444092
0.66070557
-0.23803711
0.08544922
-1.6021729
-1.4587402
-2.230835
-0.37231445
-0.92926025
0.3036499
-0.08544922
-0.2746582
0.5767822
-1.4801025
-0.71868896
1.2527466
0.8483887
0.55389404
2.3254395
0.31585693
0.6072998
2.279663
1.802063
2.090454
1.1657715
-0.1663208
-0.5203247
-0.32196045
-0.8468628
1.9592285
-1.663208
-0.87280273
-0.21514893
0.19836426
0.61187744
0.34484863
1.1627197
-1.3214111
1.1077881
0.4699707
-0.17852783
0.12817383
0.29296875
1.9424438
2.8640747
1.6464233
2.6489258
1.1489868
1.1962891
0.08392334
1.9042969
0.21209717
2.3361206
3.2333374
2.0767212
0.4058838
1.109314
2.0492554
0.17242432
0.13427734
-1.8814087
0.7965088
-0.29296875
-0.29296875
-0.29296875
0.93536377
0.025939941
-0.5661011
-0.27160645
0.4333496
2.2598267
1.53656
1.8112183
1.8936157
1.1032104
1.4663696
0.06561279
0.85601807
0.42419434
1.6036987
-0.8468628
-0.07019043
0.08392334
-0.61798096
-0.6439209
-1.4801025
-0.5493164
1.0559082
-0.5722046
-0.52337646
1.7166138
-0.42266846
1.1306763
-1.4572144
-0.8773804
-0.4257202
0.016784668
0.13275146
-0.0045776367
-0.47149658
-1.2161255
-0.035095215
-0.5004883
-0.7583618
0.04119873
-0.7614136
-1.4923096
-1.9958496
-0.7522583
-1.9439697
-2.7496338
-1.3031006
-0.4776001
-0.43182373
0.27618408
-1.6540527
-2.4398804
-1.4205933
-2.4536133
-1.3961792
-2.217102
-1.4343262
-2.0126343
-1.6036987
-2.5222778
-1.0131836
-0.9674072
-0.8529663
-1.6433716
-0.22735596
-1.7684937
-2.2994995
-1.6403198
-2.067566
-2.7816772
-2.0980835
-2.3330688
-2.8701782
-2.2323608
-3.0685425
-2.2232056
-3.07312
-2.5436401
-2.3971558
-2.357483
-4.093933
-4.093933
-3.6056519
-3.1906128
-1.6433716
-2.9174805
-2.8289795
-2.256775
-2.4154663
-1.6555786
-3.0776978
-2.9678345
-2.4398804
-3.1738281
-0.74005127
-2.5772095
-2.8808594
-3.0822754
-2.1453857
-3.0151367
-2.8305054
-2.9678345
-3.8360596
-2.6535034
-2.885437
-3.793335
-4.15802
-4.7286987
-3.2577515
-3.2577515
-4.9057007
-3.7887573
-2.6489258
-3.0944824
-3.703308
-4.1122437
-4.588318
-3.3340454
-2.9144287
-4.6157837
-3.2577515
-4.6310425
-3.8772583
-5.1712036
-4.88739
-4.6035767
-4.7088623
-4.420471
-5.596924
-3.9489746
-6.404114
-4.9057007
-5.2383423
-4.8934937
-5.9768677
-4.974365
-5.230713
-6.05011
-3.9001465
-6.1798096
-5.581665
-5.418396
-4.6539307
-4.9835205
-4.788208
-4.7836304
-7.0877075
-6.768799
-6.4682007
-7.5912476
-7.6049805
-5.5618286
-7.1411133
-6.8115234
-6.92749
-8.013916
-7.10907
-6.361389
-7.1105957
-8.033752
-8.052063
-8.052063
-8.052063
-6.315613
-8.479309
-9.416199
-9.031677
-9.391785
-10.336304
-9.402466
-10.272217
-10.9436035
-11.491394
-12.913513
-11.416626
-11.628723
-12.068176
-11.291504
-10.827637
-12.208557
-11.351013
-11.6744995
-11.4151
-11.579895
-11.672974
-13.067627
-11.618042
-11.685181
-12.88147
-12.887573
-12.249756
-12.139893
-13.661194
-12.228394
-13.85498
-13.949585
-15.159607
-14.726257
-15.461731
-14.335632
-13.1073
-14.601135
-13.604736
-13.624573
-15.42511
-15.113831
