1.8211517
1.2285767
1.2453461
1.494339
1.3375244
0.95803833
0.7581177
0.86227417
0.63482666
-0.028381348
-0.40307617
-0.54193115
-0.50842285
-0.23068237
0.32955933
0.27211
-0.2402649
-0.45214844
-0.27018738
0.2649231
0.7281952
0.76171875
0.60609436
0.4468689
0.27928162
0.21224976
0.30203247
0.5893402
0.8143921
0.8395233
0.9185333
0.79164124
0.99035645
1.4356842
1.3087921
0.73657227
0.3343506
0.58096313
1.008316
1.6391907
2.1060638
1.9181213
1.3818207
0.8000183
0.4708252
0.4708252
0.5474396
0.48757935
0.553421
0.77249146
0.97120667
1.1483765
1.0418396
0.7641144
0.53785706
0.5187073
0.75453186
1.0957031
1.3626556
1.3961792
1.0442352
0.64320374
0.35829163
0.1320343
-0.08822632
-0.30012512
-0.37913513
-0.41862488
-0.3156891
0.032669067
0.3451233
0.52349854
0.66355896
0.6958771
0.7018585
0.6419983
0.54504395
0.5330658
0.3918152
0.114089966
-0.1313324
-0.21632385
-0.06668091
0.27809143
0.62405396
0.8610687
0.8072052
0.6024933
0.9221344
1.6140442
2.059372
2.1647186
1.925293
1.6906738
1.652359
1.8139648
1.925293
1.7612915
1.3315277
0.7677002
0.44328308
0.34872437
0.50193787
0.62405396
0.7066498
0.8083954
0.9233246
1.0861206
1.2142181
1.1196442
0.8538971
0.731781
0.85150146
1.1100616
1.3147736
1.3447113
1.2812653
0.7641144
-0.08584595
-0.7813568
-0.3779297
0.32955933
0.5426483
0.4313202
0.20625305
0.1499939
0.18231201
0.22302246
0.20864868
0.16197205
0.142807
0.13442993
0.09013367
-0.008026123
-0.12055969
-0.32765198
-0.4282074
-0.37553406
-0.1133728
0.25654602
0.75213623
1.1830902
1.1016846
0.8479004
1.33992
2.538208
3.0864868
2.9320526
2.541809
2.2509155
2.2580872
2.4256897
2.2401428
1.8091888
1.336319
1.0837402
0.9460602
0.78086853
0.64559937
0.6384125
0.6551819
0.82395935
1.0454254
1.213028
1.2776642
1.423706
1.5553894
1.494339
1.2752686
1.0286713
0.9221344
0.9676056
0.810791
0.35710144
0.08175659
-0.06907654
-0.26539612
-0.18998718
0.1499939
0.5211029
0.69348145
0.6695404
0.61686707
0.6120758
0.5701752
0.5043335
0.434906
0.41215515
0.36547852
0.5115204
0.61805725
0.79164124
1.0250854
1.0071106
0.86586
0.5007477
-0.12654114
0.06259155
0.6779175
0.13922119
-0.6664276
-1.0914001
-0.64727783
0.014709473
0.025482178
-0.16125488
-0.13850403
-0.06907654
0.011123657
0.34991455
0.50912476
0.59413147
1.3961792
1.7349548
1.039444
0.77249146
1.0298615
1.5661621
2.3430939
2.8087616
2.8602295
2.3131561
1.3135834
0.74017334
0.6108856
0.60369873
0.57736206
0.7533264
0.8969879
1.1088715
1.0909119
1.0502167
1.0502167
1.26091
1.5529938
1.3734283
1.1304321
0.87423706
0.45046997
-0.008026123
-0.4342041
-0.619751
0.19548035
1.3578644
1.4320984
1.02388
0.8574829
0.9484558
0.70783997
0.005142212
-0.17681885
0.15957642
0.15837097
0.16436768
0.49116516
0.76171875
0.89938354
0.32836914
-0.051116943
0.0039520264
0.0015411377
-0.16604614
0.025497437
0.86346436
1.142395
1.2704773
1.1986542
1.2058411
1.4536438
1.1196442
0.6994629
0.6515808
0.6001129
0.49716187
0.33195496
0.49954224
0.75453186
0.7377777
0.6875
0.68151855
0.6779175
0.727005
0.6803131
0.6192627
0.79045105
1.1052856
1.142395
0.9544525
0.7784729
0.4492798
0.19787598
0.4995575
1.0190887
1.2740784
1.5266724
1.5170898
1.4273071
1.2597046
0.7928467
0.3379364
0.3918152
0.93888855
1.3806152
1.5314484
1.5170898
1.5218658
1.4488525
1.0909119
0.77249146
0.84310913
0.8981781
1.0358582
1.2058411
0.79045105
0.59532166
1.1878815
0.97120667
-0.12174988
-0.36476135
0.4313202
1.1842957
1.5194702
1.4931488
1.0262756
0.6551819
0.5438385
0.82037354
1.087326
0.6731262
0.25294495
0.2577362
0.41934204
0.6563721
1.0059204
1.3698425
1.0502167
0.81318665
1.1280212
1.2249908
1.142395
1.2465363
1.1412048
1.2309723
1.2932281
0.9161377
0.6910858
0.55581665
0.7952423
1.2884369
1.1112671
0.3846283
-0.1708374
-0.25222778
0.042251587
0.30682373
0.37745667
0.5067291
0.18351746
-0.228302
0.06021118
0.6695404
0.8048096
0.80960083
1.039444
1.6176453
2.48674
2.1826782
0.9340973
0.32476807
0.38941956
0.46722412
0.29605103
0.42771912
0.8766327
1.1507721
1.0071259
0.94247437
1.166336
1.1088715
0.7126312
0.44688416
0.47561646
0.50912476
0.47320557
0.885025
1.1938629
1.3518829
1.8977661
2.2796326
2.1970367
1.9025574
1.4620209
1.470398
1.3878021
0.75094604
0.3343506
0.35708618
0.43011475
0.5402527
0.59651184
0.7892456
0.89219666
0.21343994
-0.738266
-0.38032532
0.810791
1.6547546
1.5553894
1.4284973
1.841507
2.6148224
2.5896912
1.6104584
0.8215637
0.6384125
1.1328125
1.4739838
1.415329
1.2201996
1.0346527
0.9137573
0.91134644
0.8874054
0.7353821
0.6731262
0.6444092
0.8550873
1.3028107
1.4871674
1.1399994
0.59532166
0.10092163
0.08294678
0.7305908
1.426117
1.9480438
2.2545013
2.0402222
1.7588959
1.8450928
1.7397461
0.905365
0.012329102
-0.307312
-0.059509277
0.3738556
0.647995
0.7569275
0.84191895
0.9376831
0.940094
1.02388
1.1543579
1.0980988
1.0705719
0.9700165
1.0358582
2.09169
2.7644653
1.8953705
1.039444
0.4540558
0.32476807
1.1807098
1.5673676
1.0047302
0.46961975
0.23977661
0.3056183
0.70066833
1.0574036
1.2178192
0.61686707
-0.3587799
-1.0566864
-0.71191406
0.32955933
1.5829315
2.84227
2.7884064
2.0258484
1.1124725
0.57736206
0.48757935
0.3092041
0.07337952
0.0015411377
-0.15048218
-0.24983215
-0.1995697
-0.22470093
-0.21871948
-0.0846405
0.15837097
0.41934204
0.49835205
0.08055115
-0.0116119385
0.3092041
0.79522705
1.5170898
2.5118713
2.8530426
2.3059845
1.5769501
1.10289
1.2776642
1.6571503
1.6164398
1.2249908
0.95684814
0.9664154
1.0346527
1.0837402
0.9544525
0.73179626
0.76171875
0.9664154
1.0214844
0.68629456
0.46722412
0.5031433
0.3630829
0.059005737
-0.17921448
0.4636383
1.5853119
1.8307343
0.6707306
-0.23068237
-0.07865906
0.27809143
0.15238953
-0.23547363
-0.5742645
-0.58862305
-0.35398865
0.106903076
0.71383667
0.9556427
0.43011475
-0.11697388
-0.09063721
0.07577515
0.27330017
0.33195496
-0.011627197
0.20864868
1.5039215
2.7536926
2.5513763
1.7924194
1.2142181
0.73417664
0.7593231
1.0502167
1.1292267
0.8562927
0.54623413
0.5869446
0.9041748
1.2501221
1.1124725
1.0095215
1.3638611
1.1220398
-0.020004272
0.4540558
0.8742523
