-30.662537
-30.375671
-29.962158
-29.110718
-29.32434
-27.708435
-27.922058
-27.235413
-27.471924
-28.572083
-27.882385
-28.459167
-26.922607
-27.79541
-26.98059
-25.920105
-26.657104
-27.793884
-27.793884
-25.590515
-25.842285
-25.38147
-24.266052
-25.715637
-24.05243
-25.215149
-25.817871
-26.190186
-24.841309
-25.653076
-25.927734
-26.382446
-24.777222
-25.55542
-25.817871
-25.430298
-25.991821
-25.657654
-25.492859
-28.271484
-26.257324
-27.107239
-28.547668
-29.710388
-27.572632
-27.294922
-27.508545
-27.420044
-27.485657
-27.359009
-28.459167
-28.61023
-27.48413
-28.433228
-29.171753
-29.647827
-28.108215
-28.022766
-28.797913
-27.919006
-27.256775
-26.759338
-28.459167
-26.882935
-28.837585
-27.793884
-26.319885
-27.467346
-27.667236
-27.217102
-27.156067
-29.458618
-29.670715
-28.572083
-27.770996
-29.145813
-27.130127
-27.688599
-28.642273
-28.31726
-26.878357
-29.005432
-28.730774
-29.519653
-27.606201
-28.729248
-28.665161
-30.142212
-29.605103
-30.493164
-28.916931
-29.566956
-30.731201
-30.731201
-30.517578
-30.517578
-30.517578
-31.970215
-29.606628
-30.35736
-33.00934
-31.782532
-33.22296
-31.34613
-30.744934
-31.43158
-34.79767
-32.307434
-32.746887
-33.13446
-32.582092
-33.68225
-33.78296
-35.983276
-34.532166
-33.569336
-33.59375
-33.068848
-35.75287
-34.407043
-35.032654
-34.690857
-34.16748
-33.529663
-33.56781
-35.255432
-35.29358
-35.568237
-35.691833
-35.316467
-33.51288
-33.337402
-34.114075
-33.57544
-34.336853
-33.862305
-34.614563
-34.913635
-35.365295
-35.601807
-36.190796
-35.562134
-36.938477
-38.57727
-37.953186
-37.287903
-38.189697
-37.913513
-38.26294
-39.616394
-40.327454
-39.915466
-41.053772
-40.42816
-40.92865
-41.931152
-41.70227
-42.366028
-42.4942
-42.219543
-40.556335
-42.381287
-41.992188
-42.443848
-42.381287
-42.756653
-41.778564
-41.89148
-41.279602
-42.318726
-42.56897
-41.844177
-41.8808
-41.8808
-40.182495
-41.35742
-41.381836
-41.46881
-41.94641
-41.88385
-41.856384
-40.994263
-41.819763
-40.90576
-40.657043
-42.181396
-41.967773
-42.417908
-40.093994
-40.4068
-40.655518
-40.615845
-39.76593
-40.67993
-41.62903
-40.182495
-40.11841
-40.219116
-41.407776
-40.283203
-39.845276
-40.78064
-39.743042
-39.845276
-39.370728
-38.806152
-39.334106
-41.22162
-41.056824
-40.68451
-40.447998
-40.59906
-42.552185
-42.15088
-44.177246
-45.292664
-45.317078
-44.802856
-45.251465
-41.636658
-43.963623
-42.538452
-44.67621
-43.07556
-44.152832
-41.69922
-41.412354
-42.427063
-41.989136
-41.262817
-41.262817
-41.33911
-42.366028
-41.989136
-41.95404
-42.530823
-42.642212
-41.079712
-41.889954
-42.115784
-41.804504
-41.241455
-41.514587
-41.86554
-39.95056
-42.57965
-42.803955
-42.178345
-41.262817
-41.98761
-41.98761
-41.186523
-41.600037
-40.34729
-40.59906
-42.411804
-42.173767
-42.089844
-42.303467
-42.21649
-40.829468
-41.43219
-41.20331
-40.742493
-42.556763
-42.782593
-42.12036
-42.634583
-44.16046
-43.88733
-43.226624
-45.762634
-43.988037
-44.725037
-42.47589
-43.133545
-44.06128
-43.88733
-43.948364
-42.62085
-43.600464
-44.725037
-42.271423
-43.373108
-44.06128
-42.65747
-42.684937
-43.624878
-42.832947
-44.921875
-42.144775
-42.74597
-44.197083
-43.284607
-43.24646
-42.62085
-44.535828
-45.446777
-45.451355
-44.348145
-43.74695
-44.221497
-43.118286
-42.582703
-42.282104
-41.68091
-43.68286
-44.721985
-44.599915
-44.474792
-43.748474
-43.47534
-44.68689
-44.76471
-44.140625
-44.100952
-43.577576
-43.016052
-43.85376
-43.67981
-42.289734
-40.837097
-42.564392
-42.63611
-42.414856
-42.59796
-42.512512
-42.512512
-42.512512
-42.637634
-41.584778
-40.608215
-42.66205
-41.436768
-41.49933
-43.473816
-42.474365
-42.938232
-41.14685
-41.43524
-41.43524
-41.937256
-41.062927
-41.999817
-43.09845
-43.312073
-41.548157
-41.87622
-41.963196
-41.960144
-41.812134
-41.374207
-41.87622
-43.624878
-42.349243
-41.42151
-40.585327
-39.611816
-40.361023
-41.55121
-40.68756
-40.963745
-40.463257
-39.941406
-38.86261
-38.302612
-40.052795
-39.48822
-40.59143
-41.10565
-39.715576
-39.88037
-40.341187
-40.216064
-40.46631
-39.151
-39.089966
-38.615417
-38.987732
-37.95166
-37.63733
-37.902832
-37.538147
-39.213562
-37.738037
-38.552856
-38.539124
-38.038635
-38.165283
-36.749268
-38.327026
-37.63733
-38.323975
-36.764526
-38.29956
-35.784912
-35.53772
-36.636353
-38.238525
-36.497498
-35.87494
-36.639404
-36.764526
-36.953735
-37.32605
-37.32605
-37.539673
-36.875916
-36.5036
-35.66284
-34.439087
-35.06317
-35.250854
-35.987854
-35.388184
-34.625244
-34.750366
-34.083557
-34.295654
-33.62274
-34.375
-35.536194
-34.869385
-33.47168
-33.17108
-33.37097
-33.607483
-33.56018
-33.810425
-33.795166
-32.295227
-33.47168
-33.296204
-33.146667
-32.45697
-33.709717
-32.23114
-31.982422
-31.843567
-33.244324
-32.9422
-32.728577
-32.354736
-30.56488
-31.628418
-30.352783
-28.800964
-31.75354
-31.478882
-32.330322
-31.669617
-31.317139
-31.581116
-32.069397
-32.39441
-31.332397
-31.768799
-31.332397
-30.380249
-30.342102
-31.419373
-33.53424
-32.044983
-30.644226
-30.255127
-31.768799
-29.40216
-29.066467
-30.380249
-31.166077
-29.84314
-28.96576
-28.439331
-30.065918
-29.063416
-29.478455
-28.842163
-28.129578
-29.440308
-27.728271
-29.153442
-28.251648
-28.251648
-29.502869
-28.437805
-26.902771
-26.777649
-24.923706
-26.712036
-25.549316
-26.089478
-24.987793
-26.211548
-25.863647
-26.454163
-26.826477
-30.567932
-27.88086
-29.229736
-28.842163
-28.318787
-27.94342
-30.046082
-29.04663
-28.42102
-28.919983
-30.258179
-28.857422
-28.257751
-28.7323
-26.777649
-27.645874
-26.443481
-27.505493
-25.468445
-26.608276
-27.360535
-26.783752
-26.783752
-27.548218
-26.3443
-26.760864
-26.260376
-26.927185
-27.61383
-26.301575
-26.36261
-27.2995
-27.400208
-27.574158
-27.33612
-26.074219
-25.575256
-25.72174
-25.784302
-27.449036
-26.347351
-27.037048
-27.27356
-25.035095
-25.036621
-25.112915
-24.700928
-24.664307
-24.890137
-25.950623
-26.551819
-24.615479
-25.175476
-24.014282
-25.413513
-25.239563
-25.515747
-25.11444
-23.913574
-23.501587
-23.66333
-23.388672
-24.598694
-24.598694
-24.598694
-24.014282
-22.747803
-23.913574
-22.375488
-22.628784
-22.399902
-21.560669
-21.850586
-21.502686
