-28.218079
-28.627014
-29.373169
-27.853394
-27.9953
-29.325867
-28.703308
-28.67279
-27.931213
-28.742981
-30.543518
-29.646301
-30.462646
-31.137085
-31.13556
-29.246521
-29.455566
-30.259705
-30.259705
-28.559875
-31.095886
-30.439758
-31.50177
-30.819702
-32.54242
-32.00531
-29.574585
-30.555725
-30.45044
-30.375671
-31.152344
-28.985596
-31.991577
-30.171204
-30.337524
-31.077576
-29.611206
-30.14679
-28.964233
-29.042053
-30.311584
-30.534363
-29.626465
-29.08783
-29.434204
-30.833435
-30.210876
-31.872559
-29.568481
-30.932617
-30.40924
-31.90155
-31.8573
-32.513428
-30.891418
-31.658936
-31.903076
-30.206299
-32.048035
-33.28247
-32.48291
-31.072998
-32.04956
-31.99768
-29.748535
-33.120728
-32.58667
-33.273315
-32.38678
-31.614685
-29.3396
-30.482483
-31.080627
-29.811096
-30.836487
-31.967163
-32.05414
-33.221436
-32.006836
-31.396484
-31.922913
-32.762146
-32.444763
-30.657959
-31.181335
-31.872559
-32.192993
-31.924438
-32.04956
-32.070923
-32.019043
-32.058716
-32.092285
-31.329346
-33.28705
-33.28705
-33.28705
-32.87201
-32.164
-32.637024
-32.28607
-32.725525
-31.245422
-32.522583
-33.424377
-33.761597
-33.587646
-32.603455
-32.118225
-33.36487
-32.61566
-34.19037
-33.403015
-34.568787
-36.013794
-34.33075
-35.394287
-34.446716
-37.3703
-34.97467
-34.677124
-36.549377
-37.243652
-36.17096
-36.16333
-35.502625
-34.73053
-35.2005
-35.40039
-36.135864
-36.709595
-38.20038
-36.11145
-37.457275
-37.509155
-35.9787
-35.993958
-36.154175
-36.010742
-36.184692
-35.284424
-36.842346
-37.016296
-36.48224
-36.895752
-37.812805
-36.457825
-37.973022
-36.82251
-35.476685
-37.028503
-35.78949
-37.35504
-37.768555
-37.651062
-37.34131
-38.157654
-39.224243
-37.210083
-36.8927
-37.280273
-38.87787
-40.074158
-38.86261
-38.11493
-38.14087
-40.696716
-39.64081
-42.147827
-40.22827
-40.81726
-40.338135
-41.856384
-41.856384
-40.229797
-42.55066
-43.00232
-43.173218
-41.345215
-40.901184
-42.12799
-41.337585
-40.916443
-40.594482
-39.813232
-41.557312
-41.415405
-41.731262
-40.249634
-42.352295
-42.103577
-41.082764
-41.622925
-40.76233
-41.418457
-39.92462
-40.245056
-41.441345
-40.135193
-40.96985
-40.193176
-43.1427
-41.74347
-40.95764
-41.52527
-42.419434
-40.008545
-42.048645
-41.322327
-41.716003
-40.9317
-40.782166
-39.29596
-39.312744
-39.108276
-38.505554
-37.62207
-38.809204
-39.926147
-39.77661
-38.81378
-38.726807
-39.297485
-39.05945
-39.22882
-40.06653
-40.782166
-40.66162
-40.95459
-39.863586
-40.626526
-41.944885
-40.48462
-40.64789
-39.70337
-37.8891
-39.276123
-39.334106
-39.25934
-40.161133
-38.630676
-37.38861
-40.4541
-39.26544
-38.45215
-37.4588
-35.993958
-36.712646
-37.765503
-37.519836
-37.519836
-37.782288
-37.495422
-39.886475
-37.156677
-38.450623
-39.4989
-36.732483
-36.416626
-37.008667
-36.912537
-36.58142
-38.160706
-37.506104
-36.357117
-36.64856
-37.374878
-37.3703
-37.89215
-35.284424
-34.751892
-35.534668
-34.803772
-35.47058
-33.973694
-35.4599
-34.55658
-34.82666
-35.461426
-35.57892
-34.35974
-35.165405
-36.00464
-35.290527
-34.098816
-37.097168
-35.26001
-35.116577
-35.606384
-36.302185
-36.03363
-35.13031
-33.685303
-33.784485
-34.098816
-33.9386
-31.889343
-33.01239
-30.073547
-31.742859
-31.88324
-32.64923
-34.013367
-33.947754
-34.399414
-34.08203
-32.661438
-32.533264
-30.04303
-30.950928
-32.15027
-31.64215
-33.381653
-33.935547
-32.36389
-33.898926
-34.288025
-33.961487
-34.300232
-33.502197
-34.39789
-35.27069
-34.71527
-34.317017
-32.728577
-34.631348
-32.05719
-32.05719
-32.05719
-33.859253
-33.988953
-35.01892
-34.310913
-31.239319
-33.05664
-33.625793
-30.844116
-30.697632
-33.67157
-31.430054
-32.192993
-30.969238
-31.211853
-30.078125
-32.110596
-29.389954
-30.526733
-28.388977
-27.796936
-29.208374
-28.709412
-29.154968
-27.626038
-28.363037
-29.347229
-30.8609
-27.926636
-28.611755
-27.444458
-27.47345
-27.598572
-26.846313
-29.367065
-27.772522
-30.351257
-28.764343
-28.089905
-30.052185
-28.575134
-27.806091
-26.565552
-25.9552
-26.153564
-25.534058
-26.008606
-27.345276
-27.017212
-27.584839
-26.734924
-26.97754
-25.790405
-25.72937
-26.19629
-27.331543
-26.530457
-23.97461
-23.558044
-23.675537
-24.409485
-23.478699
-23.532104
-23.692322
-23.72284
-23.895264
-25.064087
-24.391174
-23.114014
-24.383545
-23.094177
-23.652649
-22.843933
-22.0932
-22.827148
-22.975159
-24.528503
-24.528503
-25.126648
-24.212646
-23.841858
-25.068665
-24.972534
-25.016785
-26.690674
-26.441956
-24.598694
-26.074219
-23.373413
-25.054932
-26.150513
-25.619507
-24.415588
-24.334717
-26.779175
-25.31128
-25.152588
-25.030518
-25.81482
-25.291443
-25.309753
-25.961304
-26.043701
-26.075745
-27.412415
-25.616455
-26.348877
-25.027466
-25.753784
-24.362183
-24.394226
-25.364685
-25.968933
-26.133728
-25.343323
-26.48468
-26.542664
-27.22168
-27.926636
-27.581787
-26.80664
-26.379395
-24.05243
-27.836609
-27.545166
-27.394104
-29.074097
-26.725769
-29.02832
-27.488708
-30.343628
-29.589844
-28.994751
-27.586365
-28.277588
-28.68042
-29.724121
-29.79126
-29.73175
-29.39148
-30.038452
-30.847168
-29.400635
-30.749512
-32.704163
-31.866455
-32.443237
-32.270813
-33.259583
-33.692932
-33.348083
-32.946777
-31.202698
-31.793213
-31.793213
-31.692505
-33.924866
-32.452393
-33.358765
-34.51538
-35.357666
-33.033752
-33.02307
-33.737183
-35.47516
-33.60901
-32.250977
-33.232117
-33.047485
-32.147217
-33.283997
-32.954407
-31.855774
-32.133484
-33.09326
-33.784485
-32.86133
-33.050537
-33.120728
-33.065796
-33.31909
-33.666992
-33.93097
-34.03473
-33.24585
-34.066772
-33.81653
-33.207703
-33.22296
-33.509827
-33.81653
-34.2865
-35.3302
-32.86743
-34.510803
-32.066345
-33.164978
-31.448364
-32.655334
-33.047485
-32.717896
-31.991577
-33.80127
-32.836914
-31.884766
-32.995605
-34.96399
-33.66089
-35.139465
-32.87964
-33.05359
-32.200623
-32.009888
-31.53534
-31.974792
-32.554626
-32.998657
-31.874084
-31.581116
-32.681274
-32.740784
-31.29425
-32.762146
-33.032227
-31.974792
-31.230164
-31.776428
-30.537415
-32.21588
-31.898499
-32.302856
-32.302856
-32.302856
-32.821655
-33.573914
-31.776428
-32.13501
-31.655884
-32.014465
-32.896423
-32.714844
-31.918335
