0.11373901
0.003479004
0.059951782
0.06739807
0.10043335
0.16967773
0.22241211
0.20909119
0.08711243
-0.049240112
-0.06362915
0.03918457
0.122802734
0.13612366
0.10256958
0.051956177
0.022140503
0.02053833
0.03916931
0.06687927
0.082855225
0.08178711
0.06262207
0.021591187
8.239746E-4
0.022659302
0.024261475
-0.0061035156
-0.027404785
-0.030075073
-0.043930054
-0.0519104
-0.055633545
-0.049240112
-0.041259766
-0.007171631
0.014678955
-0.026870728
-0.092926025
-0.10092163
-0.045516968
-0.014099121
-0.019424438
-0.024749756
-2.4414062E-4
0.02532959
0.016799927
-0.012496948
-0.032211304
-0.043395996
-0.05937195
-0.07800293
-0.09664917
-0.09983826
-0.076416016
-0.029006958
-2.4414062E-4
-0.012496948
-0.055648804
-0.07748413
-0.0753479
-0.055099487
-0.034866333
-0.029006958
-0.020477295
-0.048187256
-0.10783386
-0.12062073
-0.07801819
-0.022079468
8.239746E-4
-0.025802612
-0.064697266
-0.049240112
-0.010360718
-0.008239746
-0.016220093
-0.009307861
-0.00289917
2.89917E-4
0.008270264
0.02267456
0.030654907
0.02746582
0.010406494
-0.0029144287
-0.0061035156
-0.008758545
-0.017288208
-0.022613525
-0.0045166016
0.02053833
0.019470215
0.033325195
0.014678955
-0.04232788
-0.06842041
0.007751465
0.101501465
0.092437744
0.022659302
-0.010360718
0.017349243
0.030654907
0.0056152344
-0.003967285
0.010940552
0.023727417
0.021606445
0.019470215
0.02053833
0.008804321
-0.009307861
-0.022613525
-2.4414062E-4
0.040252686
0.053024292
0.047698975
0.043441772
0.035446167
0.026931763
0.040237427
0.06687927
0.055160522
-0.009292603
-0.055099487
-0.023147583
0.045562744
0.09138489
0.07434082
0.043441772
0.042373657
0.054626465
0.041305542
0.010940552
-0.00289917
0.0056152344
0.026931763
0.035980225
0.007736206
-0.021011353
-0.0135650635
0.010406494
0.014144897
0.008270264
-7.7819824E-4
0.0050811768
0.004547119
0.006149292
0.007217407
-0.0066375732
-0.0018463135
0.0018920898
-0.03326416
-0.043395996
-0.014083862
0.023727417
0.016815186
-0.031143188
-0.053512573
-0.02633667
0.012008667
0.051437378
0.07485962
0.080718994
0.06474304
0.047698975
0.03918457
0.03918457
0.031723022
0.006149292
-0.0135650635
-0.04019165
-0.07107544
-0.069488525
-0.034866333
-0.027938843
-0.058303833
-0.07481384
-0.050308228
0.017333984
0.08924866
0.05621338
-0.046585083
-0.067352295
0.07539368
0.1952362
0.16381836
0.05355835
-0.060958862
-0.11369324
-0.092926025
-0.048187256
-0.031661987
-0.04498291
-0.045516968
-0.011428833
0.021072388
0.018936157
-0.0066375732
-0.017822266
-0.0135650635
-0.020492554
-0.024749756
-0.0135650635
-7.7819824E-4
-0.00982666
-0.02154541
-0.018356323
-0.010894775
0.03437805
0.05621338
0.0460968
0.044509888
0.035980225
0.075927734
0.15370178
0.20162964
0.14677429
0.06474304
0.049301147
0.0690155
0.06048584
0.009338379
-0.02154541
-0.0018463135
0.032791138
0.054626465
0.050354004
0.016815186
8.239746E-4
0.042373657
0.118011475
0.13771057
0.09829712
0.06367493
0.094573975
0.14730835
0.14250183
0.18777466
0.2532959
0.1979065
0.09724426
0.17021179
0.19258118
0.08604431
-0.02368164
-0.08439636
-0.043380737
0.049835205
0.21069336
0.4258728
0.4381256
0.13931274
-0.18612671
-0.26922607
-0.16056824
-0.020492554
0.02532959
-0.0034484863
-0.032730103
-0.050308228
-0.076934814
-0.071624756
-0.041259766
-0.039657593
-0.079071045
-0.105163574
-0.07054138
0.007751465
-0.017288208
-0.1845398
-0.3214264
-0.2995758
-0.11581421
0.07858276
0.051956177
-0.11048889
-0.20318604
-0.15364075
-0.024215698
0.08018494
0.10096741
0.07006836
-0.0023651123
-0.10038757
-0.20051575
-0.26071167
-0.23086548
-0.19198608
-0.158432
-0.16163635
-0.15257263
-0.15310669
-0.19837952
-0.23034668
-0.2287445
-0.20263672
-0.18826294
-0.18772888
-0.119018555
0.006149292
0.0184021
-0.17442322
-0.37042236
-0.27401733
0.041305542
0.3310547
0.34172058
0.12599182
-0.07321167
-0.12594604
-0.10517883
-0.14619446
-0.16908264
-0.06788635
0.087646484
0.1632843
0.17073059
0.13345337
0.14251709
0.22772217
0.08178711
-0.44125366
-0.7129059
-0.45191956
0.010940552
0.30336
0.34117126
0.21334839
0.022659302
-0.18666077
-0.32089233
-0.30917358
-0.188797
-0.025817871
0.075927734
0.004547119
-0.12861633
-0.14033508
-0.05937195
-0.17015076
-0.4875946
-0.7198334
-0.6692352
-0.21702576
0.45835876
0.7928467
0.7608948
0.5169525
0.25489807
0.13078308
0.22027588
0.2783203
0.17340088
0.06581116
0.092437744
0.3443756
0.5835266
0.6149597
0.4455719
0.20323181
0.07434082
0.052490234
0.013076782
-0.049240112
0.027450562
0.19630432
0.20269775
-0.044448853
-0.411438
-0.58880615
-0.33366394
-0.053512573
-0.057235718
-0.002380371
0.22293091
0.30975342
0.06314087
-0.33900452
-0.5552521
-0.40664673
-0.04286194
0.28312683
0.35502625
0.25915527
0.069000244
-0.12008667
-0.26602173
-0.33421326
-0.4870758
-0.7320709
-0.7917328
-0.58187866
-0.17654419
0.24743652
0.5419769
0.58406067
0.42108154
0.34384155
0.4013672
0.3592987
0.08711243
-0.102508545
0.027999878
0.237854
0.13771057
-0.33952332
-0.7970581
-0.7789459
-0.36669922
0.108947754
0.33265686
0.29270935
0.13877869
-0.057235718
-0.13394165
-0.079071045
0.042373657
0.15049744
0.21600342
0.2144165
0.12173462
0.0056152344
0.001876831
0.11534119
0.284729
0.45568848
0.43278503
0.17500305
-0.2596283
-0.67562866
-0.9584503
-1.0202332
-0.76138306
-0.25750732
0.25222778
0.5861969
0.7070923
0.7118988
0.6325226
0.45036316
0.17712402
-0.17228699
-0.44606018
-0.47961426
-0.23620605
-0.052978516
-0.09239197
-0.2788086
-0.3214264
-0.09132385
0.24264526
0.4535675
0.43545532
0.30921936
0.07167053
-0.081207275
0.020004272
0.28205872
0.4567566
0.37953186
0.13824463
-0.08013916
-0.16696167
-0.16163635
-0.11050415
-0.027938843
0.056747437
0.12812805
0.2064209
0.18565369
0.031723022
-0.21276855
-0.3698883
-0.13606262
0.27407837
0.45037842
0.37846375
0.10310364
-0.19891357
-0.4860077
-0.73794556
-0.81944275
-0.5515137
-0.027404785
0.50790405
0.7805939
0.7715454
0.58406067
0.26927185
-0.074279785
-0.30596924
-0.38427734
-0.30863953
-0.1568451
0.092437744
0.443985
0.79125977
0.83439636
0.587265
0.29803467
0.075927734
-0.057235718
-0.050308228
-0.027404785
-0.097717285
-0.30064392
-0.52648926
-0.5360718
-0.35604858
-0.08227539
0.14517212
0.27301025
0.2921753
0.20855713
0.1078949
0.113220215
0.190979
0.2021637
0.1510315
0.1632843
0.25650024
0.43971252
0.5015106
0.26501465
0.05569458
0.15795898
0.41680908
0.4759369
0.38378906
0.35076904
0.29856873
0.07220459
-0.34858704
-0.7784271
-0.96803284
-0.8162384
-0.40130615
0.05781555
0.42852783
0.57554626
0.46688843
0.120666504
-0.32887268
-0.636734
-0.64419556
-0.4428711
-0.22341919
-0.07321167
-0.04286194
-0.12753296
-0.16003418
-0.04019165
-0.032730103
-0.11795044
-0.114227295
-0.05670166
0.10308838
0.30603027
0.43759155
0.43759155
0.32200623
0.10362244
-0.09185791
-0.18772888
-0.23246765
-0.20051575
-0.12915039
-0.095581055
-0.1733551
-0.25964355
-0.22341919
-0.06576538
0.1164093
0.22239685
0.13238525
-0.060424805
-0.07695007
0.058883667
-0.04019165
-0.37042236
-0.53448486
-0.2942505
0.01574707
0.012008667
-0.26283264
-0.5397949
-0.6063843
-0.35658264
0.15049744
0.6208191
0.86102295
0.79444885
0.45410156
0.049835205
-0.12541199
-0.10197449
0.00881958
0.09829712
0.124938965
0.14624023
0.08924866
-0.059890747
-0.1349945
-0.065216064
-0.092926025
-0.28041077
-0.27348328
-0.07853699
0.104156494
0.07646179
-0.27401733
-0.79599
-0.9962616
-0.6947937
-0.00982666
0.6266632
0.9142914
0.908432
0.66448975
0.24317932
-0.08174133
-0.19146729
-0.07374573
0.10682678
0.33000183
0.52334595
0.4615631
0.25915527
0.12866211
0.1787262
0.21813965
0.115875244
0.031188965
0.27140808
0.62879944
0.4801941
-0.039123535
-0.5083771
-0.6239624
-0.25057983
0.042907715
0.21548462
0.2698059
0.10255432
-0.10783386
-0.15950012
-0.1461792
-0.09451294
0.049301147
0.2341156
0.33798218
0.29856873
0.031188965
-0.3113098
-0.4045105
-0.17814636
0.0050811768
-0.010894775
-0.11262512
-0.21809387
-0.38320923
-0.42208862
-0.2979889
-0.22607422
-0.24739075
-0.2079773
-0.07215881
0.073272705
0.21281433
0.29803467
0.3124237
0.15795898
-0.08760071
-0.26550293
-0.19146729
0.097229004
0.4290619
0.5057678
0.30921936
-0.023147583
-0.22288513
-0.13606262
0.08552551
0.15742493
0.09564209
0.07432556
0.09883118
-0.03060913
-0.3230133
-0.6569824
-0.7049103
-0.47322083
-0.08174133
0.29058838
0.5382538
0.5057678
0.25862122
0.026397705
-0.141922
-0.2676239
-0.2868042
-0.21702576
-0.15791321
-0.14085388
-0.13713074
-0.116363525
0.0013580322
0.26927185
0.43066406
0.26661682
-0.141922
-0.48760986
-0.59573364
-0.50465393
-0.38267517
-0.20158386
0.0056152344
0.11907959
0.13877869
0.16647339
0.22453308
0.2655487
0.18405151
0.06260681
-0.12913513
-0.35231018
-0.3544464
-0.007171631
0.40829468
0.5057678
0.31721497
8.239746E-4
-0.2399292
-0.20796204
0.0066833496
0.13398743
0.15316772
0.18191528
0.1979065
0.02053833
-0.40397644
-0.85032654
-0.95684814
-0.61756897
0.026931763
0.55903625
0.76301575
0.70443726
0.41415405
0.038116455
-0.25430298
-0.36402893
-0.25964355
0.009338379
0.2794037
0.32307434
0.09883118
-0.15364075
-0.14724731
0.12226868
0.29803467
0.1638031
-0.06523132
-0.07853699
0.045028687
-0.015151978
-0.252182
-0.42208862
-0.4125061
-0.29478455
-0.10144043
0.08444214
0.15263367
0.104156494
0.009338379
-0.13819885
-0.36616516
-0.54460144
-0.5983887
-0.50038147
-0.23246765
0.14250183
0.3869934
0.3044281
0.1318512
0.19683838
0.31454468
0.32307434
0.27513123
0.19363403
0.036514282
-0.19677734
-0.4678955
-0.6873474
-0.7581787
-0.5083771
-0.032211304
0.3678131
0.5877838
0.6250763
0.47221375
0.23252869
0.016815186
-0.13127136
-0.26602173
-0.33154297
-0.32728577
-0.350708
-0.5525818
-0.763504
-0.62768555
-0.19784546
0.118011475
0.15795898
0.11906433
0.18032837
0.34544373
0.3486328
0.25968933
0.23571777
0.26661682
0.34277344
0.4381256
0.42640686
0.3720703
0.2794037
0.12547302
-0.04284668
-0.20051575
-0.3576355
-0.40611267
-0.18772888
0.18618774
0.42373657
0.42852783
0.24050903
0.022659302
-0.25750732
-0.72302246
-1.035675
-0.810379
-0.19519043
0.16593933
-2.4414062E-4
-0.3917389
-0.5728302
-0.51049805
-0.30278015
0.01361084
0.27726746
0.41041565
0.38432312
0.31401062
0.2612915
0.23625183
0.50416565
0.59310913
0.36941528
0.268219
0.12440491
-0.104644775
-0.158432
0.15475464
0.6394501
0.82640076
0.60643005
0.020004272
-0.5057068
-0.64152527
-0.31770325
0.1595459
0.35183716
0.20109558
-0.011962891
0.051956177
0.25489807
0.41574097
0.4109497
0.22080994
0.13131714
0.13024902
0.19470215
0.3816681
0.510025
0.48658752
0.31295776
0.11480713
0.014678955
0.045043945
0.061538696
-0.07800293
-0.13020325
-0.026870728
0.106292725
-0.05670166
-0.5413971
-0.810379
-0.67774963
-0.3768158
-0.14778137
-0.01889038
0.029586792
-0.048187256
-0.24525452
-0.34591675
-0.28733826
-0.25909424
-0.29745483
-0.27774048
-0.22076416
-0.38853455
-0.7517853
-0.87376404
-0.4045105
0.29910278
0.66130066
0.21122742
-0.6420746
-0.9328766
-0.2953186
0.38964844
0.1126709
-0.15257263
-0.08226013
0.106292725
0.31347656
0.4370575
0.3209381
-0.048171997
-0.34858704
-0.41464233
-0.3230133
-0.16856384
-0.07215881
-0.03326416
0.0695343
0.21760559
0.30549622
0.24264526
0.12599182
0.09883118
-0.1499176
-0.59732056
-0.7826843
-0.5994568
-0.49398804
-0.5371399
-0.47268677
-0.30491638
-0.057769775
0.23518372
0.45889282
0.5233307
0.3912506
0.16487122
-0.021011353
-0.092926025
-0.15470886
-0.18933105
-0.2361908
-0.21063232
-0.08760071
-0.1184845
-0.28466797
-0.2745514
0.08444214
0.43385315
0.16647339
-0.50730896
-0.8684387
-0.45724487
0.4258728
0.5281372
0.029052734
-0.046585083
0.237854
0.48872375
0.51109314
0.399765
0.21548462
0.043441772
-0.017822266
0.11534119
0.3678131
0.63253784
0.80244446
0.81521606
0.7039032
0.30389404
-0.027404785
-0.22821045
-0.30278015
-0.38586426
-0.4167633
-0.26815796
0.09083557
0.29803467
0.16967773
-0.10569763
-0.3421936
-0.4822693
-0.44978333
-0.2441864
0.0040130615
0.1872406
0.27513123
0.21495056
0.10096741
-0.043395996
-0.25590515
-0.44340515
-0.43380737
-0.26922607
-0.0987854
-0.09825134
-0.3224945
-0.48121643
-0.35603333
0.037582397
0.29644775
0.29110718
0.09083557
-0.09611511
-0.16217041
-0.2164917
-0.32621765
-0.28466797
-0.14352417
-0.05670166
0.030654907
0.14570618
0.10362244
-0.031143188
-0.14245605
-0.15577698
-0.1222229
-0.095047
-0.0050354004
0.1510315
0.25169373
0.24317932
0.14730835
-0.027938843
-0.1930542
-0.42208862
-0.5424652
-0.34484863
0.069000244
0.31188965
0.0849762
-0.411438
-0.75871277
-0.7400818
-0.45671082
-0.079071045
0.26766968
0.48179626
0.4727478
0.20162964
-0.0987854
-0.17282104
-0.04286194
0.13079834
0.20429993
0.22293091
0.18405151
-0.020477295
-0.18133545
-0.051376343
0.20002747
0.22827148
0.10948181
0.05781555
0.13717651
0.20588684
0.025863647
-0.3214264
-0.51956177
-0.4236908
-0.09451294
0.29910278
0.42852783
0.29537964
0.09350586
0.013076782
0.0040130615
-0.01889038
-0.095047
-0.16589355
-0.19252014
-0.16642761
-0.23460388
-0.23513794
-0.076934814
0.06581116
0.14889526
0.3443756
0.59417725
0.5243988
0.15049744
-0.27774048
-0.43113708
-0.3688202
-0.23246765
-0.06362915
0.1787262
0.3635559
0.39231873
0.34277344
0.15423584
-0.095581055
-0.29159546
-0.34698486
-0.20903015
-0.015686035
0.03225708
-0.01675415
0.002960205
0.17286682
0.31507874
0.24850464
0.062088013
-0.109436035
0.008804321
0.3241272
0.40882874
0.03704834
-0.44285583
-0.54725647
-0.14138794
0.26608276
0.14144897
-0.27827454
-0.5829468
-0.47375488
-0.07481384
0.17658997
0.14517212
0.17233276
0.2799225
0.27352905
0.1675415
0.11961365
0.20748901
0.30177307
0.32466125
0.31987
0.31188965
0.34490967
0.4892578
0.59098816
0.59843445
0.56062317
0.43759155
0.40296936
0.526001
0.24050903
-0.54725647
-0.7762909
-0.63194275
-0.38267517
0.01361084
0.087646484
-0.5829468
-1.1667175
-0.7597809
-0.08972168
0.26234436
0.25543213
0.054626465
-0.16375732
-0.35231018
-0.3741455
-0.2713623
-0.158432
-0.12434387
-0.15203857
-0.1264801
0.013076782
0.16275024
0.17021179
-0.008239746
-0.057235718
0.2144165
0.57873535
0.53186035
-0.013031006
-0.48440552
-0.3933258
0.26394653
1.177948
1.3670349
0.56915283
-0.1461792
0.021072388
0.7070923
1.0218811
0.77526855
0.35502625
0.14038086
0.07752991
-0.11476135
-0.46310425
-0.7842865
-0.8801575
-0.7315521
-0.46310425
-0.20158386
-0.107299805
-0.076416016
-0.012496948
0.07006836
0.13877869
0.17340088
0.041305542
-0.34591675
-0.7693634
-0.7571106
-0.40185547
-0.3102417
-0.40344238
-0.28359985
0.1632843
0.6117554
0.66342163
0.33158875
-0.050308228
-0.2937317
-0.26922607
-0.12754822
-0.08653259
-0.22554016
-0.4487152
-0.5232849
-0.4087677
0.031188965
0.68685913
1.0666199
0.9654236
0.50735474
-0.008239746
-0.25057983
-0.23246765
-0.06681824
-0.009841919
-0.25378418
-0.6335449
-0.94033813
-1.0676422
-0.953125
-0.568573
0.009338379
0.5057678
0.71295166
0.65489197
0.41522217
0.09883118
-0.14086914
-0.14672852
-0.04019165
0.06581116
0.1078949
0.18458557
0.3305359
0.383255
0.30603027
0.12652588
-0.024215698
-0.05456543
-0.14671326
-0.4082489
-0.5280762
-0.33314514
-0.0023651123
0.14196777
0.11428833
0.09403992
0.09136963
0.11480713
0.15316772
0.082855225
-0.1541748
-0.39492798
-0.45724487
-0.3411255
-0.079071045
0.254364
0.64956665
1.0708923
1.307373
1.1550446
0.5845947
0.024261475
-0.20423889
-0.1349945
0.08924866
0.3736725
0.5750122
0.48498535
0.07966614
-0.46736145
-0.77949524
-0.7113037
-0.40237427
-0.050308228
0.18991089
0.27301025
0.20855713
0.10255432
0.0066833496
-0.105163574
-0.17707825
-0.23674011
-0.28147888
-0.17068481
0.033325195
0.054092407
-0.095581055
-0.22821045
-0.1184845
0.08924866
-0.11955261
-0.5802765
-0.7432556
-0.38267517
0.20109558
0.43972778
0.24743652
-0.0034332275
-0.18719482
-0.25697327
-0.16003418
0.042373657
0.12973022
-0.06362915
-0.31982422
-0.33952332
-0.050842285
0.4700775
1.0027161
1.3292236
1.3190918
0.90045166
0.18937683
-0.41462708
-0.8284912
-1.1549988
-1.0053253
-0.381073
0.37580872
0.8152313
0.8807373
0.6916504
0.31881714
-0.076416016
-0.30863953
-0.37202454
-0.34007263
-0.4045105
-0.57229614
-0.65856934
-0.47003174
-0.07481384
0.1717987
0.040237427
-0.1930542
-0.2015686
-0.07374573
-0.116882324
-0.27401733
-0.2937317
-0.15950012
-0.07321167
-0.0993042
-0.22821045
-0.38160706
-0.45724487
-0.34965515
-0.095047
0.037582397
-0.03060913
-0.19891357
-0.37467957
-0.48654175
-0.46896362
-0.35551453
-0.20584106
-0.0716095
0.104156494
0.3944397
0.7273407
0.98779297
1.0165558
0.7800751
0.30336
-0.044448853
-0.21382141
-0.26548767
-0.14778137
0.20483398
0.7752838
1.111908
0.97554016
0.5078888
-0.17068481
-0.56163025
-0.48068237
-0.12220764
0.14942932
0.12652588
-0.10462952
-0.36616516
-0.5509796
-0.59999084
-0.5211487
-0.35604858
-0.22554016
-0.21063232
-0.16429138
-0.12860107
-0.2287445
-0.36616516
-0.39971924
-0.12275696
0.18830872
0.19311523
0.033859253
-0.25804138
-0.61756897
-0.74539185
-0.53234863
-0.034332275
0.44291687
0.58299255
0.399765
-0.004501343
-0.40823364
-0.5925293
-0.5179596
-0.30596924
-0.10411072
0.097229004
0.29005432
0.383255
0.35609436
0.40829468
0.4721985
0.39764404
0.28312683
0.25382996
0.2767334
0.22241211
-0.030075073
-0.34326172
-0.36828613
0.021072388
0.493515
0.6351929
0.45303345
0.05834961
-0.30012512
-0.4013214
-0.17068481
0.18086243
0.366745
0.29856873
0.02746582
-0.23674011
-0.32888794
-0.2718811
-0.21330261
-0.14405823
0.054626465
-0.081207275
-0.3214264
-0.23300171
0.17607117
0.64637756
0.49404907
-0.21330261
-0.6878662
-0.36616516
0.32414246
0.7230835
0.69592285
0.42959595
0.16114807
0.12812805
0.22827148
0.23678589
-0.007171631
-0.40078735
-0.55737305
-0.48547363
-0.23353577
0.061019897
0.30229187
0.28526306
0.25276184
0.43917847
0.6378479
0.685791
0.31401062
-0.22981262
-0.3768158
-0.25057983
-0.025817871
0.0013580322
-0.114227295
-0.03807068
0.23944092
0.58192444
0.8945923
0.81362915
0.26235962
-0.32354736
-0.55630493
-0.4359436
-0.09718323
0.2186737
0.17019653
-0.06895447
-0.10623169
-0.01461792
0.0887146
0.11694336
0.029052734
-0.29318237
-0.8050537
-1.1821594
-1.3312988
-1.128891
-0.35710144
0.5611572
0.8194885
0.26661682
-0.5152893
-0.71183777
-0.22714233
0.36514282
0.56915283
0.31774902
-0.19145203
-0.58613586
-0.697464
-0.55578613
-0.2878723
-0.069488525
0.07966614
0.2421112
0.43226624
0.58618164
0.6793976
0.63679504
0.4263916
0.22879028
0.062088013
-0.083862305
-0.1307373
0.18458557
0.5648804
0.43865967
-0.0716095
-0.48228455
-0.4130249
0.031723022
0.29803467
0.15849304
0.015213013
0.08711243
0.32733154
0.50523376
0.45303345
0.20536804
-0.09132385
-0.21755981
-0.21170044
-0.08013916
0.09403992
0.18032837
0.22932434
0.23306274
0.18511963
0.14996338
0.30603027
0.4951172
-0.11369324
-0.71876526
-0.8093109
-0.5222168
-0.27243042
-0.2745514
-0.4513855
-0.6292877
-0.573349
-0.24632263
0.120666504
0.4093628
0.5883179
0.66607666
0.6538391
0.5478363
0.34703064
0.120666504
0.006149292
0.11161804
0.34170532
0.3736725
0.17607117
0.025863647
-0.15258789
-0.5206299
-0.8508606
-0.7549896
-0.17814636
0.4493103
0.5803375
0.26341248
-0.15789795
-0.47322083
-0.47747803
-0.10783386
0.2064209
0.20855713
0.09617615
-0.007171631
0.0178833
0.12919617
0.19895935
0.22879028
0.27140808
0.3166809
0.30975342
0.27619934
0.19577026
0.03437805
-0.15736389
-0.16056824
-0.004501343
0.18937683
0.5185547
0.8786011
0.93666077
0.5313263
-0.22660828
-0.8066559
-0.8295593
-0.4252777
0.0652771
0.33000183
0.37420654
0.2740631
0.15263367
0.07220459
0.02319336
-0.0135650635
-0.0029144287
0.17393494
0.40083313
0.44610596
0.25543213
-0.015151978
-0.079071045
-0.06149292
0.07646179
0.31028748
0.45463562
0.5201416
0.45729065
0.26234436
0.015731812
-0.141922
-0.18560791
-0.09825134
0.016281128
0.08818054
0.17819214
0.21655273
0.17553711
0.09776306
-0.040725708
-0.0987854
-7.7819824E-4
0.16647339
0.24050903
0.10043335
-0.14512634
-0.3656311
-0.41836548
-0.29212952
-0.34165955
-0.45298767
-0.25697327
0.20109558
0.40029907
0.18405151
-0.1973114
-0.37948608
-0.282547
0.008285522
0.34809875
0.5515747
0.5680847
0.39178467
0.11268616
-0.100372314
-0.21542358
-0.20265198
-0.09239197
-0.0077056885
0.013076782
0.068481445
0.16435242
0.2852478
0.36834717
0.11428833
-0.3725586
-0.50891113
-0.1696167
0.36035156
0.62719727
0.58299255
0.40190125
0.11959839
-0.12594604
-0.17015076
0.014678955
0.25915527
0.35289
0.2575531
0.1084137
0.01574707
0.025863647
0.11161804
0.2889862
0.49032593
0.5569
0.49723816
0.37260437
0.29856873
0.21601868
-0.09025574
-0.47001648
-0.53874207
-0.317688
-0.11050415
-0.071624756
-0.16270447
-0.23088074
-0.1568451
0.0184021
0.19258118
0.31933594
0.34490967
0.22613525
0.038116455
-0.116882324
-0.1264801
-0.033798218
0.021606445
-0.064697266
-0.21382141
-0.39279175
-0.49665833
-0.29852295
0.16647339
0.3821869
0.16009521
-0.12860107
-0.039657593
0.48339844
0.812027
0.61868286
0.16700745
0.0024261475
0.22773743
0.5323944
0.6181488
0.41522217
0.11427307
-0.06576538
-0.06788635
0.017868042
0.09724426
0.06262207
0.05834961
0.23146057
0.54411316
0.87753296
1.210968
1.4469299
0.8104248
-0.17495728
0.038650513
0.3267975
0.19683838
-0.056167603
0.0013580322
-0.24258423
-1.0505981
-1.5033417
-1.145935
-0.4955902
-0.020477295
0.10522461
0.06794739
0.12120056
0.28579712
0.39871216
0.40829468
0.27087402
-0.06416321
-0.48973083
-0.716629
-0.62501526
-0.28041077
0.1121521
0.3901825
0.61654663
0.6703491
0.36035156
-0.06788635
-0.29692078
-0.80026245
-1.0612488
-0.53500366
0.4620819
1.1646271
1.0160217
0.28631592
-0.23460388
-0.31822205
-0.15896606
0.007751465
0.069000244
0.12866211
0.15849304
0.11747742
0.07325745
0.07060242
0.040237427
-0.15470886
-0.48919678
-0.6409912
-0.38534546
0.05569458
0.30763245
0.21388245
-0.015686035
-0.4471283
-0.96484375
-1.1235657
-0.8119812
-0.29319763
0.0844574
0.087646484
-0.039123535
-0.022079468
0.15423584
0.3470459
0.42694092
0.33851624
0.0418396
-0.2910614
-0.37095642
-0.19677734
0.008270264
0.13612366
0.3017578
0.6969757
1.1912537
1.337204
0.9734192
0.39285278
-0.5424652
-1.5661774
-1.5677795
-0.48068237
0.7699585
1.3031158
1.2919312
0.9925995
0.5600891
0.18244934
-0.00982666
-0.16268921
-0.2665558
-0.11955261
0.16914368
0.41947937
0.43226624
0.30070496
0.14356995
-0.0796051
-0.2553711
-0.27189636
-0.16163635
0.059951782
0.25276184
0.27352905
0.069000244
-0.22555542
-0.72302246
-1.1555176
-1.1528625
-0.80345154
-0.41197205
-0.21542358
-0.1818695
-0.19572449
-0.10038757
0.16221619
0.45089722
0.5046997
0.25595093
-0.18612671
-0.63087463
-0.81889343
-0.713974
-0.33900452
0.12599182
0.4578247
0.6282654
0.6847229
0.56062317
0.19204712
-0.11741638
-0.41304016
-0.77575684
-0.8082428
-0.5126343
0.007217407
0.331604
0.2101593
-0.0050354004
-0.12753296
-0.12860107
0.06794739
0.29803467
0.3582306
0.23678589
0.028518677
-0.08811951
-0.08706665
-0.04284668
-0.032196045
-0.0519104
-0.07269287
-0.11741638
-0.12701416
-0.12913513
-0.33633423
-0.50305176
-0.29959106
-2.4414062E-4
0.050369263
-0.34432983
-0.8886719
-0.9904022
-0.5866699
0.0652771
0.6602173
0.9787445
0.9675598
0.765152
0.53079224
0.3443756
0.11747742
-0.13233948
-0.2883911
-0.3118286
-0.15150452
0.09190369
0.36088562
0.6985779
0.8743439
0.763031
0.6351929
0.57447815
0.5393219
0.054626465
-0.732605
-1.3153076
-1.1848145
-0.28573608
0.44717407
0.20855713
-0.12275696
-0.23674011
-0.116363525
0.272995
0.5920563
0.57447815
0.45036316
0.26661682
-0.0018463135
-0.235672
-0.44606018
-0.49665833
-0.25430298
0.1355896
0.22187805
-0.04232788
-0.45617676
-0.8274231
-1.1304932
-0.9121094
-0.235672
0.40882874
0.7603607
0.81895447
0.6895294
0.45036316
0.20109558
0.09350586
0.049301147
-0.25430298
-0.73420715
-1.0319519
-0.92063904
-0.45671082
0.23945618
0.8407898
1.0831451
1.1273499
1.1843414
0.6804657
-0.44392395
-1.3419495
-1.3739014
-0.48280334
0.5089569
0.78912354
0.8594208
0.6570282
0.21707153
-0.30810547
-0.5424652
-0.40716553
-0.095047
0.16009521
0.21920776
0.11854553
-0.054031372
-0.18400574
-0.20637512
-0.12754822
-0.007171631
0.06367493
-0.33312988
-0.98028564
-1.1224976
-0.63568115
0.0695343
0.47647095
0.4850006
0.3747406
0.27938843
0.17926025
0.06314087
-0.07267761
-0.18933105
-0.2244873
-0.25323486
-0.22502136
-0.109436035
0.09138489
0.3939209
0.69537354
0.68951416
0.4370575
0.3209381
0.43119812
-0.026870728
-0.8689728
-1.1555176
-0.7789612
-0.074279785
0.26501465
0.16647339
0.054626465
0.02053833
0.03225708
0.0056152344
-0.010360718
0.041305542
0.17340088
0.30230713
0.30549622
0.29484558
0.31987
0.28364563
0.27087402
0.19363403
-0.034332275
-0.4013214
-0.86790466
-1.0431366
-0.6740265
-0.2164917
-0.13980103
-0.14459229
0.05569458
0.3789978
0.63679504
0.7758026
0.78593445
0.61335754
0.2959137
-0.039657593
-0.25590515
-0.38002014
-0.36616516
-0.09664917
0.2506256
0.40083313
0.31507874
0.16542053
-0.019424438
-0.27082825
-0.2591095
0.01361084
0.007736206
-0.25909424
-0.4348755
-0.33207703
-0.11155701
0.064208984
0.06741333
-0.099853516
-0.27189636
-0.31982422
-0.17868042
0.059951782
0.22665405
0.30815125
0.32307434
0.237854
0.10308838
0.010406494
0.05621338
0.0887146
0.07006836
0.16700745
0.22293091
0.097229004
-0.031143188
-0.09931946
-0.054031372
0.05834961
-0.121154785
-0.42208862
-0.26976013
0.2921753
0.82481384
1.0357361
0.94252014
0.6181488
0.1952362
-0.19891357
-0.4433899
-0.5014496
-0.44073486
-0.27134705
-0.018356323
0.301239
0.5915222
0.7118988
0.5409241
0.2532959
0.08924866
0.14891052
-0.0018463135
-0.3922577
-0.5110321
-0.20903015
0.31880188
0.41415405
0.115875244
-0.039123535
0.09883118
0.36408997
0.47380066
0.3443756
0.045562744
-0.20265198
-0.21862793
-0.0476532
0.16488647
0.28152466
0.24797058
0.1712799
0.3086853
0.62986755
0.73799133
0.42747498
0.069000244
0.09190369
0.36888123
0.50309753
0.08232117
-0.3491211
-0.19837952
0.12226868
0.3076172
0.29431152
0.19844055
0.11480713
0.10575867
0.05781555
-0.0945282
-0.29585266
-0.3411255
-0.29319763
-0.35017395
-0.5467224
-0.7432709
-0.66496277
-0.5163574
-0.43540955
-0.2756195
-0.04286194
0.23838806
0.40029907
0.17765808
-0.37895203
-0.840744
-0.8966675
-0.6101074
-0.09718323
0.39231873
0.5904541
0.46421814
0.20960999
-0.032730103
-0.158432
-0.19891357
-0.18719482
-0.0987854
-0.0013122559
0.06367493
0.061019897
-0.029541016
-0.2207489
-0.31396484
-0.18986511
-0.188797
-0.43540955
-0.4822693
-0.10144043
0.42533875
0.5478363
0.24424744
-0.20742798
-0.50730896
-0.51956177
-0.26976013
0.14144897
0.47486877
0.6000366
0.5680847
0.44078064
0.2612915
0.05355835
-0.116363525
-0.252182
-0.38320923
-0.4625702
-0.444458
-0.4513855
-0.4428711
-0.22395325
0.042907715
0.11747742
0.040237427
-0.015686035
-0.022079468
-0.038589478
-0.21595764
-0.42208862
-0.39065552
-0.18026733
0.16914368
0.47647095
0.52760315
0.38964844
0.2421112
0.13238525
-0.0018463135
-0.17654419
-0.25697327
-0.15896606
0.1121521
0.38006592
0.48072815
0.33532715
0.056762695
-0.10197449
-0.24472046
-0.4860077
-0.71876526
-0.6463318
-0.12275696
0.44291687
0.4370575
-0.06788635
-0.5483246
-0.74645996
-0.7017212
-0.571228
-0.3880005
-0.18933105
-7.7819824E-4
0.23731995
0.44291687
0.50097656
0.38752747
0.23838806
0.08818054
0.024261475
0.13612366
0.2186737
0.03918457
-0.17121887
-0.11476135
0.13877869
0.111083984
-0.24685669
-0.53341675
-0.52275085
-0.29692078
-0.1227417
-0.21330261
-0.39546204
-0.35604858
-0.007171631
0.46368408
0.74012756
0.7028351
0.3736725
-0.01675415
-0.20903015
-0.21009827
-0.19837952
-0.22607422
-0.12275696
0.08924866
0.2724762
0.26713562
0.10522461
-0.011428833
-0.014099121
-0.30917358
-0.8023987
-0.92063904
-0.46203613
0.20695496
0.40829468
0.17393494
-0.08227539
-0.15896606
-0.009292603
0.40457153
0.53611755
0.23571777
-0.067352295
-0.22767639
-0.11103821
0.031723022
-0.060958862
-0.01889038
0.0652771
0.09085083
0.118011475
0.11694336
0.05569458
0.05355835
0.15635681
0.24957275
0.13771057
-0.06842041
-0.03326416
0.20748901
0.44664
0.39285278
0.024261475
-0.27241516
-0.26176453
0.041305542
0.37953186
0.5217438
0.49404907
0.38272095
0.19311523
0.018936157
-0.12594604
-0.23620605
-0.22395325
-0.043380737
0.16860962
0.26713562
0.18405151
-0.008773804
-0.12062073
-0.119018555
-0.039657593
-0.26869202
-0.5717621
-0.3587036
0.32733154
0.7214813
0.52388
-0.053512573
-0.5824127
-0.7283478
-0.43806458
0.06048584
0.39178467
0.49458313
0.4221344
0.36888123
0.4482422
0.49032593
0.38858032
0.23199463
0.13079834
0.17605591
0.24636841
0.14251709
-0.011962891
-0.071624756
-0.055099487
-0.10571289
-0.3890686
-0.571228
-0.4598999
-0.1307373
0.18193054
0.1552887
-0.17442322
-0.5371399
-0.6937256
-0.52168274
-0.060440063
0.40350342
0.60110474
0.52653503
0.33000183
0.16967773
0.14144897
0.18511963
0.22825623
0.22027588
0.25595093
0.34384155
0.34703064
0.28738403
0.2144165
0.16168213
0.021072388
-0.35391235
-0.6127777
-0.46736145
0.10043335
0.5185394
0.51268005
0.14303589
-0.30438232
-0.41355896
-0.17601013
0.12705994
0.37313843
0.44345093
0.32893372
0.16114807
0.02746582
-0.08653259
-0.10090637
-0.0066375732
0.1084137
0.25915527
0.39764404
0.3901825
0.1952362
0.03437805
0.07699585
0.2809906
0.36141968
0.1547699
-0.0753479
2.89917E-4
0.1979065
0.33052063
0.24050903
-0.062026978
-0.2995758
-0.31129456
-0.07374573
0.20483398
0.20109558
0.0024261475
-0.08332825
0.05088806
0.25543213
0.3401184
0.28205872
0.16593933
0.12705994
0.14570618
0.12068176
0.05355835
0.0040130615
0.09564209
0.27352905
0.39711
0.64479065
0.91482544
0.72680664
-0.14938354
-1.1411438
-1.3195648
-0.76989746
-0.14031982
0.10043335
0.09776306
0.0849762
0.11747742
0.19044495
0.23146057
0.1595459
0.024261475
-0.024734497
0.013076782
0.17286682
0.44770813
0.59684753
0.4093628
0.023208618
-0.17601013
-0.031661987
0.18191528
0.30921936
0.30549622
0.087646484
-0.0066375732
0.5659485
0.8711548
-0.04925537
-0.56962585
-0.41357422
-0.20158386
-0.18400574
-0.22927856
-0.29159546
-0.37947083
-0.3880005
-0.22341919
0.11001587
0.35237122
0.23413086
-0.13819885
-0.4045105
-0.39918518
-0.09931946
0.19416809
0.29963684
0.2490387
0.1787262
0.2256012
0.29484558
0.2421112
0.047698975
-0.13552856
-0.0753479
0.22453308
0.16967773
-0.2606964
-0.5467224
-0.47428894
-0.20477295
-0.010360718
0.059951782
0.10096741
0.18725586
0.26715088
0.29057312
0.22080994
0.13238525
0.0929718
0.13186646
0.24690247
0.35395813
0.30603027
0.16914368
0.1313324
0.18937683
0.16700745
-0.057235718
-0.36723328
-0.50465393
-0.35551453
-0.20318604
-0.25697327
-0.38853455
-0.427948
-0.3310089
-0.13980103
-0.03326416
-0.17333984
-0.47694397
-0.70332336
-0.6537781
-0.2287445
0.25222778
0.36302185
0.16007996
-0.039657593
-0.048187256
0.035980225
0.10308838
0.16540527
0.31349182
0.4801941
0.48712158
0.28738403
0.075927734
-0.003967285
0.13824463
0.29803467
0.18937683
-0.03805542
-0.06416321
0.051956177
-0.0023651123
-0.2079773
-0.3368683
-0.19519043
0.13717651
0.366745
0.40457153
0.33425903
0.22932434
0.07485962
-0.03753662
-0.008239746
0.008804321
-0.043914795
-0.014633179
0.13824463
0.30656433
0.3156128
0.101501465
-0.15736389
-0.18559265
0.035980225
0.089782715
-0.16215515
-0.46629333
-0.444458
-0.2164917
0.07006836
0.20428467
0.10469055
-0.116882324
-0.2910614
-0.30917358
-0.19252014
-0.03593445
0.0418396
0.004547119
-0.062561035
-0.15737915
-0.26976013
-0.33633423
-0.25430298
-0.040725708
0.1552887
0.15635681
0.06687927
0.0887146
0.19258118
0.111083984
-0.27508545
-0.587204
-0.48440552
-0.16856384
-0.011428833
-0.011962891
-0.03060913
-0.10197449
-0.13819885
-0.052444458
0.11054993
0.21228027
0.22399902
0.16114807
0.07646179
0.029067993
-7.7819824E-4
-0.022613525
-0.031661987
-0.008758545
0.021606445
0.0040130615
-0.08493042
-0.1818695
-0.11955261
0.06048584
0.07485962
-0.07321167
-0.15045166
-0.007171631
0.25169373
0.3209381
0.05781555
-0.33261108
-0.4955902
-0.41090393
-0.12701416
0.13238525
0.17660522
0.106292725
0.037582397
0.016799927
0.013076782
0.008270264
-0.0029144287
0.05088806
0.12705994
0.18832397
0.20109558
0.12866211
0.07485962
0.13291931
0.22453308
0.1867218
0.061553955
0.05569458
0.18991089
0.20748901
-0.017822266
-0.4199524
-0.7235565
-0.70758057
-0.3267517
0.18832397
0.46421814
0.4850006
0.2724762
-0.017822266
-0.1696167
-0.16908264
-0.114227295
-0.052444458
0.012008667
0.036514282
0.0050811768
-0.114227295
-0.22288513
-0.1307373
0.07646179
0.16275024
0.07273865
-0.06842041
-0.085998535
0.07167053
0.21388245
0.09190369
-0.21330261
-0.38639832
-0.37734985
-0.18933105
0.085510254
0.26341248
0.26234436
0.20109558
0.08818054
-0.07853699
-0.1776123
-0.19358826
-0.22554016
-0.16429138
0.053024292
0.33372498
0.49830627
0.443985
0.22506714
0.045578003
-0.062026978
-0.16748047
-0.2591095
-0.17282104
0.07006836
0.20429993
0.13771057
-0.141922
-0.48654175
-0.65431213
-0.5312805
-0.17814636
0.1979065
0.4370575
0.4881897
0.35928345
0.118011475
-0.067352295
-0.12861633
-0.11743164
0.026397705
0.21176147
0.33744812
0.28952026
0.058883667
-0.17494202
-0.23194885
-0.11315918
-0.058303833
-0.20423889
-0.35710144
-0.19572449
0.13824463
0.31507874
0.15795898
-0.11795044
-0.22181702
-0.09025574
0.13238525
0.25169373
0.21281433
0.089782715
0.033325195
0.082855225
0.1164093
0.097229004
0.009338379
-0.027938843
0.039718628
0.18618774
0.32733154
0.36088562
0.2809906
0.14303589
0.10787964
0.18086243
0.07646179
-0.19465637
-0.32408142
-0.19998169
-0.014083862
0.017333984
-0.06895447
-0.11582947
-0.07746887
0.03012085
0.13452148
0.21069336
0.26235962
0.21228027
0.052490234
-0.081207275
-0.07321167
-0.004501343
0.054092407
0.055160522
0.08178711
0.16967773
0.20535278
0.12173462
-0.005569458
-0.032730103
0.144104
0.30549622
0.31721497
0.09138489
-0.22927856
-0.28201294
0.11747742
0.57766724
0.71029663
0.38804626
-0.14884949
-0.37042236
-0.21063232
0.017333984
0.12600708
0.15475464
0.115875244
0.050369263
-0.00289917
-0.06416321
-0.06788635
-0.018356323
-0.06309509
-0.0050354004
0.25064087
0.1318512
-0.24632263
-0.4678955
-0.30065918
0.061553955
0.13824463
-0.11795044
-0.30810547
-0.10890198
0.14303589
0.21548462
0.19258118
0.1787262
0.22027588
0.3081665
0.4024353
0.43173218
0.38006592
0.43013
0.6415863
0.3939209
-0.06149292
-0.06362915
0.082855225
0.38432312
0.718277
0.66448975
0.069000244
-0.3922577
-0.43273926
-0.3453827
-0.18400574
0.014678955
0.07167053
0.075927734
0.0029449463
-0.16854858
-0.35124207
-0.44178772
-0.45510864
-0.345932
-0.18080139
-0.06628418
-0.04977417
-0.07853699
-0.097717285
-0.100372314
-0.0945282
-0.08493042
-0.08279419
-0.088134766
-0.10836792
-0.10357666
-0.08067322
-0.0284729
0.029586792
0.040771484
-0.008224487
-0.053512573
-0.040725708
-0.0034332275
0.0013580322
-0.015167236
-0.06628418
-0.114227295
-0.08972168
-0.021011353
0.027999878
0.04876709
0.047698975
0.029586792
0.020004272
0.023208618
0.011474609
0.0072021484
-0.017822266
-0.057235718
-0.07588196
-0.038589478
0.006149292
-0.0066375732
-0.06309509
-0.12594604
-0.13606262
-0.051376343
0.051956177
0.09085083
0.033325195
-0.055099487
-0.09025574
-0.074279785
-0.031661987
-0.0066375732
-0.023147583
-0.048187256
0.010406494
0.07485962
0.078063965
0.003479004
-0.08439636
-0.10144043
-0.12168884
-0.1776123
-0.2207489
-0.21116638
-0.12966919
-0.027404785
0.02746582
0.078063965
0.12547302
0.13505554
0.0652771
-0.06575012
-0.16696167
-0.17654419
-0.12541199
-0.046585083
-0.0061035156
-0.015686035
-0.059906006
-0.102508545
-0.07746887
0.026931763
0.16433716
0.21548462
0.18565369
0.1398468
0.048233032
-0.08013916
-0.16429138
-0.17601013
-0.15950012
-0.13659668
-0.10411072
-0.09185791
-0.092926025
-0.06523132
-0.032730103
-0.0061035156
8.239746E-4
0.0018920898
2.89917E-4
-0.014633179
-0.046051025
-0.03753662
0.009338379
0.050369263
0.040771484
0.012542725
0.0018920898
0.024261475
0.054092407
0.07913208
0.08657837
0.052490234
0.021606445
0.039718628
0.057296753
0.027999878
0.0013427734
0.02053833
0.07325745
0.08924866
0.054092407
-0.0050354004
-0.039123535
-0.038589478
-0.03540039
-0.049240112
-0.08972168
-0.114227295
-0.081207275
-0.01675415
0.032791138
0.015731812
-0.031677246
-0.012496948
0.06741333
0.09350586
0.053024292
0.045043945
0.05783081
0.07325745
0.08657837
0.049835205
-0.022613525
-0.0284729
0.069000244
0.13238525
0.06741333
-0.034866333
-0.050308228
0.010940552
0.06048584
0.062088013
0.030654907
0.0072021484
0.010406494
0.03012085
0.047698975
0.069000244
0.033325195
-0.039657593
-0.06362915
-0.023147583
0.022125244
0.0184021
-0.0135650635
-0.008239746
0.03704834
0.07434082
0.06687927
0.035446167
0.02532959
0.027999878
0.011474609
-0.005569458
-0.0050354004
-0.0034332275
-0.007171631
-7.7819824E-4
0.014678955
0.030654907
0.031188965
0.006149292
2.89917E-4
0.026397705
0.038650513
0.023727417
0.015213013
0.009338379
-0.008239746
-0.034332275
-0.032196045
2.89917E-4
0.013076782
-7.7819824E-4
-0.019958496
-0.025802612
-0.030075073
-0.034866333
-0.039123535
-0.050842285
-0.046585083
-0.018356323
-0.030075073
-0.05937195
-0.04498291
0.0040130615
0.0178833
-0.00289917
-0.019424438
-0.015686035
0.012008667
0.040771484
0.035446167
0.016281128
0.010940552
0.022140503
0.013076782
-0.01675415
-0.025802612
-0.010360718
0.0040130615
-0.0061035156
-0.018356323
-0.017288208
0.0029449463
0.012542725
0.0098724365
0.0024108887
-0.01675415
-0.0135650635
-0.0050354004
0.021072388
0.03012085
-0.010360718
-0.04711914
-0.008224487
0.0652771
0.09350586
0.05569458
0.0013580322
-0.01675415
0.013076782
0.042907715
0.032791138
0.008804321
0.0040130615
0.016815186
0.022659302
0.010406494
0.004547119
-0.0013122559
-0.0077056885
-0.0066375732
0.010940552
0.02532959
0.024261475
0.019470215
0.014678955
-0.0018463135
-0.01889038
-0.019943237
-0.015686035
0.021606445
0.035446167
-0.0018463135
-0.027938843
-0.018356323
0.0066833496
0.027999878
0.02267456
2.89917E-4
-0.021011353
-0.0050354004
0.022140503
0.01574707
-0.0061035156
-0.005569458
0.013076782
0.02053833
0.016281128
8.239746E-4
-0.018356323
-0.010360718
0.0098724365
0.022140503
0.02267456
0.014144897
0.0184021
0.029052734
0.016281128
-0.00982666
-0.008239746
0.01626587
0.036514282
0.013076782
-0.052444458
-0.06576538
-0.0018463135
0.05567932
0.044509888
-2.4414062E-4
-0.046585083
-0.046585083
0.012542725
0.051956177
0.035446167
0.007217407
0.0013427734
0.01574707
0.02746582
0.038650513
0.044509888
0.029052734
0.0098724365
0.007217407
-0.005569458
-0.021011353
-0.0050354004
0.02532959
0.038650513
0.035446167
0.02532959
0.032791138
0.033859253
0.04663086
0.038116455
-0.0034332275
-0.03326416
-0.01675415
0.028533936
0.039718628
0.017333984
-0.008773804
-2.4414062E-4
0.03012085
0.055160522
0.061019897
0.15156555
0.2879181
0.50416565
0.19630432
-0.0284729
-0.023147583
-0.040725708
-0.06149292
-0.02368164
-0.0013122559
0.008804321
0.047698975
0.024795532
-0.00982666
0.0024108887
-0.011962891
-0.017822266
0.07060242
