-0.26296997
-0.38069153
-0.14526367
0.09388733
0.118392944
0.027313232
-0.04032898
-0.08187866
-0.106918335
-0.06590271
0.026245117
0.068862915
0.01399231
-0.073898315
-0.12661743
-0.09945679
-0.02381897
1.373291E-4
-0.06111145
-0.12928772
-0.14686584
-0.11489868
-0.061645508
-0.03553772
-0.046188354
-0.05683899
-0.05204773
-0.053115845
-0.058441162
-0.05683899
-0.060043335
-0.064834595
-0.069625854
-0.060043335
-0.02330017
0.01612854
-0.011566162
-0.08934021
-0.1324768
-0.09094238
-0.020095825
-0.0019836426
-0.039260864
-0.060577393
-0.025421143
0.024108887
0.03691101
0.0065460205
-0.039276123
-0.051513672
-0.015304565
0.014526367
-0.001449585
-0.048858643
-0.07922363
-0.07122803
-0.05897522
-0.07336426
-0.08934021
-0.06111145
-0.0030517578
0.047027588
0.04170227
0.0028076172
-0.004119873
-0.0046539307
-0.035003662
-0.066970825
-0.050460815
-0.011047363
-0.0025177002
-0.022232056
-0.0259552
0.008132935
0.04649353
0.04649353
0.020385742
-0.005722046
-0.033935547
-0.039276123
-0.021697998
-0.022750854
-0.054718018
-0.07815552
-0.07601929
-0.07069397
-0.081344604
-0.09945679
-0.104782104
-0.09359741
-0.08294678
-0.08880615
-0.09413147
-0.06324768
-0.04032898
-0.042999268
-0.030212402
0.01399231
0.052352905
0.035842896
0.0022735596
-9.1552734E-4
0.01878357
0.023040771
0.0049438477
-0.005706787
-3.9672852E-4
0.008666992
0.01399231
0.01133728
0.0054626465
-3.9672852E-4
-0.0121154785
-0.01637268
0.0054626465
0.034240723
0.03956604
0.026245117
0.0033416748
-0.022750854
-0.03288269
-0.011047363
0.0209198
0.008666992
-0.029144287
-0.036605835
-0.007843018
0.014526367
0.022521973
0.020385742
0.021453857
0.02305603
0.022521973
0.017181396
0.012390137
0.01399231
0.017196655
0.012924194
-0.005706787
-0.015304565
0.001739502
0.014526367
0.0049438477
-0.0062408447
-0.0025177002
0.008132935
0.012390137
0.012390137
0.015594482
0.0070648193
-0.001449585
0.021987915
0.035308838
1.5258789E-4
-0.027023315
0.0033416748
0.061935425
0.078445435
0.055007935
0.016113281
0.010269165
0.041168213
0.05821228
0.032104492
-0.0030517578
-0.011566162
-0.0062408447
-0.008377075
-0.01210022
-0.01423645
-0.01423645
-0.004119873
0.010803223
0.031036377
0.05342102
0.058746338
0.055541992
0.0677948
0.099227905
0.12745667
0.15887451
0.15834045
0.09869385
0.05393982
0.09655762
0.17378235
0.16952515
0.097091675
0.015594482
-0.022232056
-0.0019836426
0.029434204
0.010269165
-0.047790527
-0.057388306
-0.0046539307
0.036376953
0.023040771
-3.9672852E-4
0.009735107
0.031570435
0.021453857
0.0012054443
0.008132935
0.027297974
0.029434204
0.021453857
0.021453857
0.01878357
0.016647339
0.037963867
0.032104492
-0.024353027
-0.06376648
-0.03501892
0.0209198
0.036376953
0.010253906
-0.017425537
-0.024353027
-0.017959595
-0.013702393
-0.016906738
-0.027023315
-0.037139893
-0.04246521
-0.050460815
-0.06378174
-0.05683899
-0.016357422
0.015060425
-0.0019836426
-0.033950806
-0.03981018
-0.012634277
0.008132935
-0.008911133
-0.035003662
-0.04460144
-0.0259552
0.019851685
0.026779175
-0.04725647
-0.078689575
-0.018493652
0.06993103
0.11785889
0.03477478
-0.11329651
-0.20385742
-0.20225525
-0.1862793
-0.16656494
-0.19799805
-0.22250366
-0.1713562
-0.16497803
-0.20225525
-0.20811462
-0.15644836
-0.07762146
-0.03553772
-0.06803894
-0.13194275
-0.19319153
-0.23208618
-0.2528534
-0.24380493
-0.18946838
-0.14047241
-0.16070557
-0.23155212
-0.29174805
-0.31463623
-0.29119873
-0.18788147
-0.0728302
-0.04725647
-0.14047241
-0.25764465
-0.30345154
-0.2651062
-0.19960022
-0.15698242
-0.1713562
-0.22409058
-0.25712585
-0.25019836
-0.24859619
-0.33062744
-0.37322998
-0.2693634
-0.027023315
0.25794983
0.3969574
0.31280518
0.06565857
-0.16497803
-0.24806213
-0.20065308
-0.06323242
0.054473877
0.057678223
-0.024887085
-0.06378174
0.036376953
0.1849823
0.23025513
0.14129639
0.016647339
-0.040863037
0.007598877
0.087509155
0.118392944
0.13331604
0.15568542
0.15196228
0.09762573
0.07044983
0.07418823
0.113601685
0.2989502
0.4406433
0.24783325
-0.07015991
-0.21130371
-0.17828369
-0.099990845
-9.1552734E-4
0.09869385
0.11253357
-0.064834595
-0.33488464
-0.46644592
-0.37908936
-0.2027893
-0.085617065
-0.059509277
-0.008911133
0.15994263
0.3857727
0.4747162
0.4592743
0.51893616
0.6616821
0.71813965
0.47366333
-0.20811462
-1.0864258
-1.6691284
-1.5934906
-0.94207764
-0.15058899
0.35861206
0.45874023
0.31066895
0.13650513
0.11627197
0.2446289
0.40602112
0.50775146
0.53544617
0.53170776
0.46194458
0.30055237
0.14556885
0.104537964
0.090164185
0.019317627
-0.054718018
0.020385742
0.3149414
0.6510315
0.6925812
0.36021423
-0.0030517578
-0.058441162
0.075790405
0.09442139
-0.104782104
-0.34872437
-0.41477966
-0.2874756
-0.15698242
-0.19267273
-0.31784058
-0.32795715
-0.16976929
0.001739502
0.12904358
0.15994263
0.02784729
-0.19639587
-0.32102966
-0.23527527
-0.06590271
0.0028076172
-0.10531616
-0.19746399
-0.078689575
0.057144165
-0.0019836426
-0.16870117
-0.24380493
-0.10638428
0.11627197
0.1934967
0.036895752
-0.2677765
-0.30133057
0.042236328
0.48805237
0.71121216
0.6968384
0.56155396
0.39855957
0.29522705
0.2243805
0.10827637
0.021453857
0.04914856
0.19189453
0.37139893
0.48110962
0.47045898
0.451828
0.49443054
0.5418396
0.5050812
0.294693
-0.05897522
-0.34606934
-0.5101166
-0.55911255
-0.48028564
-0.22409058
0.12425232
0.3468933
0.39537048
0.39909363
0.43478394
0.42253113
0.276062
0.033706665
-0.18414307
-0.31677246
-0.31570435
-0.22143555
-0.15698242
-0.13194275
-0.11331177
-0.19374084
-0.42861938
-0.65605164
-0.65019226
-0.45791626
-0.3007965
-0.2416687
-0.19320679
-0.2262268
-0.36044312
-0.46058655
-0.35884094
0.017715454
0.46247864
0.67126465
0.56741333
0.35861206
0.27871704
0.32826233
0.37405396
0.30801392
0.18710327
0.1508789
0.3772583
0.770874
0.95996094
0.7122803
0.22439575
-0.13726807
-0.21343994
-0.23899841
-0.40359497
-0.563385
-0.52822876
-0.34181213
-0.1239624
0.018249512
0.03691101
-0.019561768
-0.054718018
-3.9672852E-4
0.10934448
0.1578064
0.094955444
-0.06111145
-0.29440308
-0.5111847
-0.5
-0.25605774
0.028900146
0.23876953
0.3511505
0.25102234
0.03956604
-0.022232056
0.06086731
0.0912323
-0.061645508
-0.27947998
-0.45046997
-0.51704407
-0.44673157
-0.27043152
-0.033950806
0.26379395
0.5487671
0.613739
0.40016174
0.1109314
-0.06643677
-0.090408325
0.008666992
0.16366577
0.2707367
0.3069458
0.34423828
0.3330536
0.18603516
0.02305603
0.04170227
0.24249268
0.3506317
0.21800232
-0.07443237
-0.30718994
-0.33488464
-0.15431213
0.09921265
0.247818
0.21321106
0.041168213
-0.14152527
-0.27043152
-0.30877686
-0.2624359
-0.21131897
-0.19639587
-0.20544434
-0.28001404
-0.4089203
-0.4254303
-0.22409058
0.026245117
-0.045135498
-0.44140625
-0.7237091
-0.5718994
-0.13194275
0.17752075
0.1620636
-0.050460815
-0.22834778
-0.27149963
-0.16390991
0.049682617
0.23823547
0.27978516
0.17805481
0.09176636
0.11732483
0.19509888
0.20574951
0.11946106
0.008666992
-0.042999268
-9.1552734E-4
0.14555359
0.3303833
0.4161377
0.20681763
-0.03074646
0.059799194
0.37245178
0.51786804
0.3234558
-0.029678345
-0.28215027
-0.2693634
0.0022735596
0.32133484
0.4326477
0.2627411
-0.015304565
-0.18414307
-0.13035583
0.026245117
0.07684326
-0.038742065
-0.2219696
-0.33595276
-0.29119873
-0.13833618
0.023590088
0.118927
0.108810425
-0.055252075
-0.32102966
-0.3828125
-0.11489868
0.25421143
0.44010925
0.30055237
-0.07975769
-0.34979248
-0.37216187
-0.28215027
-0.22782898
-0.25552368
-0.31677246
-0.3343506
-0.2528534
-0.08934021
0.11680603
0.30108643
0.3468933
0.22972107
0.08377075
0.0209198
0.08111572
0.22705078
0.36447144
0.31227112
0.066726685
-0.0035858154
0.2568817
0.49443054
0.3650055
0.010269165
-0.1905365
-0.08773804
0.13117981
0.14822388
-0.08880615
-0.3231659
-0.3631134
-0.26617432
-0.11810303
-0.03501892
-0.03553772
-0.05897522
-0.067489624
-0.060577393
-0.05418396
-0.07601929
-0.062179565
0.033172607
0.13383484
0.07312012
-0.13194275
-0.30665588
-0.31730652
-0.1750946
0.010253906
0.048080444
-0.120224
-0.32209778
-0.40252686
-0.30612183
-0.06378174
0.1535492
0.20361328
0.07685852
-0.07336426
-0.09786987
0.00920105
0.1423645
0.22651672
0.20840454
0.094955444
0.052352905
0.21107483
0.44276428
0.4725952
0.19189453
-0.14526367
-0.20065308
0.0022735596
0.19882202
0.17166138
-0.07815552
-0.3631134
-0.42010498
-0.20811462
0.044891357
0.058746338
-0.13780212
-0.3386078
-0.4131775
-0.34925842
-0.2294159
-0.1431427
-0.107437134
-0.078689575
-0.055252075
0.013458252
0.17912292
0.27659607
0.23344421
0.17912292
0.10081482
-0.10638428
-0.33488464
-0.36471558
-0.15325928
0.14503479
0.3042755
0.22544861
-0.062698364
-0.36683655
-0.4408722
-0.24113464
0.034240723
0.15408325
0.056610107
-0.052581787
-0.062179565
-0.0062408447
0.048614502
0.09335327
0.11999512
0.12106323
0.15248108
0.23930359
0.3570099
0.46992493
0.4283905
0.19509888
0.029968262
0.1423645
0.31652832
0.29522705
0.06512451
-0.17988586
-0.16816711
0.08004761
0.25315857
0.15194702
-0.106918335
-0.30770874
-0.3284912
-0.19000244
0.017181396
0.14343262
0.06619263
-0.1239624
-0.20118713
-0.09573364
0.035842896
0.07098389
-0.00730896
-0.15325928
-0.3034668
-0.42276
-0.3519287
-0.00730896
0.37298584
0.4880371
0.33251953
0.07312012
-0.13035583
-0.21078491
-0.167099
-0.08027649
-0.042999268
-0.050460815
-0.060043335
-0.06590271
-0.08934021
-0.13140869
-0.14419556
-0.07336426
0.042755127
0.12957764
0.18338013
0.28936768
0.45555115
0.5226593
0.35595703
0.07525635
-0.0121154785
0.12904358
0.20840454
0.052886963
-0.23580933
-0.4211731
-0.35351562
-0.06750488
0.18017578
0.12532043
-0.12075806
-0.29493713
-0.2970581
-0.15911865
-0.011566162
0.023590088
-0.06643677
-0.0770874
0.045959473
0.16687012
0.24356079
0.30322266
0.32505798
0.21479797
-0.05632019
-0.29119873
-0.23101807
0.10295105
0.42466736
0.4837799
0.32080078
0.123184204
0.0443573
0.12532043
0.22332764
0.23504639
0.19242859
0.12211609
0.066726685
0.012924194
-0.10531616
-0.24220276
-0.34127808
-0.38601685
-0.35565186
-0.24327087
-0.088272095
0.018249512
0.045959473
-0.0259552
-0.14953613
-0.11117554
0.13543701
0.3623352
0.38471985
0.2472992
0.09815979
0.04170227
0.08004761
0.1535492
0.12850952
-0.059509277
-0.2842865
-0.36257935
-0.30026245
-0.26031494
-0.31411743
-0.31144714
-0.12875366
0.09602356
0.25741577
0.29789734
0.26167297
0.26434326
0.37832642
0.46887207
0.29629517
-0.09732056
-0.49095154
-0.6938782
-0.59480286
-0.35671997
-0.26138306
-0.38813782
-0.5260925
-0.44247437
-0.16337585
0.09069824
0.16899109
0.03956604
-0.23048401
-0.37322998
-0.2459259
0.042236328
0.23451233
0.16952515
-0.0051727295
-0.024887085
0.17805481
0.4507599
0.57273865
0.38204956
-0.06271362
-0.3396759
-0.27682495
-0.08508301
-0.04032898
-0.2416687
-0.45898438
-0.46110535
-0.3007965
-0.17082214
-0.17881775
-0.29119873
-0.40785217
-0.44992065
-0.36470032
-0.21929932
-0.13780212
-0.14205933
-0.15698242
-0.15965271
-0.13621521
0.03263855
0.4273224
0.82040405
0.73039246
-0.007843018
-0.99320984
-1.3362274
-0.6746979
0.34529114
1.0158844
0.89711
0.276062
-0.29226685
-0.48561096
-0.35032654
-0.19746399
-0.14047241
-0.06590271
0.05128479
0.1338501
0.15675354
0.10720825
-0.004119873
-0.095199585
-0.068573
0.07685852
0.21214294
0.22918701
0.21746826
0.32398987
0.3426361
0.12799072
0.00440979
0.12585449
0.17910767
0.021453857
-0.13780212
-0.16551208
-0.17030334
-0.24327087
-0.3551178
-0.4296875
-0.41638184
-0.28961182
-0.109573364
6.713867E-4
-0.033416748
-0.099990845
-0.12075806
-0.027023315
0.14076233
0.2638092
0.32080078
0.30747986
0.19828796
-0.056854248
-0.5532532
-1.025711
-0.88775635
-0.09413147
0.7495575
1.0297394
0.6675415
0.120529175
-0.22090149
-0.2528534
-0.16072083
-0.061645508
-0.016906738
0.0038757324
0.0677948
0.123184204
0.13383484
0.14183044
0.1381073
0.09762573
0.11734009
0.20095825
0.21321106
0.1109314
6.713867E-4
-0.121292114
-0.17402649
-0.014770508
0.27127075
0.34317017
0.106674194
-0.20651245
-0.40039062
-0.436615
-0.35884094
-0.23580933
-0.167099
-0.24699402
-0.3977356
-0.4557953
-0.3327484
-0.13194275
-0.0035858154
0.010269165
-0.051513672
-0.09094238
-0.068573
-0.055786133
-0.08081055
-0.034469604
0.11732483
0.28085327
0.1578064
-0.19746399
-0.39826965
-0.19960022
0.2243805
0.47579956
0.3468933
0.0028076172
-0.26564026
-0.29386902
-0.095199585
0.13491821
0.1700592
0.043823242
-0.050994873
-0.032348633
0.04914856
0.090164185
0.09976196
0.11148071
0.13438416
0.18977356
0.27818298
0.38897705
0.45980835
0.30162048
-0.01423645
-0.09732056
0.13703918
0.29789734
0.19776917
0.087509155
0.20361328
0.45448303
0.5583496
0.42092896
0.17591858
-0.03288269
-0.15644836
-0.12556458
0.06993103
0.21054077
0.10827637
-0.16230774
-0.35351562
-0.27789307
-0.08506775
-0.055252075
-0.13993835
-0.17828369
-0.23262024
-0.49893188
-0.70506287
-0.49519348
0.033172607
0.44862366
0.4369049
0.06300354
-0.28907776
-0.32902527
-0.114364624
0.1301117
0.23025513
0.19456482
0.11946106
0.10560608
0.12478638
0.13278198
0.14076233
0.104019165
-0.020095825
-0.12768555
-0.1473999
-0.052597046
0.118927
0.2792511
0.3383789
0.2915039
0.21426392
0.16526794
0.18444824
0.16792297
0.047561646
-0.13301086
-0.29493713
-0.38441467
-0.36097717
-0.23527527
-0.050460815
0.099227905
0.10827637
0.021972656
0.0033416748
0.10295105
0.18284607
0.10028076
-0.056854248
-0.097854614
-0.03074646
-0.0062408447
-0.044067383
-0.04032898
0.0113220215
-0.025421143
-0.1436615
-0.22569275
-0.32102966
-0.4557953
-0.41690063
-0.056854248
0.41880798
0.59243774
0.29415894
-0.11489868
-0.28482056
-0.25338745
-0.18946838
-0.18467712
-0.18041992
-0.078689575
0.08004761
0.21321106
0.2638092
0.27285767
0.32133484
0.32292175
0.21586609
0.057144165
-0.027542114
0.0209198
0.16633606
0.24143982
0.17219543
0.08163452
0.045425415
0.056610107
0.062469482
0.17378235
0.21214294
0.21054077
0.071517944
-0.20492554
-0.42756653
-0.60173035
-0.64060974
-0.38920593
0.12532043
0.35542297
0.050216675
-0.42808533
-0.6470032
-0.5143738
-0.23474121
-0.0051879883
0.064071655
-0.033950806
-0.167099
-0.19000244
-0.09838867
0.035842896
0.12265015
0.13064575
0.106674194
0.15994263
0.27552795
0.30108643
0.13543701
-0.060043335
-0.032348633
0.3223877
0.7463684
0.87527466
0.4326477
-0.53941345
-1.0731049
-0.5873413
0.09176636
0.28190613
0.18391418
0.17805481
0.33624268
0.5061493
0.53544617
0.39909363
0.15408325
-0.10159302
-0.2693634
-0.36471558
-0.45365906
-0.5335541
-0.48242188
-0.27522278
-0.055786133
0.050216675
0.08111572
0.0012054443
-0.18467712
-0.19425964
0.03050232
0.17378235
1.373291E-4
-0.26670837
-0.36045837
-0.20918274
0.01878357
0.044891357
-0.21237183
-0.44354248
-0.42329407
-0.21290588
-0.007843018
0.118927
0.16740417
0.16101074
0.14183044
0.08963013
0.072052
0.050750732
-0.13301086
-0.40464783
-0.45205688
-0.22729492
-0.0067749023
0.013458252
0.07472229
0.34742737
0.6552887
0.82466125
0.8417053
0.6787262
0.32398987
-0.12501526
-0.45472717
-0.5095825
-0.29600525
-0.01902771
0.11734009
0.07737732
1.373291E-4
0.03956604
0.21481323
0.3895111
0.37779236
0.22172546
0.066726685
-0.106918335
-0.26937866
-0.30984497
-0.19107056
-0.04246521
-0.053649902
-0.22676086
-0.32530212
-0.23687744
-0.14419556
-0.28907776
-0.5553894
-0.59054565
-0.39292908
-0.12182617
0.08483887
0.21960449
0.2765808
0.24623108
0.19242859
0.078445435
-0.13887024
-0.34553528
-0.45205688
-0.3742981
-0.03767395
0.32398987
0.4438324
0.2584839
-0.09359741
-0.5085144
-0.7375488
-0.46484375
0.1274414
0.5471649
0.48910522
0.027832031
-0.41903687
-0.563385
-0.40945435
-0.14898682
0.06939697
0.20681763
0.2669983
0.24516296
0.20149231
0.1934967
0.2238617
0.27339172
0.25527954
0.15141296
0.06565857
0.005996704
0.02784729
0.15727234
0.28564453
0.25741577
-0.04034424
-0.41531372
-0.56018066
-0.3716278
-0.11383057
-0.088272095
-0.30612183
-0.44992065
-0.3439331
-0.09625244
0.10295105
0.20628357
0.23716736
0.23770142
0.23930359
0.19616699
0.071517944
-0.06430054
-0.05897522
0.1343689
0.35328674
0.37565613
0.17752075
-0.0046539307
-0.13194275
-0.43873596
-0.659256
-0.34872437
0.18017578
0.34317017
0.17324829
-0.020095825
-0.111709595
-0.1159668
-0.024887085
0.101882935
0.18284607
0.19456482
0.21479797
0.27713013
0.36393738
0.40548706
0.33677673
0.18763733
0.13117981
0.21374512
0.18656921
-0.01637268
-0.13140869
-0.118637085
-0.14898682
-0.18148804
-0.10745239
0.006011963
0.047027588
-0.027557373
-0.15644836
-0.28907776
-0.36523438
-0.2848053
-0.015304565
0.30429077
0.46673584
0.42092896
0.23025513
0.058746338
-0.026489258
-0.036071777
0.028900146
0.0635376
0.09388733
0.22491455
0.38790894
0.3271942
-0.01902771
-0.596405
-1.2451477
-1.3900299
-0.7370148
0.09976196
0.28297424
-0.18147278
-0.5878906
-0.46377563
0.034240723
0.42625427
0.4640808
0.24090576
0.011856079
-0.0046539307
0.18231201
0.42411804
0.6078949
0.6654053
0.5913696
0.42253113
0.29682922
0.30322266
0.22279358
-0.09573364
-0.4408722
-0.4461975
-0.034469604
0.35328674
0.38790894
0.21853638
6.713867E-4
-0.26989746
-0.49520874
-0.5053253
-0.324234
-0.16656494
-0.14047241
-0.15379333
-0.05632019
0.212677
0.5125427
0.63612366
0.52160645
0.34742737
0.3000183
0.3527527
0.45396423
0.58924866
0.6622162
0.6286621
0.55888367
0.48857117
0.3703308
0.097091675
-0.34446716
-0.82276917
-1.0725708
-0.8856201
-0.43341064
-0.099990845
-0.1005249
-0.37057495
-0.5442047
-0.32530212
0.1423645
0.5349121
0.6286621
0.44596863
0.20309448
0.12532043
0.21958923
0.29362488
0.27285767
0.2238617
0.19935608
0.17219543
0.08644104
0.05128479
0.0912323
0.043289185
-0.20172119
-0.6315613
-0.947937
-0.7471466
-0.22515869
0.06832886
-0.20811462
-0.7913513
-1.0800323
-0.8851013
-0.45632935
-0.06378174
0.1892395
0.29522705
0.2803192
0.24623108
0.3218689
0.43424988
0.45341492
0.34370422
0.16687012
0.07046509
0.1934967
0.48059082
0.7367859
0.62120056
0.060333252
-0.37057495
-0.32795715
-0.032348633
0.08004761
-0.12768555
-0.34606934
-0.32369995
-0.15005493
-0.008377075
-0.011047363
-0.09359741
-0.097854614
0.008132935
0.20788574
0.4022827
0.4907074
0.41081238
0.26753235
0.22279358
0.28404236
0.3852539
0.47045898
0.48059082
0.32080078
0.033706665
-0.16549683
-0.19532776
-0.069625854
0.113601685
0.08377075
-0.24487305
-0.628891
-0.76205444
-0.56285095
-0.25445557
-0.09413147
-0.16018677
-0.3673706
-0.45152283
-0.25445557
0.116256714
0.45129395
0.6041565
0.5269165
0.30854797
0.12478638
0.06034851
0.07418823
0.111465454
0.11734009
0.10934448
0.1301117
0.1769867
0.2046814
0.19190979
0.17645264
0.06086731
-0.26564026
-0.66137695
-0.74128723
-0.4408722
-0.07229614
0.012924194
-0.16549683
-0.24913025
-0.1324768
0.05821228
0.16687012
0.1535492
0.034240723
-0.12982178
-0.19746399
-0.10797119
0.06832886
0.14555359
0.059280396
-0.04725647
-0.06750488
-0.09147644
-0.15379333
-0.08027649
0.20095825
0.42520142
0.5753937
0.6062927
0.36979675
-0.0690918
-0.45791626
-0.63848877
-0.66030884
-0.5745697
-0.38868713
-0.23368835
-0.20811462
-0.31730652
-0.39241028
-0.3577881
-0.2720337
-0.20066833
-0.14898682
-0.07601929
0.018249512
0.057678223
-0.0046539307
-0.093063354
-0.12928772
-0.18574524
-0.2997284
-0.27947998
0.106674194
0.61587524
0.8544922
0.62120056
0.07951355
-0.35406494
-0.40252686
-0.10745239
0.28085327
0.47738647
0.40760803
0.26593018
0.28990173
0.4672699
0.58551025
0.5098877
0.31707764
0.18231201
0.16952515
0.24995422
0.38897705
0.5061493
0.54663086
0.5125427
0.47045898
0.37565613
0.22332764
0.17752075
0.20787048
0.0954895
-0.18095398
-0.37216187
-0.29014587
-0.030212402
0.1700592
0.16845703
-0.0051727295
-0.1473999
-0.116500854
-0.0051727295
0.040100098
0.025177002
0.01878357
0.06513977
0.106674194
0.08483887
0.042755127
0.051818848
0.1104126
0.09388733
-0.1516571
-0.47177124
-0.45632935
-0.032348633
0.42945862
0.51467896
0.20095825
-0.15963745
-0.25019836
-0.081344604
0.1578064
0.29522705
0.27072144
0.16792297
0.07791138
0.06726074
0.15568542
0.26539612
0.30055237
0.23770142
0.13703918
0.10455322
0.20361328
0.4203949
0.613739
0.66807556
0.5226593
0.14982605
-0.11810303
0.037963867
0.3346405
0.3181305
0.06460571
-0.12289429
-0.10159302
0.090164185
0.32080078
0.41879272
0.3293152
0.15568542
0.043289185
0.09069824
0.2600708
0.3730011
0.32080078
0.16526794
0.012390137
0.008132935
0.17324829
0.3527527
0.38630676
0.21427917
-0.095199585
-0.36843872
-0.34553528
-0.03074646
0.22491455
0.18070984
-0.046722412
-0.23847961
-0.24273682
-0.033416748
0.24249268
0.3527527
0.23718262
0.031570435
-0.054718018
0.018249512
0.12957764
0.21054077
0.29415894
0.3660736
0.3660736
0.3037567
0.294693
0.37405396
0.42945862
0.3650055
0.21374512
0.13650513
0.2323761
0.35328674
0.29789734
0.111465454
0.0070648193
0.00440979
-0.024887085
-0.058441162
-0.033950806
0.028915405
0.094436646
0.13490295
0.1381073
0.11627197
0.115737915
0.11520386
0.064071655
0.008132935
0.052886963
0.13703918
0.19029236
0.24942017
0.2515564
-0.016357422
-0.4643097
-0.6352844
-0.34925842
0.11413574
0.33358765
0.15727234
-0.18786621
-0.32263184
-0.17402649
0.0049438477
0.06832886
0.05821228
0.09069824
0.17538452
0.2004242
0.073654175
-0.08934021
-0.11117554
0.001739502
0.116256714
0.14076233
0.068862915
-0.15484619
-0.3396759
0.041168213
0.4784546
0.7117462
0.5913696
0.24249268
0.055023193
0.11999512
0.10295105
-0.19000244
-0.37216187
-0.23580933
-0.05632019
-0.111709595
-0.34233093
-0.44940186
-0.30345154
-0.083480835
-0.004119873
-0.09680176
-0.23101807
-0.307724
-0.27256775
-0.10317993
0.073654175
0.06832886
-0.16230774
-0.41264343
-0.42436218
-0.3109131
-0.27256775
-0.21876526
-0.22569275
-0.65393066
-1.1780396
-1.0070648
-0.25978088
0.38684082
0.44862366
-0.011047363
-0.44407654
-0.5255585
-0.35404968
-0.13087463
0.04170227
0.17858887
0.28297424
0.33303833
0.33943176
0.36714172
0.42199707
0.39855957
0.33251953
0.38311768
0.46673584
0.34742737
0.0065307617
-0.3039856
-0.39294434
-0.2970581
-0.167099
-0.019561768
0.083236694
0.082717896
-0.045135498
-0.31251526
-0.5218353
-0.4845581
-0.30239868
-0.1708374
-0.16497803
-0.18946838
-0.12236023
0.057144165
0.2680664
0.36447144
0.27604675
0.12745667
0.108810425
0.2669983
0.47045898
0.47685242
0.25474548
-0.0051879883
-0.26724243
-0.6038666
-0.469635
0.27659607
0.883255
0.8225403
0.16793823
-0.65179443
-1.1151886
-0.98043823
-0.52716064
-0.1559143
-0.015838623
0.055541992
0.16047668
0.2792511
0.34317017
0.35168457
0.34049988
0.35435486
0.42892456
0.5253296
0.6717987
0.78364563
0.644104
0.33091736
0.06832886
-0.06750488
-0.20704651
-0.28108215
-0.2027893
-0.20118713
-0.46749878
-0.8430176
-0.9964142
-0.832901
-0.5127716
-0.25019836
-0.09945679
0.012924194
0.15248108
0.28138733
0.374588
0.43318176
0.41453552
0.35754395
0.30641174
0.32878113
0.46194458
0.6339874
0.7106781
0.5876465
0.38949585
0.08216858
-0.5143738
-0.9362335
-0.69973755
-0.1324768
0.09335327
-0.24113464
-0.7407532
-0.8621826
-0.49253845
0.005996704
0.27552795
0.2792511
0.17112732
0.092300415
0.10348511
0.18656921
0.32878113
0.4491577
0.47045898
0.41667175
0.3000183
0.16259766
0.1535492
0.15408325
0.033172607
-0.058441162
-0.08187866
-0.11543274
-0.14047241
-0.06378174
0.10241699
0.17326355
0.036376953
-0.25073242
-0.52822876
-0.5788269
-0.34713745
0.0054779053
0.28829956
0.38790894
0.36021423
0.34210205
0.33517456
0.2669983
0.15620422
0.03742981
-0.078689575
-0.16656494
-0.10852051
0.14875793
0.35328674
0.311203
-0.27949524
-1.3447571
-1.8006897
-1.1199799
0.026779175
0.6952362
0.40974426
-0.3162384
-0.757782
-0.6081238
-0.04460144
0.4837799
0.62545776
0.4092102
0.14396667
0.11679077
0.2984314
0.39749146
0.2627411
-0.027557373
-0.41529846
-0.7711029
-0.7822876
-0.4270172
-0.06750488
-0.048858643
-0.21237183
-0.3316803
-0.35990906
-0.38813782
-0.50213623
-0.6299591
-0.61291504
-0.35671997
0.051818848
0.3660736
0.41560364
0.30108643
0.17858887
0.17378235
0.30480957
0.517334
0.6664734
0.5982971
0.38897705
0.22439575
-0.11117554
-0.7727051
-1.2137146
-0.8280945
-0.056854248
0.39590454
0.18177795
-0.27149963
-0.5708313
-0.58361816
-0.35725403
0.036376953
0.45341492
0.7186737
0.82466125
0.8086853
0.6451721
0.47099304
0.5365143
0.72080994
0.70428467
0.44169617
0.056610107
-0.39720154
-0.7956085
-0.8430176
-0.5612488
-0.2848053
-0.20918274
-0.33007812
-0.47016907
-0.40039062
-0.061645508
0.33624268
0.54556274
0.5594177
0.5615387
0.56100464
0.42945862
0.18070984
0.07632446
0.20628357
0.37779236
0.42199707
0.36340332
0.4081421
0.50775146
0.1855011
-0.5841522
-0.9559326
-0.5442047
-0.032348633
0.050750732
-0.073898315
-0.060043335
0.058746338
0.13331604
0.14822388
0.18977356
0.26539612
0.3735199
0.53544617
0.6973572
0.78045654
0.7010956
0.55088806
0.49975586
0.46887207
0.294693
0.078445435
0.026245117
0.1381073
0.22172546
0.08590698
-0.28001404
-0.58522034
-0.59747314
-0.47070312
-0.40252686
-0.38175964
-0.30345154
-0.16870117
-0.005722046
0.15461731
0.2861786
0.30960083
0.24569702
0.24409485
0.3026886
0.34742737
0.32452393
0.2531433
0.12265015
-0.008911133
-0.03553772
-0.029678345
-0.20544434
-0.62142944
-0.8941498
-0.70292664
-0.29812622
0.012924194
0.12371826
0.0054779053
-0.20544434
-0.28268433
-0.16816711
-0.08508301
-0.11064148
-0.08294678
0.057144165
0.15248108
0.11253357
0.016647339
0.0113220215
0.1578064
0.30429077
0.30641174
0.13117981
-0.031280518
0.0443573
0.17272949
0.118392944
-0.08666992
-0.28321838
-0.38015747
-0.30184937
-0.12715149
-0.04673767
-0.121292114
-0.23208618
-0.24060059
-0.08506775
0.16419983
0.3623352
0.4118805
0.29309082
0.10455322
0.015060425
0.057144165
0.111465454
0.097091675
0.023590088
0.050216675
0.23130798
0.25741577
-0.20385742
-1.0938873
-1.4635315
-0.83662415
0.028900146
0.24783325
-0.111709595
-0.34179688
-0.17988586
0.14608765
0.34529114
0.31654358
0.15089417
0.050216675
0.13224792
0.3458252
0.517334
0.47047424
0.26646423
0.15461731
0.19615173
0.26913452
0.30055237
0.29522705
0.20361328
-0.09945679
-0.4254303
-0.4515381
-0.21557617
-0.005722046
0.0070648193
-0.21237183
-0.43554688
-0.46697998
-0.34020996
-0.20651245
-0.15644836
-0.16603088
-0.18894958
-0.23474121
-0.2219696
-0.09147644
0.15301514
0.388443
0.40602112
0.16313171
-0.21929932
-0.6395569
-0.8446045
-0.5644531
0.15515137
0.83851624
1.0462341
0.71281433
0.15621948
-0.20332336
-0.27363586
-0.19746399
-0.10372925
-0.12501526
-0.25071716
-0.31996155
-0.21769714
-0.078689575
-0.08615112
-0.21237183
-0.29759216
-0.3039856
-0.24060059
-0.11489868
0.047561646
0.25421143
0.51786804
0.6632843
0.39909363
-0.18467712
-0.47602844
-0.07122803
0.55036926
0.7676697
0.5791321
0.28511047
0.0912323
0.043823242
0.06086731
0.050216675
-0.06376648
-0.29759216
-0.4850769
-0.44459534
-0.2294159
0.0043945312
0.10560608
0.03263855
-0.078689575
-0.11010742
-0.01210022
0.18977356
0.45236206
0.6339874
0.54981995
0.17219543
-0.24645996
-0.31784058
0.0028076172
0.30801392
0.2872467
-0.027023315
-0.32369995
-0.37109375
-0.22836304
-0.0770874
0.017715454
0.033172607
0.025177002
0.057144165
0.08909607
0.0677948
-0.001449585
-0.1005249
-0.15112305
-0.13833618
-0.08880615
-0.017425537
0.101882935
0.2169342
0.13917542
-0.07815552
-0.17295837
0.062469482
0.43904114
0.56581116
0.34475708
0.023590088
-0.093063354
0.0065307617
0.16793823
0.21640015
0.12425232
-0.00730896
-0.07122803
-0.026489258
0.053955078
0.10614014
0.09815979
1.373291E-4
-0.16177368
-0.23634338
-0.15272522
-0.008911133
0.047027588
0.008666992
-0.060043335
-0.113845825
-0.23580933
-0.37109375
-0.3673706
-0.20172119
0.01133728
0.10827637
-0.00944519
-0.24433899
-0.40412903
-0.3812256
-0.18360901
0.07951355
0.28671265
0.34635925
0.27127075
0.14555359
0.0715332
0.0677948
0.11732483
0.15994263
0.16419983
0.1700592
0.20095825
0.27552795
0.39483643
0.46673584
0.24676514
-0.20492554
-0.3663025
-0.08241272
0.23558044
0.22332764
0.005996704
-0.14047241
-0.14793396
-0.06536865
0.022506714
0.0022735596
-0.11756897
-0.1324768
-0.020095825
0.08856201
0.09602356
-0.018493652
-0.11117554
-0.10105896
-0.04460144
-0.0030517578
-0.0025177002
0.0028076172
0.048080444
0.06726074
-9.3078613E-4
-0.17295837
-0.30293274
-0.20225525
0.07258606
0.2238617
0.037963867
-0.3119812
-0.4403534
-0.28215027
-0.008911133
0.17645264
0.1855011
0.04914856
-0.106918335
-0.12449646
0.011856079
0.18444824
0.28990173
0.29470825
0.25209045
0.20947266
0.17324829
0.18070984
0.2819214
0.4550171
0.58924866
0.5684662
0.2877655
0.0065307617
0.07897949
0.31973267
0.32559204
0.08164978
-0.14686584
-0.1324768
0.10934448
0.3506317
0.39855957
0.1972351
-0.088272095
-0.26882935
-0.2651062
-0.12928772
-0.0062561035
0.021987915
-0.00944519
-0.00944519
0.05873108
0.13970947
0.17538452
0.15834045
0.08325195
-0.027557373
-0.12928772
-0.2374115
-0.27043152
-0.13728333
0.10134888
0.26594543
0.24676514
0.11253357
-0.0046539307
-0.04034424
0.024108887
0.12319946
0.10455322
-0.016906738
-0.066970825
0.027313232
0.18284607
0.32717896
0.3895111
0.35061646
0.3000183
0.31652832
0.37832642
0.47099304
0.54237366
0.5375824
0.45822144
0.30908203
0.1269226
0.16207886
0.451828
0.66275024
0.46780396
-3.9672852E-4
-0.3631134
-0.38815308
-0.18893433
0.05128479
0.1503601
0.029968262
-0.14205933
-0.16496277
-0.048324585
0.08270264
0.11785889
0.10241699
0.09069824
0.09283447
0.11732483
0.13491821
0.13543701
0.1343689
0.116256714
0.06726074
0.028915405
-0.038208008
-0.15751648
-0.277359
-0.22729492
0.01878357
0.2723236
0.28085327
0.024642944
-0.2374115
-0.27682495
-0.12661743
-0.024887085
-0.123428345
-0.26350403
-0.25712585
-0.1628418
-0.13673401
-0.17616272
-0.21025085
-0.15911865
-0.024887085
0.11785889
0.18338013
0.18391418
0.13917542
0.09388733
0.110946655
0.2558136
0.451828
0.4645996
0.23077393
-0.036071777
-0.09732056
0.10134888
0.2638092
0.1274414
-0.22569275
-0.45205688
-0.41796875
-0.2917328
-0.20918274
-0.17828369
-0.15058899
-0.120224
-0.097854614
-0.05204773
0.026245117
0.072052
0.052352905
-0.01637268
-0.046203613
0.0065307617
0.070999146
0.050750732
-0.025421143
-0.004119873
0.1104126
0.14289856
0.09976196
-0.00944519
-0.38708496
-0.47921753
-0.22462463
0.005996704
-0.040878296
-0.12075806
-0.09413147
-0.04460144
-0.022766113
-0.0067749023
0.015594482
-0.007843018
-0.093063354
-0.099990845
0.03956604
0.16047668
0.17326355
0.078445435
0.008132935
0.053955078
0.18177795
0.28883362
0.25741577
0.14503479
0.110946655
0.23451233
0.48857117
0.59776306
0.3058777
-0.15751648
-0.31037903
-0.12768555
0.04649353
0.02571106
-0.07069397
-0.08666992
-0.00730896
0.08804321
0.12957764
0.09283447
-0.046722412
-0.3050537
-0.5250397
-0.60066223
-0.5511322
-0.41638184
-0.24485779
-0.11064148
-0.0025177002
0.03263855
0.0028076172
0.01133728
0.07098389
0.1381073
0.115722656
-0.090408325
-0.34446716
-0.38015747
-0.07122803
0.37193298
0.65049744
0.4630127
-0.14472961
-0.6656494
-0.69706726
-0.35990906
-0.041397095
0.018249512
-0.08294678
-0.08773804
0.073654175
0.24090576
0.30055237
0.25741577
0.18870544
0.15887451
0.19935608
0.3181305
0.5114746
0.6872406
0.75115967
0.54930115
0.059814453
-0.2842865
-0.11489868
0.26487732
0.33251953
0.09602356
-0.13140869
-0.15644836
-0.035003662
0.052886963
0.041168213
-0.039276123
-0.16017151
-0.23155212
-0.17668152
-0.076553345
-0.08081055
-0.16923523
-0.19799805
-0.1239624
-0.033950806
-0.050460815
-0.20066833
-0.3231659
-0.25605774
-0.020095825
0.05128479
-0.19586182
-0.5969391
-0.7902832
-0.582016
-0.13568115
0.2323761
0.3101349
0.064071655
-0.3386078
-0.5415344
-0.4099884
-0.14047241
0.01878357
0.0012054443
-0.048858643
-0.07229614
-0.08666992
-0.050994873
0.055541992
0.16633606
0.2323761
0.2558136
0.3234558
0.5210724
0.6867218
0.55888367
0.13117981
-0.1905365
-0.011047363
0.44171143
0.625473
0.37139893
-0.05897522
-0.35032654
-0.37748718
-0.21557617
-0.053115845
-0.033950806
-0.11810303
-0.16390991
-0.083480835
0.042770386
0.03742981
-0.08027649
-0.14633179
-0.11329651
-0.029144287
0.054473877
0.09602356
0.10455322
0.118927
0.10295105
-0.069625854
-0.31784058
-0.3977356
-0.17828369
0.16792297
0.341568
0.23504639
-0.088272095
-0.36843872
-0.45205688
-0.34606934
-0.18574524
-0.08773804
-0.06271362
-0.038208008
0.022506714
0.044891357
0.009735107
-0.021697998
-0.0062408447
0.050750732
0.11785889
0.16047668
0.21905518
0.34742737
0.4725952
0.38471985
0.059799194
-0.16870117
-0.0062561035
0.35435486
0.44755554
0.20201111
-0.13461304
-0.32156372
-0.24487305
0.04916382
0.28138733
0.24676514
0.027313232
-0.1628418
-0.17295837
-0.0690918
0.031570435
0.033706665
-0.017959595
-0.009979248
0.03956604
0.0912323
0.11785889
0.13171387
0.14715576
0.12159729
0.04649353
-0.046188354
-0.12875366
-0.16070557
-0.1159668
-0.059509277
-0.09094238
-0.20651245
-0.31411743
-0.36151123
-0.31730652
-0.20758057
-0.11064148
-0.06643677
-0.0493927
-0.026489258
-0.037139893
-0.061645508
-0.02809143
0.05607605
0.16526794
0.21214294
0.17378235
0.16687012
0.25794983
0.39216614
0.4699402
0.40867615
0.25741577
0.12638855
0.15727234
0.35754395
0.4560852
0.32292175
0.11520386
-9.1552734E-4
-0.0030517578
0.09869385
0.19616699
0.13278198
-0.02381897
-0.1351471
-0.15698242
-0.1282196
-0.06643677
0.019851685
0.04649353
-0.04460144
-0.17774963
-0.26457214
-0.27522278
-0.24113464
-0.19319153
-0.12928772
-0.029144287
0.008666992
-0.1197052
-0.35032654
-0.44673157
-0.29707336
-0.07122803
0.03263855
-0.029159546
-0.15751648
-0.20065308
-0.15484619
-0.11968994
-0.07015991
0.048614502
0.19721985
0.2238617
0.08909607
-0.01902771
-0.0051879883
0.06565857
0.1109314
0.1269226
0.13703918
0.14129639
0.1572876
0.23504639
0.41667175
0.5982971
0.4917755
0.113601685
-0.15005493
-0.08720398
0.14503479
0.26113892
0.18391418
0.005996704
-0.1394043
-0.15484619
-0.083480835
-0.020095825
-0.015304565
-0.06271362
-0.1159668
-0.12875366
-0.14047241
-0.17242432
-0.1713562
-0.121292114
-0.048858643
0.008666992
0.044891357
0.043304443
0.055541992
0.14715576
0.26434326
0.2680664
0.16101074
-0.007843018
-0.19958496
-0.31358337
-0.18360901
0.08377075
0.27445984
0.259552
0.08164978
-0.1197052
-0.2294159
-0.213974
-0.15058899
-0.07922363
0.0012054443
0.059799194
0.045959473
0.001739502
0.053955078
0.12585449
0.052352905
-0.057373047
-0.01902771
-0.019561768
-0.12928772
-0.18414307
-0.08454895
0.08644104
0.18284607
0.1849823
0.10934448
0.008666992
-0.090408325
-0.12608337
-0.095199585
-0.038742065
-0.037139893
-0.118637085
-0.17295837
-0.12608337
-0.07548523
-0.0728302
-0.064834595
0.03263855
0.024108887
0.01399231
-0.007843018
-0.057907104
-0.07229614
-0.06111145
-0.15698242
-0.24380493
-0.23634338
-0.31730652
-0.44247437
-0.41690063
-0.2581787
-0.116500854
-0.02116394
0.10774231
0.21640015
0.21160889
0.07206726
-0.066970825
-0.0925293
-0.015304565
0.08590698
0.123184204
0.101882935
0.040100098
-0.03553772
-0.053115845
-0.001449585
0.07525635
0.14822388
0.21960449
0.23077393
0.1381073
0.0209198
-0.017425537
0.055007935
0.17059326
0.22065735
0.1700592
0.06832886
0.013458252
0.024108887
0.07685852
0.11306763
0.07418823
-0.01423645
-0.099990845
-0.14845276
-0.12928772
-0.060577393
-0.031280518
-0.049926758
-0.052581787
-0.028625488
-0.008377075
-0.001449585
0.022506714
0.045425415
0.038497925
-0.001449585
-0.07336426
-0.1436615
-0.16603088
-0.15538025
-0.1239624
-0.09359741
-0.05897522
-0.00944519
0.042755127
0.045425415
-0.033935547
-0.14312744
-0.1985321
-0.19746399
-0.1905365
-0.17881775
-0.12928772
-0.04458618
0.03050232
0.07046509
0.10987854
0.1386261
0.16313171
0.1737976
0.13064575
0.016647339
-0.06376648
-0.02116394
0.066726685
0.085372925
0.036895752
-0.006790161
0.01399231
0.07312012
0.097091675
0.058746338
0.024642944
0.034240723
0.04914856
0.035308838
0.004928589
-0.031280518
-0.062698364
-0.051513672
0.010269165
0.064071655
0.050750732
-0.001449585
-0.041397095
-0.039260864
0.0054626465
0.064071655
0.08164978
0.039031982
-0.027023315
-0.069107056
-0.055786133
-0.024353027
-0.02381897
-0.0493927
-0.069625854
-0.064834595
-0.035003662
0.012390137
0.051818848
0.049682617
0.0209198
6.713867E-4
-0.015304565
-0.03074646
-0.03553772
-0.038742065
-0.050994873
-0.06536865
-0.0690918
-0.045135498
6.713867E-4
0.04170227
0.052886963
0.033706665
-0.0030517578
-0.017425537
-0.005722046
-0.0035858154
-0.02116394
-0.034469604
-0.024353027
-0.0025177002
0.009735107
0.011871338
0.010269165
0.011871338
0.015594482
0.021972656
0.048614502
0.09283447
0.106674194
0.08483887
0.07418823
0.08590698
0.10295105
0.11785889
0.09921265
0.042770386
0.0022735596
0.02305603
0.072052
0.09388733
0.07258606
0.045959473
0.047027588
0.057144165
0.073654175
0.097091675
0.11413574
0.10720825
0.09069824
0.09176636
0.1104126
0.111465454
0.07791138
0.062469482
0.097091675
0.1386261
0.12425232
0.0677948
0.04170227
0.050750732
0.0635376
0.057678223
0.034240723
0.010269165
1.373291E-4
-0.0025177002
0.004928589
0.017715454
0.026779175
0.0209198
0.001739502
-0.02809143
-0.04725647
-0.038742065
-0.028076172
-0.033950806
-0.038208008
-0.03553772
-0.0259552
-0.017425537
-0.029678345
-0.043533325
-0.030212402
-0.009979248
-0.00730896
-0.01423645
-0.010513306
6.713867E-4
-0.001449585
-0.01902771
-0.034484863
-0.03767395
-0.039794922
-0.04032898
-0.03288269
-0.03767395
-0.040863037
-0.028076172
0.001739502
0.015060425
0.0028076172
-0.004119873
0.007598877
0.025177002
0.026245117
-0.0014648438
-0.02116394
-0.008377075
0.00920105
-3.8146973E-4
-0.016906738
-0.00944519
0.0065307617
-0.001449585
-0.01902771
-0.013702393
0.008666992
0.019317627
0.008132935
-0.00730896
-0.0062408447
-0.0062408447
-0.00944519
-0.008911133
0.00920105
0.013458252
-0.022216797
-0.0493927
-0.0259552
0.017181396
0.026245117
0.00440979
-0.02381897
-0.046188354
-0.057907104
-0.057373047
-0.04246521
-0.023284912
-0.008911133
0.004928589
0.015060425
0.01612854
0.00440979
-0.008911133
-0.008377075
0.007598877
0.019851685
0.01612854
0.017715454
0.035842896
0.03742981
0.0049438477
-0.017959595
-0.013168335
-0.0035858154
0.0054779053
-0.01637268
-0.06643677
-0.074417114
-0.027557373
0.028915405
0.051818848
0.03050232
-0.004119873
-0.01689148
-0.013168335
-0.007843018
-0.0025177002
0.010269165
0.021453857
0.015594482
0.0070648193
0.0054779053
0.0065307617
0.0065307617
0.012390137
0.024642944
0.03263855
0.01878357
-0.0046539307
-0.014770508
-0.0030517578
0.012390137
0.0054779053
-0.011047363
-0.00944519
0.010269165
0.009735107
-0.020095825
-0.033950806
-0.007843018
0.033172607
0.04170227
0.012390137
-0.02116394
-0.027557373
-0.0046539307
0.008132935
0.0028076172
-0.005706787
-3.9672852E-4
0.012390137
0.01878357
0.012390137
0.0070648193
0.008132935
0.021987915
0.039031982
0.050216675
0.052352905
0.049682617
0.029434204
-0.0062408447
-0.016906738
0.0028076172
0.026779175
0.021987915
-0.004119873
-0.033935547
-0.038208008
-0.013168335
0.019851685
0.024642944
0.01399231
0.012924194
0.0209198
0.026245117
0.020385742
0.00440979
6.713867E-4
0.042755127
0.13543701
0.21800232
0.04168701
-0.12982178
-0.12875366
-0.08773804
-0.07922363
-0.09413147
-0.10850525
-0.078689575
-0.015838623
0.0070648193
0.008666992
0.016647339
0.024642944
0.026779175
0.07685852
