-0.14355469
-0.07644653
-0.0466156
-0.09669495
-0.10308838
-0.08177185
-0.04396057
-0.025848389
-0.062072754
-0.10041809
-0.08657837
-0.043426514
-0.024246216
-0.04396057
-0.055145264
-0.028518677
0.0034484863
0.01890564
0.01676941
0.008773804
0.0045166016
0.015701294
0.021560669
0.0045166016
-0.021591187
-0.03543091
-0.029052734
-0.025848389
-0.035446167
-0.03916931
-0.027450562
-0.001876831
0.010375977
0.002380371
-0.010925293
-0.0056152344
-0.021057129
-0.08123779
-0.13290405
-0.12704468
-0.08602905
-0.059936523
-0.056732178
-0.051956177
-0.031173706
-0.008804321
0.013580322
0.021026611
0.01890564
0.032211304
0.05883789
0.06790161
0.04499817
-2.746582E-4
-0.040237427
-0.06259155
-0.08602905
-0.108932495
-0.11904907
-0.11532593
-0.102005005
-0.07698059
-0.06686401
-0.06367493
-0.05088806
-0.06739807
-0.10307312
-0.10095215
-0.04182434
0.024765015
0.054595947
0.055648804
0.05192566
0.055648804
0.069503784
0.08015442
0.076431274
0.05618286
0.024749756
0.019973755
0.03274536
0.03807068
0.039138794
0.035949707
0.023162842
0.01890564
0.025299072
0.029022217
0.0050354004
-0.025848389
-0.03277588
-0.03224182
-0.046081543
-0.038635254
-0.043426514
-0.073791504
-0.080703735
-0.04396057
-0.013061523
-0.036499023
-0.07858276
-0.09667969
-0.078048706
-0.05140686
-0.04182434
-0.029571533
-0.006668091
0.013580322
0.010375977
-0.0056152344
-0.0098724365
-0.009338379
-0.019454956
-0.03010559
-0.014129639
0.01890564
0.037017822
0.029556274
0.005050659
-0.01626587
-0.02798462
-0.022644043
0.012512207
0.031158447
0.008773804
-0.0029449463
0.0236969
0.05192566
0.06311035
0.048721313
0.03274536
0.032211304
0.03967285
0.033813477
-2.746582E-4
-0.036499023
-0.056747437
-0.057266235
-0.057800293
-0.06739807
-0.0700531
-0.062072754
-0.0466156
-0.03010559
-0.014129639
-0.006668091
-0.006668091
0.003982544
0.024230957
0.024765015
0.011978149
0.026885986
0.04446411
0.029022217
0.019958496
0.032211304
0.059387207
0.07215881
0.055114746
0.025817871
0.015701294
0.019439697
0.029022217
0.030090332
0.020507812
0.011978149
0.024749756
0.046066284
0.069503784
0.08973694
0.09880066
0.109451294
0.11956787
0.12809753
0.13607788
0.13500977
0.12275696
0.10626221
0.097732544
0.092926025
0.10412598
0.10571289
0.06097412
0.0077056885
-0.003479004
0.040740967
0.08547974
0.0748291
0.029556274
-0.009338379
-0.011993408
0.012512207
0.030090332
0.029556274
0.01676941
0.0066375732
0.009841919
0.0077056885
-0.011993408
-0.018920898
-0.012527466
-0.010925293
-0.0072021484
0.0029144287
0.007171631
0.0066375732
0.008773804
0.005050659
-0.015197754
-0.036499023
-0.021057129
-0.015197754
-0.041290283
-0.057800293
-0.038101196
0.022094727
0.062042236
0.06629944
0.05458069
0.040740967
0.032211304
0.03755188
0.0471344
0.04925537
0.034347534
0.019439697
0.010375977
0.0077056885
0.0066375732
-2.89917E-4
0.0013122559
0.015182495
0.022628784
0.031158447
0.038604736
0.03967285
0.043930054
0.038604736
0.008773804
0.008239746
0.011444092
-0.040756226
-0.10946655
-0.1211853
-0.082839966
-0.0024108887
0.03327942
-0.0098724365
-0.06526184
-0.09828186
-0.09881592
-0.09881592
-0.07644653
0.03541565
0.086013794
0.0034484863
-0.07644653
-0.10308838
-0.10467529
-0.07484436
-0.036499023
-0.006134033
-0.0029449463
-0.024780273
-0.042892456
-0.0466156
-0.0056152344
0.0663147
0.16430664
0.27668762
0.32463074
0.28096008
0.22875977
0.21650696
0.26338196
0.3693695
0.41357422
0.34220886
0.2117157
0.0982666
0.045532227
0.06311035
0.069503784
0.034347534
-0.022659302
-0.045562744
0.0013122559
0.035949707
-0.009338379
-0.08016968
-0.07272339
0.0236969
0.16377258
0.2431488
0.19467163
0.025283813
-0.23304749
-0.4695282
-0.5536804
-0.47113037
-0.28736877
-0.13131714
-0.08337402
-0.10574341
-0.10520935
-0.04714966
-2.89917E-4
7.7819824E-4
-0.01626587
-0.08816528
-0.21121216
-0.3214569
-0.3710022
-0.355011
-0.3092041
-0.2980194
-0.3203888
-0.3491516
-0.36940002
-0.35714722
-0.25860596
-0.09828186
-0.026382446
-0.041290283
-0.033828735
0.0034484863
0.13768005
0.31877136
0.39227295
0.34007263
0.23620605
0.11743164
0.040740967
0.035949707
0.069503784
0.14086914
0.19467163
0.14672852
0.024230957
-0.0700531
-0.09667969
-0.19522095
-0.46313477
-0.83810425
-1.0879211
-0.99523926
-0.61920166
-0.418396
-0.66075134
-1.023468
-0.941452
-0.4002838
0.22290039
0.48388672
0.3336792
-0.0072021484
-0.24902344
-0.26979065
-0.14782715
-0.0072021484
0.08068848
0.1179657
0.14779663
0.18507385
0.23887634
0.31611633
0.39494324
0.46470642
0.50997925
0.5163727
0.51104736
0.45619202
0.36457825
0.3555298
0.44873047
0.55259705
0.56111145
0.5174408
0.50572205
0.44926453
0.3027954
0.14672852
0.11105347
0.16325378
0.19999695
0.21757507
0.22183228
0.19573975
0.16697693
0.15577698
0.08760071
-0.038101196
-0.10308838
-0.07484436
0.0061187744
0.055114746
-0.0050811768
-0.18138123
-0.3171997
-0.35075378
-0.48710632
-0.7411804
-0.8839264
-0.7875061
-0.59469604
-0.4705963
-0.3784485
-0.2937622
-0.24795532
-0.20161438
-0.15048218
0.0013122559
0.22610474
0.38641357
0.38536072
0.26817322
0.11051941
-0.066329956
-0.15687561
-0.07858276
0.07269287
0.18667603
0.2271576
0.18508911
0.12968445
0.1563263
0.22662354
0.32144165
0.40771484
0.36564636
0.2271576
0.1563263
0.20213318
0.32730103
0.42530823
0.4439392
0.41358948
0.4119873
0.4343567
0.40771484
0.27456665
0.052459717
-0.1835022
-0.3022766
-0.25860596
-0.1600647
-0.033309937
0.055114746
0.009841919
-0.17124939
-0.37898254
-0.4705963
-0.48657227
-0.4721985
-0.43544006
-0.41732788
-0.4157257
-0.41786194
-0.43225098
-0.47485352
-0.49456787
-0.42318726
-0.26234436
-0.05354309
0.1174469
0.17868042
0.12756348
0.022628784
-0.05833435
-0.07910156
-0.0934906
-0.18829346
-0.30708313
-0.3049469
-0.08125305
0.25752258
0.5115814
0.6532593
0.67829895
0.55792236
0.31184387
0.08229065
-0.021591187
-0.056732178
-0.041290283
0.09187317
0.30332947
0.46577454
0.5286255
0.5233002
0.4508667
0.312912
0.12861633
-0.04449463
-0.19042969
-0.30441284
-0.36140442
-0.35289
-0.3161316
-0.34010315
-0.42585754
-0.4610138
-0.46739197
-0.54730225
-0.61120605
-0.5936279
-0.45568848
-0.24316406
-0.17071533
-0.22612
-0.2495575
-0.17605591
-0.008270264
0.14726257
0.23355103
0.31930542
0.44607544
0.552063
0.58721924
0.50465393
0.3097229
0.1328888
0.06736755
0.09080505
0.12916565
0.16111755
0.16751099
0.1648407
0.200531
0.28149414
0.46472168
0.6245117
0.6277008
0.49295044
0.28735352
0.15844727
0.14460754
0.19306946
0.24739075
0.29214478
0.32676697
0.31610107
0.21757507
0.022094727
-0.19735718
-0.38005066
-0.5153351
-0.54782104
-0.48817444
-0.44236755
-0.46739197
-0.5052185
-0.4498291
-0.26393127
-0.16752625
-0.28044128
-0.43118286
-0.43171692
-0.26127625
-0.02319336
0.137146
0.21224976
0.26657104
0.30812073
0.28042603
0.17816162
0.08227539
0.050323486
0.050857544
0.03807068
0.008239746
-0.049819946
-0.11746216
-0.1361084
-0.10467529
-0.04447937
0.0236969
0.08973694
0.14033508
0.11691284
0.07110596
0.10784912
0.21543884
0.34700012
0.43222046
0.41038513
0.2894745
0.1563263
0.13873291
0.28149414
0.4508667
0.49613953
0.44447327
0.38002014
0.32676697
0.30651855
0.30386353
0.26498413
0.1328888
-0.039154053
-0.15687561
-0.19522095
-0.19468689
-0.21600342
-0.23783875
-0.23304749
-0.30015564
-0.44396973
-0.495636
-0.39923096
-0.24476624
-0.13397217
-0.18670654
-0.39016724
-0.49510193
-0.39816284
-0.15315247
0.0513916
0.10305786
0.0748291
0.022628784
-0.03703308
-0.07965088
-0.09776306
-0.12757874
-0.18296814
-0.17391968
-0.10839844
-0.036499023
0.048736572
0.11689758
0.18455505
0.23248291
0.2820282
0.43914795
0.6569977
0.77363586
0.70973206
0.5062561
0.24420166
0.08708191
0.08387756
0.09880066
0.08920288
0.09719849
0.11051941
0.11105347
0.06896973
-0.025314331
-0.11160278
-0.16059875
-0.18457031
-0.20533752
-0.2383728
-0.31080627
-0.41893005
-0.465271
-0.3683319
-0.26927185
-0.32998657
-0.47113037
-0.49456787
-0.38909912
-0.25860596
-0.22184753
-0.27885437
-0.34968567
-0.371521
-0.28683472
-0.13290405
-0.015197754
0.0066375732
-0.056747437
-0.15420532
-0.2026825
-0.16433716
-0.08869934
-0.018920898
0.04978943
0.11689758
0.19625854
0.2585907
0.21437073
0.12542725
0.08441162
0.07962036
0.13075256
0.25538635
0.3555298
0.3773651
0.30065918
0.13500977
0.026885986
0.06311035
0.1925354
0.28468323
0.32356262
0.32569885
0.29107666
0.20213318
0.057250977
-0.06951904
-0.14408875
-0.16540527
-0.17124939
-0.15847778
-0.16273499
-0.23144531
-0.26553345
-0.23890686
-0.29109192
-0.49456787
-0.6900482
-0.7097473
-0.5457001
-0.29589844
-0.108932495
-0.06526184
-0.13929749
-0.23570251
-0.25595093
-0.19096375
-0.0892334
-0.021057129
-0.027450562
-0.08123779
-0.14622498
-0.19042969
-0.17391968
-0.09616089
-0.009338379
0.095062256
0.19520569
0.2516632
0.2697754
0.2830963
0.27722168
0.25325012
0.25431824
0.28735352
0.30651855
0.3182373
0.3113098
0.24580383
0.15579224
0.111572266
0.13980103
0.19413757
0.21385193
0.1728363
0.11210632
0.060455322
-0.0024108887
-0.051940918
-0.089767456
-0.08230591
-0.04449463
-0.073776245
-0.17817688
-0.32466125
-0.42318726
-0.4104004
-0.38963318
-0.45143127
-0.4721985
-0.3326416
-0.11959839
0.0045166016
-0.06526184
-0.30229187
-0.5062866
-0.5318451
-0.36247253
-0.1446228
0.010910034
0.07589722
0.040740967
-0.069000244
-0.17178345
-0.21972656
-0.23358154
-0.22239685
-0.13557434
0.03807068
0.22290039
0.3347473
0.3640442
0.3209076
0.25964355
0.21490479
0.25273132
0.34753418
0.40452576
0.36564636
0.26231384
0.15844727
0.12702942
0.21437073
0.32409668
0.32409668
0.26817322
0.19786072
0.12649536
0.076431274
0.027954102
-0.03491211
-0.07218933
-0.06526184
-0.07325745
-0.14888
-0.28204346
-0.38749695
-0.39816284
-0.3241272
-0.32305908
-0.41625977
-0.39709473
-0.25753784
-0.07858276
0.06364441
0.13447571
0.11477661
0.07269287
0.0945282
0.14512634
0.18348694
0.17974854
0.106781006
0.0061035156
-0.094558716
-0.16487122
-0.15208435
-0.11373901
-0.16059875
-0.30015564
-0.40135193
-0.39389038
-0.33370972
-0.26553345
-0.21333313
-0.21972656
-0.17126465
0.027954102
0.31983948
0.51690674
0.5099945
0.37469482
0.2671051
0.20851135
0.18667603
0.17655945
0.1414032
0.1025238
0.069503784
0.019973755
-0.035964966
-0.064193726
-0.024780273
0.019439697
0.04232788
-0.024780273
-0.19468689
-0.3560791
-0.42904663
-0.3480835
-0.19256592
-0.21012878
-0.4721985
-0.79603577
-0.957428
-0.9243927
-0.74916077
-0.57232666
-0.5068207
-0.48657227
-0.37791443
-0.26979065
-0.28364563
-0.3875122
-0.5643463
-0.7156067
-0.7422333
-0.7342529
-0.72839355
-0.71614075
-0.6431732
-0.55049133
-0.49456787
-0.43118286
-0.306015
-0.18351746
-0.22239685
-0.49349976
-0.7534332
-0.8045502
-0.68151855
-0.58670044
-0.6431732
-0.74383545
-0.7502289
-0.6532898
-0.5579529
-0.54037476
-0.5717926
-0.5925751
-0.60801697
-0.64157104
-0.7177429
-0.7997589
-0.8546295
-0.8727417
-0.84877014
-0.84716797
-0.86421204
-0.7587433
-0.50735474
-0.34169006
-0.575531
-1.1853943
-1.5534363
-1.3382568
-0.78378296
-0.40827942
-0.42105103
-0.65382385
-0.9089508
-1.0287933
-0.9835205
-0.9116211
-0.8823242
-0.83758545
-0.7933655
-0.7821808
-0.81147766
-0.9015045
-0.9755249
-0.9792633
-0.9078827
-0.7955017
-0.68470764
-0.55474854
-0.39337158
-0.21014404
-0.07963562
-0.06472778
-0.106277466
-0.17871094
-0.23623657
-0.30122375
-0.3837738
-0.43330383
-0.44129944
-0.45887756
-0.5243988
-0.6005554
-0.6287842
-0.6144104
-0.6154785
-0.6868439
-0.80296326
-0.8812561
-0.9334564
-0.96647644
-0.96487427
-0.94996643
-0.9201355
-0.8791199
-0.86634827
-0.943573
-1.2114868
-1.3595581
-1.0623474
-0.5137329
-0.10041809
0.0013122559
-0.16007996
-0.46420288
-0.753952
-0.8881836
-0.80029297
-0.61120605
-0.45780945
-0.32785034
-0.2069397
-0.12225342
-0.06314087
-0.017852783
0.0061035156
0.039138794
0.07269287
0.053527832
0.06578064
0.123291016
0.21810913
0.32037354
0.36351013
0.33848572
0.3720398
0.40719604
0.38961792
0.28788757
0.13182068
0.01676941
-0.049819946
-0.07218933
-0.057281494
-0.021057129
-8.239746E-4
0.008773804
0.03274536
0.015167236
-0.071121216
-0.19256592
-0.26979065
-0.2495575
-0.20321655
-0.23570251
-0.3587494
-0.4540863
-0.4029541
-0.23623657
-0.18191528
-0.25595093
-0.33584595
-0.27192688
-0.051940918
0.1451416
0.16751099
0.038604736
-0.09988403
-0.13983154
-0.12011719
-0.12599182
-0.1595459
-0.18031311
-0.20214844
-0.20640564
-0.18031311
-0.16912842
-0.16220093
-0.13504028
-0.06526184
0.05671692
0.184021
0.26550293
0.25805664
0.14086914
0.045532227
0.11582947
0.25645447
0.32888794
0.32835388
0.2985382
0.29586792
0.34220886
0.4151764
0.44607544
0.37948608
0.18721008
-0.031173706
-0.11853027
-0.09188843
-0.049819946
-0.05354309
-0.10467529
-0.1515503
-0.1558075
-0.18830872
-0.30122375
-0.4221344
-0.44236755
-0.37419128
-0.34968567
-0.32466125
-0.19735718
-0.010391235
0.1174469
0.064712524
-0.2149353
-0.5068207
-0.57925415
-0.41574097
-0.1680603
-0.019454956
0.029022217
0.013046265
-0.022109985
-0.015197754
0.03967285
0.060440063
0.010375977
-0.07698059
-0.1749878
-0.1680603
-0.01838684
0.21490479
0.45298767
0.5920105
0.6490021
0.7342224
0.8801575
0.92863464
0.7454071
0.4466095
0.25805664
0.21278381
0.2655182
0.3496704
0.39601135
0.37683105
0.30332947
0.19360352
0.07696533
-2.746582E-4
-0.025314331
-0.03224182
-0.09828186
-0.22451782
-0.29216003
-0.27404785
-0.23677063
-0.25009155
-0.35554504
-0.5259857
-0.6501007
-0.6165314
-0.52493286
-0.6128082
-0.816803
-0.7859192
-0.44023132
-0.05886841
0.04711914
-0.11904907
-0.32624817
-0.4418335
-0.37738037
-0.22877502
-0.12385559
-0.0066833496
0.15686035
0.3166504
0.44500732
0.48069763
0.42956543
0.37416077
0.34220886
0.3251648
0.31132507
0.29426575
0.28096008
0.30012512
0.30439758
0.26391602
0.19946289
0.16749573
0.18721008
0.20266724
0.12489319
0.07962036
0.062576294
-0.07858276
-0.14515686
-0.09295654
-0.101486206
-0.1558075
-0.0977478
0.04020691
0.13768005
0.116378784
0.01676941
-0.05567932
-0.014129639
0.0790863
0.123291016
0.11689758
0.06896973
0.003982544
-0.041305542
-0.07432556
-0.12971497
-0.21333313
-0.3092041
-0.39123535
-0.3864441
-0.2815094
-0.17764282
-0.1361084
-0.113204956
-0.06526184
-0.0024108887
0.09133911
0.2394104
0.18455505
-0.33796692
-0.73638916
-0.605896
-0.10095215
0.5573883
1.000534
1.0367584
0.8721771
0.6442108
0.37364197
0.14033508
-0.06314087
-0.24209595
-0.3640747
-0.43704224
-0.44076538
-0.34222412
-0.1558075
0.016235352
0.137146
0.31930542
0.5435333
0.6415405
0.6197052
0.53448486
0.42582703
0.36671448
0.2836151
0.113708496
-0.07537842
-0.1515503
-0.08869934
-0.03756714
-0.10307312
-0.2383728
-0.36140442
-0.37153625
-0.24848938
-0.07432556
-0.014663696
-0.11532593
-0.31773376
-0.49243164
-0.40135193
-0.05354309
0.15737915
-0.0024108887
-0.35289
-0.59950256
-0.6005554
-0.41732788
-0.1595459
0.026885986
0.12223816
0.11103821
-0.0892334
-0.46846008
-0.8647461
-1.0788727
-1.0117493
-0.68151855
-0.23516846
0.13128662
0.36883545
0.51690674
0.55526733
0.46684265
0.3251648
0.23834229
0.247406
0.29107666
0.3182373
0.33688354
0.36618042
0.41357422
0.47003174
0.5786896
0.6820221
0.645813
0.54566956
0.519577
0.566452
0.5589905
0.37683105
0.13182068
-0.0029449463
0.04499817
0.19625854
0.30651855
0.26231384
0.06150818
-0.2799225
-0.674057
-0.94729614
-1.0831146
-1.1129456
-0.894577
-0.4338379
-0.0700531
-0.042892456
-0.28204346
-0.57073975
-0.7688751
-0.6112213
-0.11958313
0.4481964
0.8796234
0.9739075
0.69374084
0.27616882
-0.04182434
-0.15846252
-0.031707764
0.24206543
0.44554138
0.51904297
0.5376892
0.5904083
0.63674927
0.57177734
0.34646606
0.033813477
-0.16113281
-0.14569092
0.010910034
0.18081665
0.22608948
0.26019287
0.32676697
0.22555542
0.019424438
-0.09136963
-0.021591187
0.20692444
0.33795166
0.17070007
-0.11746216
-0.29908752
-0.29641724
-0.1638031
-0.031707764
-0.030639648
-0.16007996
-0.39123535
-0.6463623
-0.80348206
-0.7475586
-0.47380066
-0.13664246
0.03807068
-0.09402466
-0.3603363
-0.4572754
-0.38111877
-0.39709473
-0.434906
-0.25967407
0.07536316
0.41464233
0.60746765
0.5462036
0.26496887
-0.029586792
-0.16592407
-0.19949341
-0.20535278
-0.23516846
-0.2495575
-0.15422058
0.06150818
0.2782898
0.3251648
0.14886475
-0.062072754
-0.14782715
-0.1595459
-0.15101624
-0.14994812
-0.11427307
0.021560669
0.21810913
0.3581848
0.40026855
0.3363495
0.18135071
0.0018463135
-0.15261841
-0.2538147
-0.26820374
-0.21759033
-0.14729309
-0.08123779
-0.0423584
-0.06472778
-0.17073059
-0.39442444
-0.56806946
-0.55262756
-0.43650818
-0.2649994
-0.13078308
-0.14622498
-0.30708313
-0.4498291
-0.64901733
-0.83651733
-0.54196167
0.19520569
0.92170715
1.2546082
1.1544647
0.7789612
0.4151764
0.27563477
0.2974701
0.32304382
0.24259949
0.08868408
-0.0072021484
-0.02319336
0.009307861
0.048721313
0.04925537
0.02848816
-0.0013427734
-0.0040130615
-0.0029449463
-0.052474976
-0.20907593
-0.36779785
-0.35128784
-0.10574341
0.21276855
0.39440918
0.36351013
0.14460754
-0.14303589
-0.35075378
-0.40827942
-0.27139282
-0.022659302
0.12756348
0.11903381
0.06736755
0.069503784
0.09719849
0.0748291
-0.069000244
-0.26127625
-0.39389038
-0.3763275
-0.23144531
-0.12225342
-0.10948181
-0.13183594
-0.16166687
-0.24795532
-0.4460907
-0.68577576
-0.85728455
-0.92333984
-0.8322449
-0.5094757
-0.014129639
0.453537
0.67297363
0.60639954
0.3805542
0.1797638
0.17922974
0.38269043
0.5472717
0.5131836
0.4119873
0.39334106
0.4466095
0.46897888
0.42903137
0.36032104
0.3166504
0.2878723
0.29267883
0.30119324
0.20639038
0.1259613
0.11956787
-0.057800293
-0.3475647
-0.4503479
-0.29588318
-0.0050811768
0.12808228
0.032211304
-0.111068726
-0.10734558
0.031143188
0.22982788
0.35606384
0.2862854
0.13449097
0.022628784
-0.014663696
-0.18617249
-0.47485352
-0.6793823
-0.68418884
-0.48284912
-0.17710876
-0.013061523
-0.08177185
-0.35768127
-0.5552826
-0.47006226
-0.25009155
0.0061035156
0.13128662
0.137146
0.2436676
0.42956543
0.57336426
0.58987427
0.44500732
0.2117157
0.020507812
0.01676941
0.21543884
0.37683105
0.32730103
0.22929382
0.18188477
0.20425415
0.3102417
0.4013214
0.33421326
0.1605835
-0.03277588
-0.1877594
-0.27297974
-0.35447693
-0.37791443
-0.20108032
0.07589722
0.200531
0.11903381
-0.05567932
-0.10787964
0.06417847
0.3262329
0.4039917
0.28042603
0.12915039
0.057250977
0.0471344
0.104660034
0.15472412
0.08708191
-0.08337402
-0.27139282
-0.3917694
-0.38323975
-0.2772522
-0.14355469
-0.036499023
-0.025848389
-0.12545776
-0.19949341
-0.15634155
-0.08390808
-0.10147095
-0.2740631
-0.46420288
-0.44236755
-0.21121216
0.11317444
0.28735352
0.2117157
0.07215881
0.06097412
0.17921448
0.27668762
0.25219727
0.10891724
0.0034484863
0.041809082
0.1802826
0.3571167
0.47270203
0.5265045
0.5893402
0.63516235
0.6165161
0.6346283
0.7688446
0.9291687
1.0154572
1.0388947
1.0261078
1.0287781
1.1134644
1.107605
0.9845581
0.88175964
0.9084015
1.0687103
1.2785797
1.393631
1.3877716
1.3520813
1.3025513
1.250351
1.2077332
1.1603241
1.0681915
1.0053406
1.0223846
1.0490112
1.0500793
1.1001434
1.1091919
0.90786743
0.77256775
0.9526062
1.316391
1.6013489
1.6311798
1.4245148
1.1273193
0.89826965
0.84555054
0.92596436
0.98883057
1.0165253
1.0548706
1.0649872
1.0261078
0.9680481
0.9110565
0.87538147
0.87164307
0.8833618
0.98509216
1.1970825
1.4064026
1.4878998
1.3872375
1.23703
1.173645
1.2380981
1.4394379
1.6753845
1.8388977
1.8234558
1.6077423
1.3408966
1.1635284
1.1336975
1.140625
1.0335693
0.88282776
0.76831055
0.6958771
0.6591339
0.59254456
0.4199829
0.21543884
0.123291016
0.17762756
0.24259949
0.20532227
0.12382507
0.076416016
-0.033309937
-0.17019653
-0.08709717
0.21276855
0.5632477
0.7384796
0.6958771
0.60105896
0.5653839
0.5978699
0.62023926
0.58135986
0.53234863
0.54566956
0.62184143
0.6985321
0.7022705
0.6564636
0.6511383
0.73049927
0.8780365
1.0559387
1.2290497
1.3717804
1.4410248
1.4436951
1.3414307
1.0687103
0.86099243
0.98243713
1.2940216
1.5496826
1.6088104
1.4394226
1.2807007
1.2918854
1.4117279
1.506546
1.4932251
1.3968201
1.283905
1.1997528
1.1523438
1.0884247
1.0133209
0.9435425
0.8881531
0.8913574
0.9382324
1.0021362
1.06073
1.0463562
0.8237152
0.3581848
0.0029144287
-0.025314331
0.22929382
0.5243683
0.6000061
0.50839233
0.44340515
0.4774933
0.552063
0.58828735
0.5563202
0.47590637
0.42796326
0.44075012
0.48867798
0.5296936
0.5392914
0.519577
0.5328827
0.58296204
0.62983704
0.645813
0.6223755
0.5723114
0.44340515
0.31930542
0.31877136
0.40559387
0.5243683
0.6442108
0.67030334
0.56910706
0.42956543
0.35073853
0.3486023
0.39120483
0.42636108
0.3997345
0.32144165
0.24473572
0.18934631
0.13661194
0.06524658
-0.0184021
-0.087631226
-0.14675903
-0.14569092
-0.049819946
0.0013122559
-0.18989563
-0.49775696
-0.58032227
-0.3949585
-0.13290405
0.0018463135
-0.057281494
-0.14355469
-0.07858276
0.07589722
0.2159729
0.23994446
0.23780823
0.23727417
0.20532227
0.15791321
0.057785034
-0.06526184
-0.12864685
-0.11053467
-0.0098724365
0.1563263
0.2671051
0.312912
0.38694763
0.28149414
0.3683014
0.72943115
0.74861145
0.5531311
0.42103577
0.40985107
0.30386353
0.027420044
-0.16166687
-0.20481873
-0.07698059
0.10998535
0.118499756
-0.03543091
-0.108947754
-0.042892456
0.069503784
0.14407349
0.12542725
0.0061035156
-0.13237
-0.27246094
-0.4114685
-0.5265198
-0.5659332
-0.49243164
-0.30708313
-0.16540527
-0.14888
-0.18136597
-0.23730469
-0.5622101
-0.894577
-0.70495605
-0.08816528
0.56217957
0.79441833
0.55366516
0.14353943
-0.1254425
-0.17552185
-0.062072754
0.059906006
0.07589722
0.06311035
0.12649536
0.24899292
0.36297607
0.4039917
0.32995605
0.18881226
0.09133911
0.05618286
0.05831909
0.081222534
0.08175659
0.15258789
0.31451416
0.38960266
0.40559387
0.4439392
0.5227661
0.47962952
0.15100098
-0.28736877
-0.5195923
-0.49510193
-0.32785034
-0.19309998
-0.16273499
-0.21066284
-0.26393127
-0.29908752
-0.399765
-0.56381226
-0.6868439
-0.6367798
-0.2618103
0.2862854
0.58296204
0.46897888
0.16165161
-0.289505
-0.8466339
-0.9100189
-0.38963318
0.3965454
0.96751404
1.000534
0.6111908
0.15525818
-0.09828186
-0.17071533
-0.094558716
0.078552246
0.23727417
0.35020447
0.43701172
0.46684265
0.44180298
0.38641357
0.31344604
0.23834229
0.22076416
0.30918884
0.39546204
0.34274292
0.17176819
0.040740967
0.09240723
0.13128662
-0.041290283
-0.2607422
-0.3763275
-0.3480835
-0.33477783
-0.46792603
-0.6160126
-0.60375977
-0.40774536
-0.08444214
0.20532227
0.3486023
0.32356262
0.16004944
-0.09988403
-0.34329224
-0.38537598
-0.26393127
-0.15527344
-0.053009033
0.10359192
0.23036194
0.23194885
0.184021
-0.0098724365
-0.43597412
-0.68418884
-0.58351135
-0.23091125
0.12863159
0.12010193
-0.22718811
-0.55688477
-0.65115356
-0.46899414
-0.14941406
0.015701294
-0.04714966
-0.16487122
-0.15368652
-0.042892456
0.06896973
0.11689758
0.121170044
0.092941284
0.009841919
-0.024780273
0.034347534
0.045532227
0.010375977
0.01676941
0.097732544
0.30226135
0.503067
0.50146484
0.33953857
0.15844727
0.08282471
0.088134766
0.050857544
-0.048217773
-0.10255432
-0.03437805
0.10572815
0.22608948
0.2852173
0.24473572
0.062042236
-0.19789124
-0.33636475
-0.31080627
-0.22132874
-0.20480347
-0.20907593
-0.14143372
-0.038101196
-0.0013427734
-0.48550415
-1.3478394
-1.7435913
-1.4650269
-0.56114197
0.38108826
0.7145233
0.5462036
0.24952698
0.21437073
0.42689514
0.5920105
0.566452
0.4343567
0.28733826
0.2516632
0.3693695
0.4822998
0.4386139
0.16163635
-0.25753784
-0.50575256
-0.45195007
-0.2506256
-0.13343811
-0.28097534
-0.46154785
-0.44555664
-0.22079468
0.06843567
0.22076416
0.18135071
0.07696533
0.062042236
0.153656
0.22503662
0.21543884
0.09933472
-0.16113281
-0.4194641
-0.44555664
-0.1749878
0.13661194
0.2271576
0.15525818
-0.029571533
-0.51960754
-1.0969696
-1.1757965
-0.7875061
-0.19735718
0.30491638
0.54248047
0.51638794
0.26817322
0.030090332
-0.009338379
0.09613037
0.21437073
0.33262634
0.43807983
0.48069763
0.43914795
0.36618042
0.30014038
0.26924133
0.29640198
0.35020447
0.34327698
0.19413757
-0.16166687
-0.50361633
-0.5430298
-0.19309998
0.28733826
0.45565796
0.28201294
0.081222534
0.037017822
0.09666443
0.1568451
0.17762756
0.074295044
-0.16007996
-0.4152069
-0.58883667
-0.592041
-0.45462036
-0.2841797
-0.19628906
-0.20854187
-0.17710876
-0.106277466
-0.23570251
-0.5020294
-0.5440979
-0.36886597
-0.008270264
0.406662
0.6250305
0.60372925
0.45619202
0.31451416
0.18667603
0.06150818
0.003982544
0.09613037
0.28840637
0.41357422
0.423172
0.33314514
0.22982788
0.19360352
0.14672852
-0.03756714
-0.33636475
-0.62345886
-0.7054901
-0.52812195
-0.21972656
-0.003479004
0.021026611
-0.029037476
-0.029571533
0.060440063
0.184021
0.2740326
0.27882385
0.20266724
0.086013794
-0.049819946
-0.21014404
-0.40242004
-0.6048279
-0.7433014
-0.6868439
-0.4098816
-0.13929749
-0.0892334
-0.14089966
-0.045028687
0.13928223
0.16165161
-0.05621338
-0.2841797
-0.31134033
-0.054611206
0.40719604
0.69055176
0.59573364
0.2782898
-8.239746E-4
-0.09988403
-0.026916504
0.1179657
0.16323853
0.121170044
0.12756348
0.21118164
0.29586792
0.31877136
0.28788757
0.23355103
0.2117157
0.18881226
0.21276855
0.28201294
0.27775574
0.24473572
0.23088074
0.1648407
0.076431274
0.050857544
0.121170044
0.2751007
0.41944885
0.4508667
0.37948608
0.2836151
0.23675537
0.23194885
0.1690979
0.019958496
-0.15794373
-0.289505
-0.37791443
-0.39762878
-0.30387878
-0.17071533
-0.07218933
-0.14515686
-0.33638
-0.6277313
-1.0469055
-1.0325317
-0.5899048
-0.003479004
0.39013672
0.41731262
0.3219757
0.2628479
0.24794006
0.22076416
0.14353943
0.029022217
-0.04928589
-0.017333984
0.1605835
0.36245728
0.376297
0.24687195
0.13394165
0.13768005
0.25964355
0.37416077
0.4274292
0.35499573
0.20585632
0.12649536
0.059921265
-0.004547119
0.07695007
0.16004944
0.09559631
-0.0695343
-0.17977905
-0.1749878
-0.124923706
-0.10308838
-0.1084137
-0.11853027
-0.07644653
0.050323486
0.21650696
0.27456665
0.10891724
-0.15687561
-0.3171997
-0.40881348
-0.6032257
-0.6847229
-0.4141388
0.1328888
0.6298218
0.75180054
0.48228455
0.029556274
-0.35980225
-0.53237915
-0.5041504
-0.39549255
-0.3395691
-0.3129425
-0.2618103
-0.22451782
-0.2926941
-0.4002838
-0.46047974
-0.45141602
-0.38537598
-0.2969513
-0.22026062
-0.13343811
0.012512207
0.2159729
0.359787
0.3171692
0.09666443
-0.025848389
0.10997009
0.41731262
0.70599365
0.80667114
0.6490021
0.41252136
0.25431824
0.17495728
0.17016602
0.17016602
0.11531067
0.03062439
-0.040222168
-0.052474976
0.005050659
0.060440063
0.04927063
-0.05088806
-0.18138123
-0.26339722
-0.22825623
-0.14515686
-0.078048706
-0.08656311
-0.29216003
-0.56114197
-0.66819763
-0.60588074
-0.48550415
-0.4391632
-0.5265198
-0.61013794
-0.55155945
-0.33743286
-0.06472778
0.12756348
0.22290039
0.29640198
0.329422
0.27882385
0.17230225
0.076431274
0.005569458
-0.022109985
0.0029144287
0.08654785
0.18988037
0.26071167
0.24633789
0.137146
0.025299072
0.0077056885
0.12489319
0.32144165
0.4588623
0.4663086
0.40771484
0.33795166
0.3017273
0.27989197
0.25964355
0.24473572
0.23355103
0.23194885
0.2394104
0.20639038
0.14035034
0.083343506
-0.022125244
-0.15527344
-0.22398376
-0.18830872
-0.11746216
-0.115859985
-0.13078308
-0.08869934
-0.013061523
0.0061035156
-0.10253906
-0.23995972
-0.27085876
-0.20747375
-0.18138123
-0.25434875
-0.3406372
-0.3395691
-0.21972656
-0.033843994
0.12223816
0.21064758
0.22769165
0.16165161
0.04499817
-0.064193726
-0.13504028
-0.1723175
-0.16752625
-0.06314087
0.11051941
0.29959106
0.44447327
0.519577
0.521698
0.39387512
0.18614197
0.13980103
0.3059845
0.58721924
0.78749084
0.8087921
0.74594116
0.7299652
0.7603302
0.7810974
0.77789307
0.7576599
0.7310333
0.73210144
0.7603302
0.7576599
0.7667084
0.76831055
0.6910858
0.5738983
0.48388672
0.45565796
0.48709106
0.49613953
0.4481964
0.36190796
0.2159729
0.08015442
0.07269287
0.21383667
0.37043762
0.43063354
0.39334106
0.3885498
0.4423523
0.5509949
0.6889496
0.7741699
0.8072052
0.81092834
0.80293274
0.7789612
0.7565918
0.744339
0.7161102
0.72410583
0.7944031
0.89668274
1.0069275
1.0724487
1.0926819
1.1092072
1.0868225
0.9803009
0.92970276
1.1193237
1.4713898
1.7350464
1.7590027
1.5310364
1.2253113
1.0383606
1.013855
1.0484772
1.0149231
0.8961487
0.7390137
0.61331177
0.53608704
0.48602295
0.45672607
0.4189148
0.3363495
0.24580383
0.2271576
0.25805664
0.27989197
0.26870728
0.2585907
0.24794006
0.10626221
-0.09402466
-0.13769531
0.04660034
0.33848572
0.49241638
0.40292358
0.15579224
-0.03756714
-0.034362793
0.12489319
0.23728943
0.2032013
0.1334076
0.1456604
0.2751007
0.42529297
0.46470642
0.3874817
0.29640198
0.31077576
0.42955017
0.57870483
0.6522064
0.6527252
0.6181183
0.55578613
0.46524048
0.48335266
0.5744324
0.62397766
0.62716675
0.5941467
0.4673767
0.329422
0.24420166
0.22608948
0.28096008
0.35499573
0.37097168
0.32409668
0.2601776
0.18348694
0.10038757
0.0476532
0.015701294
0.029556274
0.039138794
0.016235352
-0.024246216
-0.08390808
-0.117996216
-0.06526184
-0.007736206
-0.07537842
-0.26020813
-0.4029541
-0.35235596
-0.18830872
-0.06472778
-0.038101196
-0.082839966
-0.15208435
-0.2218628
-0.24209595
-0.21121216
-0.1952362
-0.15687561
-0.09669495
-0.038635254
0.022628784
0.059387207
0.07322693
0.1222229
0.1925354
0.25431824
0.27989197
0.23620605
0.12223816
0.031677246
0.04711914
0.14567566
0.29640198
0.4940033
0.64367676
0.6245117
0.5174408
0.470047
0.4540558
0.39334106
0.26657104
0.14619446
0.09187317
0.12542725
0.20478821
0.25273132
0.26338196
0.23887634
0.24101257
0.27775574
0.28894043
0.27456665
0.25912476
0.19413757
0.10784912
0.03488159
0.03753662
0.09666443
0.14193726
0.14620972
0.08229065
0.03753662
0.10092163
0.09613037
-0.066329956
-0.23144531
-0.3640747
-0.24263
0.026885986
0.17762756
0.121170044
-0.045028687
-0.16487122
-0.1680603
-0.08444214
-0.03703308
-0.07484436
-0.09669495
-0.07058716
0.002380371
0.1217041
0.18721008
0.19839478
0.19520569
0.19306946
0.17442322
0.109451294
0.031677246
-0.007736206
-0.004547119
0.088150024
0.2394104
0.27989197
0.22129822
0.12063599
0.019958496
0.101989746
0.30226135
0.46044922
0.53182983
0.5467377
0.5366211
0.5286255
0.5110626
0.44181824
0.30599976
0.08761597
-0.13504028
-0.20214844
-0.16113281
-0.14089966
-0.16059875
-0.17605591
-0.21121216
-0.28897095
-0.35820007
-0.34703064
-0.22825623
-0.15101624
-0.25808716
-0.4721985
-0.5994873
-0.5440979
-0.35394287
-0.21972656
-0.2857666
-0.43225098
-0.49829102
-0.48710632
-0.39123535
-0.25646973
-0.18031311
-0.14355469
-0.068984985
0.0029144287
0.013046265
-0.012527466
-0.055145264
-0.05088806
-0.0013427734
0.04234314
0.08015442
0.1328888
0.21224976
0.2905426
0.3097229
0.27296448
0.24687195
0.24473572
0.24206543
0.23887634
0.22608948
0.22024536
0.24101257
0.26817322
0.27722168
0.27722168
0.2559204
0.20106506
0.12435913
0.019424438
-0.07751465
-0.13183594
-0.17605591
-0.2069397
-0.21865845
-0.195755
-0.18882751
-0.25061035
-0.33903503
-0.3640747
-0.2815094
-0.21600342
-0.33796692
-0.59895325
-0.74064636
-0.6255951
-0.2969513
0.0029144287
0.0790863
-0.024246216
-0.10734558
-0.10095215
-0.10734558
-0.11213684
-0.07698059
-0.035964966
-0.023712158
-0.029037476
-0.015197754
0.009841919
0.037017822
0.09240723
0.14993286
0.18934631
0.26338196
0.35925293
0.38534546
0.30758667
0.1451416
0.03327942
0.023162842
0.10359192
0.19732666
0.19360352
0.06097412
-0.07325745
-0.09509277
-0.03010559
0.06311035
0.1451416
0.22555542
0.25006104
0.16751099
0.011978149
-0.115859985
-0.16912842
-0.20587158
-0.25222778
-0.25700378
-0.24050903
-0.2191925
-0.16166687
-0.082839966
-0.03010559
-0.06951904
-0.16166687
-0.19361877
-0.10574341
0.07269287
0.20957947
0.15579224
-0.085510254
-0.29748535
-0.383255
-0.32252502
-0.1877594
-0.13450623
-0.14515686
-0.13290405
-0.07965088
-0.045547485
-0.06845093
-0.122787476
-0.13929749
-0.07165527
0.021560669
0.083343506
0.1302185
0.184021
0.22183228
0.19732666
0.17390442
0.23248291
0.36671448
0.5062561
0.5467377
0.4109192
0.15951538
-0.048217773
-0.1211853
-0.03703308
0.12063599
0.21704102
0.20744324
0.13768005
0.0790863
0.060440063
0.019958496
-0.07911682
-0.12918091
-0.09988403
-0.06526184
-0.10095215
-0.2234497
-0.32624817
-0.3161316
-0.23144531
-0.16166687
-0.20108032
-0.3560791
-0.4540863
-0.39816284
-0.2660675
-0.19895935
-0.25274658
-0.32466125
-0.3129425
-0.18191528
0.005584717
0.16163635
0.21704102
0.15844727
0.030090332
-0.085510254
-0.115859985
-0.10839844
-0.09402466
-0.038635254
0.038085938
0.1179657
0.2037201
0.29161072
0.3224945
0.23248291
0.07110596
-0.021057129
0.04978943
0.22503662
0.34327698
0.3304901
0.24153137
0.12382507
0.06736755
0.104660034
0.15472412
0.15205383
0.12968445
0.12649536
0.13554382
0.14993286
0.12542725
0.040740967
-0.085510254
-0.17073059
-0.16007996
-0.09669495
-0.09562683
-0.16859436
-0.24209595
-0.22879028
-0.0934906
0.06790161
0.106781006
-0.071121216
-0.35821533
-0.4998932
-0.39762878
-0.16487122
-0.035964966
-0.11213684
-0.2218628
-0.22398376
-0.12971497
-0.05833435
-0.06951904
-0.08657837
-0.055145264
-0.03970337
-0.078048706
-0.14941406
-0.20054626
-0.18936157
-0.12651062
-0.04875183
0.0066375732
0.031677246
0.06736755
0.14993286
0.2543335
0.30918884
0.28788757
0.24794006
0.2037201
0.1802826
0.24047852
0.33795166
0.4024048
0.3970642
0.31079102
0.22557068
0.200531
0.21916199
0.20851135
0.12542725
0.006652832
-0.075912476
-0.10734558
-0.14675903
-0.20375061
-0.22930908
-0.17817688
-0.09669495
-0.04928589
-0.06951904
-0.1169281
-0.14675903
-0.111068726
-0.008804321
0.04499817
-0.12013245
-0.43225098
-0.5787201
-0.3406372
0.09880066
0.3965454
0.406662
0.22343445
0.0471344
0.029022217
0.10145569
0.14886475
0.17388916
0.2079773
0.26391602
0.30332947
0.29640198
0.21704102
0.05831909
-0.09828186
-0.13983154
-0.05407715
0.11264038
0.26763916
0.28681946
0.28575134
0.35713196
0.44926453
0.43647766
0.29907227
0.12916565
0.05192566
0.081222534
0.04660034
-0.07165527
-0.15315247
-0.12757874
-0.040237427
0.03488159
0.04234314
-0.015731812
-0.064193726
-0.053009033
0.07589722
0.18081665
0.106781006
0.020492554
-0.082839966
-0.10041809
-0.0098724365
-0.011474609
-0.15634155
-0.26127625
-0.24902344
-0.22132874
-0.20161438
-0.1403656
-0.05833435
0.024765015
0.09187317
0.10571289
0.097732544
0.07589722
0.023162842
-0.0029449463
0.022094727
0.048721313
0.054595947
0.014099121
-0.04714966
-0.07751465
-0.068984985
-0.0466156
-0.025314331
-0.038101196
-0.0892334
-0.11906433
-0.12332153
-0.115859985
-0.06686401
0.008773804
0.036483765
0.017303467
-0.0098724365
-0.01838684
-0.011474609
-0.003479004
-0.01838684
-0.031707764
-0.040222168
-0.07644653
-0.111068726
-0.10255432
-0.07165527
-0.034362793
0.015701294
0.071640015
0.11903381
0.14672852
0.14886475
0.118499756
0.071624756
0.040740967
0.011978149
-0.054611206
-0.11959839
-0.13078308
-0.08230591
-0.0024108887
0.053527832
0.08280945
0.11584473
0.14353943
0.13661194
0.08973694
0.027420044
-0.03010559
-0.05567932
-0.03277588
0.02104187
0.06629944
0.08760071
0.11956787
0.18188477
0.2585907
0.3262329
0.36990356
0.35871887
0.3171692
0.2932129
0.2985382
0.31610107
0.3347473
0.32569885
0.25379944
0.15844727
0.10784912
0.08973694
0.046066284
-0.021591187
-0.08602905
-0.14889526
-0.19628906
-0.23091125
-0.26979065
-0.2852478
-0.2618103
-0.21707153
-0.14622498
-0.066329956
0.008239746
0.04978943
0.045532227
0.03541565
0.04660034
0.062042236
0.055648804
0.023162842
-0.03543091
-0.09616089
-0.11000061
-0.080703735
-0.040237427
-0.013595581
0.0018463135
0.013046265
0.03967285
0.07749939
0.09187317
0.0790863
0.055648804
0.022094727
-0.025314331
-0.061538696
-0.069000244
-0.049819946
-0.045028687
-0.051940918
-0.03970337
-0.0050811768
0.023162842
0.029022217
0.017837524
0.0077056885
-0.015731812
-0.040756226
-0.04875183
-0.031173706
-0.008270264
0.019439697
0.041809082
0.033813477
-0.0040130615
-0.040771484
-0.06686401
-0.09083557
-0.1169281
-0.12597656
-0.1126709
-0.10839844
-0.1126709
-0.122787476
-0.1361084
-0.14143372
-0.120651245
-0.08230591
-0.082839966
-0.1318512
-0.1749878
-0.1600647
-0.10946655
-0.09562683
-0.13822937
-0.1749878
-0.15208435
-0.09562683
-0.07485962
-0.10467529
-0.14569092
-0.1723175
-0.17391968
-0.1638031
-0.15687561
-0.1638031
-0.16487122
-0.14355469
-0.111068726
-0.08337402
-0.07058716
-0.07537842
-0.09402466
-0.09669495
-0.066329956
-0.03703308
-0.01626587
-0.007736206
-0.0072021484
-0.0024108887
0.022094727
0.059921265
0.0945282
0.10571289
0.095062256
0.07801819
0.06150818
0.059906006
0.062576294
0.04925537
0.029022217
0.01676941
0.016235352
0.024230957
0.016235352
0.0034484863
0.0061035156
0.012512207
0.012512207
0.0050354004
-0.006149292
-0.015197754
-0.01838684
-0.016784668
-0.019989014
-0.03224182
-0.048217773
-0.043426514
-0.022659302
-0.019454956
-0.014663696
-0.0056152344
0.0045166016
0.0077056885
-0.001876831
-0.019454956
-0.019454956
-0.0029449463
0.0045166016
-0.006134033
-0.014663696
-0.007736206
0.0066375732
0.01890564
0.015701294
0.007171631
0.012512207
0.018371582
0.002380371
-0.01626587
-0.008804321
0.015701294
0.01890564
0.011444092
0.0066375732
0.0018463135
-0.006149292
-0.0072021484
0.017303467
0.024765015
-0.006149292
-0.030639648
-0.006668091
0.04446411
0.06523132
0.041809082
0.017303467
0.0045166016
-0.0024108887
-0.0040130615
-0.0055999756
-0.0029449463
0.0050354004
0.014099121
0.009307861
-0.007736206
-0.025314331
-0.038101196
-0.035964966
-0.01838684
7.7819824E-4
0.008773804
0.016235352
0.01890564
0.007171631
-0.017852783
-0.03756714
-0.0466156
-0.036499023
-0.006134033
-0.0050811768
-0.03756714
-0.057266235
-0.03756714
0.0034484863
0.013580322
-0.004547119
-0.016799927
-0.016784668
-0.019989014
-0.017333984
0.005050659
0.027420044
0.032211304
0.024230957
0.01411438
0.0013122559
-0.009338379
-0.007736206
0.005569458
0.026885986
0.035949707
0.019958496
0.003982544
0.0135650635
0.03488159
0.03755188
0.015701294
-0.004547119
0.0013122559
0.026351929
0.015701294
-0.031707764
-0.036499023
0.020492554
0.06417847
0.04499817
-0.004547119
-0.03491211
-0.033309937
-0.014129639
0.011978149
0.022628784
0.007171631
-2.89917E-4
0.01411438
0.023162842
0.011444092
-0.004547119
-0.0024108887
0.009841919
0.02104187
0.030090332
0.034347534
0.02848816
0.015701294
0.003982544
-0.003479004
0.0029144287
0.011444092
0.0146484375
0.034347534
0.032211304
0.009307861
0.015701294
0.03753662
0.043930054
0.033813477
0.027954102
0.021560669
0.005569458
-0.012527466
-0.021591187
-0.011459351
0.0045166016
-0.006668091
-0.015197754
0.016235352
0.015167236
-0.057800293
-0.11213684
-0.12704468
-0.09881592
-0.07698059
-0.05354309
-0.03224182
-0.006134033
0.008773804
0.010375977
0.0013122559
-0.027450562
-0.101486206
