1.8707123
2.4656677
2.4429169
2.1735687
1.9185944
1.5570679
1.2960968
1.3643341
1.5714264
1.6743774
1.6911469
1.7917023
1.9509125
1.9437256
1.7940979
1.7306519
1.6324921
1.529541
1.4828491
1.6420593
1.8336029
1.92099
1.9078217
1.7749481
1.6731873
1.5965729
1.5702362
1.6300812
1.6564331
1.6492462
1.5881958
1.4840393
1.4972076
1.549881
1.6360779
1.6360779
1.5271454
1.4600983
1.5881958
1.692337
1.6540375
1.534317
1.4014435
1.3379974
1.3846893
1.3679199
1.2805328
1.2745514
1.3978577
1.5546722
1.6253052
1.5702362
1.5462952
1.4672852
1.2984924
1.2386322
1.2410278
1.2170868
1.1931458
1.2697601
1.3368073
1.3068695
1.2565918
1.2721558
1.316452
1.3116608
1.229065
1.1787872
1.1727905
1.0746307
0.9956207
0.9956207
1.1057587
1.2601929
1.391861
1.5008087
1.5570679
1.5175629
1.5151672
1.558258
1.5798187
1.5594635
1.5127716
1.455307
1.316452
1.1991425
1.1751862
1.2577972
1.2841339
1.2003326
1.1859741
1.2805328
1.4493256
1.5008087
1.3415833
1.2410278
1.3356018
1.490036
1.5642548
1.5127716
1.4134216
1.3583527
1.3403931
1.3403931
1.3439789
1.3775024
1.4409485
1.5043945
1.5151672
1.4912262
1.4600983
1.4194031
1.3966522
1.4062347
1.415802
1.4002533
1.3942566
1.4469299
1.4912262
1.4589081
1.4457397
1.5223541
1.5858002
1.5019989
1.3882751
1.411026
1.4756622
1.4816437
1.4457397
1.4134216
1.3786926
1.3667297
1.4050293
1.4433441
1.4194031
1.4541168
1.5199585
1.5486908
1.5355225
1.518753
1.4756622
1.4433441
1.4613037
1.4768677
1.4696808
1.5319366
1.6109314
1.5714264
1.4648895
1.400238
1.4194031
1.4816437
1.5558624
1.6217194
1.5953827
1.4924316
1.5151672
1.6277008
1.6743774
1.5989685
1.5056
1.4134216
1.3786926
1.4074249
1.387085
1.3858795
1.3763123
1.4194031
1.5067902
1.5546722
1.5750275
1.5211487
1.4361572
1.371521
1.4277802
1.4912262
1.4936218
1.5247498
1.6121368
1.5953674
1.52594
1.494812
1.5582733
1.6145325
1.5618591
1.4457397
1.371521
1.4146118
1.490036
1.5019989
1.455307
1.4517212
1.4613037
1.4876404
1.5271301
1.5438995
1.5415039
1.565445
1.6061401
1.644455
1.6420593
1.6205139
1.6360779
1.6935425
1.6971283
1.6600189
1.6791687
1.7031097
1.7354279
1.7904968
1.7940979
1.7809296
1.8096466
1.8527527
1.8407745
1.7521973
1.7055054
1.7450104
1.7605743
1.786911
1.8096466
1.7569885
1.652832
1.5965729
1.6169281
1.6947327
1.7485962
1.7773285
1.7701569
1.7940979
1.8934631
1.9413452
1.8695068
1.7019196
1.6827545
1.6815643
1.6815643
1.6612091
1.6205139
1.6121368
1.6624146
1.692337
1.7162781
1.8120575
1.886261
1.8276215
1.7306366
1.7569885
1.9185944
1.9125977
1.7677612
1.8192291
1.9150085
1.9149933
1.8563385
1.8347931
1.8647156
1.9006348
1.9245758
2.0179443
2.1017456
2.0945587
2.0335083
2.0335083
2.1161194
2.2274475
2.2717438
2.2238464
2.2166748
2.2848969
2.3495483
2.2861023
2.2298431
2.186737
2.2118835
2.305252
2.3232117
2.2693481
2.2154694
2.114914
2.0981598
2.3483582
2.7314148
2.9385223
2.8032532
2.478836
2.1604004
1.9173889
1.9197845
2.130478
2.2453918
2.2872925
2.4118042
2.51474
2.4812317
2.348343
2.4417267
2.2992706
2.1005554
2.3256073
2.4967957
2.2382202
2.047882
2.202301
2.5566406
2.5949554
2.1879425
1.9676819
2.0011902
1.8994446
1.534317
1.4014435
1.4768524
1.5307312
1.4217987
0.75260925
0.03555298
-0.3104248
-0.25894165
-0.16197205
-0.08656311
0.12652588
0.3707428
0.5443268
0.8435974
1.1644135
1.2601929
1.0279541
0.87950134
0.96450806
1.2601776
1.6707916
1.9102173
2.0335236
2.221466
2.4177856
2.6069336
2.755371
2.6667786
2.384262
1.8048706
1.0506897
0.4724884
0.52516174
0.62332153
0.6197357
0.73106384
1.0016174
1.1775818
0.8926697
0.6077728
0.46292114
0.40426636
0.47010803
0.7167053
1.2003326
1.5834045
1.5606537
1.400238
1.2877197
1.1273041
0.8986664
0.5574951
0.2558136
0.22349548
0.35757446
0.79811096
1.3870697
1.510376
1.3415985
1.2984924
0.6448822
-0.5749817
-1.5709686
-1.4201355
-0.62405396
-0.011138916
0.28096008
0.41383362
0.68437195
0.8304291
0.901062
1.1668091
1.6121368
1.9592896
1.9916077
1.7653656
1.6025543
1.7378235
1.8120422
1.7366333
1.5558777
1.4529114
1.5199585
1.8443756
1.9688721
1.7940979
1.3655396
0.77775574
0.54193115
0.7154999
0.8376007
0.8723297
0.5874176
0.24145508
0.13729858
0.33242798
0.687973
1.0997772
1.3619385
1.4565125
1.4780579
1.4864349
1.336792
1.0925903
1.0231628
1.1153412
1.360733
1.6588287
1.3224335
0.7154999
0.62931824
1.0674438
1.4613037
1.0901947
0.35876465
0.16842651
0.3887024
0.7837372
1.063858
0.9237976
0.7334595
0.8842926
1.1727905
1.4984131
1.8192291
2.0933685
2.2585754
2.2394104
1.9784393
1.6959229
1.6600189
1.747406
1.8168335
1.850357
1.9018402
2.02034
2.0526733
1.8719025
1.6384735
1.3176422
1.0411224
0.960907
0.9669037
0.84599304
0.89027405
0.93577576
0.940567
1.0423126
1.2350464
1.6552277
1.905426
1.8312073
1.8898621
2.0574646
2.1723785
2.0466766
1.8731079
1.8958435
2.0371094
2.1891327
2.035904
1.7557831
1.5678406
1.5403137
1.6564331
1.1464691
0.34321594
0.02357483
0.29890442
0.50720215
0.5179901
0.6065674
0.86872864
1.2793427
1.5762177
1.8539429
2.1735687
2.339981
2.3016663
2.1556244
2.0933685
2.213089
2.2861023
2.2310333
2.1065369
2.123291
2.1448364
2.1125183
2.17836
2.0023804
1.5642548
1.0854034
0.7562103
0.7753601
1.2745514
1.6803741
1.3236237
0.7837372
0.47727966
0.5706482
0.87831116
1.1512451
1.4050293
1.6755829
1.8958435
1.9832306
1.7749329
1.4840393
1.2398376
1.1093597
1.2230682
1.6121368
1.9545135
1.9820404
1.4457397
0.90823364
0.87112427
1.2182922
1.3882751
0.79930115
0.0056152344
-0.1559906
0.15765381
0.32286072
0.29891968
0.21511841
0.34320068
0.7861328
1.3583527
1.7438049
2.0406952
2.281311
2.4321442
2.4884033
2.4118042
2.2346191
2.0658264
2.0622406
2.1065369
2.0778046
1.9365387
1.7725525
1.7641602
1.644455
1.1835785
0.861557
0.6197357
0.51678467
0.81726074
1.233841
1.1105499
0.7765503
0.65444946
0.7609863
0.9501343
1.0195618
1.1416626
1.4996033
1.9437256
2.233429
2.3986359
2.4357452
2.3303986
2.2717285
2.384262
2.451294
2.4608765
2.2669525
1.7940979
1.2589874
1.3020782
1.5546722
1.3894653
0.84239197
0.12294006
-0.23379517
-0.024307251
0.24024963
0.15525818
0.07505798
0.3455963
0.9058533
1.4026489
1.7162781
1.8323975
1.786911
1.7414246
1.9090118
2.1161194
2.248993
2.2537842
2.1891327
2.2932892
2.5207367
2.4620667
2.1915283
2.1053467
2.1005554
2.0538635
1.6516418
1.1021729
1.1943512
1.8312073
2.0718231
1.6935425
1.3140564
1.1177368
1.094986
1.1931458
1.3607483
1.6240997
1.8838806
1.9736633
2.044281
2.0945587
2.0718231
2.090973
2.1448517
2.328003
2.4800415
2.1328735
1.6181183
1.5834045
1.8647308
2.2370148
2.6595917
2.545868
1.5522766
0.47369385
0.11097717
0.31448364
0.55270386
0.57424927
0.68318176
1.0722351
1.4768524
1.7162781
1.7917023
1.7797241
1.7509918
1.8707123
2.162796
2.466858
2.6631927
2.723053
2.604538
2.6284637
2.7469788
2.5386963
2.1113281
1.1919556
0.030761719
-0.15959167
0.5491028
1.4277802
2.344757
2.9145813
2.6392517
1.6097412
0.5503082
0.029556274
0.11456299
0.5491028
1.0530853
1.7031097
2.3710938
2.5829926
2.2465973
1.8048706
1.5522766
1.6001587
1.7665558
1.8527527
1.7055054
1.4289856
0.99324036
0.58981323
0.45214844
0.8196564
0.88549805
-0.29844666
-1.750534
-1.746933
-0.2242279
1.2577972
1.7150879
1.4481201
1.1177216
0.960907
1.039917
1.1656189
1.4074249
1.6229095
1.7701569
2.0203552
2.3136292
2.588974
2.7158508
2.5877686
2.3531342
2.1771698
1.9461212
1.6959229
1.182373
0.5155945
0.5012207
0.43299866
-0.109298706
-0.21105957
0.3455963
0.76937866
0.8507843
0.8771057
0.8759155
0.8831024
0.93577576
0.98365784
0.9824524
1.237442
1.6372681
1.8336029
1.9150085
1.9628906
1.9497223
1.9078217
1.8228302
1.5019989
0.9537201
0.55270386
0.6137543
0.8771057
1.1512451
0.63648987
-0.29006958
-0.45167542
0.26420593
0.81365967
0.68078613
0.4605255
0.55270386
0.96569824
1.3511658
1.8323975
2.1867523
2.0227356
1.7270508
1.7509918
1.9557037
2.1616058
2.3136292
2.3543396
2.4321442
2.585373
2.7386017
2.600937
2.305252
1.9042206
1.4828491
1.2182922
0.9716797
1.0901947
1.395462
1.5438995
1.3978577
1.118927
0.9525299
1.0075989
1.1716003
1.4493256
1.5618591
1.7067108
1.9030304
1.9580994
1.8850708
1.8862762
1.984436
1.944931
1.7533875
1.7737427
1.8347931
1.7498016
1.5810089
1.26857
0.86872864
0.4222107
-0.20986938
-0.81199646
-0.8634796
-0.18951416
0.6053772
0.9094391
0.7693634
0.5084076
0.6664276
1.1763916
1.5810089
1.8300018
1.9245758
2.02034
2.0586548
2.1951141
2.3459625
2.4453125
2.4261627
2.2513885
2.0419006
1.8120422
1.5917816
1.5043945
1.3607483
1.3822937
1.1452637
0.7167053
0.70114136
0.9525299
0.8878784
0.52516174
0.411438
0.53474426
0.8639374
1.308075
1.7557831
1.9425354
1.9018402
1.8683167
1.989212
2.288498
2.4429321
2.1807556
1.7055054
1.4816437
1.2973022
1.1285095
0.9513397
0.86634827
0.87950134
1.1644135
1.055481
0.48086548
0.07624817
0.33602905
0.7980957
1.1141357
1.0602722
0.75260925
0.83761597
1.3655396
1.925766
2.1364594
2.269333
2.4046173
2.5303192
2.75177
2.8020477
2.5410767
2.090973
1.8515625
2.0179443
2.2621613
2.3627167
2.4357452
2.0406952
1.2733612
0.53474426
0.09660339
0.35636902
0.7837372
0.6185303
0.113357544
0.12294006
0.6676178
1.3236389
1.6360779
1.6660004
1.6588135
1.5822144
1.6552277
1.8671112
2.0813904
1.9138031
1.4816437
1.2829285
1.5546722
2.0802002
1.9724579
1.2877197
0.9453583
1.2350464
1.5426941
1.0602722
-0.0075531006
-1.00354
-1.295639
-0.83595276
-0.4121704
-0.5582123
-0.81559753
-0.3499298
0.60775757
1.529541
2.0670319
1.8850708
1.2266693
1.1967316
1.7186737
1.7557831
1.5163574
1.3667297
1.2111053
1.3236389
1.6264954
1.4146118
0.94654846
1.039917
1.2960968
0.07505798
-0.34274292
-0.114089966
0.2163086
0.7538147
1.1093445
0.8914795
0.75502014
0.6927643
0.7394409
0.9333801
1.1261139
1.2589874
1.4445343
1.8755035
2.0430908
2.0442963
2.2693481
2.3112335
1.9832306
1.6157227
1.3655396
1.1608276
1.0291443
0.9644928
1.1057587
1.1931458
1.3511658
1.3284302
1.0387115
0.7322693
0.79571533
1.1799774
1.1775818
0.8435974
0.5383301
0.66522217
1.0877991
1.2565918
0.9896393
0.50361633
0.6460724
1.1716003
1.5319366
1.5989685
1.5032043
1.2805328
0.8412018
0.7167053
0.9381714
1.0901947
1.1548462
0.8986664
0.5012207
0.5886078
0.88668823
1.0925903
1.3068695
1.8048706
2.0574493
2.0849915
1.9401398
1.6025543
1.1728058
0.905838
1.0901947
1.6516418
2.0203552
1.9485168
1.5834045
1.3942719
1.3535614
1.3056793
1.3727112
1.2254639
0.86395264
0.50361633
0.41741943
0.45454407
0.61135864
0.6460724
0.3455963
0.18040466
0.45692444
0.77056885
0.7741699
0.3815155
0.07624817
0.14569092
0.703537
1.2518005
1.4134216
1.3176422
1.4026489
1.7066956
2.0502625
2.2669525
2.1184998
1.4481354
0.8735199
0.8435974
1.1045685
1.1141357
0.703537
0.09899902
-0.03388977
0.25222778
0.54670715
0.9166107
1.3990479
1.6013641
1.3487701
1.0901947
1.0806274
1.3870697
1.7641602
1.9401398
1.8491669
1.6073456
1.4852448
1.466095
1.4660797
1.4158173
1.158432
0.8723297
0.7167053
0.8304291
1.0231628
1.142868
1.0937805
1.3260345
1.5008087
1.1117401
0.5730438
0.20674133
0.15167236
0.23786926
0.4796753
0.71310425
0.8795166
1.0075989
1.0052032
0.9429474
0.9489441
1.1704102
1.644455
2.0107727
1.8862762
1.68396
1.6552277
1.7019196
1.3882751
0.9501343
0.99801636
1.2793427
1.1296997
0.9585266
0.7753601
0.7466278
0.9333801
1.0686493
1.0099945
0.8543701
0.76698303
0.84957886
1.1117401
1.2554016
1.3200378
1.4972076
1.7007141
1.8778839
1.8323975
1.6312866
1.5750275
1.4876251
1.229065
1.0914001
1.1404724
1.0590668
0.9680939
1.1117554
1.4337616
1.4876404
1.4241943
1.5127716
1.6983185
1.7031097
1.3727112
0.98365784
0.7969055
0.93577576
1.3020935
1.6061554
1.8084564
2.264557
2.7182617
2.6739655
2.209488
1.7126923
1.4229889
1.455307
1.6420593
1.7222748
1.5115814
1.1021729
0.75979614
0.2510376
0.44735718
1.1991272
1.6707916
1.8192291
1.7964935
1.7222748
1.4960175
1.3499603
1.4182129
1.549881
1.5606537
1.5319366
1.553482
1.5965729
1.6037598
1.6707916
1.7019196
1.5427094
1.3248291
1.1859741
1.2410431
1.387085
1.3906708
1.2554016
1.2266693
1.158432
1.1608276
1.3032837
1.6109314
1.5486908
1.1165314
0.91900635
1.2278595
1.6217194
1.8886719
1.6193237
0.9908447
0.60298157
0.7621918
1.1201172
1.3487701
1.4684753
1.6276855
1.7521973
1.6983337
1.5570679
1.3751068
1.3056793
1.4385529
1.5762177
1.4517212
1.1213226
0.6592407
0.15885925
0.43537903
1.4062347
1.965271
1.4984131
0.9345703
1.0219574
1.2865143
1.2098999
1.0423126
1.0877991
1.3535614
1.5714417
1.7055054
1.7150879
1.6743927
1.558258
1.3583527
1.1680145
0.9824524
0.80888367
0.85676575
0.9046478
0.9992218
1.182373
1.1847687
1.0075989
1.0578766
1.0770264
0.7645874
0.5443268
0.80049133
1.103363
1.0818176
0.89746094
0.8878784
0.90823364
0.9309845
0.9046478
1.000412
1.2721558
1.5223541
1.7019196
1.7857056
1.8323975
1.771347
1.5379181
1.2482147
1.1991272
1.391861
1.5450897
1.4205933
0.782547
0.5970001
0.9621124
1.3451843
1.5546722
1.4840393
1.3152466
1.2805328
1.3643341
1.534317
1.5642548
1.3391876
1.1021729
1.0231628
1.1021729
1.2206726
1.2829285
1.103363
0.8435974
0.90704346
1.2913055
1.5546722
1.4840393
1.1596222
0.8950653
0.83522034
0.9321747
1.0135803
1.0363312
1.1380768
1.0459137
0.92858887
1.1069489
1.3882751
1.3296204
1.0387268
0.9381714
1.1273041
1.4600983
1.5055847
1.4098206
1.479248
1.7904968
2.1831512
2.3962402
2.4369354
2.3495483
2.186737
2.0
1.8994446
1.8934479
1.8742981
1.9161987
1.7665558
1.2326508
1.015976
1.3786926
1.6887512
1.3415833
0.79811096
0.8340149
1.2434235
1.5570679
1.7306519
1.8742981
1.8096466
1.6552277
1.731842
1.8731079
1.9102173
2.0179596
2.126892
2.118515
2.0299225
1.9557037
1.976059
2.186737
2.3303986
2.264557
2.1161194
2.1616058
2.2118835
2.2801208
2.02034
1.4170074
1.0171814
1.2853241
1.5714264
1.3679352
0.8639374
0.80529785
1.470871
2.1640015
2.4189758
2.3339844
1.9916077
2.1065369
2.4560852
2.6572113
2.5554504
2.3782806
2.1017456
1.850357
1.7462006
1.9126129
2.0227356
2.0622406
1.8371887
1.292511
0.9680939
1.0506897
1.261383
1.1464691
0.7861328
0.74183655
0.89627075
0.9621124
1.0890045
1.114151
0.82684326
0.45214844
0.4605255
0.9226074
1.4744568
1.7964783
1.8383789
1.5977631
1.4301758
1.5438995
1.6851654
1.8431702
1.8395844
1.7893066
1.8084564
1.8731079
1.6492462
1.0471039
0.5275574
0.33961487
0.39707947
0.30848694
-0.2242279
-0.8993988
-0.5869446
0.7047272
1.7976837
2.0646362
1.4277802
0.44735718
-0.138031
0.0786438
0.71910095
1.0482941
1.0028076
1.0219727
1.4205933
1.865921
1.8491516
1.6600189
1.558258
1.549881
1.4756622
1.4421387
1.4409485
1.1847687
1.2254639
0.9992218
0.3887024
0.07984924
0.16963196
0.3647461
0.45213318
0.5981903
0.7574005
0.9680939
1.2111053
1.5211487
1.8132477
1.8563385
1.7940979
1.7426147
1.6875458
1.7521973
1.9461212
2.059845
1.9269714
1.4445343
0.93577576
0.67240906
0.7861328
1.1512604
1.3284302
0.85795593
-0.23500061
-1.1483917
-1.2010651
-0.41577148
0.624527
0.9692993
0.91781616
1.1392822
1.4014435
1.4385529
1.3032837
1.1787872
1.103363
1.1907501
1.3032837
1.5606537
2.0167542
2.4692535
2.6440277
2.462082
1.94133
1.5223541
1.4301758
1.3032837
1.1129456
1.1716003
0.9704895
0.3827057
0.1756134
0.3252411
0.39587402
0.34320068
0.23426819
0.65205383
1.4325714
1.9461212
2.1352692
2.130478
2.154419
2.2130737
2.3100433
2.4489136
2.5758057
2.8176117
2.8044434
2.5566406
2.343567
1.9748535
1.8096619
1.9904175
2.0550537
1.7043152
0.8771057
0.11933899
-0.92333984
-1.5506134
-0.91734314
0.72029114
2.264557
3.011551
2.901413
2.4477081
2.075409
1.8288116
1.6564331
1.5606537
1.5881958
1.7917023
2.1747742
2.4824219
2.7302246
2.8918304
3.1839294
3.6029053
3.6819153
3.3778534
2.9457092
2.667984
2.2011108
1.6648102
1.2266693
0.905838
0.49642944
0.2546234
0.47727966
0.74902344
0.8184509
0.8986664
1.0650482
1.4086304
1.9042206
2.0047913
1.7450104
1.6324921
1.9557037
2.367508
2.1592102
1.6612091
1.479248
1.8407745
2.3651123
1.9928131
1.4936218
1.7270508
2.3244019
2.7529755
1.5295258
-0.62046814
-1.0274811
0.2618103
0.74183655
0.1361084
-0.96403503
-1.2680969
-1.2836609
-1.2202148
-0.38583374
0.6532593
0.89746094
0.9908447
1.0219574
0.73106384
0.36476135
0.58981323
1.1943512
1.5570679
1.8240204
1.84198
1.8060608
1.668396
1.4289856
1.253006
1.2063141
1.2111053
0.80648804
0.46769714
0.608963
0.8639374
1.1608276
1.5247498
1.8982391
2.0071716
1.7294464
1.5750275
1.6660004
1.8491669
1.802475
1.6564178
1.6253052
1.5235443
1.3727112
1.2386322
1.158432
1.1596375
1.3068695
1.4984131
1.5151672
1.5127716
1.5834045
1.549881
1.3104553
1.0339355
0.8735199
0.46292114
0.03793335
0.25941467
1.063858
1.7426147
1.7378235
1.1716003
0.69036865
0.5443268
0.7645874
1.1440735
1.3499756
1.4660797
1.6001587
1.7378387
1.7450104
1.5379181
1.2410278
0.9752655
0.8543701
0.9034424
1.0842133
1.2278595
1.1368866
0.8627472
1.1105499
1.5115814
1.7114868
1.8359985
1.9138031
1.810852
1.4780579
1.1668091
1.0698547
1.1081543
1.1308899
1.1009674
1.1476593
1.2075043
1.3595428
1.5450897
1.6145325
1.4696808
1.2757416
1.2266693
1.3655396
1.5774231
1.8754883
2.1125183
1.9341583
1.6372833
1.3403931
0.86753845
0.47608948
0.41981506
0.6388855
0.7969055
0.7945099
0.8543701
0.8831024
0.98605347
1.1811829
1.3858795
1.5522766
1.6971283
1.8276062
1.9604797
2.1221008
2.1771698
1.9987946
1.8635254
2.2406158
2.995987
3.3862457
3.1109009
2.5793915
2.3375702
2.4405212
2.427353
1.8958435
1.1883545
0.9956207
1.3942566
1.8862762
2.0191498
1.9042206
1.9341583
2.171173
2.3028564
2.265747
2.3531342
2.2346344
1.818039
1.5834045
1.8012695
2.226242
2.4369354
2.328003
2.1065369
1.9557037
1.984436
2.008377
2.0406952
1.8539429
1.7904968
1.5702362
1.1967316
1.0818176
1.3188477
1.6660004
1.9078217
2.0550537
2.051468
1.8647156
1.6803741
1.6791687
1.7773285
1.9952087
2.1053467
2.1711884
2.2525787
2.2322388
2.2130737
2.075409
1.9533081
2.0490723
2.102951
2.0215454
2.0694275
1.9892273
1.8168335
1.8695068
1.9114075
1.6504517
1.3846893
1.3415833
1.3463745
1.3463745
1.42659
1.6240997
1.7845154
1.9197845
1.846756
1.8455658
2.092163
2.4680634
2.5722046
2.2370148
1.8719025
1.8156433
1.8934479
1.8000793
1.6025543
1.4026489
1.3930664
1.5858002
1.8563385
1.8994293
1.3583527
0.80049133
0.80888367
1.079422
1.2649689
1.103363
0.53234863
0.34440613
0.92500305
1.7067108
2.044281
1.8982391
1.6875458
1.7138824
1.7881012
1.7904968
1.9377441
2.1041412
2.0766144
2.162796
2.4177856
2.463272
2.205902
1.802475
1.3643341
1.3403931
1.865921
2.3267975
2.1029358
1.6121368
1.4529266
1.5163727
1.5426941
1.5702362
1.5821991
1.5810089
1.5032043
1.5714264
1.7952881
2.0179443
2.0275269
1.8096619
1.9700623
2.1723785
1.9569092
1.5546722
1.2554016
1.2829285
1.545105
1.7857208
1.8455658
1.9173889
1.9389496
1.6277008
1.3152466
1.3643341
1.5163727
1.5786133
1.2087097
0.6017914
0.34561157
0.8471832
1.42659
1.707901
1.60495
1.6588135
2.0275269
2.3459625
2.4680634
2.518341
2.233429
1.6348877
1.4960175
1.7845154
1.9341583
1.6360779
1.1464539
1.0052032
1.4517212
1.7102966
1.7581787
1.9114075
2.0933685
2.1759644
2.0813904
1.9652863
1.810852
1.6588287
1.565445
1.4433441
1.4493256
1.5043945
1.5235443
1.5869904
1.6492462
1.6145172
1.4038391
1.336792
1.52594
1.6660004
1.7174683
1.76297
1.7186737
1.6983185
2.0071716
2.3172302
2.052658
1.455307
1.0626678
1.063858
1.1752014
1.3152466
1.4433441
1.34758
1.2721558
1.332016
1.6935272
2.281311
2.736206
2.815216
2.6512146
2.4501038
2.2226562
2.1041412
1.9114075
1.8898621
2.0646362
2.154419
2.2286377
2.2166748
2.1364594
2.3699036
2.4764404
2.209488
1.8012848
1.4660797
1.2494202
0.89985657
0.7729645
1.1273041
1.7174835
2.0861816
2.044281
1.9353485
1.9473267
2.2130737
2.612915
2.775711
2.5841827
2.2932892
2.0275269
1.9688721
2.3375702
2.8571167
3.1492157
2.937317
2.4872131
2.0442963
1.6384735
1.3631439
1.1847687
1.0650635
1.1213226
1.3906708
1.5091858
1.2865295
1.1285095
1.2901154
1.5858002
1.802475
1.9688721
2.1723785
2.2035065
2.1903229
2.2861023
2.3100433
2.250183
2.2274323
2.304062
2.3627167
2.33638
2.3375854
2.2956696
2.0945587
1.8132477
1.9652863
2.2741241
2.1771698
1.573822
1.2661743
1.5295258
1.9377441
2.126892
2.0335083
1.8467712
1.5403137
1.3607483
1.494812
1.8431702
1.9557037
1.786911
1.7282562
1.7904968
1.8359985
1.7976837
1.6767731
1.589386
1.5474854
1.5510864
1.4493256
1.2170868
1.1680145
1.355957
1.4948273
1.3212433
0.97766113
0.79930115
0.9321747
1.2709656
1.5869904
1.7414246
1.6360779
1.431366
1.4469299
1.7174835
1.6396637
1.5821991
1.9245758
1.8790894
1.7055054
1.7893066
1.8766937
1.9317627
2.210678
2.7362213
3.0366821
2.937317
2.720642
2.4141846
2.1364594
1.8695068
1.6612091
1.5786133
1.292511
1.3571472
1.9221802
2.0622406
1.7450104
1.316452
0.9896393
0.9046478
0.99801636
1.2098999
1.6636047
2.2358246
2.5949554
2.5937653
2.375885
2.0131683
1.6971283
1.6432495
1.8790894
2.2226562
2.264557
1.8695068
1.4433441
1.3547516
1.5989685
1.9281769
1.3667297
0.48446655
-0.06262207
0.18399048
0.8136749
1.3044739
1.3032837
0.93696594
0.59220886
0.65805054
1.1261139
1.6671906
2.1173096
2.3112335
2.2011108
2.008377
1.8755035
1.7378387
1.6851654
1.7031097
1.8048706
1.8707123
1.9006348
2.0849915
2.293274
2.1197052
1.5798187
0.8651428
0.31207275
0.33363342
0.703537
0.7765503
0.70832825
0.7729645
0.8986664
1.1811829
1.6576233
2.0382996
2.1723785
2.1604004
2.1855469
2.2753296
2.343567
2.2501984
2.0191498
1.9856262
2.2513885
2.4764404
2.131668
1.332016
0.7645874
0.8304291
0.9345703
0.7454376
0.48327637
0.6748047
1.3583527
2.0969696
1.8910522
1.1021729
0.5598755
0.585022
1.0818176
1.6217194
1.9269714
2.1759644
2.4369354
2.664383
2.7326202
2.6775513
2.5997467
2.5279083
2.6188965
2.8451385
2.957672
3.0785828
3.1480103
2.8427582
2.4105988
2.039505
1.6109314
1.2793427
1.644455
2.147232
2.0023956
1.4864349
1.2194824
1.1524506
1.26857
1.7258606
2.3160248
2.6847382
2.7936707
2.6057281
2.446518
2.4740448
2.5829773
2.5865784
2.712265
2.9385223
2.6979065
2.2322235
1.9138031
1.802475
1.8587341
1.7689514
0.9812622
0.154068
-0.030303955
0.71191406
1.6696014
2.023941
1.771347
1.4325714
1.371521
1.644455
1.9377441
2.1795654
2.1005554
1.7988892
1.7797241
1.984436
2.0275269
2.0131683
2.0311127
2.2549744
2.5243225
2.6631775
2.7685242
2.8283844
2.6667786
2.0825958
1.5618591
1.0770264
0.8412018
0.93696594
0.9489441
0.83161926
0.877121
0.8747101
0.66163635
0.648468
0.9046478
1.2087097
1.5091858
1.8455658
2.2286377
2.6141052
2.885849
2.8475342
2.518341
2.1891327
2.2753296
2.4477081
2.320816
2.0622406
1.5905914
1.2302551
0.73825073
-0.024307251
-0.3738556
0.13731384
0.8435974
1.1273041
0.9908447
1.2398376
1.8240204
2.0682373
1.9185944
1.7114868
1.589386
1.5510864
1.3834839
1.3092651
1.3798981
1.5726318
1.7893066
1.7426147
1.8012695
2.1735687
2.328003
2.1053467
1.76297
1.0566864
0.20314026
-0.16557312
0.12773132
0.72029114
1.1871643
1.1368866
0.86154175
0.86035156
1.1440735
1.5271301
1.8300018
1.8910522
1.6253052
1.3284149
1.3894653
1.6312866
1.818039
1.786911
1.7174835
1.7725372
1.7126923
1.6648102
1.565445
1.1069489
0.57424927
0.31567383
-0.027908325
-0.5666046
-0.5354767
0.19236755
0.84480286
0.90823364
0.61494446
0.41264343
0.43058777
0.78015137
1.2314606
1.4816589
1.5163574
1.6145325
1.8312073
2.0299225
2.1508331
2.1292877
2.0802002
2.114914
2.3351746
2.6320648
2.8247986
2.8894348
2.664383
2.4165955
2.0107574
1.6013641
1.1225128
1.0363312
1.4613037
1.6648102
1.4828491
1.4613037
1.5570679
1.7354279
2.0347137
2.3136444
2.3387756
2.217865
2.3016663
2.530304
2.6356506
2.5219269
2.269333
2.0646362
2.0861816
2.209488
2.2346344
1.9138031
1.4241791
1.0267487
1.0494995
0.78852844
0.25222778
0.13371277
0.67959595
1.3655243
1.6600189
1.4457397
1.387085
1.5510864
1.8132477
2.0574493
1.984436
2.2765198
2.1963196
2.1484375
1.936554
1.6145325
1.7498016
2.2286377
2.5602417
2.5111542
2.3926392
2.518341
2.8080292
2.933731
2.846344
2.329193
1.7294464
1.3200378
1.1440582
0.9621124
0.84599304
0.8531647
0.8447876
0.9680939
1.3236389
1.7426147
2.004776
1.9245758
1.6540375
1.529541
1.6468506
1.8731079
1.8934479
1.68396
1.58461
1.6612244
1.7893066
1.6600189
1.5283356
1.5032043
1.6576233
1.3535614
0.47250366
-0.23500061
-0.32717896
0.13371277
0.5479126
0.6532593
0.624527
0.8842926
1.2314606
1.5678406
1.8910522
2.2406158
2.4381256
2.308838
1.9868317
1.7617798
1.6336823
1.6432495
1.7246704
1.818039
1.9952087
2.304062
2.5949554
2.6691742
2.2298431
1.4541168
0.7837372
0.74183655
0.94654846
0.90345764
0.78852844
0.76937866
0.9345703
1.213501
1.4888306
1.7270508
1.8120575
1.7306519
1.5642548
1.5858002
1.7390289
1.8683167
1.8312073
1.7677612
1.613327
1.3858795
1.1632233
1.1787872
1.3942566
1.5881958
1.4062347
0.6053772
-0.2709198
-0.73898315
-0.4133606
0.42939758
1.1871643
1.6624146
1.9174042
2.0957642
1.984436
1.8491516
1.9149933
2.0167542
2.2753296
2.3926392
2.169983
1.9832306
2.107727
2.1221008
1.818039
1.6504364
1.8874664
2.2011108
2.25737
2.1436462
1.8323975
1.4888306
1.3619385
1.4732666
1.2960968
1.1225128
0.71191406
0.24385071
0.4389801
1.1117401
1.6815643
2.0502777
1.9018402
1.6109314
1.6145325
1.8742981
2.1675873
2.0694275
1.7761383
1.692337
1.7426147
1.5726318
1.2709656
1.0387268
0.9226074
0.6855774
-0.018325806
-0.7916565
-0.7449646
0.19476318
1.1380768
1.8216248
2.0419006
1.8455658
1.7737427
1.8719025
2.0347137
2.2789154
2.6356506
2.8666992
2.7098846
2.2346191
1.8156433
1.7534027
1.9269714
2.0574493
2.305252
2.446518
2.542282
2.2944794
1.9461212
1.3008881
0.9489441
1.3308105
1.6181183
1.2230835
0.78015137
0.54670715
0.43537903
0.63290405
1.1261139
1.6983185
2.2717285
2.6476288
2.7421875
2.351944
1.7043152
1.2470245
1.1093597
1.2625732
1.355957
1.3044739
1.237442
1.1488495
1.197937
1.3990479
1.2625732
0.6867676
-0.075790405
-0.2361908
0.42341614
1.0985718
1.2984924
1.4409485
1.8994446
2.2478027
2.210678
2.1999207
2.4297485
2.719452
2.743393
2.4692535
2.1328735
2.0215454
2.1831512
2.1651917
1.9784393
2.0957642
2.5291138
2.8188171
2.6057281
1.9640808
1.1524506
0.5191803
0.6376953
1.2350464
1.6851654
1.6217194
1.1991272
0.8807068
0.91181946
1.3152466
1.6935425
1.8719025
2.123291
2.4201813
2.6392365
2.5147552
2.1137238
1.8407898
2.015564
2.5003815
2.5267181
2.102951
1.9078217
2.147232
2.2561798
2.2082977
1.6169128
0.826828
0.36953735
0.51438904
1.0542908
1.4780579
1.5917816
1.624115
2.0382996
2.6188965
2.8583221
2.7541656
2.556656
2.3818665
2.3016663
2.300476
2.2070923
2.0814056
2.1256866
2.2011108
2.3926392
2.8451538
3.1240692
2.6895294
2.0849915
1.652832
1.3691254
1.5953827
2.25737
2.4764404
1.9592896
1.2314606
0.80049133
0.9034424
1.281723
1.589386
1.9820404
2.4740448
2.743393
2.767334
2.5674133
2.1580048
1.652832
1.4732666
1.7689514
2.1436462
2.1364594
1.6636047
1.2518005
1.1644135
1.3104706
0.9273987
0.27856445
-0.032684326
0.14448547
0.68078613
0.8914795
0.76937866
0.7143097
1.0052032
1.52594
2.0562592
2.509964
2.834381
2.854721
2.5243225
2.2190704
2.142456
2.173584
2.250183
2.1412506
1.9736633
1.865921
1.8946533
1.865921
1.5953827
1.1692047
0.8184662
0.6365051
0.7645874
0.84599304
1.0231628
1.1296997
1.1943512
1.2458191
1.3990479
1.6612091
1.831192
1.7126923
1.4277802
1.2350464
1.3104706
1.5211487
1.6672058
1.6947327
1.7450104
1.9389343
1.7138824
0.9633026
0.7131195
1.094986
1.6013641
1.4840393
0.66163635
-0.03388977
-0.10092163
0.4796753
1.1201324
1.4134216
1.3822937
1.5510864
1.6731873
1.6779785
1.8491516
2.162796
2.3591309
2.4249725
2.2585754
1.8491669
1.6193085
1.7917023
2.1233063
1.980835
1.6420593
1.9173889
2.3244019
2.3663025
1.8754883
1.0937958
0.38989258
0.40785217
0.9273987
1.5223541
1.7881165
1.2949066
0.5598755
0.2845459
0.52516174
1.0770264
1.5594635
1.8335876
1.9832306
2.1364594
2.209488
2.0562592
1.6719971
1.1009674
0.79211426
0.861557
0.93696594
0.7633972
0.45812988
0.4497528
0.7502289
0.7933197
0.33003235
-0.1847229
-0.37387085
-0.17634583
0.22828674
0.6855774
1.273346
1.9509125
2.5123596
2.640442
2.5291138
2.5434723
2.640442
2.5782013
2.260971
1.9078217
1.8455658
2.0933685
2.1771698
1.9952087
2.1137238
2.554245
2.4261627
1.9628906
1.7306519
1.5474854
1.2158966
1.0291443
0.98005676
0.9226074
1.1524506
1.2482147
1.1476593
1.2805328
1.6396637
2.0586548
2.423767
2.6572113
2.7230377
2.530304
2.193924
2.0047913
2.1005554
2.3902435
2.7338104
2.9038086
2.679947
2.0825958
1.6552277
1.7366333
1.9018402
1.58461
0.8519745
0.22589111
0.2558136
0.5443115
0.7502289
0.6712036
0.47009277
0.63409424
1.2003326
1.7881012
2.3782806
2.3663025
1.7306519
1.4996033
1.5929718
1.7378387
1.7809296
1.7390289
1.5929871
1.4229889
1.5798187
1.9796448
2.3411713
2.3686981
1.7162781
0.8304291
0.25701904
0.3420105
0.74064636
0.6772003
0.61135864
0.47009277
0.17800903
0.06907654
0.34918213
0.82922363
1.3463745
1.7689514
2.0047913
2.068222
2.0263214
1.905426
1.8611298
1.9676819
1.9928131
1.8312073
1.5642548
1.2745514
1.0363312
1.0040131
1.1943359
1.5127716
1.5702362
1.2146912
0.9297943
0.87472534
0.921402
0.9896393
0.8699341
0.70233154
0.727478
1.0746307
1.518753
1.9078217
2.1843567
2.2274475
2.1532288
1.9784393
1.84198
1.886261
2.0562592
2.1101227
2.0371094
1.9916077
2.1292877
2.3076477
2.3028564
1.807251
1.0075989
0.36116028
0.063079834
0.2510376
0.59698486
0.6568451
0.46769714
0.31088257
0.43537903
0.8627472
1.332016
1.7342377
2.0945587
2.2011108
2.1795654
2.2908936
2.3854675
2.1496277
1.7725525
1.6468506
1.6217194
1.3798981
1.1692047
1.2003326
1.4457397
1.5163727
0.95492554
-0.24937439
-1.2250061
-1.0597992
0.25222778
1.3296204
1.4493256
0.65205383
0.036743164
0.2450409
0.90704346
1.2577972
1.2278595
1.173996
1.1883698
1.2422333
1.2565918
1.1883545
1.142868
1.1285095
1.1177368
1.3284149
1.6360779
1.4241791
0.88549805
0.45573425
0.28096008
-0.07460022
-0.14042664
0.51438904
1.2565918
1.3894806
0.8986664
0.54551697
0.59220886
0.71310425
0.37312317
0.008010864
0.053497314
0.2737732
0.72268677
1.0518951
1.118927
0.945343
0.9226074
0.83522034
0.60058594
1.2913055
1.3571472
1.1512451
0.9118347
1.0375214
1.1225128
0.80648804
1.1045685
1.3619385
1.1955414
0.881897
0.65444946
0.6568451
0.687973
0.7250824
0.8651428
1.0746307
1.2793427
1.3631439
1.3308105
1.3727112
1.5379181
1.6612091
1.5977631
1.4828491
1.3822937
1.3523712
1.371521
1.5067902
1.558258
1.4756622
1.2984924
1.2386475
1.2781372
1.276947
1.213501
1.2314606
1.3499603
1.4924316
1.5642548
1.5283356
1.4134064
1.2649689
1.0925903
1.0710449
1.1895599
1.3583527
1.1333008
1.4122162
1.4589081
1.4134216
1.4469299
1.5007935
1.5642395
1.6169128
1.5858002
1.5163574
1.4684753
1.4600983
1.371521
1.2039185
1.0494995
1.0099945
1.1512451
1.3332062
1.466095
1.5522766
1.6277008
1.5953674
1.4098206
1.1847687
1.2027283
1.4229889
1.6037445
1.5965729
1.4122162
1.2434235
1.2949066
1.6504364
1.9545135
1.8084564
1.5810089
1.6648102
1.5750275
1.6205139
1.6169128
1.4960175
1.3894653
1.3188477
1.3236389
1.450531
1.6648102
1.8611298
1.8395844
1.589386
1.3667297
1.387085
1.5546722
1.6815643
1.6085358
1.4936218
1.5007935
1.5355225
1.6121368
1.7222595
1.6456604
1.474472
1.3487701
1.3547516
1.4660797
1.5750275
1.6875458
1.7210693
1.5594635
1.415802
1.3966522
1.5486908
1.6121368
1.5163727
1.4325714
1.4469299
1.4373627
1.3535614
1.3906708
1.4337616
1.4493256
1.4134216
1.3631439
1.3008881
1.2206726
1.1895599
1.1967316
1.2266693
1.1943359
1.1356964
1.1500549
1.1943512
1.2805328
1.2565918
1.173996
1.1656189
1.2577972
1.3619385
1.3703156
1.3703156
1.3439789
1.3523712
1.395462
1.3775024
1.376297
1.4792633
1.4876404
1.360733
1.2697601
1.2170868
1.1572418
1.1548462
1.2482147
1.3008881
1.2565918
1.1931458
1.2242737
1.3356018
1.4445343
1.3739166
1.3068695
1.3846893
1.4505157
1.5019989
1.4493256
1.3032837
1.2230835
1.3104706
1.3822937
1.4373627
1.3787079
1.3631287
1.4768677
1.549881
1.5295258
1.4253845
1.3200378
1.2422333
1.26857
1.3224335
1.3643341
1.411026
1.3655396
1.371521
1.3499756
1.3379974
1.4217987
1.4924164
1.5702362
1.5283356
1.4301758
1.3966522
1.4038391
1.336792
1.3451843
1.3846893
1.3942566
1.431366
1.4960175
1.5726318
1.5774231
1.558258
1.5642548
1.5379181
1.5043945
1.4481354
1.3487701
1.281723
1.3332062
1.3763123
1.3128662
1.2937012
1.4194031
1.5941772
1.6815643
1.6731873
1.6025543
1.5786133
1.5702362
1.5271454
1.518753
1.5917816
1.6253052
1.5558624
1.518753
1.5056
1.4900208
1.4948273
1.5319214
1.5834045
1.5666504
1.529541
1.5367126
1.6300812
1.7581787
1.7509918
1.6672058
1.6468506
1.7066956
1.7066956
1.6480408
1.6300964
1.6264954
1.5977783
1.5905914
1.6360779
1.6324921
1.613327
1.6264954
1.6540375
1.6576233
1.6540375
1.6899414
1.7773438
1.7893066
1.7569885
1.747406
1.7641602
1.76297
1.7904968
1.76297
1.6911469
1.6899414
1.7976837
1.8862762
1.8359985
1.6779785
1.5462952
1.5271454
1.5570679
1.6013641
1.6803741
1.7569885
1.7952881
1.8060608
1.8240204
1.7581787
1.6552277
1.613327
1.6719971
1.7043152
1.6755829
1.6253052
1.6552277
1.7246552
1.8347931
1.7904968
1.6624146
1.5989685
1.7162781
1.8707123
1.9401398
1.8922577
1.8012695
1.7306366
1.7258606
1.7749481
1.8288116
1.8898621
1.9856262
2.0035858
1.9976044
1.9940186
1.9976044
2.032318
2.0789948
1.9916077
1.8874664
1.9138031
1.9820404
2.063446
2.0502777
1.9868317
2.0131683
2.1364594
2.205902
2.209488
2.1604004
2.0490723
1.9700623
1.960495
1.9892273
2.0011902
2.004776
2.0622406
2.1053314
2.0419006
1.980835
1.976059
1.936554
1.9640808
1.980835
1.9293671
1.9138031
1.9557037
2.0311127
1.9724579
1.8443756
1.8898621
2.0730133
2.17836
2.0981598
1.944931
1.9090118
1.8898621
1.9018402
1.9856262
2.0849915
2.1376648
2.1412506
2.092163
2.0
1.881485
1.8551483
1.8671112
1.9090118
1.9221802
1.8683167
1.881485
2.008377
2.1256866
1.9772491
1.9042206
2.2130737
2.0778046
1.8060608
1.9856262
1.9461212
1.9904175
1.7845154
