-0.07229614
-0.1947937
-0.43341064
-0.5399475
-0.5079956
-0.40785217
-0.3007965
-0.21769714
-0.13568115
-0.031280518
0.068862915
0.08857727
0.035308838
-0.02116394
-0.083480835
-0.12928772
-0.13035583
-0.083480835
6.713867E-4
0.07525635
0.10028076
0.08004761
0.055007935
0.048614502
0.048080444
0.052886963
0.041168213
0.008666992
-0.014770508
-0.034484863
-0.06750488
-0.08560181
-0.0770874
-0.057388306
-0.068573
-0.10850525
-0.13726807
-0.14898682
-0.1282196
-0.08666992
-0.073898315
-0.11064148
-0.13993835
-0.13568115
-0.13301086
-0.14367676
-0.14207458
-0.1282196
-0.11224365
-0.07762146
-0.049926758
-0.05204773
-0.04725647
-0.024887085
-9.1552734E-4
0.012924194
0.009735107
0.013458252
0.031036377
0.036895752
0.03050232
0.03742981
0.047561646
0.022506714
-0.016906738
-0.040863037
-0.041931152
-0.038208008
-0.05630493
-0.06750488
-0.05204773
-0.028076172
-0.0062408447
0.026245117
0.044891357
0.018249512
-0.0259552
-0.05204773
-0.059509277
-0.051513672
-0.019561768
0.012390137
0.02784729
0.03050232
0.031570435
0.051818848
0.07632446
0.08483887
0.080581665
0.076309204
0.0869751
0.108810425
0.09921265
0.03477478
-0.01689148
0.0022735596
0.06991577
0.10934448
0.088027954
0.035308838
-0.001449585
-0.0019836426
0.006011963
-9.1552734E-4
-0.009979248
-0.011047363
-0.0035858154
0.008666992
0.013458252
6.866455E-4
-0.016906738
-0.014770508
-0.0046539307
-0.0030517578
-0.008377075
-0.004119873
0.0054626465
0.00440979
-0.001449585
0.0028076172
0.026245117
0.0443573
0.02571106
1.373291E-4
0.00440979
0.036376953
0.059280396
0.056610107
0.0443573
0.040100098
0.036376953
0.024642944
0.01612854
0.0124053955
0.010269165
0.005996704
0.0049438477
0.001739502
-3.8146973E-4
-9.1552734E-4
-9.1552734E-4
-0.008377075
-0.015304565
-0.009979248
6.713867E-4
0.010803223
1.5258789E-4
-0.024887085
-0.039260864
-0.032348633
-0.03340149
-0.06750488
-0.08454895
-0.05683899
-0.0025177002
0.04170227
0.05128479
0.026245117
0.0028076172
0.009735107
0.02571106
0.028366089
0.012924194
-0.001449585
-0.005706787
-0.004119873
0.005996704
0.00920105
-0.010513306
-0.03553772
-0.040863037
-0.037139893
-0.035003662
-0.02116394
0.0022735596
0.016662598
0.010787964
-0.004119873
-0.01210022
-0.012634277
-0.0067749023
0.0113220215
0.043289185
0.047546387
0.009735107
-0.018493652
0.0033416748
0.057144165
0.08164978
0.07258606
0.060333252
0.055541992
0.055541992
0.0635376
0.07044983
0.06300354
0.047561646
0.042236328
0.057678223
0.07044983
0.058746338
0.05342102
0.08164978
0.09390259
0.0635376
0.028381348
0.029968262
0.052886963
0.051818848
0.029434204
0.007598877
0.00440979
0.021453857
0.033706665
0.010787964
-0.022750854
-0.02116394
0.023040771
0.068862915
0.080581665
0.045425415
-0.014770508
-0.039794922
-0.022232056
1.373291E-4
0.0012054443
-0.010513306
-0.02116394
-0.019561768
0.013458252
0.035827637
0.0065307617
-0.06271362
-0.116500854
-0.116500854
-0.09199524
-0.076553345
-0.053115845
-0.01210022
0.020385742
0.019851685
0.008666992
0.0070648193
0.0209198
0.03742981
0.026245117
-0.004119873
-0.01689148
0.0038757324
0.05342102
0.0912323
0.07046509
0.00440979
-0.04034424
-0.010513306
0.061935425
0.07472229
0.0038757324
-0.07815552
-0.09359741
-0.042999268
-0.020095825
-0.041931152
-0.07229614
-0.095199585
-0.10157776
-0.09680176
-0.08720398
-0.08187866
-0.09199524
-0.11224365
-0.114364624
-0.085617065
-0.066970825
-0.06750488
-0.08987427
-0.10638428
-0.09199524
-0.08241272
-0.08773804
-0.07336426
-0.00730896
0.072052
0.11306763
0.07472229
-0.05206299
-0.22994995
-0.3561859
-0.3620453
-0.277359
-0.2027893
-0.18734741
-0.20065308
-0.24113464
-0.2581787
-0.20066833
-0.057907104
0.0443573
0.0038757324
-0.060043335
-0.16123962
-0.23901367
-0.16551208
-0.07122803
-0.011047363
0.061401367
0.15515137
0.1737976
0.071517944
-0.02330017
0.043289185
0.2472992
0.42892456
0.42092896
0.12850952
-0.24752808
-0.43714905
-0.37802124
-0.1750946
0.0022735596
0.019317627
-0.07815552
-0.08241272
0.09069824
0.26167297
0.24409485
0.042236328
-0.13354492
-0.16816711
-0.118637085
-0.066970825
-0.04460144
-0.033935547
-0.044067383
-0.05630493
-0.032348633
0.021972656
0.06939697
0.075790405
0.038497925
0.078445435
0.22279358
0.3096161
0.15515137
-0.06430054
-0.13781738
-0.14952087
-0.17774963
-0.213974
-0.19000244
-0.14845276
-0.19692993
-0.2619171
-0.18733215
0.005996704
0.1578064
0.19242859
0.14501953
0.07098389
0.029434204
-0.01637268
-0.107437134
-0.15325928
-0.10850525
-0.06855774
-0.097854614
-0.114364624
-0.060043335
0.04914856
0.08164978
-0.19586182
-0.64967346
-0.84194946
-0.5276947
0.03263855
0.42359924
0.4592743
0.24569702
0.032104492
-0.036605835
0.07684326
0.26060486
0.33677673
0.22439575
0.012924194
-0.13035583
-0.1324768
-0.019561768
0.08164978
0.094955444
0.101882935
0.21586609
0.38311768
0.5184021
0.6531677
0.75808716
0.6286621
0.27871704
0.056610107
0.11946106
0.22225952
0.10986328
-0.13407898
-0.26457214
-0.24539185
-0.14900208
-0.068573
-0.03501892
-0.038742065
-0.037139893
-0.001449585
0.026245117
0.021453857
-0.040863037
-0.1942749
-0.42010498
-0.54740906
-0.43980408
-0.22515869
-0.071762085
0.028900146
0.10614014
0.085372925
-0.033416748
-0.10371399
0.059265137
0.3895111
0.6339874
0.6329193
0.3852539
0.120529175
-0.01423645
-0.06378174
-0.017974854
0.09869385
0.14929199
0.07791138
-0.036071777
-0.11543274
-0.1543274
-0.13301086
-0.06750488
0.033172607
0.17538452
0.3026886
0.39323425
0.4672699
0.49923706
0.4092102
0.1892395
0.031570435
0.0869751
0.20307922
0.16207886
-0.05418396
-0.26350403
-0.28800964
-0.16444397
-0.033416748
0.01612854
-0.05897522
-0.1473999
-0.12715149
-0.033416748
0.009735107
-0.058441162
-0.14152527
-0.10797119
0.03956604
0.12532043
0.057678223
-0.06111145
-0.118637085
-0.07122803
-0.048324585
-0.18574524
-0.29066467
-0.16870117
0.07897949
0.20840454
0.14396667
0.02784729
-0.014770508
-0.0121154785
0.01399231
0.09602356
0.1977539
0.2361145
0.20414734
0.10295105
-0.020095825
-0.1244812
-0.19372559
-0.22036743
-0.23422241
-0.22729492
-0.17669678
-0.07601929
0.07897949
0.24516296
0.31600952
0.17112732
-0.10798645
-0.1905365
0.052886963
0.2819214
0.19296265
-0.08987427
-0.25552368
-0.1628418
0.026779175
0.06726074
0.0054626465
-0.014770508
0.015579224
0.028900146
-0.011047363
-0.08294678
-0.1708374
-0.27096558
-0.32263184
-0.27415466
-0.17349243
-0.08506775
-0.06271362
-0.16497803
-0.31837463
-0.36897278
-0.3466034
-0.37109375
-0.37483215
-0.22409058
-0.012634277
0.060333252
-0.07122803
-0.24913025
-0.30984497
-0.2374115
-0.068573
0.14396667
0.34902954
0.47685242
0.4880371
0.41027832
0.27764893
0.11680603
0.010253906
0.008666992
0.050216675
0.060333252
0.07525635
0.17591858
0.32824707
0.46247864
0.55355835
0.45022583
0.18338013
0.082717896
0.31227112
0.53970337
0.4012146
0.001739502
-0.277359
-0.3151703
-0.19000244
-0.031280518
0.016113281
-0.020095825
-0.04034424
0.0113220215
0.10507202
0.17059326
0.18977356
0.13703918
-0.0035858154
-0.14845276
-0.2262268
-0.3231659
-0.51651
-0.5644531
-0.3519287
-0.111709595
-0.045669556
-0.15698242
-0.3785553
-0.52130127
-0.3988037
-0.14047241
-0.013702393
-0.17562866
-0.44779968
-0.57136536
-0.46218872
-0.1750946
0.13383484
0.3453064
0.41293335
0.3293152
0.24143982
0.28936768
0.47792053
0.644104
0.61268616
0.38790894
0.13597107
0.07525635
0.24942017
0.46939087
0.46887207
0.17912292
-0.078689575
0.009735107
0.32666016
0.4587555
0.25369263
-0.036071777
-0.20013428
-0.19532776
-0.08401489
-0.005706787
0.019851685
0.035842896
0.05607605
0.08111572
0.0869751
0.035842896
-0.042999268
-0.0925293
-0.15751648
-0.25552368
-0.34179688
-0.38015747
-0.3354187
-0.2731018
-0.15325928
0.12904358
0.30854797
0.07951355
-0.41157532
-0.63635254
-0.4339447
-0.10319519
0.048095703
-0.06324768
-0.28907776
-0.4019928
-0.32955933
-0.15644836
-0.012634277
0.036361694
0.013458252
-0.013702393
0.008132935
0.058746338
0.075790405
0.026245117
-0.032348633
-0.05897522
-0.031814575
0.10241699
0.30641174
0.38737488
0.23718262
-0.06643677
-0.21769714
0.012390137
0.36767578
0.47206116
0.22279358
-0.16444397
-0.3950653
-0.35139465
-0.14100647
0.019317627
0.052352905
0.029434204
-0.02116394
-0.10319519
-0.17456055
-0.19799805
-0.15484619
-0.09094238
-0.044067383
-0.03767395
-0.029144287
0.01399231
0.09336853
0.259552
0.4092102
0.2749939
-0.3551178
-1.0624542
-1.010788
-0.21609497
0.5407715
0.6686096
0.2680664
-0.17295837
-0.32688904
-0.2027893
-0.01210022
0.106674194
0.12425232
0.07046509
0.05128479
0.08590698
0.085372925
0.038497925
0.032104492
0.09176636
0.1578064
0.15515137
0.13224792
0.22172546
0.38204956
0.35542297
-0.028625488
-0.35246277
-0.1308899
0.31654358
0.3969574
0.16687012
0.03477478
0.10720825
0.20574951
0.16419983
-0.011566162
-0.19320679
-0.26138306
-0.18574524
-0.06323242
0.022506714
0.06565857
0.07418823
0.032104492
-0.078689575
-0.20918274
-0.21557617
-0.03981018
0.24516296
0.44117737
0.3618164
-0.02116394
-0.42063904
-0.47442627
-0.14846802
0.2211914
0.3058777
0.061401367
-0.25178528
-0.342865
-0.18467712
0.044891357
0.16687012
0.17112732
0.17378235
0.24143982
0.2680664
0.1737976
0.04170227
-0.013702393
0.001739502
0.017181396
0.034240723
0.09815979
0.19242859
0.22758484
0.14929199
-0.0110321045
-0.09359741
0.075790405
0.39057922
0.53544617
0.32559204
-0.010513306
-0.22036743
-0.24752808
-0.20651245
-0.22462463
-0.3162384
-0.42915344
-0.38760376
-0.17988586
-0.0019836426
-0.0051879883
-0.13780212
-0.21662903
-0.15698242
-0.043533325
0.028366089
0.044891357
0.07897949
0.17645264
0.24783325
0.14822388
-0.22302246
-0.70399475
-0.84780884
-0.502121
-0.021697998
0.1934967
0.058746338
-0.21183777
-0.36418152
-0.29812622
-0.1394043
-0.043533325
-0.046722412
-0.10266113
-0.12182617
-0.032348633
0.10028076
0.19668579
0.23823547
0.23025513
0.21905518
0.2446289
0.35594177
0.53330994
0.6238556
0.49284363
0.1934967
-0.015838623
0.0038757324
0.08377075
0.032104492
-0.09786987
-0.15751648
-0.08560181
0.037963867
0.118927
0.099227905
-0.020095825
-0.16763306
-0.22143555
-0.14845276
0.02784729
0.12159729
-0.038208008
-0.26617432
-0.28108215
-0.10159302
0.12797546
0.33891296
0.50242615
0.5322571
0.32240295
-0.06590271
-0.37483215
-0.35990906
-0.059509277
0.1972351
0.17378235
-0.06750488
-0.25126648
-0.16017151
0.10295105
0.29682922
0.29522705
0.18444824
0.12106323
0.14129639
0.18070984
0.18870544
0.07258606
-0.09147644
-0.13673401
-0.12236023
-0.20704651
-0.30026245
-0.13142395
0.21800232
0.47792053
0.35168457
-0.11810303
-0.45684814
-0.45684814
-0.3519287
-0.32102966
-0.27522278
-0.16976929
-0.052581787
0.061935425
0.1466217
0.19030762
0.21374512
0.19989014
0.11679077
-0.010513306
-0.08401489
-0.058441162
-0.11917114
-0.2965393
-0.37376404
-0.2459259
-0.03074646
0.09762573
0.0954895
0.042770386
-0.013702393
-0.14419556
-0.2970581
-0.26617432
-0.05418396
0.1269226
0.15408325
0.06726074
-0.048858643
-0.1159668
-0.042999268
0.15515137
0.37139893
0.4480896
0.35754395
0.2558136
0.18391418
0.080581665
-0.0014648438
0.0028076172
0.011856079
0.014526367
0.022506714
0.010803223
-0.06750488
-0.20172119
-0.3631134
-0.2416687
-0.109573364
-0.013168335
-0.008911133
-0.10424805
-0.2027893
-0.19000244
-0.02809143
0.068862915
0.055541992
0.17645264
0.3980255
0.57325745
0.6222687
0.54823303
0.3857727
0.25741577
0.28457642
0.34902954
0.3191986
0.16685486
-0.057907104
-0.2027893
-0.22782898
-0.26138306
-0.3204956
-0.3561859
-0.4142456
-0.56285095
-0.7375488
-0.7407532
-0.56285095
-0.35139465
-0.27363586
-0.39134216
-0.5298157
-0.5585785
-0.50639343
-0.4451294
-0.4382019
-0.45205688
-0.3742981
-0.14952087
0.10134888
0.24142456
0.31547546
0.3570099
0.3804474
0.41825867
0.46514893
0.43850708
0.36819458
0.36393738
0.44543457
0.31599426
0.022506714
-0.10266113
0.016113281
0.22439575
0.21853638
-0.1005249
-0.5042572
-0.63635254
-0.36418152
0.01878357
0.2361145
0.23504639
0.07312012
-0.07548523
-0.05204773
0.104019165
0.21533203
0.24942017
0.20521545
1.373291E-4
-0.12715149
-0.18467712
-0.16549683
-0.1947937
-0.3274231
-0.4888153
-0.5287628
-0.43927002
-0.22994995
-0.057907104
-0.033935547
-0.033950806
0.033706665
0.08644104
-0.027557373
-0.21609497
-0.22729492
-9.1552734E-4
0.27764893
0.45448303
0.49443054
0.421463
0.26913452
0.13438416
0.058746338
-0.045135498
-0.2336731
-0.38441467
-0.38601685
-0.2997284
-0.26138306
-0.16072083
0.10774231
0.39004517
0.49389648
0.3564911
0.165802
0.13864136
0.25901794
0.35435486
0.30482483
0.15461731
-0.020095825
-0.12875366
-0.07388306
0.07418823
0.122665405
0.028381348
-0.053649902
0.00920105
0.15194702
0.2089386
0.12425232
0.012924194
-0.07922363
-0.24220276
-0.5010681
-0.7146454
-0.6842804
-0.40519714
-0.08294678
0.068862915
0.0022735596
-0.19906616
-0.41371155
-0.4888153
-0.371109
-0.119155884
0.18444824
0.42199707
0.46461487
0.36767578
0.29789734
0.24888611
0.1934967
0.13224792
0.108810425
0.1508789
0.20947266
0.25422668
0.2366333
0.0869751
0.01612854
0.15834045
0.3607483
0.42092896
0.26060486
0.023040771
-0.09732056
-0.08880615
-0.034469604
-0.02381897
-0.019561768
0.09390259
0.27072144
0.36872864
0.36712646
0.40122986
0.42359924
0.32026672
0.15141296
0.012924194
-0.047790527
-0.015838623
0.036895752
-0.029144287
-0.28268433
-0.5889435
-0.7077179
-0.52290344
-0.22143555
-0.08560181
-0.22302246
-0.4808197
-0.5346222
-0.30133057
-0.036605835
0.007598877
-0.068573
-0.042999268
0.1269226
0.3138733
0.39537048
0.42945862
0.4491577
0.4203949
0.30908203
0.1466217
0.020385742
-0.09680176
-0.213974
-0.2454071
-0.18788147
-0.102127075
-0.00944519
0.07046509
0.10720825
0.04701233
-0.0067749023
0.06086731
0.1381073
0.0912323
-0.044067383
-0.17456055
-0.23475647
-0.22569275
-0.18309021
-0.12075806
-0.08241272
-0.07336426
-0.054718018
-0.0019836426
0.10081482
0.19456482
0.18444824
0.07897949
-0.0019836426
0.017181396
0.1269226
0.18231201
0.047027588
-0.17562866
-0.2496643
-0.08773804
0.08963013
0.09283447
-0.08187866
-0.3039856
-0.39720154
-0.31837463
-0.20065308
-0.16549683
-0.15751648
-0.069107056
0.051818848
0.10081482
0.06619263
0.052886963
0.08111572
0.10295105
0.07258606
-0.08081055
-0.31570435
-0.43182373
-0.33328247
-0.06536865
0.20254517
0.27713013
0.2446289
0.23504639
0.21586609
0.06832886
-0.11489868
-0.17082214
-0.1005249
-0.0025177002
0.04649353
0.024108887
-0.031280518
-0.053115845
-9.1552734E-4
0.10081482
0.1535492
0.1104126
0.053955078
0.059280396
0.115722656
0.16633606
0.13331604
-9.3078613E-4
-0.102127075
-0.10531616
-0.14846802
-0.25073242
-0.28375244
-0.16496277
-0.04246521
-0.03288269
-0.13301086
-0.2848053
-0.33700562
-0.21983337
-0.062179565
0.027313232
0.07098389
0.078445435
0.099227905
0.18496704
0.2749939
0.27445984
0.19509888
0.09762573
0.052886963
0.06513977
0.041168213
-0.07548523
-0.23954773
-0.30877686
-0.23101807
-0.057388306
0.15994263
0.31973267
0.35647583
0.25209045
0.13597107
0.12213135
0.16847229
0.13064575
-0.013168335
-0.11756897
-0.071762085
0.062469482
0.16261292
0.18391418
0.1423645
0.10295105
0.11999512
0.15621948
0.10827637
-0.055252075
-0.21290588
-0.26617432
-0.20811462
-0.09413147
0.004928589
0.0038757324
-0.17349243
-0.36631775
-0.37216187
-0.19213867
-0.012634277
0.034240723
-3.9672852E-4
0.00440979
0.06939697
0.10455322
0.028381348
-0.043533325
0.05607605
0.2472992
0.34423828
0.34584045
0.32398987
0.2558136
0.14608765
0.080581665
0.12159729
0.16207886
0.097091675
-0.01637268
-0.005722046
0.110946655
0.17857361
0.13064575
0.07418823
0.057144165
0.01399231
-0.097854614
-0.19746399
-0.14579773
0.039031982
0.22758484
0.3138733
0.29629517
0.21640015
0.16738892
0.2323761
0.35221863
0.37937927
0.22972107
0.018249512
-0.059509277
0.020385742
0.12158203
0.073654175
-0.048324585
-0.06376648
-0.022750854
-0.08666992
-0.36576843
-0.6896057
-0.7769623
-0.5260925
-0.20918274
-0.1585846
-0.3753662
-0.47016907
-0.32209778
-0.095199585
0.0443573
0.0022735596
-0.16656494
-0.2874756
-0.2374115
-0.066970825
0.03050232
0.013458252
-0.029144287
-0.035003662
-0.029678345
-0.06111145
-0.039276123
0.08270264
0.13224792
-0.016906738
-0.08720398
0.07044983
0.18656921
0.21214294
0.18870544
0.16899109
0.07577515
-0.11064148
-0.2262268
-0.15219116
0.015594482
0.054489136
-0.041397095
-0.13780212
-0.167099
-0.15486145
-0.13568115
-0.066970825
0.055541992
0.118392944
0.035308838
-0.10317993
-0.1473999
-0.1394043
-0.18574524
-0.2736206
-0.3316803
-0.2496643
-0.010513306
0.29896545
0.49017334
0.37779236
-0.09945679
-0.63049316
-0.54792786
0.13969421
0.7602234
0.7256012
0.1146698
-0.46591187
-0.56285095
-0.277359
0.026779175
0.10987854
0.009735107
-0.01902771
0.10134888
0.17912292
0.052886963
-0.19425964
-0.31037903
-0.2182312
-0.050994873
0.054473877
0.07951355
0.15408325
0.25102234
0.19509888
0.14022827
0.2669983
0.40602112
0.37139893
0.21905518
0.12159729
0.10028076
0.064590454
0.015060425
0.014526367
0.10562134
0.20521545
0.24304199
0.23184204
0.15940857
0.059799194
-0.019561768
-0.0770874
-0.11810303
-0.14898682
-0.17616272
-0.19213867
-0.15431213
-0.031814575
0.090164185
0.03691101
-0.34074402
-0.9559326
-1.2350311
-0.9053345
-0.23101807
0.27178955
0.3383789
0.14555359
-0.016906738
0.0012054443
0.1146698
0.1578064
0.09815979
0.014526367
-0.021697998
0.018249512
0.070999146
0.073654175
0.06034851
0.06993103
0.12904358
0.24942017
0.3841858
0.4880371
0.48324585
0.27659607
-0.06643677
-0.22515869
0.042755127
0.4363861
0.48750305
0.17112732
-0.16763306
-0.25605774
-0.15219116
-0.058441162
-0.052581787
-0.03767395
0.075790405
0.19721985
0.17485046
0.07472229
0.036376953
0.029434204
0.029968262
0.03477478
0.03742981
0.078445435
0.18710327
0.26646423
0.27978516
0.26487732
0.1977539
-0.033935547
-0.6784363
-1.2850952
-1.2254486
-0.6368866
0.05342102
0.41932678
0.39749146
0.21640015
0.0869751
0.034240723
0.01133728
0.02571106
0.048095703
0.044891357
0.009735107
-0.04032898
-0.07815552
-0.08294678
-0.01423645
0.11946106
0.19935608
0.16313171
0.12638855
0.20202637
0.35221863
0.41773987
0.2584839
-0.0259552
-0.18041992
-0.11489868
-0.033416748
-0.10531616
-0.21450806
-0.20651245
-0.06750488
0.08218384
0.13064575
0.07897949
-0.021697998
-0.09199524
-0.048858643
0.11785889
0.21479797
0.09602356
-0.12501526
-0.23474121
-0.21130371
-0.25125122
-0.32795715
-0.2858734
-0.19319153
-0.26190186
-0.44833374
-0.50372314
-0.3865509
-0.24327087
-0.19107056
-0.099990845
0.14875793
0.3623352
0.09442139
-0.19799805
-0.1862793
-0.07815552
-0.0259552
-0.0962677
-0.09892273
-0.050994873
0.00920105
0.048080444
0.051818848
0.062469482
0.11734009
0.21800232
0.31333923
0.31066895
0.20521545
0.11306763
0.11306763
0.17591858
0.21372986
0.16047668
0.043289185
-0.0062408447
0.16899109
0.4875183
0.6217346
0.44169617
0.10614014
-0.14472961
-0.17295837
-0.05632019
-0.010513306
-0.10157776
-0.26296997
-0.40731812
-0.40625
-0.2624359
-0.06271362
0.08377075
0.2046814
0.28511047
0.22279358
0.04862976
-0.09466553
-0.16444397
-0.2331543
-0.3231659
-0.4211731
-0.54953
-0.6544647
-0.596405
-0.32582092
-0.017959595
0.06513977
-0.1559143
-0.47602844
-0.5841522
-0.41531372
-0.17242432
-0.029678345
0.035842896
0.10134888
0.19403076
0.28564453
0.29736328
0.24783325
0.21586609
0.21372986
0.21372986
0.18496704
0.09442139
-0.022750854
-0.09147644
-0.025421143
0.1423645
0.41667175
0.6409149
0.5445099
0.21000671
-0.076553345
-0.10903931
0.010269165
0.06832886
0.036376953
0.025177002
0.045959473
0.068862915
0.113601685
0.2004242
0.28778076
0.33677673
0.26541138
0.099746704
0.027313232
0.104019165
0.19403076
0.18389893
0.08644104
-0.006790161
-0.12503052
-0.36364746
-0.64486694
-0.74180603
-0.58787537
-0.31730652
-0.10585022
-0.017959595
0.01399231
0.016647339
-0.060577393
-0.18041992
-0.23208618
-0.16656494
-0.029678345
0.08164978
0.16314697
0.21746826
0.21426392
0.23716736
0.28297424
0.30641174
0.33836365
0.47898865
0.67819214
0.737854
0.6195984
0.37405396
0.038497925
-0.17030334
-0.02381897
0.28511047
0.42199707
0.32292175
0.11679077
-0.06376648
-0.19532776
-0.2874756
-0.33702087
-0.35351562
-0.3359375
-0.23634338
-0.053115845
0.1269226
0.25741577
0.3388977
0.32240295
0.19456482
-0.01902771
-0.21716309
-0.33007812
-0.35671997
-0.31144714
-0.15805054
-0.08880615
-0.30239868
-0.5921478
-0.5612488
-0.15325928
0.30215454
0.4949646
0.3857727
0.15408325
0.015594482
0.026245117
0.09336853
0.116256714
0.06460571
0.06034851
0.14768982
0.2131958
0.2046814
0.14183044
0.06993103
0.0443573
0.03744507
0.06460571
0.087509155
0.04170227
0.019317627
0.05342102
0.10774231
0.17964172
0.17112732
0.07897949
-0.041931152
-0.13673401
-0.15219116
-0.069107056
-0.026489258
-0.13887024
-0.29440308
-0.30239868
-0.18307495
-0.08720398
-0.027557373
0.01133728
0.03744507
0.07951355
0.120529175
0.094955444
-0.059509277
-0.24327087
-0.31784058
-0.2496643
-0.064834595
0.021453857
-0.18307495
-0.5500641
-0.77430725
-0.708786
-0.47549438
-0.3119812
-0.26031494
-0.10211182
0.1700592
0.31973267
0.21160889
-0.01210022
-0.120773315
-0.03767395
0.13970947
0.27178955
0.34902954
0.38523865
0.37139893
0.27285767
0.14875793
0.07739258
0.05128479
-0.015304565
-0.10798645
-0.09892273
0.09069824
0.26966858
0.2558136
0.13224792
0.073654175
0.08004761
0.0874939
0.08377075
0.037963867
-0.016906738
0.01133728
0.15301514
0.29096985
0.32240295
0.27552795
0.21960449
0.24676514
0.25367737
0.15089417
0.0028076172
-0.08508301
-0.099990845
-0.14846802
-0.24220276
-0.27256775
-0.17030334
-0.097335815
-0.26138306
-0.51065063
-0.5718994
-0.4563141
-0.35832214
-0.39666748
-0.4877472
-0.40785217
-0.13993835
0.06619263
0.08911133
0.016662598
0.023040771
0.14022827
0.2361145
0.23930359
0.21054077
0.22598267
0.264328
0.31973267
0.34049988
0.21960449
0.010269165
-0.111709595
-0.09892273
-0.102127075
-0.26031494
-0.35246277
-0.1708374
0.094436646
0.20307922
0.099746704
-0.040863037
-0.031280518
0.075790405
0.13597107
0.10562134
0.06939697
0.09602356
0.18231201
0.25209045
0.24569702
0.14982605
0.064071655
0.07737732
0.13278198
0.15940857
0.11999512
-0.01689148
-0.21717834
-0.33807373
-0.24113464
-0.043533325
-0.013168335
-0.13035583
-0.17828369
-0.07548523
0.023040771
-0.04460144
-0.26138306
-0.44940186
-0.44354248
-0.22782898
0.059814453
0.24995422
0.26113892
0.15408325
0.06513977
0.048080444
0.108810425
0.21374512
0.25634766
0.23823547
0.18231201
0.12638855
0.068862915
0.0033416748
-0.052597046
-0.073898315
-0.066970825
0.057678223
0.33198547
0.515213
0.4449005
0.2515564
0.1812439
0.22865295
0.22598267
0.13224792
0.029968262
0.020385742
0.094955444
0.18656921
0.2211914
0.15408325
0.036376953
1.5258789E-4
0.035308838
0.10507202
0.18231201
0.17485046
0.07258606
-0.08454895
-0.2331543
-0.3354187
-0.36843872
-0.39613342
-0.44140625
-0.47283936
-0.41264343
-0.24752808
-0.1308899
-0.16923523
-0.22569275
-0.14526367
0.0022735596
0.03477478
-0.06271362
-0.14793396
-0.12768555
-0.026489258
0.07312012
0.15621948
0.19084167
0.13970947
0.06565857
0.060333252
0.123184204
0.18017578
0.14503479
0.0012054443
-0.07122803
0.07737732
0.20414734
0.059799194
-0.2682953
-0.3854828
-0.16656494
0.12585449
0.25367737
0.1934967
-0.033950806
-0.29600525
-0.36576843
-0.22409058
-0.1197052
-0.21450806
-0.33807373
-0.25871277
-0.097854614
-0.054718018
-0.097854614
-0.10424805
-0.08773804
-0.12236023
-0.1628418
-0.07815552
0.15515137
0.3069458
0.12211609
-0.2874756
-0.678421
-0.7348938
-0.4877472
-0.26882935
-0.19799805
-0.1473999
0.009735107
0.19935608
0.22332764
0.10028076
0.00440979
0.026245117
0.12904358
0.2558136
0.3373108
0.17965698
0.03956604
0.032104492
0.087509155
0.045959473
-0.046203613
-0.060577393
-0.004119873
0.12319946
0.2989502
0.38630676
0.3495636
0.27392578
0.12957764
-0.043533325
-0.020095825
0.13703918
0.13917542
-0.06855774
-0.22781372
-0.17189026
-0.041931152
0.034240723
0.0715332
0.12425232
0.2089386
0.27178955
0.24569702
0.089645386
-0.08668518
-0.19958496
-0.22355652
-0.18734741
-0.167099
-0.18414307
-0.24380493
-0.33114624
-0.32955933
-0.20704651
-0.17881775
-0.38867188
-0.60705566
-0.54953
-0.1479187
0.33145142
0.5982971
0.5306549
0.19828796
-0.13301086
-0.2336731
-0.113845825
0.028915405
0.028381348
-0.11968994
-0.25180054
-0.20758057
-0.038208008
0.057144165
0.00440979
-0.069625854
-0.057907104
0.080581665
0.25634766
0.3650055
0.45341492
0.5184021
0.4283905
0.07951355
-0.25552368
-0.19160461
0.092300415
0.17433167
0.071517944
0.08430481
0.3000183
0.5242615
0.5263977
0.27871704
-0.02809143
-0.17456055
-0.090408325
0.11306763
0.2403717
0.14343262
-0.004119873
-0.029144287
0.050216675
0.10827637
0.023040771
-0.12236023
-0.15751648
-0.13461304
-0.30558777
-0.6022644
-0.59906006
-0.085617065
0.5839081
0.89604187
0.60362244
-0.038742065
-0.47549438
-0.45791626
-0.17082214
0.066726685
0.07632446
-0.045135498
-0.07015991
0.023590088
0.08963013
0.041168213
-0.07229614
-0.12768555
-0.03074646
0.16738892
0.31759644
0.35009766
0.34635925
0.41293335
0.43637085
0.23823547
-0.033935547
-0.058441162
0.21800232
0.44436646
0.28245544
-0.16603088
-0.48295593
-0.39187622
0.023040771
0.42945862
0.5668793
0.40974426
0.115737915
-0.1239624
-0.20225525
-0.14419556
-0.021697998
0.04170227
-0.032348633
-0.1713562
-0.24220276
-0.15112305
0.0209198
0.104003906
0.022521973
-0.19107056
-0.48667908
-0.6779022
-0.5623169
-0.14259338
0.31227112
0.52745056
0.39855957
0.04914856
-0.24859619
-0.30451965
-0.14845276
-0.0051879883
-0.027557373
-0.11010742
-0.1159668
-0.039260864
0.11627197
0.29362488
0.37298584
0.36286926
0.35488892
0.3996277
0.46568298
0.49389648
0.45768738
0.33517456
0.1109314
-0.20651245
-0.37802124
-0.28001404
-0.069625854
0.060333252
0.031036377
-0.10903931
-0.19160461
-0.060043335
0.21160889
0.3847046
0.29203796
0.115737915
0.07472229
0.1737976
0.34317017
0.47525024
0.42997742
0.21000671
-0.001449585
-0.10266113
-0.109573364
-9.1552734E-4
0.16313171
0.21321106
-0.040863037
-0.5266266
-0.8137207
-0.69599915
-0.33381653
-0.09094238
-0.16496277
-0.3476715
-0.35032654
-0.15644836
0.087509155
0.17538452
0.013458252
-0.25178528
-0.37376404
-0.27842712
-0.083480835
0.080581665
0.15142822
0.101882935
-0.031814575
-0.12182617
-0.055252075
0.17964172
0.4630127
0.53279114
0.27339172
0.10934448
0.3857727
0.69470215
0.48059082
-0.017440796
-0.21611023
-0.022766113
0.23716736
0.35968018
0.32240295
0.16366577
-0.062164307
-0.23847961
-0.26296997
-0.14526367
0.02571106
0.10720825
0.03477478
-0.06430054
-0.08027649
0.027313232
0.16633606
0.19509888
0.10827637
-0.0770874
-0.359375
-0.4600525
-0.111709595
0.48217773
0.8529053
0.6984253
0.18551636
-0.20011902
-0.24859619
-0.09573364
0.05873108
0.059814453
-0.04460144
-0.061645508
0.07897949
0.24783325
0.2835083
0.17112732
0.049682617
0.06726074
0.23930359
0.42945862
0.5141449
0.5088196
0.5365143
0.60894775
0.47099304
0.0012054443
-0.39613342
-0.24699402
0.19029236
0.2989502
-0.017440796
-0.30558777
-0.22676086
0.10455322
0.30801392
0.18603516
-0.14579773
-0.43182373
-0.4920044
-0.33647156
-0.09945679
0.045425415
0.02305603
-0.07815552
-0.123428345
-0.08401489
0.0070648193
0.0912323
0.16419983
0.2169342
0.1104126
-0.25338745
-0.64060974
-0.6960144
-0.39292908
-0.0035858154
0.22544861
0.12745667
-0.12289429
-0.19586182
-0.033950806
0.20254517
0.3096161
0.26113892
0.23344421
0.23077393
0.2723236
0.35542297
0.26327515
-0.061645508
-0.3274231
-0.27896118
-0.023834229
0.20787048
0.3303833
0.40548706
0.37779236
0.16259766
-0.13887024
-0.2720337
-0.22676086
-0.20011902
-0.26298523
-0.32476807
-0.30186462
-0.18255615
-0.07069397
-0.0770874
-0.19692993
-0.40092468
-0.59054565
-0.5431366
-0.26670837
-3.8146973E-4
0.066726685
-0.027023315
-0.14259338
-0.17190552
-0.08560181
0.020385742
0.045425415
-0.008377075
-0.07015991
-0.14260864
-0.1985321
-0.20544434
-0.14047241
-0.011581421
0.1301117
0.21054077
0.13757324
-0.031280518
-0.22143555
-0.30345154
-0.2262268
-0.05204773
0.09335327
0.14024353
0.15515137
0.19137573
0.2568817
0.29896545
0.28829956
0.23930359
0.21586609
0.29789734
0.4864502
0.58976746
0.388443
0.02357483
-0.15644836
-0.050460815
0.09176636
0.045959473
-0.061645508
-0.040863037
0.099746704
0.22172546
0.19189453
0.015594482
-0.23155212
-0.40412903
-0.3631134
-0.10319519
0.11680603
0.080581665
-0.09199524
-0.16604614
-0.10319519
-0.00944519
0.02571106
-0.022216797
-0.071762085
-0.07815552
-0.1308899
-0.33221436
-0.59906006
-0.70292664
-0.47602844
-0.054718018
0.20147705
0.15301514
-0.001449585
-0.06111145
-0.038208008
0.023040771
0.10241699
0.16526794
0.17645264
0.13278198
0.09283447
0.097091675
0.14024353
0.21214294
0.33198547
0.47366333
0.49656677
0.4273224
0.32878113
0.101882935
-0.2331543
-0.3977356
-0.20811462
0.12265015
0.18284607
-0.10903931
-0.49147034
-0.45684814
0.117874146
0.69470215
0.87046814
0.6329193
0.13331604
-0.29119873
-0.35990906
-0.12768555
0.10774231
0.13597107
0.0635376
0.023040771
-0.017974854
-0.076553345
-0.11543274
-0.19213867
-0.36576843
-0.6278229
-0.8813629
-0.851532
-0.45578003
0.05342102
0.36288452
0.42199707
0.33996582
0.23184204
0.14183044
0.078445435
0.06300354
0.045959473
-0.029144287
-0.11117554
-0.13726807
-0.081344604
-0.0051879883
0.012924194
0.005996704
0.05128479
0.15727234
0.2680664
0.37246704
0.435318
0.35116577
0.0912323
-0.057373047
0.07525635
0.22225952
0.1423645
-0.11703491
-0.36097717
-0.35458374
-0.036605835
0.4358368
0.7985687
0.80921936
0.39749146
-0.18786621
-0.65393066
-0.8179779
-0.6480713
-0.30026245
0.04222107
0.19403076
0.1343689
-0.038208008
-0.1862793
-0.20651245
-0.1713562
-0.21611023
-0.354599
-0.44992065
-0.36364746
-0.13728333
0.040100098
0.0677948
-0.0019836426
-0.09359741
-0.17082214
-0.15379333
-0.04032898
0.08270264
0.11253357
0.053955078
0.040100098
0.09602356
0.14982605
0.16313171
0.18177795
0.22332764
0.30322266
0.4406433
0.5636749
0.5540924
0.33145142
-0.02381897
-0.19267273
0.042755127
0.43371582
0.5253296
0.26913452
-0.07122803
-0.19107056
-0.071762085
0.025177002
-0.15644836
-0.4185028
-0.44833374
-0.22782898
0.039031982
0.18070984
0.16845703
0.15515137
0.2558136
0.45715332
0.6648712
0.7628784
0.7202606
0.5407715
0.2403717
-0.093063354
-0.37590027
-0.56178284
-0.59161377
-0.45951843
-0.27789307
-0.21290588
-0.35246277
-0.56018066
-0.6193085
-0.5058594
-0.3396759
-0.1559143
-0.0259552
-0.030212402
-0.09838867
-0.123428345
-0.11810303
-0.08241272
0.047561646
0.21533203
0.33996582
0.4129486
0.46087646
0.50242615
0.43904114
0.14448547
-0.13568115
-0.04246521
0.37512207
0.56314087
0.30747986
-0.15379333
-0.5079956
-0.5223694
-0.20758057
0.10934448
0.18870544
0.05821228
-0.09359741
-0.121292114
-0.00944519
0.13383484
0.15834045
-0.014770508
-0.2816162
-0.44247437
-0.42382812
-0.41957092
-0.39241028
-0.21769714
-0.073898315
-0.1985321
-0.3327484
-0.21769714
0.017196655
0.09762573
-0.08666992
-0.2997284
-0.3466034
-0.28961182
-0.24060059
-0.23208618
-0.18360901
-0.08880615
-0.034469604
-0.020095825
0.034240723
0.06460571
-0.004119873
-0.001449585
0.115737915
0.23291016
0.33251953
0.40229797
0.43371582
0.31333923
0.010787964
-0.21131897
-0.13195801
0.09388733
0.14608765
-0.013168335
-0.15112305
0.010803223
0.41560364
0.6813965
0.52160645
0.11627197
-0.11329651
-0.055786133
0.044891357
-0.012634277
-0.13781738
-0.12289429
0.013458252
0.10507202
0.06300354
-0.08506775
-0.24913025
-0.26031494
-0.11277771
0.02784729
-0.012649536
-0.21504211
-0.38761902
-0.39294434
-0.28961182
-0.16870117
-0.07548523
-0.045669556
-0.13354492
-0.37109375
-0.46751404
-0.25126648
0.02784729
0.03477478
-0.13087463
-0.28056335
-0.28961182
-0.102127075
0.13597107
0.23983765
0.165802
0.10348511
0.22758484
0.43104553
0.5349121
0.4246521
0.11520386
-0.1394043
0.008666992
0.3969574
0.5072174
0.22758484
-0.17828369
-0.35246277
-0.2565918
-0.17242432
-0.25871277
-0.4099884
-0.44140625
-0.2539215
0.019317627
0.15248108
0.101882935
0.038497925
0.044891357
0.106674194
0.106674194
0.033706665
0.037963867
0.12425232
0.20149231
0.19403076
0.021453857
-0.22569275
-0.36470032
-0.3231659
-0.17349243
-0.024887085
0.021972656
-0.04512024
-0.19532776
-0.32635498
-0.31358337
-0.11064148
0.21800232
0.47206116
0.50135803
0.35221863
0.20681763
0.2211914
0.35488892
0.44436646
0.4230652
0.37405396
0.40281677
0.46992493
0.50135803
0.3692627
0.11999512
0.0209198
0.19242859
0.39163208
0.35488892
0.037963867
-0.33702087
-0.41796875
-0.16390991
0.08963013
0.0874939
-0.08666992
-0.17295837
-0.0967865
-0.008911133
0.008666992
-0.017440796
-0.02809143
0.0209198
0.09069824
0.08856201
0.038497925
-0.00944519
-0.08029175
-0.15538025
-0.20225525
-0.26722717
-0.40464783
-0.58522034
-0.6779022
-0.6352844
-0.49360657
-0.37908936
-0.36418152
-0.38388062
-0.25552368
0.061935425
0.37939453
0.46406555
0.20681763
-0.16976929
-0.36576843
-0.30291748
-0.07336426
0.15887451
0.22546387
0.1146698
-0.057907104
-0.15484619
-0.07548523
0.09869385
0.12797546
-0.1159668
-0.40785217
-0.40039062
-0.16070557
0.034240723
0.08644104
0.061935425
0.08857727
0.118392944
0.1301117
0.16899109
0.16633606
0.1572876
0.24409485
0.3815155
0.435318
0.34423828
0.19084167
0.0954895
0.06939697
0.040100098
-0.013168335
-0.061645508
-0.041931152
0.009735107
0.07258606
0.11679077
0.061935425
-0.053115845
-0.16337585
-0.19692993
-0.08187866
0.03742981
-0.09892273
-0.50691223
-0.8861542
-0.88508606
-0.5154419
-0.10424805
0.050216675
-0.027557373
-0.104782104
-0.032348633
0.094955444
0.15675354
0.13970947
0.118392944
0.1535492
0.23130798
0.31015015
0.46940613
0.674469
0.64250183
0.17858887
-0.42596436
-0.63742065
-0.34181213
0.06513977
0.2211914
0.17272949
0.13490295
0.28564453
0.48059082
0.4725952
0.29736328
0.19084167
0.19242859
0.17059326
0.09069824
0.031570435
-0.0046539307
-0.039794922
-0.038742065
-0.008377075
-0.015838623
-0.01902771
-0.009979248
-0.011047363
-0.058441162
-0.19586182
-0.44140625
-0.7146454
-0.7013397
-0.30238342
0.14663696
0.34317017
0.2526245
0.005996704
-0.20864868
-0.24594116
-0.07548523
0.14715576
0.23770142
0.1849823
0.048095703
-0.062179565
-0.033950806
0.08909607
0.16101074
0.15141296
0.116256714
0.12957764
0.17166138
0.17645264
0.104019165
-0.086135864
-0.34872437
-0.39187622
-0.12661743
0.1503601
0.24250793
0.23344421
0.14289856
-0.07548523
-0.2731018
-0.30026245
-0.17189026
0.02357483
0.15620422
0.12158203
0.019851685
-0.076553345
-0.1713562
-0.21664429
-0.21929932
-0.08560181
0.10987854
0.26327515
0.35861206
0.24835205
0.13224792
-0.029678345
-0.12556458
-0.055252075
-0.01210022
-0.25180054
-0.4557953
-0.4408722
-0.3284912
-0.20704651
-0.0728302
0.016662598
0.029968262
0.050750732
0.11306763
0.1578064
0.15620422
0.11253357
0.032104492
-0.017959595
-0.008911133
-0.0046539307
-0.017959595
-0.020629883
-0.032348633
-0.038742065
-0.012634277
-0.0046539307
-0.017959595
-0.024887085
-0.033950806
-0.04460144
-0.053115845
-0.029144287
0.019851685
0.056610107
0.045425415
0.009735107
-0.022232056
-0.057907104
-0.09199524
-0.12715149
-0.15911865
-0.14472961
-0.07974243
-0.017959595
-9.3078613E-4
-0.029144287
-0.06376648
-0.005706787
0.12425232
0.18496704
0.12213135
0.03742981
0.049682617
0.092300415
0.08911133
0.026245117
-0.059509277
-0.08294678
-0.031814575
0.057678223
0.15940857
0.20733643
0.14501953
0.015060425
-0.07548523
-0.08081055
-0.046188354
-0.011581421
-0.0051727295
-0.047790527
-0.066970825
0.00440979
0.1274414
0.19989014
0.16366577
0.08004761
0.035308838
0.108810425
0.26167297
0.26060486
0.14982605
-0.011047363
-0.20439148
-0.31889343
-0.28375244
-0.14633179
-0.015838623
0.06034851
0.061935425
0.0070648193
-0.057373047
-0.060577393
-0.00944519
0.019851685
-0.013702393
-0.06802368
-0.083480835
-0.039276123
0.0113220215
0.012390137
-0.043533325
-0.088272095
-0.041931152
0.04170227
0.061935425
0.027313232
-0.015304565
-0.06536865
-0.10585022
-0.0962677
-0.03288269
0.020385742
0.01878357
-0.009979248
-0.017440796
0.0012054443
0.004928589
-0.013702393
-0.041397095
-0.054718018
-0.03288269
-0.004119873
-0.019561768
-0.07975769
-0.11756897
-0.11810303
-0.10638428
-0.113845825
-0.15005493
-0.13673401
-0.06111145
0.04222107
0.09176636
0.0635376
0.031570435
0.04170227
0.07312012
0.083236694
0.064071655
0.05393982
0.057144165
0.041168213
0.0033416748
-0.01637268
-0.0030517578
0.020385742
0.009735107
-0.046722412
-0.102127075
-0.10424805
-0.06323242
-0.020095825
-0.001449585
-0.020629883
-0.04032898
-0.022232056
0.031036377
0.06939697
0.032104492
-0.011047363
0.008132935
0.06619263
0.07312012
0.015060425
-0.036605835
-0.029678345
0.021987915
0.0443573
0.015594482
-0.022216797
-0.02116394
0.010787964
0.03956604
0.03691101
0.017715454
0.01878357
0.045425415
0.054489136
0.029968262
0.028915405
0.05607605
0.05607605
0.033172607
-0.0025177002
-0.03553772
-0.025421143
0.021453857
0.04649353
0.034240723
0.021453857
0.03050232
0.0443573
0.039031982
0.023040771
0.01133728
0.024108887
0.040634155
0.03477478
0.013458252
0.0065307617
-3.9672852E-4
-0.01423645
-0.018493652
1.373291E-4
0.02784729
0.041168213
0.026779175
0.0209198
0.020385742
-0.004119873
-0.04032898
-0.025421143
0.03050232
0.066726685
0.06565857
0.043289185
0.027313232
0.033172607
0.040100098
0.03956604
0.057678223
0.078445435
0.07312012
0.040634155
0.0049438477
-0.001449585
0.020385742
0.031570435
0.01612854
-0.001449585
0.00440979
0.01878357
0.021453857
0.02305603
0.011856079
-0.013702393
-0.018493652
0.012390137
0.057144165
0.050750732
0.0070648193
-0.008377075
0.01878357
0.045959473
0.03742981
0.01399231
0.00920105
0.02357483
0.041168213
0.055007935
0.06086731
0.06512451
0.055541992
0.045425415
0.055023193
0.07472229
0.08644104
0.06619263
0.05128479
0.031036377
0.00440979
0.008666992
0.021987915
0.009735107
-0.026489258
-0.0690918
-0.11010742
-0.12449646
-0.11224365
-0.0925293
-0.07815552
-0.054718018
-0.01423645
0.021987915
0.025177002
-0.004119873
-0.02809143
-0.011047363
0.024108887
0.042236328
0.036376953
0.033172607
0.05128479
0.08857727
0.10081482
0.06300354
0.025177002
0.035308838
0.090164185
0.11999512
0.10560608
0.07897949
0.06513977
0.05607605
0.034240723
0.021987915
0.033172607
0.060333252
0.085372925
0.08164978
0.057144165
0.036895752
0.040100098
0.041168213
0.029434204
0.00920105
0.00440979
0.009735107
0.017181396
0.03263855
0.027313232
0.014526367
0.012924194
0.024108887
0.049682617
0.060333252
0.040100098
-0.015304565
-0.06111145
-0.071762085
-0.059509277
-0.034484863
-0.004119873
0.019317627
0.021453857
0.008666992
-0.01210022
-0.008911133
0.0209198
0.03263855
0.01399231
0.0022735596
0.007598877
0.012390137
0.0054779053
-0.034469604
-0.061645508
-0.039794922
0.008132935
0.028900146
0.008132935
-0.028625488
-0.05152893
-0.054718018
-0.046203613
-0.027023315
-0.001449585
0.008666992
-0.001449585
-0.007843018
0.0022735596
0.0054626465
-0.01637268
-0.031280518
-0.014770508
-0.0019836426
-0.007843018
-0.013702393
-0.0025177002
-0.0030517578
-0.040863037
-0.06855774
-0.052581787
-0.029144287
0.001739502
0.05128479
-0.086135864
-0.22569275
-0.022750854
0.18231201
0.10934448
