-23.062134
-22.775269
-23.092651
-23.841858
-23.02246
-23.33374
-23.109436
-22.724915
-23.913574
-25.445557
-23.149109
-24.832153
-24.406433
-25.595093
-23.370361
-23.944092
-23.304749
-22.531128
-24.383545
-24.287415
-25.15564
-23.135376
-24.987793
-24.645996
-25.006104
-26.367188
-23.225403
-22.914124
-25.195312
-25.143433
-23.558044
-24.298096
-24.832153
-22.90039
-25.125122
-23.350525
-24.165344
-25.209045
-24.458313
-24.443054
-24.006653
-25.074768
-23.970032
-24.45221
-23.747253
-26.278687
-25.273132
-26.017761
-24.7818
-25.102234
-24.545288
-24.345398
-24.533081
-24.214172
-22.627258
-22.99347
-22.743225
-24.380493
-22.253418
-22.958374
-24.116516
-25.022888
-25.288391
-24.179077
-24.179077
-24.179077
-25.782776
-25.36621
-25.39215
-23.651123
-23.841858
-24.609375
-25.961304
-21.903992
-23.82965
-22.921753
-24.88861
-24.545288
-24.85962
-23.51532
-22.955322
-24.58496
-24.894714
-24.432373
-24.420166
-24.813843
-26.371765
-24.23706
-23.770142
-24.220276
-24.809265
-24.395752
-26.008606
-23.049927
-25.611877
-22.888184
-24.084473
-24.980164
-24.945068
-24.827576
-23.402405
-25.587463
-24.35913
-22.225952
-24.5224
-24.89624
-24.085999
-24.77417
-26.296997
-24.476624
-24.324036
-24.909973
-24.935913
-25.297546
-24.739075
-25.210571
-24.455261
-25.065613
-25.808716
-24.084473
-24.327087
-23.539734
-24.12262
-24.14856
-25.20752
-25.559998
-24.150085
-25.559998
-24.217224
-25.053406
-23.760986
-24.519348
-25.254822
-25.138855
-23.699951
-24.150085
-24.327087
-24.473572
-24.339294
-24.177551
-24.034119
-26.248169
-24.05243
-24.05243
-24.05243
-24.017334
-25.772095
-26.042175
-24.905396
-25.294495
-25.758362
-25.56305
-24.887085
-23.747253
-25.352478
-24.177551
-25.689697
-23.725891
-26.443481
-24.472046
-24.502563
-23.698425
-25.570679
-26.521301
-25.132751
-25.086975
-25.289917
-25.086975
-24.481201
-24.485779
-24.95575
-24.812317
-25.325012
-24.989319
-24.751282
-24.787903
-22.970581
-25.151062
-25.724792
-24.453735
-26.469421
-25.2594
-24.302673
-25.89264
-24.812317
-24.519348
-25.89264
-26.412964
-25.234985
-25.271606
-23.704529
-25.886536
-24.954224
-24.467468
-24.183655
-26.330566
-23.361206
-26.260376
-25.842285
-24.943542
-25.726318
-26.626587
-25.076294
-24.919128
-27.410889
-25.552368
-24.77417
-23.983765
-26.271057
-25.712585
-25.634766
-25.518799
-25.610352
-25.53711
-24.25232
-25.546265
-23.651123
-25.039673
-24.28894
-24.319458
-25.634766
-25.634766
-25.634766
-25.509644
-25.549316
-25.8255
-26.402283
-24.7406
-25.67749
-23.431396
-27.476501
-25.813293
-25.045776
-24.102783
-24.41101
-25.0
-24.461365
-25.81482
-24.913025
-24.072266
-25.500488
-24.40033
-25.064087
-24.098206
-24.884033
-25.045776
-25.631714
-26.23291
-24.327087
-25.158691
-24.91455
-25.04425
-24.838257
-25.015259
-25.621033
-25.161743
-22.88208
-23.970032
-22.772217
-25.015259
-24.71466
-24.77417
-24.85199
-24.72229
-26.412964
-24.850464
-23.901367
-23.654175
-24.389648
-23.744202
-23.649597
-23.190308
-24.256897
-23.428345
-23.420715
-24.739075
-24.105835
-22.608948
-25.161743
-24.119568
-22.966003
-22.445679
-22.579956
-22.392273
-23.944092
-23.512268
-22.431946
-22.92633
-24.949646
-23.243713
-22.901917
-22.961426
-24.08905
-22.90039
-22.940063
-22.903442
-21.838379
-23.564148
-21.247864
-21.247864
-21.247864
-22.657776
-23.208618
-21.217346
-21.42334
-21.981812
-21.710205
-23.26355
-21.868896
-23.608398
-24.11499
-23.770142
-23.413086
-23.960876
-23.680115
-25.517273
-23.164368
-23.397827
-25.119019
-24.08142
-23.57483
-22.7417
-23.394775
-22.935486
-22.341919
-23.052979
-25.213623
-25.141907
-24.409485
-23.779297
-24.256897
-25.190735
-23.95935
-23.190308
-24.842834
-23.797607
-23.983765
-25.079346
-22.680664
-23.72284
-25.49591
-24.47815
-25.36316
-23.822021
-24.205017
-26.672363
-23.982239
-23.616028
-24.171448
-23.57788
-25.434875
-22.97821
-23.451233
-26.11084
-23.625183
-24.301147
-23.820496
-24.464417
-24.432373
-25.19989
-24.51477
-24.938965
-24.467468
-25.07782
-25.920105
-25.061035
-26.029968
-24.465942
-25.382996
-25.724792
-23.721313
-23.194885
-23.222351
-21.801758
-24.34845
-23.600769
-23.078918
-24.507141
-24.507141
-23.745728
-25.08545
-23.89679
-24.319458
-24.58191
-24.56665
-24.954224
-24.758911
-22.514343
-23.880005
-25.189209
-25.082397
-24.279785
-25.81482
-24.676514
-23.648071
-23.686218
-24.867249
-25.816345
-25.323486
-26.67694
-25.765991
-26.515198
-26.524353
-26.579285
-25.941467
-27.293396
-28.053284
-25.332642
-25.965881
-25.778198
-25.553894
-23.745728
-24.533081
-26.51825
-26.713562
-24.969482
-25.58899
-24.94812
-24.003601
-22.947693
-24.51477
-23.751831
-23.04535
-23.32611
-23.475647
-23.023987
-24.925232
-22.335815
-24.223328
-25.662231
-24.195862
-25.85907
-24.531555
-24.534607
-24.423218
-24.536133
-24.368286
-24.647522
-24.273682
-24.995422
-26.019287
-25.889587
-24.56665
-25.985718
-25.958252
-25.447083
-26.452637
-23.85559
-25.379944
-25.228882
-24.87793
-26.104736
-27.558899
-26.112366
-24.501038
-25.027466
-25.027466
-25.027466
-25.91095
-26.325989
-25.215149
-25.1297
-26.409912
-24.876404
-25.15564
-25.839233
-23.643494
-25.994873
-26.678467
-27.131653
-25.480652
-25.802612
-26.58081
-26.472473
-26.280212
-24.761963
-26.301575
-25.088501
-25.064087
-24.54834
-24.240112
-24.055481
-25.98114
-26.19629
-25.17395
-24.617004
-25.216675
-25.04425
-25.683594
-24.090576
-25.939941
-25.863647
-25.668335
-25.204468
-25.939941
-25.213623
-25.796509
-25.361633
-25.11139
-24.86267
-26.095581
-25.047302
-25.056458
-26.046753
-25.38147
-24.588013
-25.300598
-25.89264
-25.268555
-26.069641
-25.556946
-26.368713
-26.533508
-26.785278
-25.648499
-25.886536
-25.662231
-25.48523
-25.717163
-27.14386
-25.611877
-26.655579
-26.553345
-26.074219
-28.06549
-28.276062
-26.483154
-25.656128
-25.810242
-27.676392
-24.464417
-25.035095
-25.889587
-25.85907
-25.85907
-25.85907
-24.995422
-25.749207
-26.03302
-25.83313
-25.709534
-24.458313
-25.85907
-24.232483
-25.718689
-24.916077
-25.993347
-25.396729
-25.822449
-25.827026
-25.865173
-25.970459
-24.353027
-25.964355
-25.064087
-25.808716
-25.758362
-26.460266
-27.128601
-26.060486
-25.914001
-26.304626
-28.549194
-28.15857
-29.354858
-26.820374
-28.005981
-28.268433
-26.446533
-27.082825
-28.123474
-26.733398
-27.200317
-27.293396
-27.297974
-28.338623
-27.236938
-28.283691
-27.841187
-27.868652
-26.844788
-26.13678
-25.048828
-26.654053
-25.784302
-25.961304
-25.793457
-25.51117
-25.120544
-24.398804
-25.050354
-25.349426
-23.262024
-26.660156
-24.285889
-25.12207
-25.489807
-27.041626
-26.683044
-25.869751
-25.308228
-23.719788
-27.278137
-28.231812
-27.644348
-27.140808
-26.679993
-26.841736
-28.700256
-28.681946
-27.36206
-28.479004
-28.535461
-28.535461
-27.967834
-29.27246
-28.915405
-28.637695
-28.575134
-28.70636
-29.86908
-28.42865
-29.26941
-28.79486
-29.820251
-28.500366
-30.711365
-28.852844
-29.968262
-29.47998
-28.582764
-30.430603
-29.153442
-27.406311
-28.193665
-26.98822
-27.409363
-28.511047
-30.056763
-27.168274
-28.95813
-27.581787
-27.432251
-26.771545
-29.013062
-28.495789
-26.902771
-27.253723
-26.18103
-26.65863
-26.97754
-26.12915
-27.485657
-25.78125
-26.835632
-26.81427
-26.589966
-26.959229
-26.856995
-25.852966
-26.211548
-26.818848
-26.379395
-26.226807
-27.548218
-26.165771
-26.579285
-26.838684
-26.062012
-27.619934
-28.37677
-27.412415
-27.124023
-25.804138
-28.385925
-26.449585
-26.573181
-27.301025
-25.654602
-26.860046
-27.308655
-25.871277
-26.472473
-26.58081
-27.796936
-25.613403
-25.204468
-26.46637
-27.830505
-28.016663
-28.016663
-28.016663
-28.025818
-24.441528
-24.97406
-25.817871
-26.14746
-25.450134
-26.58081
-25.987244
-26.428223
-26.211548
-24.829102
-23.330688
-24.08905
-27.48108
-26.963806
-25.617981
-24.319458
-25.115967
-24.810791
-24.368286
-25.880432
-24.697876
-25.3891
-26.383972
-25.193787
-26.348877
-24.40033
-24.775696
-24.836731
-25.071716
-27.516174
-24.780273
-25.785828
-25.260925
-25.956726
-26.295471
-25.740051
-25.727844
-25.242615
-27.209473
-24.461365
-26.283264
-24.327087
-24.357605
-24.996948
-24.537659
-24.783325
-25.15564
-24.908447
-24.102783
-25.92926
-25.944519
-25.596619
-25.315857
-23.83728
-23.648071
-24.172974
-23.439026
-24.363708
-23.706055
-23.61908
-23.161316
-23.408508
-23.609924
-22.787476
-23.04535
-22.906494
-22.29004
-22.972107
-23.036194
-24.134827
-23.493958
-24.836731
-25.741577
-25.595093
-24.346924
-24.346924
-24.346924
-23.641968
-22.746277
-23.220825
-25.924683
-26.31073
-25.561523
-25.66681
-25.382996
-24.783325
-25.66986
-26.293945
-24.124146
-25.088501
-23.86322
-23.413086
-23.965454
-24.601746
-23.0896
-24.105835
-22.645569
-23.391724
-20.950317
-22.079468
-22.83783
-21.226501
-21.212769
-21.559143
-21.702576
-19.303894
-20.42389
-18.572998
-18.034363
-17.915344
-20.19043
-18.214417
-17.442322
-17.37976
-19.470215
-19.639587
-17.900085
-18.489075
-16.98761
-18.070984
-18.710327
-17.311096
-18.821716
-17.710876
-19.725037
-18.074036
-19.570923
-18.765259
-18.804932
-19.366455
-18.145752
-19.979858
-19.694519
-19.14978
-19.322205
-18.67218
-19.915771
-20.005798
-20.732117
-19.483948
-20.98999
-21.556091
-20.368958
-19.110107
-19.23523
-19.404602
-20.155334
-19.247437
-19.432068
-17.999268
-19.093323
-18.637085
-19.212341
-19.212341
-19.212341
-19.966125
-20.863342
-20.576477
-20.082092
-20.742798
-19.882202
-21.005249
-19.038391
-19.187927
-19.16504
-21.026611
-20.471191
-19.65332
-20.651245
-20.12024
-19.992065
-22.727966
-21.617126
-20.814514
-20.162964
-19.934082
-21.574402
-21.832275
-22.247314
-20.45288
-20.243835
-22.64862
-21.182251
-21.006775
-22.471619
-21.852112
-22.798157
-22.666931
-21.386719
-21.981812
-21.356201
-21.850586
-22.63031
-23.220825
-21.199036
-22.047424
-22.584534
-22.880554
-22.088623
-22.88971
-22.390747
-23.582458
-21.817017
-19.761658
-22.642517
-21.640015
-20.97168
-23.89679
-23.269653
-23.394775
-23.139954
-22.903442
-22.657776
-22.851562
-23.379517
-24.597168
-24.230957
-24.998474
-24.890137
-25.782776
-25.550842
-26.734924
-25.543213
-26.437378
-27.160645
-25.697327
-27.836609
-24.53003
-27.719116
-28.495789
-27.02179
-27.02179
-27.02179
-27.740479
-29.675293
-28.134155
-30.018616
-28.109741
-27.48413
-28.137207
-28.999329
-29.04358
-29.438782
-28.126526
-28.437805
-28.814697
-27.915955
-28.677368
-27.584839
-28.710938
-30.078125
-28.204346
-29.60968
-28.657532
-29.507446
-30.046082
-27.980042
-27.993774
-28.630066
-29.496765
-27.882385
-27.92511
-28.942871
-27.937317
-29.341125
-27.349854
-27.798462
-25.598145
-25.222778
-24.179077
-27.241516
-25.498962
-26.231384
-25.596619
-25.924683
-23.460388
-24.06311
-26.319885
-24.916077
-24.327087
-24.046326
-24.81842
-24.508667
-23.236084
-24.003601
-22.563171
-23.124695
-23.136902
-22.138977
-22.492981
-23.614502
-20.5307
-21.71936
-21.099854
-21.548462
-20.401001
-20.257568
-19.792175
-19.462585
-19.462585
-18.270874
-20.07904
-16.690063
-18.811035
-15.913391
-18.255615
-16.436768
-16.564941
-17.037964
-17.037964
-17.037964
-15.609741
-14.718628
-13.94043
-14.826965
-12.564087
-12.541199
-14.167786
-12.722778
-12.564087
-12.69989
-11.764526
-11.04126
-12.106323
-11.091614
-9.080505
-9.425354
-8.921814
-8.277893
-8.189392
-6.0195923
-6.465149
-6.2454224
-6.399536
-5.1834106
-4.38385
-5.0064087
-4.2892456
-2.8701782
-2.8915405
-3.2928467
-3.1265259
-1.6189575
-1.7715454
-2.1453857
-0.9033203
-0.4928589
-1.435852
-0.9613037
1.3214111
1.0635376
1.0818481
2.6168823
2.1209717
2.9037476
3.1906128
3.5049438
3.2531738
5.0689697
5.630493
7.1136475
7.260132
6.2683105
6.729126
7.0648193
7.940674
6.0073853
7.559204
8.61969
8.030701
8.270264
8.34198
8.123779
7.7941895
8.21228
10.093689
9.09729
9.09729
8.117676
8.615112
8.937073
10.195923
9.507751
11.203003
9.53064
10.142517
10.86731
10.302734
10.302734
9.475708
9.341431
9.518433
9.022522
10.371399
11.167908
8.905029
9.776306
9.29718
8.866882
9.606934
10.896301
9.275818
8.914185
9.291077
8.99353
10.028076
8.856201
10.369873
9.449768
8.229065
8.581543
10.214233
11.31897
8.56781
9.011841
10.333252
9.286499
10.183716
7.437134
8.815002
7.1289062
9.370422
8.654785
8.624268
8.181763
10.38208
8.969116
7.8216553
7.260132
8.921814
7.7026367
8.981323
9.254456
7.6950073
6.1950684
8.087158
6.655884
6.503296
8.538818
7.7819824
7.409668
7.687378
7.772827
8.959961
8.467102
7.8674316
6.8847656
6.35376
7.373047
8.407593
7.8918457
7.9101562
9.535217
8.480835
8.496094
7.4279785
9.243774
7.4020386
8.935547
8.274841
7.7667236
8.232117
7.751465
10.784912
8.450317
8.808899
8.808899
10.494995
10.189819
10.145569
8.999634
10.073853
10.389709
9.892273
9.3185425
10.682678
10.205078
9.449768
9.605408
10.324097
10.346985
10.023499
8.830261
10.995483
10.353088
11.056519
10.296631
9.962463
11.11908
11.0824585
9.890747
11.560059
10.290527
11.401367
10.324097
10.687256
9.486389
11.79657
10.081482
11.46698
9.921265
12.055969
12.207031
11.314392
12.072754
12.759399
10.856628
11.999512
11.972046
11.479187
13.031006
13.800049
12.687683
12.255859
11.953735
12.271118
12.956238
13.783264
13.465881
13.117981
12.774658
12.927246
12.324524
13.6779785
13.3758545
13.6779785
14.183044
12.82196
13.28125
10.592651
11.369324
14.181519
11.399841
12.867737
11.967468
10.952759
13.200378
11.314392
11.927795
12.361145
11.103821
13.613892
11.64093
10.508728
10.508728
10.508728
11.825562
13.262939
11.186218
11.860657
11.546326
12.001038
10.072327
13.052368
10.746765
9.953308
10.671997
11.405945
10.687256
9.654236
10.05249
9.436035
10.037231
10.171509
8.4991455
9.588623
8.479309
8.760071
7.511902
8.47168
7.0388794
7.4813843
7.008362
8.253479
8.3984375
10.093689
4.7042847
6.35376
7.142639
7.4157715
4.585266
4.4921875
6.668091
5.5282593
4.4647217
3.9672852
4.8187256
5.354309
3.9001465
4.0252686
4.3899536
2.8625488
2.267456
4.272461
3.4500122
2.0126343
3.1555176
3.9916992
2.4017334
2.8564453
1.6220093
3.4667969
1.1474609
1.2649536
0.021362305
1.6220093
1.9256592
-0.14801025
0.87280273
-0.81481934
-0.6530762
-0.6347656
-0.9765625
0.34179688
0.63171387
-0.40893555
-0.44250488
-1.0009766
-2.7130127
-0.63934326
-2.7313232
-1.5686035
-2.7404785
-2.7404785
-2.770996
-2.6046753
-3.540039
-3.0319214
-2.2705078
-3.2653809
-1.8280029
-0.79956055
-1.8493652
-1.5457153
-1.7578125
-2.4795532
-3.5461426
-0.5584717
-1.5441895
-1.5670776
-2.357483
-2.5512695
-1.8737793
-3.842163
-3.1448364
-1.7715454
-3.1478882
-2.5024414
-3.1646729
-4.8324585
-3.1860352
-3.237915
-3.5964966
-4.2022705
-3.4698486
-4.3563843
-5.026245
-4.371643
-5.4779053
-4.1015625
-4.0664673
-5.6381226
-5.7540894
-5.1345825
-4.8324585
-6.248474
-5.9432983
-5.49469
-4.9957275
-8.078003
-6.2667847
-6.5093994
-6.5444946
-7.319641
-7.6919556
-6.3583374
-6.338501
-7.36084
-7.2784424
-7.081604
-7.676697
-7.9833984
-6.1813354
-8.070374
-6.588745
-8.381653
-6.8389893
-7.901001
-6.3293457
-6.1828613
-6.1538696
-3.981018
-4.5440674
-4.5074463
-4.396057
-4.6920776
-6.0012817
-4.40979
-4.3182373
-3.5247803
-5.307007
-5.307007
-5.307007
-5.2581787
-3.2592773
-4.286194
-4.2770386
-6.1950684
-4.6173096
-5.2978516
-6.9625854
-4.9453735
-5.253601
-6.0928345
-3.2226562
-4.9560547
-4.4815063
-3.4545898
-5.178833
-4.4692993
-5.3207397
-5.229187
-5.5603027
-5.633545
-4.91333
-5.3894043
-6.802368
-5.105591
-6.083679
-5.5099487
-6.5826416
-5.101013
-7.48291
-7.373047
-6.413269
-5.9051514
-7.975769
-6.3690186
-7.08313
-8.668518
-9.568787
-10.891724
-9.410095
-9.65271
-8.630371
-10.003662
-11.534119
-11.332703
-10.896301
-11.628723
-11.402893
-11.500549
-11.434937
-11.395264
-13.594055
-12.290955
-12.562561
-12.301636
-12.495422
-15.180969
-15.052795
-15.682983
-14.24408
-13.9328
-14.826965
-15.788269
-14.608765
-16.61377
-16.61377
-15.919495
-15.840149
-16.867065
-16.867065
-17.32788
-17.565918
-18.78357
-18.006897
-17.279053
-18.55011
-18.55011
-18.55011
-19.288635
-19.107056
-18.518066
-20.811462
-19.387817
-20.965576
-20.79773
-21.542358
-22.009277
-21.453857
-21.432495
-20.596313
-23.07129
-23.876953
-23.944092
-24.365234
-26.446533
-25.898743
-26.048279
-25.46997
-27.557373
-26.15509
-24.371338
-25.161743
-25.697327
-27.339172
-28.459167
-27.726746
-26.187134
-28.147888
-27.503967
-28.218079
-29.563904
-28.367615
-27.49176
-29.667664
-28.700256
-29.959106
-28.778076
-29.737854
-27.540588
-31.381226
-32.01599
-31.271362
-32.617188
-32.45392
-34.76715
-31.3797
-33.296204
-33.50067
-32.617188
-34.266663
-33.493042
-35.15625
-34.25598
-34.812927
-34.71222
-33.433533
-33.865356
-34.014893
-35.70099
-34.091187
-34.283447
-34.66034
-34.513855
-34.809875
-33.940125
-35.281372
-34.58252
-34.74579
-32.55768
-35.916138
-33.94928
-33.77533
-33.680725
-34.028625
-34.028625
-34.028625
-34.42688
-35.534668
-36.756897
-37.261963
-36.872864
-36.849976
-37.88452
-36.76758
-36.398315
-38.804626
-37.173462
-36.35254
-37.882996
-37.08954
-36.8927
-36.04889
-37.94403
-37.687683
-39.889526
-37.876892
-37.886047
-37.052917
-35.59723
-36.51886
-36.00769
-35.372925
-36.032104
-34.954834
-35.73456
-35.713196
-36.47766
-35.37903
-35.97412
-37.513733
-36.175537
-35.40497
-36.3266
-35.7193
-34.6817
-36.276245
-34.796143
-34.87854
-34.631348
-36.541748
-36.94763
-37.338257
-37.280273
-35.575867
-34.820557
-35.2417
-35.728455
-34.751892
-36.021423
-34.910583
-33.39386
-34.614563
-34.12323
-33.924866
-33.789062
-34.587097
-34.877014
-33.76007
-33.189392
-33.573914
-33.154297
-34.358215
-33.00934
-31.70929
-31.97937
-31.256104
-32.51953
-30.041504
-30.996704
-31.440735
-28.979492
-30.58319
-30.485535
-30.485535
-28.182983
-29.232788
-30.023193
-27.767944
-28.65448
-28.118896
-27.372742
-26.300049
-26.268005
-26.200867
-27.406311
-25.320435
-25.131226
-26.789856
-24.54834
-24.316406
-26.522827
-23.95935
-23.091125
-24.589539
-22.756958
-22.961426
-24.383545
-23.03009
-23.40393
-21.470642
-24.160767
-22.312927
-23.6557
-23.028564
-22.331238
-21.858215
-23.626709
-22.11914
-21.807861
-21.540833
-22.294617
-21.2677
-22.227478
-19.503784
-20.26825
-21.238708
-20.58258
-18.876648
-17.915344
-18.986511
-19.92035
-17.875671
-17.234802
-17.6651
-17.99469
-17.912292
-17.953491
-17.112732
-17.654419
-17.582703
-16.828918
-17.071533
-15.30304
-16.847229
-15.09552
-18.235779
-18.067932
-17.887878
-16.60614
-18.64624
-18.148804
-17.207336
-18.328857
-16.430664
-19.554138
-17.268372
-18.963623
-18.200684
-18.35022
-19.517517
-16.738892
-16.738892
-18.814087
-20.625305
-19.85321
-22.520447
-21.42334
-20.67871
-21.244812
-21.247864
-20.99762
-21.382141
-20.455933
-21.359253
-22.441101
-21.343994
-22.868347
-21.66748
-21.995544
-22.90802
-22.7417
-24.085999
-23.553467
-22.54486
-23.249817
-23.26355
-21.510315
-23.091125
-23.742676
-23.216248
-23.591614
-23.854065
-23.7854
-24.072266
-23.034668
-22.991943
-21.559143
-20.950317
-23.46344
-24.545288
-23.213196
-24.598694
-24.19281
-23.994446
-25.248718
-23.031616
-23.899841
-26.145935
-26.332092
-25.578308
-24.505615
-26.942444
-25.482178
-24.919128
-26.83258
-27.737427
-25.764465
-26.826477
-25.58136
-25.247192
-24.928284
-27.619934
-24.967957
-25.90332
-25.930786
-27.670288
-26.44806
-26.919556
-27.186584
-26.179504
-29.136658
-27.122498
-25.273132
-24.705505
-25.254822
-27.55127
-27.488708
-28.865051
-28.178406
-28.178406
-28.178406
-28.575134
-28.974915
-29.058838
-31.13861
-29.345703
-28.553772
-27.502441
-27.778625
-27.27356
-26.05896
-26.179504
-26.203918
-25.889587
-27.684021
-26.210022
-26.792908
-26.651001
-27.43988
-26.698303
-29.528809
-28.886414
-28.85437
-29.345703
-27.523804
-28.337097
-28.85437
-29.942322
-29.811096
-27.755737
-27.676392
-28.486633
-26.715088
-28.167725
-28.39508
-26.737976
-27.632141
-28.027344
-29.122925
-27.651978
-28.372192
-28.364563
-28.387451
-29.702759
-28.096008
-28.759766
-27.742004
-27.513123
-28.33252
-28.987122
-28.31726
-27.31781
-29.882812
-29.26178
-29.23584
-28.95813
-29.188538
-28.825378
-28.213501
-27.545166
-27.606201
-28.796387
-27.288818
-28.02124
-27.342224
-28.268433
-28.443909
-28.141785
-28.52478
-28.274536
-28.767395
-28.4729
-29.66919
-30.439758
-30.003357
-30.332947
-30.337524
-30.091858
-30.091858
-29.766846
-30.47638
-29.161072
-29.743958
-30.07965
-33.120728
-32.214355
-31.469727
-30.072021
-30.792236
-29.77295
-32.17163
-31.254578
-32.032776
-33.154297
-33.47168
-31.124878
-32.23419
-30.433655
-29.013062
-30.569458
-30.296326
-31.77948
-31.973267
-29.981995
-32.556152
-32.95288
-34.1568
-33.88672
-32.946777
-33.714294
-34.150696
-35.165405
-34.28192
-32.009888
-32.86743
-31.185913
-32.154846
-31.985474
-30.064392
-30.671692
-30.509949
-31.614685
-31.52771
-29.199219
-28.45459
-29.850769
-31.57959
-32.04956
-32.661438
-32.221985
-33.140564
-32.600403
-32.61261
-31.910706
-34.38568
-34.70459
-32.354736
-33.451843
-33.75244
-32.03125
-31.654358
-34.187317
-31.970215
-31.568909
-32.86133
-33.56476
-33.638
-31.837463
-32.347107
-29.914856
-29.850769
-31.105042
-31.898499
-28.9505
-29.876709
-30.531311
-30.531311
-30.531311
-30.885315
-29.701233
-32.170105
-29.649353
-32.27539
-32.10907
-32.733154
-29.785156
-30.78003
-30.911255
-31.710815
-31.480408
-30.828857
-31.04248
-31.030273
-30.891418
-32.269287
-32.156372
-30.604553
-32.4646
-31.846619
-31.362915
-31.652832
-32.173157
-31.91986
-32.255554
-33.403015
-32.44629
-32.60956
-33.74939
-34.214783
-32.995605
-32.5119
-33.47473
-31.915283
-32.211304
-32.60956
-30.349731
-30.697632
-29.556274
-30.63507
-31.716919
-30.13916
-29.997253
-29.37622
-30.279541
-27.589417
-28.448486
-27.98462
-29.795837
-28.613281
-25.767517
-28.633118
-27.783203
-28.422546
-27.612305
-25.813293
-28.060913
-28.614807
-27.796936
-29.200745
-27.89154
-27.799988
-25.906372
-26.916504
-25.708008
-25.924683
-26.696777
-27.078247
-27.70691
-26.98059
-25.984192
-26.319885
-28.248596
-27.24762
-27.500916
-28.649902
-28.649902
-29.545593
-28.92456
-28.988647
-28.659058
-28.31726
-29.5578
-29.003906
-28.717041
-28.7323
-28.900146
-28.329468
-29.620361
-27.983093
-28.059387
-28.263855
-27.592468
-29.069519
-28.736877
-27.519226
-28.378296
-26.885986
-29.211426
-28.094482
-26.69983
-26.054382
-26.689148
-24.531555
-25.350952
-26.18103
-24.214172
-26.960754
-24.383545
-26.802063
-24.656677
-26.808167
-25.967407
-25.558472
-24.613953
-23.213196
-25.856018
-24.754333
-23.703003
-23.986816
-24.745178
-25.05951
-25.398254
-26.609802
-25.161743
-24.810791
-24.719238
-26.838684
-25.888062
-26.815796
-26.823425
-26.623535
-26.817322
-25.300598
-25.856018
-25.198364
-25.183105
-24.430847
-25.856018
-23.208618
-26.612854
-26.49231
-25.964355
-24.934387
-23.631287
-24.571228
-24.342346
-25.99945
-26.124573
-25.94757
-25.187683
-23.661804
-24.455261
-22.445679
-22.445679
-22.445679
-23.506165
-22.872925
-22.956848
-23.083496
-23.989868
-23.243713
-22.338867
-21.582031
-23.895264
-23.104858
-21.716309
-21.383667
-21.447754
-22.406006
-19.898987
-20.535278
-22.816467
-22.564697
-22.467041
-22.3526
-21.325684
-21.62323
-22.206116
-22.31903
-20.983887
-22.253418
-22.253418
-20.999146
-22.828674
-21.398926
-23.510742
-23.545837
-20.617676
-20.785522
-20.523071
-21.722412
-22.061157
-22.924805
-23.87085
-22.784424
-22.39685
-21.749878
-22.354126
-22.331238
-22.564697
-21.62323
-21.043396
-19.837952
-20.603943
-20.384216
-19.17572
-20.481873
-19.400024
-19.430542
-18.556213
-19.335938
-18.9682
-17.474365
-19.734192
-19.337463
-19.792175
-20.622253
-18.199158
-18.737793
-19.216919
-18.00232
-18.55774
-18.681335
-18.041992
-18.226624
-18.544006
-18.04657
-18.174744
-16.838074
-19.606018
-17.514038
-17.514038
-17.514038
-17.263794
-16.506958
-17.33551
-18.38684
-17.803955
-19.935608
-18.449402
-17.3172
-20.513916
-21.4859
-19.677734
-19.39087
-20.036316
-20.544434
-19.892883
-19.787598
-20.246887
-21.513367
-20.921326
-19.779968
-19.825745
-21.45691
-22.073364
-21.528625
-21.540833
-20.777893
-20.0531
-19.509888
-18.945312
-18.82782
-18.826294
-18.725586
-18.626404
-20.359802
-18.415833
-17.28363
-18.370056
-18.60199
-19.039917
-17.69104
-18.434143
-18.487549
-18.572998
-19.345093
-20.135498
-18.586731
-20.08667
-21.629333
-19.973755
-19.369507
-18.215942
-20.217896
-20.49408
-19.107056
-20.887756
-20.115662
-19.236755
-19.32373
-16.871643
-16.731262
-19.018555
-19.761658
-18.356323
-18.991089
-18.273926
-18.772888
-18.856812
-19.522095
-19.049072
-19.075012
-18.896484
-17.61322
-18.650818
-19.041443
-17.388916
-18.34259
-17.599487
-17.599487
-17.599487
-16.749573
-17.536926
-17.27295
-17.800903
-16.13617
-15.02533
-16.74347
-17.466736
-17.49115
-14.770508
-16.131592
-15.710449
-16.018677
-16.296387
-16.52832
-18.032837
-15.679932
-17.29889
-17.929077
-17.22107
-15.600586
-16.757202
-17.32788
-16.744995
-16.438293
-14.543152
-15.245056
-14.762878
-15.348816
-16.015625
-16.941833
-16.9281
-17.492676
-18.084717
-17.250061
-18.10913
-17.417908
-17.492676
-16.888428
-18.063354
-16.041565
-16.603088
-18.003845
-16.758728
-17.674255
-17.38739
-17.63916
-17.308044
-18.797302
-18.67981
-17.185974
-17.64679
-15.69519
-16.072083
-16.416931
-16.722107
-17.208862
-18.922424
-17.782593
-17.819214
-18.319702
-17.634583
-18.563843
-18.389893
-17.64679
-18.913269
-19.19403
-19.810486
-20.42694
-20.12024
-19.647217
-19.117737
-18.341064
-19.306946
-20.19806
-18.347168
-17.826843
-17.826843
-19.647217
-20.643616
-19.306946
-19.94629
-19.909668
-20.310974
-19.86847
-19.851685
-17.584229
-17.202759
-17.78717
-17.991638
-17.228699
-19.200134
-19.474792
-18.893433
-19.509888
-17.96875
-18.743896
-17.948914
-17.623901
-16.835022
-16.51764
-16.699219
-17.559814
-17.626953
-16.711426
-16.526794
-15.991211
-15.054321
-16.726685
-16.790771
-17.723083
-16.886902
-15.838623
-17.347717
-16.18042
-16.223145
-16.625977
-18.164062
-16.802979
-17.599487
-18.954468
-16.69159
-15.322876
-16.810608
-17.176819
-17.481995
-19.108582
-16.668701
-16.368103
-18.18695
-17.48352
-18.579102
-18.251038
-18.769836
-19.12384
-19.126892
-19.288635
-18.51654
-17.826843
-18.066406
-18.069458
-17.434692
-16.671753
-17.63916
-18.312073
-16.51001
-18.455505
-18.51654
-17.219543
-16.687012
-17.463684
-16.9281
-17.207336
-15.258789
-16.19873
-16.880798
-16.880798
-17.559814
-16.793823
-16.71753
-18.035889
-16.497803
-17.60254
-17.486572
-17.347717
-18.511963
-16.18805
-16.123962
-18.122864
-16.923523
-15.507507
-16.175842
-15.255737
-17.384338
-17.366028
-17.01355
-16.741943
-17.658997
-19.136047
-17.718506
-18.763733
-19.540405
-19.546509
-19.802856
-20.954895
-20.22705
-20.957947
-17.697144
-19.989014
-19.607544
-19.596863
-18.80951
-18.411255
-18.746948
-18.185425
-19.740295
-19.091797
-19.36493
-20.4422
-19.378662
-20.11261
-18.745422
-19.566345
-18.962097
-20.095825
-19.4458
-18.066406
-19.799805
-18.974304
-20.396423
-19.36493
-20.527649
-21.080017
-20.497131
-20.652771
-21.461487
-21.084595
-19.20929
-19.839478
-17.314148
-19.230652
-19.708252
-22.265625
-21.533203
-22.138977
-21.06781
-23.03009
-22.096252
-21.450806
-20.213318
-21.504211
-22.442627
-24.191284
-22.607422
-22.607422
-22.558594
-21.969604
-22.583008
-22.471619
-22.198486
-21.440125
-21.099854
-22.407532
-21.844482
-21.969604
-22.177124
-20.547485
-21.7453
-24.064636
-21.359253
-21.670532
-21.368408
-21.580505
-21.359253
-22.576904
-20.297241
-21.781921
-22.111511
-20.092773
-20.86029
-20.114136
-18.94989
-19.833374
-19.673157
-19.630432
-19.412231
-19.619751
-18.719482
-18.078613
-17.189026
-17.69867
-20.770264
-18.807983
-19.917297
-17.207336
-18.005371
-18.701172
-17.991638
-17.60559
-14.520264
-13.928223
-13.162231
-14.971924
-13.925171
-13.8671875
-13.821411
-16.53595
-15.94696
-16.075134
-15.708923
-16.514587
-16.059875
-17.385864
-15.879822
-18.330383
-19.581604
-18.70575
-17.373657
-18.257141
-18.371582
-19.17572
-17.991638
-19.41986
-19.476318
-19.369507
-18.920898
-18.836975
-17.64679
-17.906189
-17.503357
-18.315125
-18.185425
-17.382812
-18.30597
-17.5354
-17.5354
-18.133545
-18.415833
-20.111084
-18.266296
-19.380188
-19.198608
-16.036987
-19.091797
-16.752625
-18.885803
-18.592834
-17.140198
-18.299866
-16.926575
-17.69867
-18.299866
-17.855835
-19.694519
-18.907166
-20.025635
-20.021057
-19.720459
-19.067383
-19.554138
-19.732666
-18.365479
-18.824768
-19.129944
-19.558716
-20.045471
-19.59076
-20.031738
-21.478271
-21.066284
-21.923828
-21.536255
-20.81604
-19.92035
-20.037842
-18.981934
-19.525146
-19.259644
-18.991089
-17.488098
-18.798828
-19.145203
-19.60144
-20.336914
-18.11676
-19.047546
-19.42749
-19.60144
-17.791748
-15.690613
-15.341187
-15.400696
-15.304565
-13.456726
-17.996216
-16.90216
-15.652466
-15.638733
-14.826965
-15.960693
-17.007446
-15.106201
-16.029358
-18.855286
-16.326904
-16.04004
-16.252136
-16.513062
-16.801453
-18.191528
-16.477966
-19.89441
-19.89441
-18.771362
-16.673279
-18.986511
-18.20221
-19.232178
-18.838501
-18.47229
-19.198608
-18.177795
-18.746948
-19.067383
-19.607544
-17.637634
-18.273926
-18.67981
-19.226074
-19.189453
-19.216919
-18.325806
-18.536377
-19.270325
-18.484497
-17.532349
-16.966248
-17.349243
-17.092896
-17.189026
-18.200684
-16.882324
-16.4505
-16.911316
-17.993164
-18.426514
-18.676758
-19.514465
-19.796753
-18.315125
-18.249512
-19.082642
-19.004822
-17.082214
-19.482422
-17.486572
-18.365479
-16.679382
-19.02008
-18.623352
-19.380188
-18.617249
-19.197083
-18.122864
-18.995667
-19.221497
-19.386292
-19.580078
-21.366882
-20.683289
-21.984863
-20.91217
-20.13092
-19.680786
-19.062805
-20.043945
-17.332458
-18.467712
-18.508911
-17.677307
-18.11676
-18.772888
-17.341614
-18.50586
-17.674255
-18.937683
-16.949463
-17.018127
-18.032837
-16.259766
-16.259766
-16.259766
-17.401123
-16.157532
-18.954468
-15.608215
-16.966248
-18.476868
-17.64679
-17.489624
-18.525696
-18.359375
-16.149902
-17.192078
-17.837524
-16.838074
-15.309143
-15.661621
-16.828918
-17.822266
-17.695618
-18.936157
-17.4469
-19.178772
-18.913269
-19.848633
-21.270752
-21.76056
-20.651245
-20.401001
-22.158813
-21.334839
-20.578003
-20.954895
-20.462036
-20.420837
-21.078491
-20.602417
-21.340942
-22.189331
-22.48993
-21.78955
-20.506287
-21.173096
-20.9198
-21.252441
-21.292114
-22.1344
-22.810364
-21.955872
-20.973206
-22.245789
-21.540833
-20.080566
-20.358276
-20.4422
-18.4021
-17.655945
-19.004822
-19.299316
-16.960144
-15.394592
-16.975403
-14.363098
-17.384338
-16.877747
-15.9591675
-15.989685
-14.482117
-14.468384
-14.6987915
-15.034485
-15.4953
-15.005493
-15.313721
-15.231323
-16.192627
-14.909363
-16.905212
-16.905212
-16.905212
-15.1901245
-16.03241
-17.088318
-17.50946
-17.552185
-17.199707
-17.399597
-16.26892
-16.471863
-17.411804
-15.904236
-17.996216
-15.54718
-16.481018
-17.094421
-16.83197
-16.827393
-16.52069
-15.785217
-13.659668
-16.566467
-15.641785
-16.856384
-16.886902
-17.211914
-16.064453
-15.284729
-13.552856
-15.148926
-13.844299
-13.916016
-15.333557
-15.046692
-12.950134
-13.856506
-14.442444
-14.553833
-14.52179
-12.55188
-12.4435425
-14.7994995
-14.431763
-13.484192
-14.520264
-13.648987
-13.609314
-14.529419
-14.678955
-15.402222
-14.570618
-14.318848
-15.383911
-14.163208
-15.890503
-13.830566
-15.408325
-14.886475
-15.2771
-15.985107
-14.291382
-14.128113
-13.700867
-15.179443
-17.69104
-16.635132
-15.652466
-14.625549
-16.061401
-14.578247
-15.67688
-13.945007
-15.44342
-14.59198
-16.641235
-13.938904
-14.537048
-14.2578125
-14.2578125
-14.2578125
-14.46228
-14.346313
-15.179443
-13.754272
-16.14685
-14.085388
-13.13324
-14.72168
-14.520264
-15.100098
-13.7161255
-16.046143
-15.853882
-16.137695
-16.581726
-15.843201
-15.072632
-15.979004
-16.23993
-14.5401
-15.791321
-16.752625
-16.667175
-17.45758
-15.350342
-16.142273
-16.940308
-16.844177
-17.765808
-15.000916
-15.44342
-16.044617
-15.748596
-16.688538
-17.350769
-16.548157
-17.643738
-15.016174
-15.422058
-15.863037
-17.015076
-18.762207
-16.72821
-17.015076
-15.04364
-15.934753
-16.044617
-15.080261
-16.127014
-16.117859
-13.5849
-17.430115
-16.06903
-13.925171
-13.85498
-15.258789
-15.397644
-15.90271
-14.709473
-14.785767
-15.327454
-15.396118
-14.706421
-13.621521
-15.878296
-16.366577
-14.620972
-15.393066
-14.399719
-16.627502
-13.722229
-14.846802
-15.652466
-15.280151
-15.864563
-15.29541
-15.609741
-15.609741
-15.609741
-14.34021
-15.9210205
-14.637756
-14.430237
-14.778137
-15.362549
-15.138245
-15.609741
-16.764832
-15.956116
-16.090393
-15.498352
-16.4505
-14.736938
-15.359497
-13.841248
-15.307617
-14.863586
-16.104126
-13.850403
-13.197327
-14.883423
-14.72168
-14.788818
-15.338135
-14.761353
-15.890503
-15.953064
-15.118408
-15.133667
-14.0625
-13.3377075
-15.124512
-14.1067505
-16.264343
-13.096619
-14.785767
-14.532471
-15.475464
-14.816284
-15.463257
-14.395142
-14.691162
-13.864136
-15.307617
-15.933228
-14.096069
-16.357422
-14.602661
-15.90271
-13.273621
-13.73291
-15.57312
-14.3585205
-16.207886
-15.179443
-14.053345
-14.476013
-14.651489
-15.878296
-14.013672
-15.997314
-16.76178
-13.595581
-15.457153
-15.246582
-16.70227
-15.779114
-15.997314
-16.000366
-15.341187
-16.378784
-16.177368
-16.14685
-15.545654
-15.454102
-14.630127
-14.630127
-14.630127
-15.930176
-16.201782
-17.674255
-13.88855
-15.629578
-15.982056
-15.426636
-16.05835
-16.070557
-16.696167
-16.207886
-15.292358
-14.057922
-15.4296875
-15.982056
-16.19873
-14.402771
-16.714478
-15.840149
-14.544678
-16.70227
-14.834595
-15.130615
-14.022827
-14.797974
-15.336609
-14.660645
-15.90271
-14.645386
-13.197327
-15.510559
-15.103149
-15.084839
-15.9210205
-14.822388
-15.156555
-13.824463
-15.197754
-15.1397705
-13.018799
-13.792419
-15.969849
-15.4800415
-15.426636
-14.9002075
-13.882446
-15.100098
-15.264893
-13.885498
-13.288879
-15.447998
-14.569092
-14.376831
-13.064575
-16.357422
-14.544678
-14.886475
-15.12146
-14.564514
-14.706421
-14.8376465
-14.460754
-14.59198
-14.529419
-14.8880005
-14.581299
-15.447998
-13.764954
-13.703918
-14.649963
-12.849426
-16.226196
-13.407898
-14.08844
-14.126587
-14.448547
-15.292358
-14.445496
-15.516663
-15.516663
-14.610291
-14.595032
-12.910461
-15.374756
-11.802673
-12.828064
-13.032532
-16.09497
-15.37323
-14.393616
-13.833618
-14.715576
-13.830566
-13.053894
-14.569092
-13.9678955
-14.093018
-15.200806
-13.621521
-13.215637
-13.912964
-14.424133
-14.595032
-14.578247
-13.667297
-12.611389
-14.176941
-14.712524
-14.506531
-12.992859
-11.509705
-13.981628
-13.171387
-13.632202
-13.383484
-13.227844
-14.607239
-13.197327
-13.252258
-12.06665
-14.385986
-13.638306
-11.817932
-14.541626
-13.15918
-13.250732
-12.1521
-13.735962
-13.806152
-14.076233
-13.551331
-13.12561
-11.758423
-14.532471
-13.682556
-14.883423
-12.866211
-12.879944
-14.131165
-12.416077
-13.865662
-13.374329
-12.359619
-12.849426
-13.278198
-13.819885
-12.231445
-12.449646
-13.362122
-12.593079
-12.332153
-12.612915
-12.39624
-11.451721
-12.59613
-12.57782
-12.57782
-12.57782
-13.150024
-11.347961
-11.499023
-12.089539
-13.4262085
-13.314819
-12.945557
-12.226868
-12.272644
-10.765076
-11.006165
-13.412476
-11.451721
-11.843872
-12.333679
-12.440491
-13.919067
-12.9470825
-12.409973
-13.772583
-12.37793
-11.860657
-12.483215
-12.1536255
-13.731384
-12.8967285
-13.374329
-12.432861
-12.434387
-13.09967
-14.089966
-13.613892
-12.817383
-13.179016
-11.39679
-13.339233
-12.135315
-11.581421
-13.119507
-11.825562
-11.686707
-12.231445
-12.528992
-14.053345
-12.478638
-12.391663
-12.95166
-12.329102
-13.272095
-12.483215
-12.533569
-13.053894
-13.568115
-14.074707
-13.296509
-12.2543335
-12.101746
-12.528992
-13.198853
-13.879395
-13.000488
-13.299561
-12.409973
-14.448547
-13.134766
-12.817383
-12.590027
-13.812256
-12.850952
-14.431763
-13.105774
-14.706421
-15.267944
-13.7161255
