1624761506003
1624761506035
1624761506043
1624761506062
1624761506083
1624761506103
1624761506123
1624761506143
1624761506162
1624761506183
1624761506203
1624761506223
1624761506243
1624761506263
1624761506283
1624761506303
1624761506323
1624761506343
1624761506363
1624761506383
1624761506403
1624761506423
1624761506443
1624761506463
1624761506483
1624761506503
1624761506523
1624761506543
1624761506563
1624761506583
1624761506603
1624761506623
1624761506643
1624761506663
1624761506683
1624761506703
1624761506723
1624761506743
1624761506763
1624761506783
1624761506803
1624761506823
1624761506843
1624761506863
1624761506884
1624761506903
1624761506925
1624761506944
1624761506965
1624761506985
1624761507005
1624761507026
1624761507046
1624761507065
1624761507085
1624761507105
1624761507125
1624761507144
1624761507165
1624761507186
1624761507204
1624761507224
1624761507244
1624761507264
1624761507284
1624761507304
1624761507325
1624761507344
1624761507364
1624761507385
1624761507405
1624761507425
1624761507445
1624761507465
1624761507485
1624761507505
1624761507525
1624761507544
1624761507566
1624761507586
1624761507605
1624761507626
1624761507645
1624761507665
1624761507686
1624761507705
1624761507726
1624761507745
1624761507765
1624761507785
1624761507805
1624761507825
1624761507845
1624761507866
1624761507886
1624761507905
1624761507925
1624761507945
1624761507965
1624761507985
1624761508005
1624761508027
1624761508044
1624761508066
1624761508085
1624761508105
1624761508126
1624761508145
1624761508165
1624761508185
1624761508206
1624761508226
1624761508245
1624761508264
1624761508285
1624761508306
1624761508325
1624761508352
1624761508364
1624761508386
1624761508405
1624761508425
1624761508446
1624761508465
1624761508484
1624761508505
1624761508526
1624761508545
1624761508565
1624761508585
1624761508605
1624761508625
1624761508646
1624761508665
1624761508686
1624761508706
1624761508726
1624761508746
1624761508765
1624761508786
1624761508805
1624761508825
1624761508845
1624761508865
1624761508886
1624761508905
1624761508924
1624761508946
1624761508966
1624761508986
1624761509006
1624761509025
1624761509045
1624761509065
1624761509085
1624761509105
1624761509125
1624761509145
1624761509166
1624761509184
1624761509204
1624761509225
1624761509245
1624761509265
1624761509285
1624761509306
1624761509326
1624761509345
1624761509366
1624761509385
1624761509405
1624761509426
1624761509445
1624761509464
1624761509486
1624761509506
1624761509528
1624761509545
1624761509565
1624761509585
1624761509605
1624761509625
1624761509645
1624761509665
1624761509684
1624761509705
1624761509725
1624761509745
1624761509764
1624761509785
1624761509805
1624761509826
1624761509846
1624761509866
1624761509886
1624761509906
1624761509925
1624761509946
1624761509965
1624761509985
1624761510005
1624761510026
1624761510047
1624761510066
1624761510086
1624761510106
1624761510126
1624761510146
1624761510166
1624761510185
1624761510206
1624761510225
1624761510246
1624761510266
1624761510286
1624761510306
1624761510326
1624761510346
1624761510365
1624761510386
1624761510406
1624761510426
1624761510446
1624761510466
1624761510486
1624761510506
1624761510526
1624761510546
1624761510568
1624761510586
1624761510607
1624761510626
1624761510646
1624761510666
1624761510686
1624761510706
1624761510726
1624761510746
1624761510766
1624761510786
1624761510806
1624761510826
1624761510846
1624761510866
1624761510886
1624761510906
1624761510926
1624761510946
1624761510966
1624761510986
1624761511006
1624761511026
1624761511046
1624761511066
1624761511086
1624761511106
1624761511126
1624761511146
1624761511166
1624761511186
1624761511206
1624761511226
1624761511246
1624761511266
1624761511286
1624761511306
1624761511326
1624761511346
1624761511366
1624761511387
1624761511407
1624761511426
1624761511447
1624761511467
1624761511487
1624761511506
1624761511526
1624761511546
1624761511567
1624761511586
1624761511606
1624761511627
1624761511646
1624761511666
1624761511686
1624761511706
1624761511727
1624761511746
1624761511767
1624761511786
1624761511806
1624761511826
1624761511846
1624761511866
1624761511886
1624761511906
1624761511937
1624761511945
1624761511967
1624761511992
1624761512009
1624761512029
1624761512046
1624761512068
1624761512086
1624761512108
1624761512126
1624761512147
1624761512169
1624761512186
1624761512207
1624761512227
1624761512247
1624761512268
1624761512287
1624761512307
1624761512327
1624761512349
1624761512367
1624761512387
1624761512408
1624761512428
1624761512447
1624761512466
1624761512487
1624761512507
1624761512527
1624761512545
1624761512566
1624761512587
1624761512608
1624761512627
1624761512647
1624761512667
1624761512687
1624761512707
1624761512728
1624761512747
1624761512767
1624761512787
1624761512807
1624761512827
1624761512847
1624761512867
1624761512887
1624761512907
1624761512927
1624761512947
1624761512967
1624761512987
1624761513007
1624761513027
1624761513048
1624761513068
1624761513086
1624761513107
1624761513127
1624761513147
1624761513167
1624761513187
1624761513207
1624761513227
1624761513247
1624761513266
1624761513287
1624761513308
1624761513327
1624761513347
1624761513368
1624761513386
1624761513406
1624761513426
1624761513446
1624761513467
1624761513486
1624761513508
1624761513528
1624761513548
1624761513568
1624761513587
1624761513608
1624761513627
1624761513647
1624761513667
1624761513687
1624761513707
1624761513727
1624761513747
1624761513767
1624761513787
1624761513808
1624761513828
1624761513847
1624761513867
1624761513887
1624761513907
1624761513927
1624761513947
1624761513968
1624761513987
1624761514008
1624761514028
1624761514047
1624761514067
1624761514088
1624761514108
1624761514128
1624761514147
1624761514168
1624761514188
1624761514208
1624761514227
1624761514248
1624761514268
1624761514288
1624761514308
1624761514327
1624761514348
1624761514367
1624761514387
1624761514407
1624761514428
1624761514448
1624761514468
1624761514488
1624761514507
1624761514528
1624761514548
1624761514568
1624761514588
1624761514608
1624761514628
1624761514648
1624761514668
1624761514687
1624761514708
1624761514727
1624761514748
1624761514768
1624761514788
1624761514807
1624761514828
1624761514848
1624761514868
1624761514888
1624761514908
1624761514928
1624761514948
1624761514968
1624761514988
1624761515007
1624761515029
1624761515049
1624761515069
1624761515089
1624761515109
1624761515128
1624761515149
1624761515168
1624761515188
1624761515208
1624761515228
1624761515248
1624761515268
1624761515288
1624761515308
1624761515328
1624761515348
1624761515368
1624761515388
1624761515408
1624761515428
1624761515448
1624761515468
1624761515489
1624761515508
1624761515527
1624761515549
1624761515568
1624761515588
1624761515608
1624761515628
1624761515648
1624761515668
1624761515688
1624761515709
1624761515728
1624761515748
1624761515768
1624761515788
1624761515808
1624761515828
1624761515848
1624761515868
1624761515888
1624761515908
1624761515928
1624761515951
1624761515968
1624761515987
1624761516009
1624761516029
1624761516048
1624761516069
1624761516089
1624761516109
1624761516128
1624761516148
1624761516168
1624761516188
1624761516209
1624761516228
1624761516247
1624761516269
1624761516289
1624761516308
1624761516328
1624761516349
1624761516369
1624761516389
1624761516407
1624761516428
1624761516448
1624761516468
1624761516488
1624761516509
1624761516528
1624761516548
1624761516569
1624761516588
1624761516608
1624761516628
1624761516648
1624761516668
1624761516688
1624761516708
1624761516728
1624761516748
1624761516769
1624761516788
1624761516808
1624761516828
1624761516848
1624761516869
1624761516889
1624761516909
1624761516928
1624761516948
1624761516969
1624761516991
1624761517007
1624761517027
1624761517050
1624761517067
1624761517088
1624761517107
1624761517128
1624761517147
1624761517168
1624761517188
1624761517208
1624761517228
1624761517248
1624761517268
1624761517288
1624761517309
1624761517328
1624761517348
1624761517369
1624761517388
1624761517408
1624761517428
1624761517448
1624761517469
1624761517488
1624761517509
1624761517529
1624761517548
1624761517569
1624761517588
1624761517609
1624761517629
1624761517648
1624761517669
1624761517689
1624761517709
1624761517729
1624761517748
1624761517769
1624761517789
1624761517809
1624761517829
1624761517848
1624761517869
1624761517889
1624761517909
1624761517929
1624761517949
1624761517969
1624761517989
1624761518009
1624761518029
1624761518048
1624761518069
1624761518089
1624761518109
1624761518129
1624761518149
1624761518169
1624761518189
1624761518209
1624761518229
1624761518249
1624761518269
1624761518289
1624761518309
1624761518329
1624761518349
1624761518369
1624761518389
1624761518408
1624761518428
1624761518449
1624761518469
1624761518488
1624761518509
1624761518529
1624761518549
1624761518569
1624761518589
1624761518609
1624761518629
1624761518649
1624761518669
1624761518689
1624761518708
1624761518729
1624761518749
1624761518775
1624761518793
1624761518809
1624761518829
1624761518849
1624761518871
1624761518890
1624761518909
1624761518929
1624761518949
1624761518969
1624761518988
1624761519009
1624761519029
1624761519048
1624761519069
1624761519089
1624761519109
1624761519129
1624761519149
1624761519169
1624761519189
1624761519209
1624761519230
1624761519249
1624761519269
1624761519289
1624761519309
1624761519330
1624761519348
1624761519369
1624761519389
1624761519409
1624761519429
1624761519449
1624761519469
1624761519489
1624761519509
1624761519530
1624761519550
1624761519569
1624761519589
1624761519609
1624761519629
1624761519649
1624761519670
1624761519690
1624761519710
1624761519730
1624761519749
1624761519770
1624761519790
1624761519810
1624761519830
1624761519850
1624761519870
1624761519889
1624761519909
1624761519930
1624761519949
1624761519969
1624761519990
1624761520009
1624761520030
1624761520050
1624761520069
1624761520090
1624761520109
1624761520130
1624761520150
1624761520170
1624761520190
1624761520210
1624761520230
1624761520250
1624761520270
1624761520290
1624761520310
1624761520330
1624761520350
1624761520370
1624761520395
1624761520410
1624761520429
1624761520450
1624761520470
1624761520490
1624761520509
1624761520531
1624761520550
1624761520571
1624761520590
1624761520610
1624761520630
1624761520650
1624761520670
1624761520690
1624761520710
1624761520730
1624761520750
1624761520770
1624761520790
1624761520810
1624761520830
1624761520850
1624761520870
1624761520890
1624761520910
1624761520930
1624761520950
1624761520970
1624761520990
1624761521010
1624761521029
1624761521050
1624761521070
1624761521090
1624761521110
1624761521130
1624761521150
1624761521170
1624761521190
1624761521210
1624761521230
1624761521250
1624761521270
1624761521290
1624761521310
1624761521330
1624761521350
1624761521370
1624761521390
1624761521410
1624761521433
1624761521449
1624761521470
1624761521490
1624761521510
1624761521533
1624761521550
1624761521570
1624761521590
1624761521609
1624761521631
1624761521650
1624761521671
1624761521689
1624761521710
1624761521730
1624761521753
1624761521770
1624761521790
1624761521810
1624761521829
1624761521850
1624761521870
1624761521891
1624761521911
1624761521931
1624761521952
1624761521970
1624761521990
1624761522013
1624761522030
1624761522050
1624761522070
1624761522090
1624761522110
1624761522130
1624761522151
1624761522171
1624761522190
1624761522210
1624761522230
1624761522250
1624761522271
1624761522291
1624761522311
1624761522330
1624761522351
1624761522371
1624761522391
1624761522410
1624761522431
1624761522452
1624761522472
1624761522491
1624761522512
1624761522531
1624761522551
1624761522571
1624761522591
1624761522610
1624761522630
1624761522651
1624761522671
1624761522691
1624761522711
1624761522731
1624761522750
1624761522771
1624761522791
1624761522810
1624761522831
1624761522851
1624761522871
1624761522891
1624761522911
1624761522931
1624761522951
1624761522971
1624761522991
1624761523011
1624761523031
1624761523051
1624761523070
1624761523091
1624761523111
1624761523131
1624761523151
1624761523171
1624761523191
1624761523211
1624761523231
1624761523252
1624761523271
1624761523291
1624761523311
1624761523331
1624761523351
1624761523371
1624761523391
1624761523411
1624761523431
1624761523452
1624761523472
1624761523490
1624761523512
1624761523531
1624761523551
1624761523572
1624761523592
1624761523612
1624761523632
1624761523652
1624761523671
1624761523691
1624761523711
1624761523731
1624761523751
1624761523771
1624761523791
1624761523811
1624761523832
1624761523852
1624761523871
1624761523891
1624761523911
1624761523932
1624761523952
1624761523972
1624761523991
1624761524011
1624761524031
1624761524051
1624761524071
1624761524092
1624761524111
1624761524131
1624761524152
1624761524172
1624761524192
1624761524212
1624761524231
1624761524251
1624761524272
1624761524292
1624761524312
1624761524333
1624761524351
1624761524371
1624761524393
1624761524411
1624761524431
1624761524451
1624761524471
1624761524492
1624761524519
1624761524530
1624761524551
1624761524576
1624761524593
1624761524611
1624761524643
1624761524650
1624761524673
1624761524691
1624761524711
1624761524732
1624761524751
1624761524774
1624761524792
1624761524812
1624761524831
1624761524851
1624761524872
1624761524892
1624761524911
1624761524931
1624761524951
1624761524971
1624761524990
1624761525011
1624761525040
1624761525051
1624761525071
1624761525091
1624761525112
1624761525131
1624761525152
1624761525172
1624761525192
1624761525212
1624761525232
1624761525253
1624761525273
1624761525293
1624761525312
1624761525332
1624761525353
1624761525372
1624761525393
1624761525412
1624761525432
1624761525452
1624761525472
1624761525492
1624761525512
1624761525532
1624761525552
1624761525574
1624761525593
1624761525612
1624761525632
1624761525652
1624761525672
1624761525693
1624761525711
1624761525732
1624761525753
1624761525772
1624761525793
1624761525812
1624761525832
1624761525853
1624761525873
1624761525892
1624761525912
1624761525932
1624761525952
1624761525973
1624761525992
1624761526011
1624761526032
1624761526052
1624761526072
1624761526092
1624761526113
1624761526132
1624761526152
1624761526174
1624761526192
1624761526213
1624761526232
1624761526251
1624761526272
1624761526293
1624761526315
1624761526331
1624761526351
1624761526371
1624761526391
1624761526412
1624761526432
1624761526452
1624761526472
1624761526492
1624761526513
1624761526532
1624761526552
1624761526572
1624761526592
1624761526614
1624761526632
1624761526652
1624761526672
1624761526692
1624761526713
1624761526732
1624761526752
1624761526773
1624761526792
1624761526814
1624761526832
1624761526851
1624761526873
1624761526894
1624761526914
1624761526933
1624761526952
1624761526974
1624761526992
1624761527013
1624761527032
1624761527052
1624761527072
1624761527093
1624761527112
1624761527132
1624761527152
1624761527173
1624761527193
1624761527212
1624761527232
1624761527253
1624761527273
1624761527293
1624761527314
1624761527333
1624761527352
1624761527374
1624761527393
1624761527414
1624761527433
1624761527452
1624761527473
1624761527492
1624761527514
1624761527533
1624761527552
1624761527575
1624761527593
1624761527613
1624761527635
1624761527653
1624761527672
1624761527694
1624761527714
1624761527734
1624761527752
1624761527774
1624761527793
1624761527813
1624761527833
1624761527854
1624761527873
1624761527893
1624761527913
1624761527934
1624761527953
1624761527973
1624761527992
1624761528014
1624761528032
1624761528054
1624761528075
1624761528092
1624761528112
1624761528134
1624761528153
1624761528172
1624761528192
1624761528215
1624761528234
1624761528253
1624761528273
1624761528293
1624761528314
1624761528333
1624761528353
1624761528373
1624761528392
1624761528413
1624761528433
1624761528454
1624761528473
1624761528492
1624761528513
1624761528533
1624761528553
1624761528573
1624761528593
1624761528613
1624761528633
1624761528655
1624761528673
1624761528694
1624761528714
1624761528734
1624761528753
1624761528773
1624761528794
1624761528813
1624761528834
1624761528853
1624761528873
1624761528893
1624761528913
1624761528934
1624761528954
1624761528974
1624761528993
1624761529014
1624761529033
1624761529054
1624761529072
1624761529093
1624761529114
1624761529135
1624761529153
1624761529172
1624761529193
1624761529213
1624761529233
1624761529253
1624761529273
1624761529293
1624761529313
1624761529333
1624761529353
1624761529372
1624761529392
1624761529412
1624761529432
1624761529452
1624761529472
1624761529492
1624761529513
1624761529533
1624761529553
1624761529575
1624761529594
1624761529614
1624761529633
1624761529653
1624761529675
1624761529694
1624761529714
1624761529734
1624761529756
1624761529773
1624761529794
1624761529815
1624761529834
1624761529855
1624761529873
1624761529893
1624761529913
1624761529934
1624761529955
1624761529973
1624761529993
1624761530013
1624761530034
1624761530054
1624761530073
1624761530094
1624761530114
1624761530134
1624761530154
1624761530173
1624761530193
1624761530213
1624761530234
1624761530254
1624761530273
1624761530293
1624761530314
1624761530334
1624761530353
1624761530373
1624761530394
1624761530413
1624761530434
1624761530453
1624761530475
1624761530494
1624761530514
1624761530534
1624761530555
1624761530574
1624761530595
1624761530614
1624761530635
1624761530654
1624761530674
1624761530694
1624761530713
1624761530734
1624761530754
1624761530774
1624761530794
1624761530814
1624761530835
1624761530854
1624761530874
1624761530893
1624761530914
1624761530934
1624761530954
1624761530974
1624761530994
1624761531014
1624761531035
1624761531054
1624761531074
1624761531094
1624761531114
1624761531134
1624761531154
1624761531174
1624761531195
1624761531213
1624761531234
1624761531254
1624761531274
1624761531294
1624761531314
1624761531334
1624761531353
1624761531374
1624761531394
1624761531414
1624761531434
1624761531454
1624761531475
1624761531494
1624761531515
1624761531535
1624761531556
1624761531575
1624761531594
1624761531614
1624761531635
1624761531654
1624761531675
1624761531695
1624761531715
1624761531734
1624761531755
1624761531775
1624761531796
1624761531814
1624761531834
1624761531856
1624761531874
1624761531894
1624761531915
1624761531934
1624761531954
1624761531974
1624761531994
1624761532015
1624761532034
1624761532054
1624761532074
1624761532095
1624761532114
1624761532134
1624761532154
1624761532174
1624761532195
1624761532215
1624761532234
1624761532254
1624761532275
1624761532294
1624761532316
1624761532335
1624761532355
1624761532375
1624761532395
1624761532417
1624761532435
1624761532455
1624761532476
1624761532495
1624761532514
1624761532535
1624761532555
1624761532574
1624761532595
1624761532615
1624761532635
1624761532655
1624761532675
1624761532694
1624761532715
1624761532736
1624761532756
1624761532774
1624761532794
1624761532815
1624761532835
1624761532855
1624761532875
1624761532894
1624761532914
1624761532934
1624761532955
1624761532975
1624761532995
1624761533015
1624761533034
1624761533055
1624761533075
1624761533094
1624761533117
1624761533135
1624761533156
1624761533175
1624761533195
1624761533215
1624761533234
1624761533255
1624761533275
1624761533295
1624761533316
1624761533335
1624761533355
1624761533375
1624761533397
1624761533417
1624761533435
1624761533455
1624761533475
1624761533496
1624761533517
1624761533535
1624761533555
1624761533576
1624761533596
1624761533616
1624761533634
1624761533655
1624761533675
1624761533695
1624761533716
1624761533734
1624761533755
1624761533775
1624761533795
1624761533815
1624761533835
1624761533855
1624761533875
1624761533895
1624761533915
1624761533936
1624761533954
1624761533975
1624761533995
1624761534015
1624761534035
1624761534054
1624761534075
1624761534095
1624761534114
1624761534135
1624761534155
1624761534175
1624761534195
1624761534218
1624761534236
1624761534255
1624761534276
1624761534295
1624761534316
1624761534335
1624761534356
1624761534375
1624761534396
1624761534415
1624761534436
1624761534455
1624761534475
1624761534496
1624761534515
1624761534535
1624761534556
1624761534576
1624761534595
1624761534615
1624761534636
1624761534655
1624761534676
1624761534695
1624761534715
1624761534735
1624761534756
1624761534775
1624761534795
1624761534815
1624761534834
1624761534856
1624761534876
1624761534895
1624761534915
1624761534936
1624761534956
1624761534976
1624761534996
1624761535015
1624761535035
1624761535056
1624761535076
1624761535098
1624761535116
1624761535136
1624761535156
1624761535176
1624761535196
1624761535218
1624761535236
1624761535256
1624761535276
1624761535296
1624761535318
1624761535336
1624761535356
1624761535376
1624761535396
1624761535416
1624761535436
1624761535456
1624761535476
1624761535496
1624761535516
1624761535536
1624761535556
1624761535576
1624761535596
1624761535616
1624761535636
1624761535655
1624761535676
1624761535696
1624761535716
1624761535736
1624761535756
1624761535776
1624761535796
1624761535816
1624761535836
1624761535856
1624761535876
1624761535896
1624761535916
1624761535936
1624761535956
1624761535976
1624761535996
1624761536016
1624761536037
1624761536056
1624761536076
1624761536096
1624761536117
1624761536136
1624761536156
1624761536176
1624761536196
1624761536216
1624761536236
1624761536256
1624761536276
1624761536296
1624761536316
1624761536336
1624761536357
1624761536376
1624761536397
1624761536416
1624761536436
1624761536457
1624761536477
1624761536497
1624761536517
1624761536536
1624761536556
1624761536577
1624761536597
1624761536616
1624761536636
1624761536656
1624761536676
1624761536697
1624761536717
1624761536737
1624761536756
1624761536777
1624761536798
1624761536817
1624761536837
1624761536856
1624761536879
1624761536898
1624761536917
1624761536937
1624761536957
1624761536977
1624761536996
1624761537021
1624761537035
1624761537056
1624761537076
1624761537096
1624761537116
1624761537137
1624761537156
1624761537177
1624761537197
1624761537215
1624761537235
1624761537257
1624761537276
1624761537296
1624761537317
1624761537337
1624761537355
1624761537376
1624761537396
1624761537416
1624761537436
1624761537456
1624761537475
1624761537497
1624761537517
1624761537537
1624761537557
1624761537576
1624761537596
1624761537617
1624761537636
1624761537657
1624761537677
1624761537696
1624761537717
1624761537736
1624761537758
1624761537776
1624761537796
1624761537817
1624761537837
1624761537857
1624761537876
1624761537896
1624761537917
1624761537937
1624761537958
1624761537976
1624761537996
1624761538017
1624761538037
1624761538057
1624761538077
1624761538096
1624761538116
1624761538137
1624761538157
1624761538176
1624761538197
1624761538217
1624761538236
1624761538257
1624761538277
1624761538297
1624761538316
1624761538337
1624761538357
1624761538376
1624761538397
1624761538418
1624761538437
1624761538457
1624761538476
1624761538497
1624761538517
1624761538536
1624761538557
1624761538577
1624761538597
1624761538617
1624761538637
1624761538656
1624761538677
1624761538697
1624761538718
1624761538736
1624761538757
1624761538777
1624761538796
1624761538817
1624761538837
1624761538857
1624761538876
1624761538897
1624761538917
1624761538937
1624761538957
1624761538976
1624761538997
1624761539018
1624761539036
1624761539058
1624761539080
1624761539097
1624761539119
1624761539137
1624761539158
1624761539177
1624761539197
1624761539219
1624761539237
1624761539257
1624761539277
1624761539297
1624761539319
1624761539337
1624761539358
1624761539377
1624761539397
1624761539417
1624761539437
1624761539457
1624761539477
1624761539497
1624761539517
1624761539537
1624761539557
1624761539578
1624761539599
1624761539618
1624761539637
1624761539658
1624761539679
1624761539697
1624761539717
1624761539737
1624761539757
1624761539778
1624761539797
1624761539819
1624761539837
1624761539857
1624761539878
1624761539897
1624761539917
1624761539939
1624761539957
1624761539979
1624761539997
1624761540017
1624761540038
1624761540056
1624761540076
1624761540097
1624761540117
1624761540137
1624761540157
1624761540178
1624761540198
1624761540218
1624761540239
1624761540259
1624761540277
1624761540299
1624761540318
1624761540337
1624761540358
1624761540376
1624761540398
1624761540418
1624761540438
1624761540458
1624761540478
1624761540498
1624761540519
1624761540538
1624761540557
1624761540579
1624761540598
1624761540617
1624761540638
1624761540658
1624761540678
1624761540697
1624761540718
1624761540739
1624761540759
1624761540778
1624761540799
1624761540818
1624761540837
1624761540859
1624761540878
1624761540898
1624761540918
1624761540938
1624761540959
1624761540978
1624761540998
1624761541018
1624761541037
1624761541060
1624761541077
1624761541098
1624761541119
1624761541137
1624761541160
1624761541179
1624761541199
1624761541218
1624761541238
1624761541260
1624761541278
1624761541298
1624761541318
1624761541338
1624761541359
1624761541378
1624761541398
1624761541419
1624761541438
1624761541459
1624761541479
1624761541498
1624761541519
1624761541538
1624761541559
1624761541578
1624761541599
1624761541619
1624761541638
1624761541658
1624761541679
1624761541698
1624761541719
1624761541738
1624761541758
1624761541778
1624761541798
1624761541819
1624761541839
1624761541859
1624761541878
1624761541898
1624761541919
1624761541939
1624761541960
1624761541977
1624761541999
1624761542019
1624761542039
1624761542059
1624761542078
1624761542099
1624761542119
1624761542139
1624761542158
1624761542180
1624761542198
1624761542219
1624761542239
1624761542258
1624761542281
1624761542300
1624761542319
1624761542338
1624761542359
1624761542378
1624761542399
1624761542419
1624761542439
1624761542458
1624761542478
1624761542498
1624761542519
1624761542539
1624761542558
1624761542578
1624761542600
1624761542619
1624761542639
1624761542659
1624761542678
1624761542698
1624761542718
1624761542739
1624761542758
1624761542778
1624761542798
1624761542818
1624761542839
1624761542859
1624761542878
1624761542898
1624761542919
1624761542940
1624761542961
1624761542979
1624761542998
1624761543018
1624761543040
1624761543060
1624761543078
1624761543099
1624761543118
1624761543140
1624761543159
1624761543179
1624761543199
1624761543218
1624761543238
1624761543258
1624761543279
1624761543299
1624761543320
1624761543340
1624761543357
1624761543378
1624761543398
1624761543419
1624761543439
1624761543459
1624761543479
1624761543498
1624761543518
1624761543538
1624761543559
1624761543578
1624761543599
1624761543619
1624761543639
1624761543660
1624761543678
1624761543699
1624761543719
1624761543739
1624761543759
1624761543779
1624761543799
1624761543819
1624761543840
1624761543860
1624761543880
1624761543900
1624761543919
1624761543939
1624761543960
1624761543980
1624761543999
1624761544020
1624761544040
1624761544060
1624761544080
1624761544099
1624761544119
1624761544139
1624761544160
1624761544179
1624761544200
1624761544219
1624761544240
1624761544259
1624761544280
1624761544299
1624761544320
1624761544339
1624761544358
1624761544379
1624761544399
1624761544418
1624761544439
1624761544459
1624761544479
1624761544499
1624761544519
1624761544539
1624761544560
1624761544580
1624761544599
1624761544620
1624761544639
1624761544660
1624761544679
1624761544699
1624761544722
1624761544739
1624761544759
1624761544780
1624761544800
1624761544819
1624761544839
1624761544860
1624761544880
1624761544900
1624761544923
1624761544939
1624761544960
1624761544980
1624761545000
1624761545020
1624761545039
1624761545060
1624761545080
1624761545100
1624761545120
1624761545139
1624761545160
1624761545181
1624761545200
1624761545219
1624761545240
1624761545259
1624761545280
1624761545300
1624761545319
1624761545340
1624761545360
1624761545379
1624761545400
1624761545420
1624761545441
1624761545459
1624761545480
1624761545502
1624761545519
1624761545540
1624761545560
1624761545581
1624761545599
1624761545619
1624761545641
1624761545664
1624761545684
1624761545699
1624761545719
1624761545741
1624761545760
1624761545779
1624761545800
1624761545820
1624761545839
1624761545860
1624761545880
1624761545899
1624761545920
1624761545940
1624761545960
1624761545980
1624761545999
1624761546020
1624761546040
1624761546060
1624761546080
1624761546101
1624761546120
1624761546140
1624761546161
1624761546180
1624761546200
1624761546218
1624761546241
1624761546260
1624761546280
1624761546299
1624761546321
1624761546341
1624761546360
1624761546381
1624761546400
1624761546421
1624761546441
1624761546459
1624761546481
1624761546500
1624761546520
1624761546540
1624761546561
1624761546581
1624761546601
1624761546622
1624761546638
1624761546661
1624761546681
1624761546700
1624761546720
1624761546740
1624761546760
1624761546781
1624761546802
1624761546820
1624761546840
1624761546860
1624761546881
1624761546901
1624761546920
1624761546940
1624761546960
1624761546980
1624761547000
1624761547020
1624761547040
1624761547060
1624761547081
1624761547100
1624761547120
1624761547140
1624761547160
1624761547181
1624761547200
1624761547220
1624761547241
1624761547260
1624761547281
1624761547299
1624761547320
1624761547340
1624761547360
1624761547381
1624761547401
1624761547419
1624761547441
1624761547460
1624761547481
1624761547501
1624761547521
1624761547539
1624761547560
1624761547581
1624761547600
1624761547620
1624761547640
1624761547660
1624761547681
1624761547702
1624761547720
1624761547739
1624761547760
1624761547782
1624761547801
1624761547820
1624761547839
1624761547860
1624761547879
1624761547899
1624761547920
1624761547939
1624761547959
1624761547980
1624761548000
1624761548020
1624761548040
1624761548061
1624761548081
1624761548101
1624761548120
1624761548140
1624761548161
1624761548181
1624761548200
1624761548221
1624761548240
1624761548260
1624761548280
1624761548301
1624761548321
1624761548340
1624761548361
1624761548381
1624761548401
1624761548421
1624761548441
1624761548461
1624761548480
1624761548501
1624761548521
1624761548541
1624761548561
1624761548581
1624761548601
1624761548621
1624761548641
1624761548661
1624761548681
1624761548702
1624761548722
1624761548741
1624761548762
1624761548780
1624761548801
1624761548822
1624761548842
1624761548861
1624761548880
1624761548901
1624761548921
1624761548941
1624761548962
1624761548983
1624761549000
1624761549021
1624761549042
1624761549061
1624761549081
1624761549101
1624761549121
1624761549141
1624761549161
1624761549181
1624761549200
1624761549220
1624761549240
1624761549260
1624761549281
1624761549300
1624761549321
1624761549341
1624761549361
1624761549380
1624761549402
1624761549423
1624761549441
1624761549460
1624761549480
1624761549502
1624761549524
1624761549541
1624761549561
1624761549581
1624761549600
1624761549621
1624761549641
1624761549663
1624761549681
1624761549701
1624761549721
1624761549741
1624761549762
1624761549781
1624761549801
1624761549822
1624761549842
1624761549862
1624761549881
1624761549902
1624761549921
1624761549942
1624761549961
1624761549981
1624761550003
1624761550021
1624761550042
1624761550061
1624761550081
1624761550101
1624761550120
1624761550141
1624761550161
1624761550181
1624761550201
1624761550221
1624761550240
1624761550261
1624761550281
1624761550302
1624761550321
1624761550341
1624761550361
1624761550381
1624761550402
1624761550421
1624761550442
1624761550462
1624761550481
1624761550501
1624761550522
1624761550542
1624761550562
1624761550582
1624761550602
1624761550621
1624761550641
1624761550662
1624761550682
1624761550703
1624761550722
1624761550742
1624761550762
1624761550782
1624761550802
1624761550822
1624761550842
1624761550862
1624761550882
1624761550902
1624761550922
1624761550943
1624761550962
1624761550980
1624761551002
1624761551022
1624761551042
1624761551061
1624761551082
1624761551102
1624761551121
1624761551142
1624761551161
1624761551182
1624761551202
1624761551223
1624761551241
1624761551261
1624761551282
1624761551302
1624761551322
1624761551342
1624761551362
1624761551383
1624761551401
1624761551422
1624761551443
1624761551462
1624761551483
1624761551503
1624761551522
1624761551542
1624761551562
1624761551583
1624761551602
1624761551623
1624761551642
1624761551663
1624761551683
1624761551702
1624761551722
1624761551741
1624761551762
1624761551782
1624761551803
1624761551822
1624761551842
1624761551862
1624761551881
1624761551902
1624761551922
1624761551943
1624761551961
1624761551981
1624761552001
1624761552025
1624761552045
1624761552061
1624761552082
1624761552101
1624761552121
1624761552142
1624761552162
1624761552182
1624761552201
1624761552222
1624761552243
1624761552262
1624761552281
1624761552302
1624761552323
1624761552343
1624761552362
1624761552383
1624761552401
1624761552423
1624761552443
1624761552462
1624761552483
1624761552503
1624761552522
1624761552542
1624761552562
1624761552583
1624761552602
1624761552622
1624761552642
1624761552662
1624761552683
1624761552703
1624761552723
1624761552743
1624761552765
1624761552782
1624761552803
1624761552823
1624761552842
1624761552863
1624761552882
1624761552903
1624761552922
1624761552943
1624761552964
1624761552983
1624761553002
1624761553023
1624761553042
1624761553062
1624761553082
1624761553102
1624761553122
1624761553142
1624761553163
1624761553183
1624761553204
1624761553224
1624761553243
1624761553263
1624761553284
1624761553304
1624761553324
1624761553343
1624761553364
1624761553382
1624761553403
1624761553422
1624761553444
1624761553463
1624761553482
1624761553502
1624761553522
1624761553543
1624761553562
1624761553583
1624761553602
1624761553624
1624761553643
1624761553662
1624761553682
1624761553704
1624761553723
1624761553743
1624761553762
1624761553782
1624761553803
1624761553823
1624761553843
1624761553864
1624761553883
1624761553903
1624761553923
1624761553943
1624761553963
1624761553983
1624761554002
1624761554023
1624761554044
1624761554063
1624761554083
1624761554103
1624761554124
1624761554144
1624761554163
1624761554183
1624761554204
1624761554224
1624761554244
1624761554263
1624761554283
1624761554304
1624761554324
1624761554343
1624761554362
1624761554383
1624761554403
1624761554424
1624761554444
1624761554463
1624761554485
1624761554502
1624761554523
1624761554543
1624761554563
1624761554583
1624761554603
1624761554623
1624761554643
1624761554663
1624761554684
1624761554703
1624761554723
1624761554743
1624761554763
1624761554783
1624761554804
1624761554823
1624761554843
1624761554863
1624761554883
1624761554904
1624761554924
1624761554944
1624761554964
1624761554983
1624761555005
1624761555025
1624761555044
1624761555063
1624761555083
1624761555104
1624761555124
1624761555144
1624761555164
1624761555183
1624761555204
1624761555224
1624761555244
1624761555263
1624761555283
1624761555303
1624761555324
1624761555343
1624761555364
1624761555383
1624761555404
1624761555423
1624761555443
1624761555464
1624761555483
1624761555504
1624761555523
1624761555544
1624761555565
1624761555583
1624761555604
1624761555624
1624761555644
1624761555663
1624761555684
1624761555703
1624761555723
1624761555743
1624761555763
1624761555783
1624761555804
1624761555824
1624761555844
1624761555865
1624761555885
1624761555904
1624761555925
1624761555945
1624761555964
1624761555984
1624761556005
1624761556024
1624761556044
1624761556064
1624761556084
1624761556104
1624761556124
1624761556145
1624761556165
1624761556184
1624761556204
1624761556224
1624761556244
1624761556264
1624761556285
1624761556303
1624761556324
1624761556344
1624761556364
1624761556384
1624761556404
1624761556427
1624761556443
1624761556465
1624761556484
1624761556503
1624761556524
1624761556545
1624761556564
1624761556584
1624761556604
1624761556625
1624761556644
1624761556664
1624761556684
1624761556704
1624761556725
1624761556745
1624761556765
1624761556785
1624761556805
1624761556826
1624761556845
1624761556865
1624761556884
1624761556905
1624761556926
1624761556944
1624761556964
1624761556984
1624761557005
1624761557024
1624761557045
1624761557065
1624761557085
1624761557104
1624761557126
1624761557145
1624761557164
1624761557184
1624761557204
1624761557224
1624761557245
1624761557265
1624761557284
1624761557304
1624761557324
1624761557346
1624761557364
1624761557384
1624761557404
1624761557424
1624761557444
1624761557465
1624761557484
1624761557504
1624761557525
1624761557545
1624761557566
1624761557585
1624761557604
1624761557624
1624761557643
1624761557664
1624761557684
1624761557706
1624761557726
1624761557745
1624761557764
1624761557786
1624761557806
1624761557826
1624761557846
1624761557865
1624761557886
1624761557906
1624761557926
1624761557945
1624761557966
1624761557986
1624761558005
1624761558025
1624761558046
1624761558066
1624761558086
1624761558105
1624761558125
1624761558146
1624761558166
1624761558186
1624761558205
1624761558225
1624761558246
1624761558266
1624761558285
1624761558306
1624761558324
1624761558346
1624761558365
1624761558384
1624761558404
1624761558425
1624761558444
1624761558464
1624761558483
1624761558504
1624761558525
1624761558545
1624761558565
1624761558586
1624761558606
1624761558626
1624761558645
1624761558665
1624761558685
1624761558705
1624761558725
1624761558745
1624761558765
1624761558786
1624761558805
1624761558825
1624761558844
1624761558865
1624761558886
1624761558906
1624761558926
1624761558945
1624761558965
1624761558985
1624761559005
1624761559025
1624761559045
1624761559065
1624761559085
1624761559105
1624761559125
1624761559146
1624761559166
1624761559185
1624761559205
1624761559225
1624761559245
1624761559265
1624761559285
1624761559305
1624761559325
1624761559346
1624761559365
1624761559384
1624761559406
1624761559425
1624761559445
1624761559465
1624761559485
1624761559505
1624761559526
1624761559546
1624761559565
1624761559585
1624761559606
1624761559625
1624761559645
1624761559665
1624761559685
1624761559705
1624761559725
1624761559745
1624761559765
1624761559785
1624761559805
1624761559826
1624761559845
1624761559865
1624761559885
1624761559905
1624761559925
1624761559945
1624761559966
1624761559985
1624761560006
1624761560025
1624761560045
1624761560065
1624761560086
1624761560105
1624761560125
1624761560145
1624761560165
1624761560185
1624761560206
1624761560225
1624761560245
1624761560265
1624761560285
1624761560306
1624761560325
1624761560345
1624761560366
1624761560387
1624761560404
1624761560425
1624761560445
1624761560466
1624761560486
1624761560507
1624761560524
1624761560545
1624761560565
1624761560585
1624761560605
1624761560625
1624761560645
1624761560665
1624761560685
1624761560705
1624761560725
1624761560745
1624761560765
1624761560786
1624761560805
1624761560825
1624761560845
1624761560865
1624761560885
1624761560905
1624761560925
1624761560945
1624761560965
1624761560986
1624761561005
1624761561025
1624761561045
1624761561065
1624761561085
1624761561105
1624761561125
1624761561145
1624761561165
1624761561185
1624761561205
1624761561225
1624761561245
1624761561266
1624761561286
1624761561306
1624761561327
1624761561345
1624761561366
1624761561386
1624761561406
1624761561427
1624761561445
1624761561465
1624761561485
1624761561506
1624761561526
1624761561546
1624761561566
1624761561586
1624761561607
1624761561626
1624761561645
1624761561666
1624761561686
1624761561706
1624761561726
1624761561745
1624761561765
1624761561786
1624761561806
1624761561826
1624761561845
1624761561866
1624761561886
1624761561906
1624761561926
1624761561946
1624761561966
1624761561986
1624761562006
1624761562026
1624761562046
1624761562066
1624761562085
1624761562106
1624761562126
1624761562146
1624761562165
1624761562185
1624761562205
1624761562227
1624761562246
1624761562266
1624761562286
1624761562306
1624761562328
1624761562347
1624761562366
1624761562386
1624761562406
1624761562426
1624761562447
1624761562466
1624761562486
1624761562506
1624761562526
1624761562546
1624761562566
1624761562586
1624761562606
1624761562626
1624761562648
1624761562666
1624761562685
1624761562706
1624761562727
1624761562746
1624761562766
1624761562786
1624761562806
1624761562826
1624761562846
1624761562866
1624761562886
1624761562906
1624761562926
1624761562946
1624761562966
1624761562986
1624761563006
1624761563026
1624761563046
1624761563066
1624761563086
1624761563106
1624761563127
1624761563146
1624761563166
1624761563186
1624761563206
1624761563227
1624761563247
1624761563266
1624761563286
1624761563306
1624761563327
1624761563346
1624761563366
1624761563386
1624761563406
1624761563426
1624761563447
1624761563466
1624761563485
1624761563506
1624761563526
1624761563546
1624761563566
1624761563586
1624761563606
1624761563626
1624761563646
1624761563666
1624761563686
1624761563707
1624761563727
1624761563747
1624761563767
1624761563786
1624761563806
1624761563827
1624761563847
1624761563867
1624761563887
1624761563906
1624761563927
1624761563947
1624761563967
1624761563988
1624761564006
1624761564026
1624761564049
1624761564066
1624761564086
1624761564107
1624761564127
1624761564156
1624761564166
1624761564186
1624761564206
1624761564229
1624761564249
1624761564266
1624761564287
1624761564307
1624761564328
1624761564347
1624761564365
1624761564392
1624761564406
1624761564427
1624761564447
1624761564467
1624761564488
1624761564509
1624761564526
1624761564547
1624761564568
1624761564588
1624761564608
1624761564626
1624761564647
1624761564667
1624761564688
1624761564708
1624761564728
1624761564748
1624761564768
1624761564787
1624761564808
1624761564827
1624761564847
1624761564867
1624761564888
1624761564908
1624761564926
1624761564948
1624761564968
1624761564988
1624761565008
1624761565027
1624761565047
1624761565067
1624761565088
1624761565108
1624761565127
1624761565147
1624761565168
1624761565188
1624761565208
1624761565227
1624761565247
1624761565268
1624761565287
1624761565308
1624761565327
1624761565347
1624761565367
1624761565394
1624761565406
1624761565427
1624761565448
1624761565467
1624761565488
1624761565508
1624761565527
1624761565547
1624761565567
1624761565588
1624761565607
1624761565627
1624761565646
1624761565667
1624761565687
1624761565708
1624761565728
1624761565747
1624761565767
1624761565788
1624761565808
1624761565827
1624761565848
1624761565868
1624761565889
1624761565908
1624761565928
1624761565947
1624761565969
1624761565988
1624761566007
1624761566029
1624761566047
1624761566069
1624761566088
1624761566108
1624761566128
1624761566147
1624761566169
1624761566188
1624761566207
1624761566227
1624761566247
1624761566269
1624761566287
1624761566308
1624761566327
1624761566347
1624761566368
1624761566387
1624761566408
1624761566428
1624761566447
1624761566468
1624761566487
1624761566508
1624761566528
1624761566548
1624761566569
1624761566587
1624761566608
1624761566629
1624761566648
1624761566668
1624761566688
1624761566708
1624761566727
1624761566748
1624761566768
1624761566788
1624761566809
1624761566828
1624761566849
1624761566868
1624761566888
1624761566907
1624761566929
1624761566949
1624761566967
1624761566988
1624761567008
1624761567029
1624761567048
1624761567068
1624761567088
1624761567108
1624761567128
1624761567149
1624761567168
1624761567189
1624761567208
1624761567228
1624761567249
1624761567268
1624761567288
1624761567308
1624761567328
1624761567349
1624761567368
1624761567389
1624761567407
1624761567428
1624761567448
1624761567467
1624761567489
1624761567508
1624761567529
1624761567548
1624761567568
1624761567587
1624761567608
1624761567628
1624761567648
1624761567668
1624761567688
1624761567708
1624761567729
1624761567750
1624761567769
1624761567788
1624761567808
1624761567829
1624761567849
1624761567869
1624761567888
1624761567909
1624761567929
1624761567949
1624761567968
1624761567988
1624761568007
1624761568029
1624761568049
1624761568069
1624761568088
1624761568109
1624761568128
1624761568148
1624761568167
1624761568188
1624761568208
1624761568227
1624761568247
1624761568267
1624761568287
1624761568308
1624761568328
1624761568347
1624761568369
1624761568389
1624761568410
1624761568428
1624761568448
1624761568468
1624761568487
1624761568509
1624761568528
1624761568548
1624761568568
1624761568587
1624761568610
1624761568629
1624761568650
1624761568670
1624761568688
1624761568708
1624761568728
1624761568749
1624761568769
1624761568788
1624761568808
1624761568829
1624761568849
1624761568869
1624761568888
1624761568909
1624761568928
1624761568949
1624761568970
1624761568988
1624761569009
1624761569028
1624761569049
1624761569070
1624761569088
1624761569110
1624761569129
1624761569148
1624761569169
1624761569190
1624761569210
1624761569228
1624761569249
1624761569269
1624761569288
1624761569310
1624761569328
1624761569349
1624761569368
1624761569388
1624761569409
1624761569428
1624761569449
1624761569468
1624761569488
1624761569509
1624761569530
1624761569550
1624761569570
1624761569590
1624761569609
1624761569631
1624761569649
1624761569669
1624761569689
1624761569709
1624761569729
1624761569749
1624761569769
1624761569790
1624761569809
1624761569830
1624761569850
1624761569870
1624761569890
1624761569909
1624761569929
1624761569949
1624761569969
1624761569990
1624761570010
1624761570030
1624761570049
1624761570070
1624761570090
1624761570109
1624761570129
1624761570149
1624761570169
1624761570189
1624761570209
1624761570229
1624761570250
1624761570268
1624761570289
1624761570309
1624761570329
1624761570349
1624761570369
1624761570389
1624761570411
1624761570429
1624761570449
1624761570469
1624761570489
1624761570510
1624761570531
1624761570551
1624761570570
1624761570590
1624761570610
1624761570629
1624761570651
1624761570669
1624761570690
1624761570710
1624761570729
1624761570749
1624761570770
1624761570790
1624761570810
1624761570829
1624761570850
1624761570869
1624761570890
1624761570910
1624761570930
1624761570949
1624761570971
1624761570990
1624761571010
1624761571030
1624761571050
1624761571069
1624761571089
1624761571109
1624761571129
1624761571149
1624761571169
1624761571190
1624761571209
1624761571229
1624761571249
1624761571270
1624761571289
1624761571309
1624761571329
1624761571353
1624761571369
1624761571390
1624761571414
1624761571428
1624761571451
1624761571470
1624761571490
