0.57496643
0.6491852
0.4887848
0.36547852
0.56539917
0.46603394
0.4600525
0.474411
0.38583374
0.3092041
0.28048706
0.21583557
0.18591309
0.16795349
0.18112183
0.23258972
0.27209473
0.32836914
0.36068726
0.31399536
0.2685089
0.21583557
0.15478516
0.12963867
0.20866394
0.32118225
0.3618927
0.3379364
0.31040955
0.3092041
0.40737915
0.3439331
0.13084412
0.07817078
0.0925293
0.4205475
0.94966125
1.2597046
1.2118225
0.85150146
0.51031494
0.3726654
0.37864685
0.42173767
0.568985
0.6372223
0.66116333
0.6707306
0.6312256
0.6048889
0.6563721
0.80241394
0.9951477
1.1220398
1.1364136
0.984375
0.84550476
0.84552
0.79403687
0.6192627
0.4253235
0.3774414
0.44807434
0.56658936
0.6120758
0.6408081
0.6803131
0.68270874
0.7533417
0.79045105
0.7772827
0.75453186
0.80841064
0.7533417
0.59532166
0.6204529
0.62524414
0.55700684
0.65756226
0.92211914
1.1376038
1.1819
1.134018
1.0430298
0.9628296
0.9161377
0.889801
0.821579
0.7772827
0.7820587
0.79164124
0.8036194
0.7557373
0.72221375
0.70425415
0.68270874
0.6838989
0.7102356
0.72579956
0.7964325
0.93170166
0.9460602
0.9125519
1.039444
1.1004944
0.9831848
0.8550873
0.86227417
0.89938354
0.8083954
0.76290894
0.7988281
0.79403687
0.8467102
0.8934021
0.8479004
0.82395935
0.8347473
0.8981781
0.8874054
0.8479004
0.8371277
0.87065125
0.8287506
0.7126312
0.71383667
0.78086853
0.81199646
0.8155823
0.8586731
0.88861084
0.8467102
0.90296936
0.94607544
0.89100647
0.7892456
0.8000183
0.9161377
0.9484558
0.96043396
0.92211914
0.88500977
0.8826294
0.81199646
0.7976227
0.8275604
0.8371277
0.8766327
0.86346436
0.8251648
0.80960083
0.78086853
0.7892456
0.8538971
0.8538971
0.8000183
0.79522705
0.81918335
0.7557373
0.7377777
0.7533417
0.72579956
0.79403687
0.94007874
0.9412842
0.9185333
0.9412842
0.9939575
0.97239685
0.9664154
0.98197937
0.9041748
0.82395935
0.79403687
0.8143921
0.9017792
0.89100647
0.80960083
0.8072052
0.81318665
0.8155823
0.7988281
0.8287506
0.85269165
0.889801
0.9041748
0.8395233
0.8083954
0.8072052
0.85150146
0.91734314
0.8646698
0.78685
0.86227417
0.87065125
0.76171875
0.73657227
0.83473206
0.89100647
0.82995605
0.80841064
0.8323364
0.826355
0.8610687
0.95803833
0.98916626
0.9412842
0.93170166
0.8862152
0.88500977
0.8538971
0.84191895
0.86586
0.8790283
0.89100647
0.821579
0.747345
0.7126312
0.66116333
0.70783997
0.83473206
0.9017792
0.97480774
1.0430298
1.0035248
0.94007874
1.0035248
1.1316223
1.1172485
1.0286713
0.8957977
0.78685
0.76530457
0.79403687
0.77130127
0.77967834
0.83114624
0.8036194
0.77130127
0.8155823
0.8766327
0.889801
0.89938354
0.850296
0.77130127
0.72340393
0.7605133
0.79403687
0.806015
0.77130127
0.771286
0.9628296
1.1352081
0.9951477
0.83354187
0.85627747
0.92930603
0.95803833
0.9592438
0.9412842
0.8682556
0.76890564
0.72579956
0.7389679
0.73657227
0.77967834
0.82995605
0.8431244
0.8072052
0.7593231
0.73417664
0.7856598
0.83833313
0.90296936
0.90657043
0.9233246
0.91734314
0.92811584
1.039444
1.0023346
0.8790283
0.8143921
0.71383667
0.66355896
0.67193604
0.68270874
0.6419983
0.61328125
0.6779175
0.80122375
0.91734314
0.8275604
0.7413635
0.73657227
0.76651
0.8048096
0.71383667
0.6204529
0.6156769
0.64678955
0.75213623
0.7892456
0.7389679
0.7677002
0.80122375
0.8538971
0.8215637
0.71621704
0.75213623
0.8083954
0.9221344
0.89938354
0.77368164
0.7700958
0.8646698
0.93888855
0.9233246
0.8347473
0.8287506
0.81677246
0.69348145
0.5821533
0.59173584
0.73179626
0.88861084
0.94847107
0.9436798
0.9412842
0.9149475
0.8359375
0.80241394
0.7760773
0.78326416
0.8395233
0.7976227
0.76171875
0.8431244
0.9257202
0.8215637
0.69706726
0.63720703
0.57377625
0.5510254
0.6156769
0.6372223
0.5629883
0.3618927
0.29244995
0.26013184
0.17393494
0.13563538
0.054214478
-0.08822632
-0.25582886
-0.29293823
-0.38630676
-0.27737427
-0.13012695
-0.22349548
-0.22470093
-0.17921448
-0.1133728
0.023101807
0.002746582
-0.12773132
0.0410614
0.23858643
0.4456787
0.34631348
0.23738098
0.27449036
0.07337952
-0.3192749
-0.24385071
-0.12414551
0.57855225
1.162735
1.2860413
1.0490112
0.90296936
1.2992096
1.691864
1.3315277
1.0023346
0.77368164
0.8143921
1.221405
1.1878815
0.8251648
0.6515808
0.6838989
0.67552185
0.850296
1.2190094
1.4284973
1.4428711
1.4332886
1.5865173
1.6990509
1.731369
1.557785
1.2657013
1.0178986
0.76290894
0.9161377
1.4572296
2.1671143
2.6076508
2.3730164
1.4560394
0.5797577
0.51631165
0.89219666
0.78086853
0.39300537
0.10092163
0.03627014
0.14520264
0.40737915
0.7186127
0.9077606
0.984375
0.95803833
0.91734314
0.72940063
0.48876953
0.5438385
0.9185333
1.3147736
1.4883575
1.4045563
1.3842163
1.6619415
2.4220886
3.091278
2.514267
1.0561981
0.6288452
1.3279419
2.5082855
3.6551056
3.7125702
2.5501862
1.3830109
0.46961975
-0.0738678
-0.0846405
0.22781372
0.52708435
0.72221375
1.047821
1.1938629
1.1076813
1.1699219
1.3063965
1.4644165
1.3494873
1.0909119
1.1244354
1.4261017
1.8163605
1.9121246
1.9719849
1.7062225
1.458435
1.2309875
1.2357635
1.5458069
1.6739044
1.4273071
1.2633057
1.0933075
0.7126312
0.29603577
-0.057113647
-0.22470093
0.07098389
0.55462646
1.0143127
1.4464569
1.494339
1.3279419
1.3471069
1.6032715
1.5817261
1.2728882
0.9436798
0.7581177
1.5781403
2.704605
2.9392395
2.4735718
1.9707947
1.7648926
1.7972107
1.6786957
1.5158844
1.3375244
1.1950684
1.1759033
1.1555634
0.9329071
1.039444
1.1699219
1.1280212
1.2980194
1.691864
1.7373505
1.5003357
1.2453461
1.3147736
1.6152496
1.9540253
2.5370178
2.82312
2.632782
2.3239288
1.6631317
1.2106323
1.2537231
1.0119171
0.70066833
0.8945923
1.0993042
0.8431244
0.5606079
0.46722412
0.5641937
0.7090454
0.8143921
1.1016998
1.2357635
0.9927521
0.80122375
0.60369873
0.17993164
0.017105103
0.592926
0.91734314
0.4827881
0.013519287
0.76530457
2.1743011
2.0737457
1.3243561
0.85150146
0.7413635
1.3351288
2.1730957
2.0449982
1.5601807
1.4823608
1.7888336
1.7900238
1.5685577
1.430893
1.5254669
1.6954498
1.6667175
1.5194855
1.3698425
1.1328125
0.7892456
0.3439331
0.038650513
0.29603577
0.40138245
0.048233032
0.10090637
1.126831
2.031845
2.2209778
1.5529938
0.7928467
0.613266
0.81318665
0.90057373
0.57855225
0.26611328
-0.0032348633
-0.20913696
-0.14569092
0.13922119
0.41934204
0.84550476
1.213028
1.3985748
1.1938629
1.2585144
1.5350342
1.9983215
2.1431732
2.177887
1.4811707
0.42294312
1.142395
2.0701447
1.9803619
1.463211
1.3267517
1.5613708
1.6822968
2.3143616
2.8518524
2.4484253
1.4560394
0.6946869
0.5797577
0.85150146
1.2824554
1.6619415
1.7182007
1.652359
1.9001617
2.0378265
1.9432526
1.5697632
1.0574036
0.8610687
0.7760773
0.67193604
0.9185333
1.3123779
0.9257202
0.22421265
-0.11216736
0.15357971
1.1495667
1.9911346
1.8127747
0.99754333
0.3630829
0.23977661
0.22062683
0.2864685
0.43011475
0.63482666
0.90657043
1.0574036
0.88261414
0.99035645
1.5553894
2.193451
2.7129822
2.545395
1.6763
1.3387146
1.7062225
1.9983215
2.0653534
1.7996063
1.4512482
1.533844
1.8941803
2.0102844
1.6942596
1.2070312
1.0550079
1.1627502
1.2704773
1.1986542
1.1495819
1.1519775
1.2333679
1.5865173
1.9911346
1.9899445
1.573349
0.9927521
0.6599579
0.78685
1.3913879
2.1359863
2.3646393
1.7098236
0.6623535
0.039855957
0.27928162
0.7844696
1.4799805
1.9767761
1.8750153
1.4045563
1.1531677
1.2740784
1.2860413
1.0310669
0.7593231
0.50193787
0.2804718
0.24935913
0.33195496
0.5606079
0.89338684
1.173523
1.0550079
0.7210083
0.5977173
0.8251648
1.6080627
2.5753326
2.9763489
2.8350983
2.4496307
2.2113953
2.3370972
2.4532166
2.2760468
1.7062378
1.0358429
0.5211029
0.35231018
0.51631165
0.76171875
0.9939575
1.3865967
2.0031128
2.4161072
2.2042236
1.6092682
1.0190887
0.47322083
0.5151062
1.3710327
1.7648926
1.6104584
1.4213104
1.1842957
1.3866119
1.0921173
0.12605286
-0.6688385
-0.61854553
0.3271637
1.3878021
1.8929749
1.7014313
1.1124725
0.7066498
0.5833435
0.6563721
0.80122375
0.89219666
0.81318665
0.54504395
0.29963684
0.5234833
1.1699219
1.7062378
1.4021606
0.56777954
0.28527832
0.9831848
1.8091736
2.1599274
2.138382
1.9061432
1.7253876
1.2249908
0.45166016
0.32955933
0.7856598
1.276474
1.1591492
0.5079346
0.6958771
0.94487
0.810791
0.7305908
1.1280365
1.7373505
2.2473145
1.2285919
0.61805725
0.6623535
0.90296936
1.2944183
1.5254669
1.3243561
1.0286713
0.7569275
0.27928162
0.032669067
-0.0044403076
0.15718079
1.0334625
1.6727142
1.5470123
1.3566742
1.0585938
0.81318665
0.8646698
0.9017792
0.8838196
0.8754425
0.60369873
0.19787598
0.19668579
0.6599579
1.2393646
1.4715881
1.5937042
1.7170105
1.4165344
1.2417603
1.7984009
2.509491
2.6794739
2.3347015
1.8043823
1.7002411
1.707428
1.509903
1.36026
1.4177246
1.6272278
1.667923
1.4261017
1.2405548
1.3770294
1.7684784
1.8403015
1.7134094
1.7098236
1.6655273
1.4440613
1.0813446
0.5821533
0.49476624
1.1112671
1.6954498
1.8019867
1.3482971
0.97839355
0.7760773
0.6491852
0.6096802
0.5701752
0.5713806
0.7425537
0.82395935
1.0969086
1.4069519
1.2644958
1.0119171
0.7305908
0.51272583
0.41815186
0.5402527
0.5785675
0.44926453
0.29484558
0.4827881
0.69706726
0.97958374
1.0250854
0.72340393
0.9017792
1.5769348
1.9073486
1.8043976
1.7648926
2.0390167
2.531021
2.6279907
2.2580872
1.6260223
0.9592438
0.5582123
0.53904724
0.51750183
0.5318756
0.75213623
1.2201996
1.4297028
1.3961792
1.4584198
1.5841217
1.4105377
0.9077606
0.826355
1.3518829
1.6308136
1.3183746
0.92930603
0.8000183
0.6336212
0.23258972
-0.053512573
-0.2869568
0.039855957
1.0514069
1.7421417
1.5757446
1.2740784
1.0011292
0.8000183
0.5701752
0.19668579
0.002746582
0.024291992
0.04345703
0.20506287
0.5175171
0.68510437
0.7988281
1.166336
1.4105377
1.430893
1.2788696
1.1890869
1.7828369
2.1431732
2.0857086
2.2951965
2.641159
2.7608643
2.50589
2.1707
2.1324005
2.193451
2.035431
1.6080627
1.2752686
1.2058411
1.2489319
1.3961792
1.6906738
1.7493286
1.712204
1.5817261
1.3590698
1.2249908
1.4141388
1.5865173
1.4560242
0.9736023
1.0490265
1.6571503
1.8115692
1.3159637
0.8371277
0.6791229
1.0262756
1.7337646
2.3155518
2.4220886
2.1647186
1.786438
1.636795
1.6116638
1.6870728
1.8043823
1.7265778
1.3961792
1.2920227
1.4033661
1.6415863
1.5625763
1.4715881
1.5649719
1.5505981
1.2932281
1.379425
2.234146
2.5837097
2.052185
1.8750153
2.296402
2.7093964
2.6818695
2.5106812
1.9432526
1.2465363
0.99035645
0.7976227
0.46961975
0.3092041
0.61686707
0.97120667
1.1627502
1.379425
1.6415863
1.5757446
1.3339386
1.2788544
1.2680969
1.3147736
1.3028107
1.1232452
1.2094269
1.138794
0.8670502
0.7784729
0.810791
1.0897217
1.5290527
1.9348755
2.0007172
1.6751099
1.20224
0.86227417
0.7174225
0.71144104
0.9376831
1.4608154
1.7086182
1.3315277
1.0047302
0.92930603
0.7413635
0.82395935
1.3674469
1.6212311
1.6296082
1.5398254
1.9743805
2.9978943
3.6467285
3.489914
3.0828857
2.9009247
2.7800293
2.6938324
3.024231
3.6227875
3.410904
2.3730164
1.2728729
0.6001129
0.42892456
0.89100647
1.4069519
1.667923
1.7205963
1.557785
1.3638611
1.3327332
1.3087921
1.1495819
0.7377777
0.24575806
0.31759644
0.782074
0.8969879
0.52948
-0.005630493
-0.19955444
0.3056183
0.76290894
0.79403687
0.6264343
0.47320557
0.64678955
1.0538025
1.0322571
0.8766327
0.6108856
0.4025879
0.60849
0.9185333
0.80122375
0.5498352
0.6156616
0.98677063
1.4057617
1.2704773
0.76171875
1.296814
1.6212311
1.0813446
0.6803131
1.3554688
2.3383026
2.7225647
2.6842651
2.7225647
2.256897
1.0825348
0.1559906
-0.3480072
-0.4102478
-0.034362793
0.23019409
0.3487091
0.4456787
0.6204529
0.84191895
0.7246094
0.38581848
0.21464539
0.10809326
-0.015213013
-0.40307617
-0.7346649
-0.5227814
-0.1816101
-0.3420105
-1.0327454
-1.6911469
-1.7988892
-1.1273193
-0.54074097
-0.36476135
-0.42581177
-0.6125641
-0.67240906
-0.5838318
-0.28456116
0.07936096
0.15478516
0.13084412
0.037460327
-0.16963196
-0.23428345
-0.3013153
-0.66044617
-0.8998718
-0.564682
-0.041549683
0.17514038
0.72940063
1.5470123
1.6846771
1.5170898
1.4332886
1.375824
1.415329
1.9073334
2.4340668
2.130005
1.3040009
0.54981995
0.23498535
0.3726654
0.5474396
0.61686707
0.74494934
1.0645752
1.2788544
1.3590698
1.2992096
1.0119019
0.4935608
0.109298706
0.29364014
0.5653839
0.8395233
1.1711273
1.0490265
0.80122375
0.6013031
0.5869293
0.7377777
0.9807892
0.90657043
0.6731262
0.54862976
0.52827454
0.53427124
0.4935608
0.5546112
0.88142395
1.0131073
0.74256897
0.647995
0.7210083
0.7700958
0.72340393
0.6958771
0.8646698
0.95684814
0.74375916
0.6384125
1.1316223
1.8091736
2.1359863
2.114441
2.0055084
1.9887543
2.0114899
1.8367157
1.5518036
1.1471863
0.6958771
0.434906
0.534256
0.8646698
1.197464
1.3782196
1.4416656
1.3052063
1.118454
0.984375
1.02388
1.063385
0.87783813
0.7018585
0.99035645
1.4751892
1.4799805
1.0502167
0.5474396
-0.031967163
-0.3300476
-0.20195007
0.09971619
0.49357605
0.98677063
1.3291473
1.2884369
0.984375
0.7760773
0.9592438
1.0346527
0.8610687
0.7377777
0.63482666
0.6707306
0.6886902
0.5629883
0.41455078
0.3846283
0.45166016
0.50193787
0.6659546
0.7700958
0.5318756
0.11647034
0.26371765
1.2800598
2.1707
1.9013519
0.86946106
0.72221375
1.59729
2.2353516
2.162323
1.7098236
0.8610687
0.07098389
0.2696991
0.4756012
-0.19477844
-0.6460724
-0.5910187
-0.31808472
-0.24624634
-0.36117554
-0.08824158
0.21104431
0.33195496
0.23019409
0.18351746
0.33314514
0.47322083
0.5989075
0.76651
0.8467102
0.6659546
0.22779846
0.13442993
-0.14331055
-0.39588928
0.51631165
0.70066833
0.5989075
0.9125519
0.89219666
0.7305908
1.2453461
1.5781403
0.9951477
0.22421265
-0.055908203
0.12965393
0.09851074
-0.07984924
-0.030776978
0.041046143
0.24217224
0.5187073
0.5222931
0.22421265
0.08773804
0.2685089
0.40975952
0.1272583
-0.44018555
-0.8316345
-0.485672
1.4476624
2.9452362
1.473999
-0.8831024
-1.9293671
-1.0890045
0.82276917
1.9995117
2.3059692
2.0162811
1.3734436
0.8969879
1.1603546
1.236969
0.9568329
0.8574829
0.6599579
0.67671204
1.2381592
1.6715088
1.6152496
1.3494873
1.157959
0.9460602
0.5725708
0.17514038
-0.06788635
-0.10020447
0.9724121
1.7888184
1.2070312
0.4923706
0.12844849
1.2800598
2.1790771
1.5865173
0.2469635
-0.7214966
-0.95373535
-0.55989075
-0.23666382
-0.272583
-0.38391113
-0.24745178
0.2828827
0.7377777
1.1016998
0.8957977
0.1499939
0.09611511
0.3965912
0.06858826
0.18710327
1.1208496
1.9001617
1.9228973
1.5170898
1.197464
1.2992096
1.6092682
1.7732697
1.7505188
1.3231506
0.73657227
0.5641937
0.6001129
0.49716187
0.38223267
0.41096497
0.7198181
0.6803131
0.6767273
1.126831
1.2046509
1.1196442
1.4069519
1.5745544
1.470398
1.0753632
0.6910858
0.41575623
0.24217224
0.25534058
0.48039246
1.1926727
2.3945618
2.854248
1.9145203
0.826355
0.276886
0.15597534
0.23977661
0.41815186
0.64678955
0.8000183
0.8108063
0.91374207
0.6503906
0.20266724
0.44688416
1.1615448
1.6068726
1.4931488
0.7641144
0.96881104
2.1359863
2.0928955
1.7780457
1.6715088
1.4572296
1.3351288
1.2776642
1.1806946
0.9724121
0.8945923
0.8730469
0.75213623
0.80122375
0.90896606
1.0107117
1.1064758
1.1172485
1.1495667
1.2956238
1.5901184
1.3040009
0.8562927
0.83114624
1.2094269
1.2848511
0.8802185
0.66593933
0.27090454
0.28167725
1.5613708
2.8039703
2.751297
2.2389374
1.573349
1.5565948
2.1096497
2.2365417
1.4680023
0.43251038
-0.11216736
-0.24266052
-0.06428528
0.3774414
0.80599976
1.0346527
0.9364929
0.86586
0.91374207
1.0322571
1.533844
1.6212311
1.2309875
0.9759979
1.3040009
2.0090942
2.533432
2.5669403
2.5310364
2.5130768
2.40773
2.1563416
1.691864
1.0346527
0.32955933
-0.043945312
0.33674622
0.7820587
0.83354187
0.6994629
0.70306396
0.81199646
0.93530273
1.0442352
1.0945129
1.3159637
1.762497
1.9037476
1.5709534
0.8467102
0.48518372
0.43011475
0.9077606
2.086914
2.7022095
2.7465057
2.4185028
2.3873749
2.193451
1.7696838
1.5877228
1.7768555
1.7529144
1.3674469
0.8108063
0.3008423
0.35350037
0.7928467
1.1795044
1.3267517
1.0155029
0.6443939
0.4061737
0.36906433
0.49835205
0.6791229
0.8934021
1.0250702
1.4404755
2.6687012
2.7704468
1.9947357
1.236969
0.98558044
1.5829315
2.0330353
1.5625763
0.67433167
0.17155457
0.1894989
0.81199646
1.8606567
2.2604828
1.715805
1.0717621
0.6491852
0.94847107
1.786438
2.1431732
2.0809174
1.7900238
1.1100769
0.5893402
0.5474396
0.49835205
0.57136536
1.4536438
2.0330353
1.6320038
0.9592438
0.41575623
0.6276398
1.344696
1.0574036
0.30921936
-0.09182739
0.07098389
0.7174225
1.5134888
1.7684784
1.5757446
0.97958374
0.4756012
0.29005432
0.15359497
0.10092163
0.42173767
0.905365
1.3865967
1.4955292
1.3423004
1.7481232
3.489914
4.1602783
2.6531372
1.1471863
0.21104431
0.0410614
0.6767273
0.9592285
0.72340393
0.61328125
0.70306396
0.8275604
0.8838196
0.96162415
0.9161377
0.7952423
0.9532471
1.1962585
1.6667175
1.9312744
2.0426178
2.2126007
1.8403015
1.1998596
0.9149475
0.6563721
0.60369873
0.8742523
0.727005
0.79522705
1.2824554
1.7529144
1.7277832
1.0550079
0.30203247
-0.08584595
0.03627014
0.3630829
0.6096802
0.6898804
0.8766327
1.3494873
1.6667175
1.8594513
1.8953705
1.7672882
1.463211
1.1830902
1.3195648
1.5410309
1.4297028
1.1471863
0.7234192
1.3662567
2.4675903
2.3107605
1.6200409
1.1040955
0.94487
1.0597992
1.0346527
1.02388
0.9664154
0.82276917
0.70544434
1.1088715
1.6451721
1.8558655
1.9576111
2.0162811
1.770874
1.533844
1.5398254
1.5769501
1.2166138
1.0250702
1.1591492
0.9520569
0.3738556
-0.27737427
-0.62094116
-0.16963196
0.9185333
1.4560394
1.4715881
1.2980194
0.86346436
0.6024933
0.2182312
0.05781555
0.19429016
0.42173767
0.6204529
0.8610687
1.0119171
1.221405
1.4249115
1.494339
1.3494873
0.8538971
0.48997498
0.60369873
0.6695404
0.50553894
0.3451233
0.18591309
0.16795349
0.42533875
0.5330658
1.415329
2.1743011
1.8223419
1.731369
1.6643372
1.6727142
2.0821075
2.2126007
1.7098236
1.0729675
1.0526123
1.6846771
2.0689545
1.5422211
0.9472656
0.6982727
0.7569275
0.99993896
1.1842957
1.2034454
1.1388092
0.94007874
0.8072052
0.5905304
-0.10140991
-1.0255585
-1.4170227
-1.2913208
-0.9477539
-0.53715515
-0.16125488
-0.08584595
-0.005630493
-0.06430054
-0.12294006
-0.2977295
-0.4844818
-0.46531677
-0.33842468
-0.12893677
0.08415222
0.08654785
-0.10739136
-0.32286072
-0.5682678
-0.6544647
-0.525177
0.44448853
1.2429504
0.51989746
-0.043945312
0.2685089
0.6659546
0.90896606
1.1615448
0.95085144
0.46244812
0.15359497
0.16197205
0.08773804
-0.0044403076
0.06738281
0.40377808
0.81918335
1.2441559
1.470398
1.4428558
1.2836456
0.984375
0.80960083
0.8048096
0.8275604
1.0717621
1.5374298
2.0857086
1.8834076
1.1016846
0.20387268
-0.08583069
0.20506287
0.90296936
1.3674469
1.2896423
1.0214844
0.92811584
1.134018
1.3650513
1.3351288
1.147171
0.90657043
0.74375916
0.9161377
1.2429504
1.4811707
1.5709534
1.6655273
1.791214
2.1168365
2.4987183
2.7800293
3.4168854
3.5006866
2.720169
2.0809174
1.8618469
1.8558655
1.8546753
1.7565002
1.7289734
1.5458221
1.3710327
1.2238007
1.063385
0.9700165
0.82754517
0.84310913
1.1687317
1.4416656
1.6272125
1.5996857
1.4117432
1.2297821
1.0550079
0.95803833
1.047821
1.3411102
1.6068726
1.9552307
2.344284
1.968399
0.7928467
-0.009231567
0.012313843
0.55581665
1.3171692
1.6248322
1.36026
1.0322571
1.0071106
1.2094269
1.3698425
1.2788696
1.1328125
1.047821
1.1304169
1.257309
1.4021606
1.4584198
1.5817261
1.5673676
1.43927
1.4835663
1.6942596
2.114441
2.8470764
3.1212006
2.3706207
1.6978455
1.8426971
2.146759
2.454422
2.672287
2.675888
2.4172974
2.155136
1.9875488
1.85466
1.8474884
1.8618469
1.9372711
2.1659088
2.3622437
2.3131561
2.1826782
2.1910553
2.2209778
2.2113953
2.1611176
2.086914
1.9552307
1.6224213
1.1795044
1.1232452
1.7193909
1.4823761
0.6204529
-0.2905426
-0.7214966
-0.5395355
0.33314514
1.0382385
1.0131073
0.47920227
0.32955933
0.692276
1.1639404
1.3171692
1.1112671
1.0131073
1.0861359
1.305191
1.5685577
1.7828369
1.7984009
1.8139648
1.9540253
2.399353
3.0805054
3.8550262
4.806717
4.722931
3.2193604
2.1874695
2.193451
2.5681458
2.7776337
2.601654
2.1455688
1.5111084
1.1807098
1.2908325
1.5518036
1.8702393
1.6846771
1.3542786
1.494339
1.7134094
1.9241028
1.7505188
1.2106323
0.9568329
0.9987488
1.008316
1.0909271
1.265686
1.2932281
1.2238007
1.2178192
1.4751892
1.6990509
1.4404755
1.0262756
0.6264343
0.43371582
0.7449646
1.2908325
1.5398254
1.6320038
1.5781403
1.3638611
1.2273865
1.1806946
0.65278625
-0.06549072
-0.5539093
-0.19238281
0.15357971
0.45166016
0.68748474
0.8395233
0.7413635
0.48039246
0.2936554
0.27450562
0.33795166
0.043441772
-0.47369385
-0.45214844
0.020706177
0.9520569
2.0653534
1.6739044
0.18591309
-1.6432648
-0.6819916
1.7648926
2.4448395
1.9193115
1.7648926
2.0019073
2.3299255
2.2066193
1.6200409
0.8957825
0.34391785
0.15238953
0.17514038
0.20864868
0.4708252
0.75094604
0.8395233
0.81677246
0.99635315
1.0705719
0.7952423
0.4025879
0.08175659
0.3056183
0.43969727
0.06858826
0.34991455
0.6396179
0.13682556
-0.15287781
-0.17802429
0.33554077
1.6798859
2.2509155
1.5398254
0.4061737
-0.4557495
-0.6628418
-0.38272095
0.06498718
0.7605133
1.3147736
1.3710327
0.8945923
0.52708435
0.21583557
0.049438477
0.0925293
0.12246704
0.1212616
0.66474915
1.463211
1.7002411
1.6822815
1.7505188
1.5960999
1.379425
1.3303375
1.6056671
2.0066986
1.9264984
1.1040802
0.41934204
0.28527832
0.6336212
1.1675262
1.3183594
0.86946106
0.4253235
0.24217224
0.46722412
0.8407135
1.1471863
1.292038
1.4680023
1.4716034
1.2393646
0.9915619
0.91134644
0.9544525
0.9700012
1.9217072
2.6315918
1.928894
1.2513275
0.7988281
1.1783142
1.6296234
1.2597046
0.7581177
0.39898682
0.23858643
0.40498352
0.69467163
1.0178986
1.5529938
2.304779
2.5429993
2.2221832
1.2944336
0.3738556
0.1667633
0.098526
0.26490784
0.7054596
0.64559937
0.1847229
0.7030487
1.8319244
1.7086182
1.4081421
1.4883575
1.6870728
2.0893097
2.3167572
1.9923401
1.3638611
0.91374207
0.71144104
0.84191895
0.9616394
0.71383667
0.6551666
1.1040802
1.4368896
1.5326538
1.6224365
1.8558655
1.999527
1.7996063
1.8055878
1.7684784
1.6403961
1.6595459
1.9588165
2.146759
1.9803619
2.332306
2.7501068
2.9188843
2.632782
2.1000671
1.5374451
1.3435059
1.5075073
1.5853119
1.4225159
1.1998596
1.0250854
0.9472656
0.8443146
0.6994629
0.7928314
0.95085144
0.7700958
0.64559937
0.9807739
1.02388
1.2465363
2.004303
2.3418884
2.3586426
3.4061127
3.5018768
2.0665588
1.4859619
1.7816467
2.7895966
3.467163
3.3151245
2.4604034
1.252533
0.5103302
0.4863739
0.87065125
1.1627502
1.3375244
0.99635315
0.5043335
0.47201538
0.9137573
1.6403809
2.130005
1.8139648
1.394989
1.134018
1.0310669
1.2249908
1.1328125
1.3925781
2.301178
2.1599274
1.7014313
1.478775
1.9540253
3.4767456
3.7281342
2.1910553
0.7210083
-0.14329529
-0.27018738
0.15119934
0.6515808
1.0286713
1.2848511
1.1687317
0.7856598
0.47322083
0.43969727
0.4600525
0.85269165
1.2034454
1.2441559
1.4129333
1.999527
3.1834412
3.7269287
2.5477905
1.5458221
1.3830109
2.2736511
2.8578339
1.9468384
0.8479004
0.3152008
0.3834381
0.9185333
1.3470917
1.3411102
1.0933075
0.83833313
0.81318665
1.4428711
2.3263245
2.4520264
2.1515503
1.6810913
1.2597046
1.5913086
2.5549622
2.7788239
2.4029388
2.2700653
2.4771576
2.7644653
2.8769836
2.4520264
1.5003204
0.3965912
-0.19477844
-0.29891968
-0.0738678
0.37025452
0.9340973
1.4428711
1.6763
1.7888336
1.7385559
1.4297028
1.1615448
1.3411102
1.7421417
1.9564209
1.9719849
3.3737946
5.502228
5.0413513
3.7760162
2.766861
1.3482971
0.85269165
1.2836456
1.4584198
1.197464
1.0190887
1.1723175
1.5087128
1.573349
1.2561188
1.0178986
1.4895477
2.2712555
2.8626251
2.8985443
2.7776337
2.6746826
2.6663055
2.6531372
2.2161865
1.6092682
0.9592438
0.09013367
0.109298706
1.4033661
2.0330353
1.9695892
1.909729
1.889389
1.8845978
1.5278625
1.1244354
0.8981781
0.71144104
0.6216583
0.77967834
1.1052856
1.513504
1.7672882
1.9576263
1.841507
1.2417603
0.7748871
0.4528656
0.2577362
0.5222931
1.0418396
2.2521057
4.324295
4.2368927
3.008667
2.138382
1.3040009
0.9759979
1.1795044
1.3746338
0.95803833
0.42294312
0.31280518
0.7353821
1.2477417
1.3985748
1.2860413
1.1411896
1.2094269
1.379425
1.4883575
1.3698425
0.78685
-0.20195007
-1.2518158
-2.189148
-1.9844513
-0.8280487
0.83114624
1.4979248
1.3854065
1.2549133
1.2118225
1.4668121
1.4297028
0.73298645
-0.09422302
-0.5898285
-0.8543701
-0.727478
-0.15527344
0.38223267
0.66116333
0.85269165
0.9939575
0.8431244
0.42294312
0.06021118
-0.228302
-0.7011566
-0.687973
0.06260681
1.0023346
1.7277832
2.0725403
2.6112366
2.1192322
0.85150146
0.1212616
-0.15287781
0.07098389
0.9233246
1.1471863
0.76290894
0.6001129
0.7102356
1.1783142
1.0681763
0.3882141
0.042251587
0.10331726
0.8179779
1.7014465
2.0893097
1.8869934
1.0741577
0.32836914
0.34632874
1.2034454
1.9659882
2.2592926
1.7816467
0.45884705
-0.48208618
-0.45933533
0.13204956
0.5282898
0.28527832
0.07936096
-0.046340942
-0.08584595
0.14640808
0.2972412
0.46722412
0.67074585
0.6288452
0.49118042
0.40496826
0.29603577
0.055419922
-0.12174988
-0.24864197
-0.031967163
0.7988281
2.1276093
2.1647186
0.84072876
-0.20196533
-0.19715881
0.7784729
1.3973694
1.7349548
1.3351288
0.5414429
0.14041138
0.002746582
0.09971619
0.30682373
0.49476624
0.78445435
1.0609894
1.3638611
1.3770294
1.1699371
0.8945923
0.65397644
0.4205475
0.13922119
-0.07865906
-0.07745361
0.4456787
0.89100647
0.7760773
0.652771
0.048233032
-0.92022705
-1.2901306
-0.8711395
-0.38032532
-0.06907654
-0.039154053
0.050628662
0.22781372
0.50912476
0.67074585
0.806015
0.9412842
0.8048096
0.44447327
0.03866577
-0.32885742
-0.4677124
-0.20674133
0.21704102
0.2936554
0.45526123
0.9269104
1.2225952
1.6535645
2.3969574
2.6782684
1.7744598
0.7892456
0.57377625
0.95684814
1.3722382
1.5745544
1.7122192
1.4249115
0.9939575
0.87783813
0.5905304
0.14161682
0.098526
0.46003723
1.0765533
1.707428
1.9157257
1.7325592
1.2800598
0.7198181
0.29603577
0.37506104
0.7976227
1.1388092
1.4775848
1.8271332
1.2884369
0.4205475
-0.14450073
-0.18998718
0.08654785
0.46124268
0.64559937
0.4923706
0.38702393
0.5366516
0.66474915
0.71502686
0.592926
0.35231018
0.27928162
0.20266724
-0.020004272
-0.12414551
0.044647217
0.40019226
0.5222931
0.23498535
0.12007141
0.3547058
0.9915619
1.6380005
1.7110138
1.371048
1.3782196
1.9228973
2.3323212
1.9336853
1.59729
1.707428
1.731369
1.3447113
0.97720337
0.84191895
0.80960083
0.7497406
0.65756226
0.8646698
1.3626556
1.6296082
1.336319
0.7700958
0.4923706
0.5606079
0.8287506
1.0250702
1.0741577
1.2034454
1.2238007
0.73298645
-0.1600647
-0.8088989
-0.8986664
-0.70355225
-0.307312
0.1715393
0.5641937
0.70066833
0.64678955
0.5103302
0.3152008
-0.14689636
-0.41145325
-0.8974762
-0.9297943
-0.4928589
-0.6544647
-1.0279541
-0.5443268
0.048233032
0.10809326
0.09492493
0.276886
0.5713806
1.3518829
2.3083649
2.2389374
1.4009705
0.9412842
0.53666687
0.61447144
1.1639404
1.4560242
1.1483765
0.91134644
0.782074
0.67671204
0.6216583
0.35829163
0.17991638
0.2469635
0.54862976
0.91734314
1.2106323
1.2082367
1.10289
0.91374207
0.53785706
0.09971619
-0.20794678
-0.2833557
-0.16365051
0.6216583
1.1627502
0.9771881
0.7413635
0.3846283
0.16197205
0.5833435
1.0442352
1.047821
0.7449646
0.49954224
0.22421265
0.14041138
0.36427307
0.4528656
0.40856934
0.35710144
0.43371582
0.6910858
0.8395233
0.7533417
0.553421
0.60728455
0.7856598
1.1088715
1.4404755
1.4811707
1.6978455
1.9205017
1.5015259
0.8036194
0.67193604
0.9831848
1.2836456
1.6763
2.1683044
2.2066193
1.7169952
0.93769836
0.23019409
0.07217407
0.5175171
1.2393646
1.6786957
1.6260223
1.4368896
1.5817261
1.6619415
1.5110931
1.292038
1.0442352
0.9879608
0.8754425
0.6096802
0.20266724
0.15357971
0.44328308
0.37625122
0.16555786
0.1499939
0.08894348
0.311615
0.6563721
0.6803131
0.4528656
0.20985413
0.24575806
0.42892456
0.4133606
0.3044281
0.2002716
0.15718079
0.142807
0.14880371
0.21343994
0.17155457
0.059005737
0.114089966
0.5103302
1.0945129
1.5853271
1.7972107
2.2712555
2.9799347
3.0170593
2.447235
2.007904
1.6511688
1.3351288
1.292038
1.7720642
2.1802826
2.316742
2.155136
1.6631317
1.1902771
0.86227417
0.75213623
0.8646698
1.0286713
0.92092896
0.7700958
0.9185333
0.9089508
0.6264343
0.42652893
0.6384125
1.1854858
1.2225952
0.9017792
0.6192627
0.39300537
0.23139954
0.5103302
0.747345
0.5330658
0.395401
0.54504395
0.95803833
0.97839355
0.6491852
0.6276398
0.9364929
0.96043396
0.513916
-0.43299866
-1.1093597
-0.80648804
-0.4102478
-0.5610962
-1.0052185
-0.9273987
-0.36715698
0.018310547
0.017120361
-0.22470093
-0.3779297
-0.22470093
0.12246704
0.5941162
1.1998596
1.4452515
1.2154083
0.70783997
0.49116516
0.78086853
1.3459015
2.0725403
2.423294
2.0509949
1.0729675
0.12486267
-0.37075806
-0.35040283
0.06858826
0.8443146
1.0166931
0.7988281
0.75094604
0.9508667
1.217804
1.2561188
1.1687317
0.87783813
0.4756012
0.34991455
0.40498352
0.52948
0.5151062
-0.06428528
-0.5658722
-0.5658722
-0.43060303
-0.37434387
-0.049926758
0.49595642
0.8862152
0.7964325
0.5510254
0.36787415
0.19429016
0.22781372
0.37026978
0.32118225
-0.017608643
-0.40426636
-0.5167999
-0.28096008
-0.11218262
-0.07267761
0.39300537
0.613266
0.65756226
0.87423706
1.6391907
2.0797272
1.5913086
0.7641144
0.38941956
0.41096497
1.0585938
1.9743805
2.1120453
1.415329
0.474411
-0.11218262
-0.30252075
-0.040359497
0.14640808
0.25654602
0.5917206
0.93888855
1.2932281
1.434494
1.2070312
0.49116516
-0.1995697
0.03147888
0.67671204
1.0430298
1.221405
1.2249908
1.134018
0.8179779
0.42533875
0.37026978
0.5893402
1.1759033
1.9300842
2.2126007
1.9396667
1.4416656
0.7641144
0.2290039
0.27330017
0.3343506
0.2685089
0.2876587
0.44447327
0.4887848
0.42652893
0.36427307
0.36906433
0.6120758
0.85868835
0.9927521
1.0023346
0.86227417
1.1866913
1.7744598
2.0270538
1.8367157
1.4536438
1.1878815
1.178299
1.5290527
1.9995117
2.3538666
2.4149017
1.9133301
1.0993042
0.70425415
0.8862152
1.1531677
1.4644165
1.4823761
1.2537231
1.0861206
0.9329071
0.9556427
0.88861084
0.9544525
1.3614655
1.5350494
1.3878021
1.3506927
1.4979401
1.4895477
0.9652252
0.48039246
0.3259735
0.83473206
1.7193909
2.0426178
1.5948944
1.0143127
0.7880554
0.79164124
0.82276917
0.8934021
0.9305115
0.7856598
0.47920227
0.06739807
-0.272583
-0.22709656
0.09371948
0.52948
1.039444
1.1902771
1.0933075
1.3135834
1.7146149
1.9085388
2.036621
1.9145203
1.7792511
1.8666382
1.810379
1.5158844
1.2812653
1.276474
1.0502167
0.7246094
0.6276398
1.0011292
1.5134888
1.7002411
1.6236267
1.4668121
1.344696
1.213028
1.1196442
1.1352081
1.2668915
1.4680023
1.4751892
1.5829315
1.6308136
1.3614655
0.78685
0.43011475
0.44328308
0.66833496
1.0442352
1.2417603
1.2178192
1.221405
1.2980194
1.3243561
1.1100769
0.7784729
0.5438385
0.5222931
0.7593231
0.7497406
0.52349854
0.39660645
0.48039246
0.6108856
0.52948
0.4636383
0.5701752
0.7748871
1.3375244
1.9480438
2.0342255
2.1575317
2.4675903
2.8207245
3.0852814
2.845871
2.1132355
1.2010498
0.6910858
0.7964325
1.1495819
1.4033661
1.6032715
1.6750946
1.41893
1.2022552
1.3267517
1.588913
1.7026367
1.4476624
1.1292267
1.118454
1.5146942
2.059372
2.1419678
1.7241821
1.4799652
1.0490265
0.34272766
-0.06309509
0.05781555
0.17633057
0.43969727
0.9185333
1.2680969
1.3267517
1.3638611
1.4261017
1.4859619
1.4572296
1.1076813
0.7030487
0.25894165
-0.1133728
-0.5215912
-0.7669983
-0.619751
-0.09901428
0.4815979
0.73657227
0.8550873
0.850296
0.8934021
1.10289
1.7960052
2.3323212
2.0162811
1.3662567
1.4356842
1.9935303
2.4496307
2.4855347
2.162323
1.7481232
1.4368744
1.1795044
0.78445435
0.5079346
0.5617981
0.7246094
0.7760773
0.7892456
0.8287506
0.83714294
0.51989746
0.40498352
0.4061737
0.40737915
0.28886414
0.0925293
0.11647034
0.16316223
0.041046143
-0.26301575
-0.48208618
-0.3707428
-0.6520691
-1.0123901
-1.2590027
-1.1464691
-0.8795166
-0.6736145
-0.64967346
-0.95014954
-1.3643494
-1.4170227
-1.2422333
-1.0722504
-1.0542908
-1.2805481
-1.58461
-1.1524658
-0.48088074
-0.9872589
-1.6133423
-1.4038544
-1.0135956
-0.7933197
-1.0231781
-1.2182922
-0.92141724
-0.36357117
0.0015411377
0.276886
0.4636383
0.53904724
0.36427307
0.11288452
0.06619263
0.18591309
0.4456787
0.58096313
0.45765686
0.3092041
0.17155457
-0.009231567
-0.19836426
-0.2965393
-0.20913696
-0.0044403076
0.20864868
0.48399353
0.7246094
0.7593231
0.771286
0.7102356
0.63601685
0.55223083
0.45645142
0.46961975
0.49716187
0.46244812
0.3547058
0.25653076
0.28167725
0.4169464
0.4971466
0.49116516
0.48757935
0.553421
0.6671448
0.6623535
0.5414429
0.39060974
0.3882141
0.6264343
0.79045105
0.75094604
0.60728455
0.5941162
0.6779175
0.67552185
0.6300354
0.5510254
0.52827454
0.6312256
0.6994629
0.6623535
0.65756226
0.7353821
0.7581177
0.6731262
0.52349854
0.46124268
0.5653839
0.6671448
0.6563721
0.6108856
0.6276398
0.6515808
0.7485504
0.7988281
0.72698975
0.6276398
0.6120758
0.57736206
0.58813477
0.5917206
0.47920227
0.38702393
0.40737915
0.50193787
0.5869446
0.71621704
0.8323517
0.8969879
0.885025
0.88500977
0.8586731
0.77967834
0.7605133
0.8431244
0.8730469
0.77967834
0.6815033
0.5977173
0.52708435
0.48638916
0.41096497
0.3630829
0.38583374
0.568985
0.74375916
0.810791
0.82037354
0.86227417
0.82276917
0.68629456
0.6312256
0.6372223
0.5917206
0.53785706
0.5426483
0.5821533
0.6587677
0.7246094
0.7533417
0.72221375
0.6707306
0.6264343
0.6443939
0.6587677
0.6838989
0.6491852
0.6312256
0.6563721
0.7473602
0.79164124
0.76649475
0.7760773
0.76651
0.63243103
0.53067017
0.5725708
0.70066833
0.7581177
0.7485504
0.70544434
0.64320374
0.7461548
0.7856598
0.731781
0.6288452
0.6419983
0.652771
0.6599579
0.70783997
0.7581177
0.76171875
0.80122375
0.80241394
0.7964325
0.80122375
0.782074
0.7389679
0.72579956
0.6695404
0.7054596
0.7569275
0.7377777
0.6779175
0.63601685
0.65756226
0.7593231
0.8359375
0.826355
0.76530457
0.7581177
0.7892456
0.8718567
1.0071259
1.0214844
0.89938354
0.76171875
0.72698975
0.72102356
0.7078552
0.64201355
0.55581665
0.51989746
0.54504395
0.6384125
0.806015
0.88142395
0.85150146
0.7090454
0.6264496
0.60849
0.6264496
0.65397644
0.6659546
0.7102356
0.7700958
0.8323364
0.84072876
0.86586
0.81318665
0.76651
0.7533417
0.6958771
0.72579956
0.8275604
0.8562927
0.83473206
0.8275604
0.81918335
0.85388184
0.95684814
1.0993042
1.1220398
1.047821
0.9628296
1.0023346
1.0466309
0.98916626
0.8479004
0.7186279
0.6491852
0.6156769
0.65037537
0.69706726
0.66833496
0.67552185
0.7413635
0.8682556
0.93170166
0.8957977
0.82395935
0.84552
0.850296
0.84310913
1.0406342
1.1819
1.0167084
0.77249146
0.7700958
0.94607544
0.9628296
0.88742065
0.8072052
0.76890564
0.7305908
0.7281952
0.8431244
0.8934021
0.84072876
0.7281952
0.54504395
0.44807434
0.41575623
0.60250854
1.1771088
1.5410309
1.6116486
1.5362396
1.2788696
1.0849304
0.99754333
0.9185333
0.88861084
0.82395935
0.8538971
1.0155029
1.0921173
0.94247437
0.80599976
0.7605133
0.7485504
0.727005
0.7461548
0.7964325
0.8155823
0.76290894
0.70066833
0.6491852
0.63482666
0.6994629
0.69348145
0.65756226
0.64678955
0.6695404
0.7964325
1.0011292
1.1483765
1.1196442
1.0346527
0.9927521
0.99993896
1.0813446
1.0514221
0.92930603
0.79045105
0.8275604
0.9616394
0.8790283
0.70544434
0.6695404
0.72940063
0.7174225
0.6695404
0.6587677
0.6228485
0.6024933
0.66474915
0.8826294
1.1878815
1.3279419
1.2225952
1.0502167
0.90296936
0.8646698
0.8431244
0.7760773
0.76290894
0.80960083
0.8790283
0.90657043
0.8838196
0.86586
0.9161377
0.9185333
0.8574829
0.84191895
0.8646698
0.95803833
1.0382538
1.0107117
0.98677063
1.0023346
1.1076813
1.1795044
1.1292267
1.008316
0.93888855
0.8036194
0.6695404
0.6312256
0.5917206
0.6336212
0.7413635
0.8251648
0.7677002
0.7485504
0.92092896
0.43371582
0.48876953
0.78326416
0.7533417
0.79045105
0.6563721
