2.3818665
2.0658417
2.181961
2.250183
2.138855
2.2633514
2.2717438
2.1208954
2.0251312
2.0179443
1.9976044
1.9664764
1.9976044
2.0454865
2.047882
2.0179443
1.9928131
1.9856262
2.0191498
2.0275269
2.013153
1.9784546
1.9544983
1.9976044
2.0742188
2.0861816
2.0718231
1.9664764
1.8455658
1.786911
1.8060608
1.9317627
2.0598602
1.8683167
1.6396637
1.6253052
1.8467712
2.197525
2.2777252
1.9976044
1.7378387
1.7833099
1.9138031
1.9305573
1.8000793
1.723465
1.7498016
1.6636047
1.5307312
1.4936218
1.5845947
1.7450104
1.8395844
1.8431702
1.7557831
1.6504364
1.6001587
1.644455
1.6348877
1.518753
1.3942566
1.3392029
1.4613037
1.5977631
1.644455
1.6205139
1.6324768
1.6959381
1.7390289
1.7485962
1.7330475
1.7210693
1.644455
1.5043945
1.4433441
1.4409485
1.4409485
1.4433441
1.4852448
1.6217194
1.7845154
1.802475
1.6731873
1.5355225
1.4756622
1.5055847
1.5403137
1.5115814
1.4469299
1.4613037
1.4996033
1.5438995
1.6037445
1.5618591
1.4960175
1.455307
1.4409485
1.4684753
1.4924316
1.52594
1.5271301
1.490036
1.4577179
1.513977
1.5941772
1.5582733
1.4517212
1.4289703
1.4696808
1.5115814
1.5175629
1.510376
1.5977631
1.6372833
1.6707916
1.6779633
1.6240997
1.6348724
1.6827698
1.6779785
1.6707916
1.668396
1.6636047
1.5941772
1.4493256
1.4828491
1.5127716
1.549881
1.6253052
1.6432495
1.6492462
1.6432495
1.6660004
1.7342377
1.7498016
1.7126923
1.6564331
1.6588287
1.7617645
1.7450104
1.6636047
1.628891
1.6013641
1.5690308
1.5690308
1.5941772
1.6001587
1.549881
1.5642548
1.5858002
1.5450897
1.4876404
1.4936218
1.5941772
1.6169281
1.5462952
1.4996033
1.4960175
1.5079803
1.4828491
1.4194031
1.3822937
1.4756622
1.6193085
1.6372681
1.5905914
1.5929871
1.6719971
1.7342377
1.7306519
1.6612091
1.5941772
1.5091858
1.4864349
1.5929871
1.707901
1.7162781
1.7067108
1.7366333
1.7593842
1.731842
1.6971283
1.6863556
1.692337
1.723465
1.6947327
1.6815643
1.668396
1.6647949
1.7282562
1.6552277
1.6240997
1.6372681
1.7294464
1.7749481
1.6588135
1.5929871
1.6815643
1.8431702
1.8898621
1.7821198
1.6600189
1.6636047
1.7414246
1.8084564
1.8132477
1.7485962
1.6791687
1.668396
1.6360779
1.6360779
1.644455
1.648056
1.7066956
1.7294464
1.7114868
1.6552277
1.6061401
1.5834045
1.5965729
1.6396637
1.7114868
1.7833252
1.8156433
1.810852
1.8048706
1.8168335
1.9006348
2.0035858
1.980835
1.8288116
1.7426147
1.7138977
1.7569733
1.7905121
1.7605743
1.7940979
1.8647156
1.9078217
1.9473267
1.9640808
1.984436
2.02034
1.9748535
1.8359985
1.7438202
1.7402191
1.7881012
1.8347931
1.7641602
1.7749329
1.9401398
2.051468
2.0071716
1.8443756
1.786911
1.8491516
1.8934479
1.8910522
1.8336029
1.7940826
1.7964935
1.7581787
1.7593689
1.8000793
1.8407745
1.8683167
1.8707123
1.8300018
1.7665558
1.7498016
1.7498016
1.7845154
1.8132477
1.8707123
1.9257812
1.9042358
1.8742981
1.905426
1.9389496
1.8910522
1.7893066
1.7138824
1.6707916
1.6935425
1.7138977
1.7222595
1.7198792
1.7510071
1.8012695
1.8479614
1.7893066
1.7007294
1.7210693
1.7641602
1.7701416
1.8982391
1.8431702
1.7964783
1.7964783
1.8084564
1.8455658
1.818039
1.7928925
1.8144379
1.8240204
1.8288116
1.802475
1.7450104
1.7809296
1.8755035
1.8383942
1.6851654
1.6731873
1.7976837
1.8958435
1.8838654
1.8300018
1.7773285
1.7270508
1.7246704
1.68396
1.6851654
1.7904968
1.9102173
1.9724579
1.9688721
1.9628906
1.9473267
1.850357
1.7797241
1.7007141
1.7007294
1.7988892
1.8132477
1.7797241
1.7785339
1.8156433
1.7833099
1.7605743
1.7150879
1.6324921
1.5630493
1.6264954
1.652832
1.5929871
1.6169281
1.7462158
1.9245758
2.0694275
2.1137238
2.138855
2.1999054
2.2046967
2.0430908
1.9389343
1.9820404
2.123291
2.1137238
2.0035858
2.0694275
2.142456
2.205902
2.3244019
2.3938446
2.3459473
2.3088531
2.363922
2.3663025
2.226242
2.0610504
1.9652863
1.8850708
1.6408691
1.2901154
1.4445343
1.6995239
1.4337616
1.0686493
1.0925903
1.0123901
0.7717743
0.45454407
0.087020874
-0.032699585
0.012802124
0.25820923
0.5479126
0.6053772
0.5048218
0.47608948
0.65086365
0.92619324
1.063858
1.253006
1.5702362
1.7354279
1.8312073
1.9329529
2.0347137
2.193924
2.1089325
1.6360779
1.4181976
1.6947327
2.288498
2.4369354
1.9640808
1.3008881
0.63290405
0.26060486
0.37911987
0.9106293
1.1692047
0.8986664
0.6748047
0.57902527
0.5335388
0.58621216
0.7849426
1.0458984
1.3152618
1.5594635
1.7174835
1.6971283
1.6576233
1.692337
1.8527527
1.9521179
1.8946533
1.6600189
1.6803589
1.747406
1.5594635
0.945343
0.5407257
0.030761719
-0.9209442
-1.2154236
-0.32836914
0.37672424
0.52397156
0.59939575
0.5514984
0.3240509
0.07266235
0.21751404
0.72029114
1.0890045
1.1907501
1.2182922
1.229065
1.2589874
1.3834839
1.7138824
2.0778046
2.411789
2.545868
2.1184998
1.6408539
1.4816589
1.8036652
1.8144379
1.6384735
1.4457397
1.415802
1.3727112
1.308075
1.3128662
1.1799774
1.134491
1.2386475
1.2051239
1.2087097
1.3104706
1.4529114
1.5618591
1.731842
2.0969543
2.2956848
2.1101227
1.7665558
1.4289856
1.3487701
1.5486908
1.573822
0.8747101
0.5550995
1.1093445
1.6911469
2.047882
1.4505157
0.60298157
-0.035079956
-0.123672485
0.12054443
0.18159485
0.2402649
0.30848694
0.5275574
1.0028076
1.3751068
1.573822
1.7222595
1.7210693
1.7605743
2.0191498
2.1580048
2.0945587
2.0167542
1.8838806
1.7031097
1.5211487
1.4936218
1.7282562
1.7845154
1.6073456
1.4720764
1.4840393
1.589386
1.6073456
1.2853241
0.8531647
0.4653015
0.012802124
-0.114089966
0.14089966
0.743042
1.3152466
1.6815643
1.8850708
2.092163
2.2166748
2.0825958
1.6911469
1.3547516
1.0973816
1.0458984
1.4445343
1.6731873
1.5965729
1.7462006
2.0430908
2.264557
1.5642548
0.3815155
-0.075790405
0.20074463
0.43537903
0.4617157
0.38749695
0.4689026
1.019577
1.7785339
2.1604004
2.288498
2.33638
2.399826
2.3351898
2.0203552
1.6504364
1.395462
1.4684753
1.7330322
1.9928131
2.0694275
1.9102173
1.613327
1.1476593
1.1117401
1.4840393
1.5726318
1.3619385
1.3511658
1.4158173
1.3272247
1.1404724
1.0315399
1.0171661
0.94654846
1.0327301
1.3044739
1.5941772
1.8862762
2.1879425
2.4920044
2.4896088
1.9868317
1.3260193
1.3966522
1.9892273
2.25737
1.7354431
1.2278595
1.7019196
2.248993
2.6117096
2.248993
1.1129456
0.053497314
-0.13204956
0.47488403
0.9034424
0.9429474
1.0423126
1.039917
0.9621124
1.0997772
1.6121368
2.2130737
2.6584015
2.7086792
2.5793915
2.664383
2.9241486
2.933731
2.542282
1.8527527
1.3128662
1.3894806
1.8132477
2.0203552
1.9006348
1.6097412
1.1763916
1.1488495
1.2362518
1.1332855
1.3128662
1.1536407
0.74902344
0.6580353
0.9525299
1.608551
2.209488
2.5674286
2.7493744
2.7457886
2.612915
2.2944794
1.9580994
1.8599396
1.8802795
1.6995239
1.2386322
0.8052826
0.68318176
0.901062
1.4014435
1.7330475
1.3260193
0.66882324
0.30371094
0.29652405
0.61494446
0.69036865
0.54312134
0.7250824
1.3427887
1.9940033
2.3136292
2.2597656
2.1891327
2.3303986
2.4261627
2.396225
2.2956696
2.0646362
1.8611298
1.7426147
1.5690308
1.4924316
1.6205139
1.5869904
1.2841187
1.0842133
1.0830078
1.4325714
1.9473267
2.1113281
1.7797241
1.4577026
1.2158966
1.2913055
1.3643341
1.52594
1.7641602
1.8312073
1.7282562
1.6360779
1.6432495
1.8084564
1.9138031
1.826416
1.8790894
1.8982391
1.6145325
0.8878937
0.54193115
0.9297943
1.5774231
2.0251312
1.8072662
1.2362518
0.9333801
0.8950653
1.0303345
1.0698395
0.94773865
0.8483887
1.0447083
1.4122162
1.8036652
2.0825958
2.3399658
2.5039825
2.5949554
2.6380463
2.5159454
2.4105988
2.2621613
2.2537842
2.2082977
2.1340637
2.4105988
2.664383
2.569809
2.6272736
2.8104248
2.3746796
1.5666351
1.0183716
1.0123901
1.3152466
1.8455658
2.2525787
2.2837067
2.1484375
2.1532288
2.565033
3.0450592
3.1180878
2.7745209
2.4477081
2.2741394
2.3351746
2.3890533
2.423767
2.367508
2.126892
1.747406
1.3942566
1.2829285
1.5965729
2.1005554
2.0538635
1.4325714
0.787323
0.39707947
0.17082214
0.27497864
0.73825073
1.4217834
1.8707123
1.9293671
2.1209106
2.6560059
3.143219
3.1947021
3.0091553
2.8559113
2.541092
2.5135498
2.490799
2.4524994
2.5195312
2.609314
2.4441223
2.0071716
1.6695862
1.5594635
1.5271454
1.3212433
1.3152618
1.4421539
1.3368073
1.4134216
1.4074402
1.0770264
0.98005676
1.2075195
1.4648895
1.8156433
2.1592102
2.2669525
2.1460419
1.9425354
1.846756
1.9592896
2.169983
2.2118835
2.092163
1.8599396
1.6360779
1.5822144
1.6815643
2.0179596
2.1999054
1.7126923
1.0854034
0.7538147
0.6412811
0.6676178
0.52397156
0.53593445
0.9489441
1.6612091
2.17836
2.3028564
2.3782806
2.5350952
2.542282
2.3926392
2.2370148
2.1197052
2.1208954
2.2238464
2.171173
1.8898621
1.7366333
1.9999847
2.2477875
2.0802002
1.7737427
1.4433441
1.1991425
1.3571472
1.5666351
1.352356
0.956131
0.89746094
0.95851135
1.1129456
1.474472
1.6492462
1.7665558
1.9485168
2.1532288
2.3267975
2.3699036
2.2741241
2.171173
2.0071716
1.6875458
1.5043945
1.5666504
1.6420593
1.6001587
1.5821991
1.7917023
1.7881012
1.5510864
1.3116608
1.2362518
1.1811829
0.7897186
0.3743286
0.40545654
0.86035156
1.5187683
1.9987946
2.2453918
2.4177856
2.5434723
2.3710938
1.9389343
1.6540222
1.7521973
1.8850708
1.9592896
1.8563385
1.5606537
1.4541168
1.6971283
2.0742188
2.2861023
2.0885773
1.68396
1.4936218
1.513977
1.5187683
1.3379974
1.1261139
0.9513397
0.76698303
0.9489441
1.3427887
1.7222748
2.0335083
2.09935
2.0347137
1.8551483
1.8838806
2.008377
2.131668
2.0897675
1.9293671
1.7689514
1.692337
1.6229095
1.5211487
1.2589874
1.2170868
1.2266693
1.059082
0.8328247
0.7969055
0.98605347
1.1141357
1.0710449
1.0985718
1.3810883
1.8276062
2.0263367
2.0562592
2.2358246
2.6224823
2.853531
2.9373322
2.956482
2.7505798
2.5386963
2.712265
2.9157867
2.660797
2.2118835
2.051468
1.92099
1.7210693
1.7114868
1.5211487
1.0866089
1.1775818
1.5953674
1.86232
1.9078217
1.8695068
1.8731079
1.8874664
1.9401398
2.0299225
2.2429962
2.509964
2.6871338
2.4261627
2.0430908
1.9784546
2.138855
2.1735687
1.8683167
1.4553223
1.3008881
1.4816437
1.8228302
2.1568146
2.4381256
2.0371094
1.1093445
0.57424927
0.8148651
1.229065
1.055481
0.74064636
0.66163635
0.7621918
1.0339355
1.2541962
1.26857
1.3691254
1.6851654
1.8994446
2.0227356
2.169983
2.3315887
2.569809
2.6979065
2.5554504
2.265747
2.1532135
2.2549744
2.2597656
2.0802002
1.8515625
1.4936218
1.5917816
2.008377
2.248993
2.0802002
1.7222595
1.3882751
1.0997772
1.0806274
1.2661743
1.5247498
1.7845154
2.0155487
2.2322388
2.1197052
1.8252106
1.5929871
1.6193237
1.8204346
1.8958435
1.6336823
1.1201172
0.7610016
0.9597168
1.391861
1.5798035
0.7442322
-0.37506104
-0.97839355
-1.0454407
-0.24935913
0.8136749
1.5474854
2.0311127
1.9688721
1.276947
0.7370453
0.6748047
1.1392822
1.613327
1.7797241
1.7270508
1.7569885
1.9269714
2.0203552
1.9245758
1.7138977
1.3032837
1.0782318
1.0339355
1.1440735
1.4732666
1.2901154
0.6197357
0.00920105
-0.099731445
0.19476318
0.36116028
0.32286072
0.42700195
0.7562103
1.1895599
1.553482
1.513977
1.2697601
1.3751068
1.8312073
2.1065369
2.1639862
2.051468
1.786911
1.6815643
1.628891
1.1524506
0.5838165
0.2593994
0.2115326
0.37313843
-0.3008423
-1.1459961
-0.9317169
-0.01713562
0.6676178
0.50601196
0.29412842
0.38749695
0.51797485
0.60298157
0.6712036
0.7933197
1.015976
1.2266693
1.4277802
1.707901
2.0179443
2.2322388
2.241806
2.1963196
2.2250519
2.1113281
2.1759644
2.4417267
2.6835327
2.0825958
1.4589081
0.8232422
0.3539734
0.6269226
1.1500549
1.4960175
1.4936218
1.3260345
1.0830078
0.9561157
1.1656189
1.6899414
2.1077423
2.3256073
2.3818665
2.2705383
1.9987946
1.6109467
1.182373
0.87112427
0.7346649
0.95132446
1.3475647
1.3930664
1.1608276
1.0147705
1.1871643
0.8543701
0.053497314
-0.32357788
0.21151733
1.0075989
1.2721558
1.221878
1.0914001
0.95492554
1.000412
1.3858795
1.8240204
1.9018402
1.628891
1.5175629
1.6552277
1.8084564
1.8647308
1.8048706
1.5510864
1.2829285
1.1476593
1.415802
1.6468506
1.6336823
1.652832
1.2960968
0.9381714
1.015976
1.2063141
1.1859589
1.0016174
0.7538147
0.7837372
1.0423126
1.3499756
1.6061554
1.7569885
1.9138031
2.138855
2.2561798
2.0382996
1.76297
1.652832
1.6121368
1.6695862
1.7833252
1.8730927
1.5594635
1.1799774
1.1285095
1.4768677
1.8407898
1.4217987
0.54312134
-0.01234436
0.1361084
0.4257965
0.45573425
0.44137573
0.5970001
0.9309845
1.332016
1.7785339
2.1891327
2.4046173
2.3196259
2.0730133
1.8012848
1.6408691
1.747406
2.0347137
2.250183
2.1723785
1.9784546
1.9676819
2.1173096
1.8874664
1.3092651
0.86872864
0.6748047
0.6748047
0.7897186
0.8807068
0.70951843
0.4677124
0.14927673
-0.33674622
-0.35231018
0.35517883
1.0351257
1.221878
1.1524506
1.2482147
1.5019989
1.7354431
1.8383789
1.8970337
1.9987946
1.9497223
1.7725525
1.628891
1.5834045
1.1165314
0.5491028
0.60775757
1.1931458
1.3739166
0.6053772
-0.57258606
-1.2058563
-0.6683502
0.40904236
0.9776764
0.4617157
-0.42175293
-0.30921936
0.091812134
0.46531677
0.46411133
0.27496338
0.31806946
0.51438904
0.43418884
0.6891632
1.0842133
1.1273041
0.9561157
0.8232422
0.960907
1.2362518
1.5319214
1.8240204
1.9760437
2.0861816
2.075409
1.9233704
1.4098206
1.1931458
1.707901
1.6899414
1.668396
1.42659
0.87950134
0.8878784
1.6312866
1.9772491
1.7952881
1.4361572
1.0447083
0.85795593
1.0016022
1.3547516
1.4816437
1.2206879
1.2122955
1.4960175
1.6887512
1.7282562
1.6324768
1.558258
1.6217041
1.94133
1.8850708
1.4229889
1.5726318
2.6512146
2.775711
2.1951294
0.8340149
-0.9329071
-1.7158203
-0.7593384
1.1620331
2.9624634
3.632843
2.7422028
1.6504364
0.8232422
0.52874756
0.79571533
1.0195618
1.1225281
1.4038391
1.8192291
2.1077423
2.272934
2.1161194
1.7845154
1.5043945
1.1524506
0.8795166
0.5574951
0.4317932
0.85676575
1.3200378
1.7677612
1.4565125
0.12174988
-0.30323792
0.7789459
2.2154694
2.7374115
1.8515625
0.82922363
0.5838165
1.0195618
1.5546722
1.5235443
0.9704895
0.62213135
0.82684326
1.1799774
1.2278595
0.8914795
0.8256378
0.9226074
1.2458191
1.4660797
0.78733826
-0.01713562
0.13850403
0.89627075
1.3822937
1.5989685
1.8228302
1.9916229
2.3028564
2.4680634
2.2011108
1.6205139
1.1811829
0.9046478
0.61016846
0.26539612
0.21751404
0.40066528
0.74064636
0.98724365
1.1356812
1.2266693
1.2278595
1.1895599
1.4217987
1.2589874
0.446167
-0.3152008
-0.33076477
-0.061416626
0.115753174
0.30490112
0.83522034
1.4553223
2.0059814
2.023941
1.4241943
0.95732117
0.9704895
1.3619385
1.8587341
2.0957642
2.02034
1.7055054
1.3451843
0.99324036
0.782547
0.89508057
1.3703156
2.1005554
2.5135498
2.051468
0.980072
0.3348236
0.83161926
0.86872864
0.41983032
0.48327637
1.1811829
1.9030304
2.272934
2.2549744
2.1184998
2.1209106
1.9916077
1.7593842
1.6899414
1.7426147
1.5438995
1.1596222
0.8591614
0.9321747
1.182373
1.3020935
1.0530853
0.63290405
0.5048065
1.0279541
1.4409485
0.9321747
0.61135864
1.2003326
2.090973
2.696701
2.6452332
1.9150085
1.4397583
1.5917816
2.0155487
2.241806
1.8946533
1.312851
0.81607056
0.866333
1.2865295
1.6432648
1.5786133
1.0375214
0.490448
0.4282074
0.6951599
0.92858887
0.91542053
1.1572418
0.87950134
0.025970459
-0.39541626
-0.037475586
0.624527
1.055481
1.2841339
1.6336823
2.0035858
2.2932892
2.2370148
1.8395844
1.3822937
1.1763916
1.2254639
1.6336823
1.8371887
1.5115814
1.0207672
0.81007385
0.69155884
0.61135864
0.7897339
1.1057587
1.1931458
1.1021729
1.015976
0.7502289
-0.047058105
-0.45765686
0.08822632
0.77056885
1.3379974
1.3810883
1.3463745
1.3918762
1.7653656
2.126892
2.1795654
2.2741394
2.4058075
2.3782806
2.3172302
2.0825958
1.6887512
1.5522766
1.7485962
1.7845154
1.6277008
1.5702362
1.7222595
1.8695068
2.0227356
1.9820404
1.6109467
1.4325714
1.7007141
2.0957642
2.5674133
1.8874664
0.79211426
0.34440613
0.5957947
1.1668091
1.3942566
1.118927
0.5957947
0.5395355
1.1165314
1.767746
2.1747742
1.7043152
0.77415466
0.19955444
0.51678467
1.2865295
1.984436
2.0945587
1.5307312
1.039917
0.82803345
0.5000305
0.33721924
0.77056885
1.0650635
1.2158966
1.2410278
0.8376007
0.64727783
1.0087891
1.589386
1.9580994
1.400238
0.8723297
1.0602722
1.7581787
2.3651123
2.676361
2.3890533
1.9544983
1.8048706
2.0419006
2.363922
2.5374908
2.5410767
2.4165802
2.3351746
2.031128
1.810852
1.9245758
2.011963
2.1987152
1.6264954
0.30369568
-0.4887848
0.24145508
1.5858002
2.490799
2.5602417
2.0371094
1.6719971
1.6492462
1.8144379
1.9102173
1.802475
1.60495
1.5714417
1.553482
1.5474854
1.905426
2.525528
2.7014923
2.5291138
1.9245758
1.0913849
0.7466278
1.1596375
1.613327
1.9317627
1.7809296
1.7342377
1.9557037
2.2741394
2.4991913
2.3555298
1.9868317
1.7186737
1.7545929
1.8874664
2.1101227
2.1987152
2.226242
2.2310333
2.320816
2.411789
2.3627167
2.181961
2.0718231
2.0275269
2.0981598
2.0095673
1.3595428
0.7502136
0.8184509
1.474472
2.4453125
2.2382202
1.3667297
1.1536407
1.8647156
2.688324
2.7852936
2.3076477
1.7569885
1.565445
1.8300018
2.0406952
1.8431702
1.628891
1.5606537
1.6300964
1.6851501
1.8012695
1.8934479
1.8084564
1.6348877
1.8060608
1.8012695
1.039917
0.053497314
-0.030303955
0.7837372
1.826416
2.6069183
2.3267975
1.6743774
1.4217834
1.4493256
1.7701569
1.9760437
2.1640015
2.3100433
2.2214508
2.0347137
1.9413452
2.047882
2.1903229
2.171173
2.0011902
1.8946533
2.0311127
2.3387756
2.8116302
2.980423
2.4058075
1.810852
1.6468506
1.8994446
2.4453125
2.8690948
3.5155334
3.419754
2.1173096
1.2422333
1.807251
3.3239899
4.0685883
3.505951
2.719452
2.562622
3.0809784
3.6783295
3.7178345
2.9947815
2.2035065
2.0682373
2.360321
2.7242432
2.980423
3.0929565
3.4137726
3.8303528
4.079361
3.6974792
3.0486603
2.5207367
2.4800262
2.7098694
2.7445831
2.6188965
2.3782806
2.032318
1.6731873
1.4624939
1.4660797
1.7641602
2.186737
2.454895
2.486023
2.3423615
2.3567352
2.3818665
2.0622406
1.5546722
1.142868
1.5941772
2.3088531
2.1328735
0.85317993
-0.5199127
-0.9412842
0.25701904
1.7390289
2.1915283
1.5474854
1.1057587
1.1931458
1.6181183
1.989212
1.9736633
1.6779785
1.5367126
1.5618591
1.6719971
1.802475
1.8515472
1.8683167
1.8336029
1.7785339
1.8060608
1.9293671
2.1951294
2.5374908
2.561432
1.8551483
0.80648804
0.154068
0.30848694
1.1632233
2.0813904
2.2118835
1.5127716
0.9345703
0.84599304
1.1871643
1.6624146
1.807251
1.7019196
1.6911469
1.7354431
1.8683167
2.0442963
2.0251312
1.731842
1.387085
1.2194824
1.182373
1.1237183
1.134491
1.0315399
0.90704346
0.5981903
0.02357483
-0.25654602
0.046310425
0.57185364
0.8699341
0.8340149
0.82803345
1.1273041
1.5941772
1.9329529
2.0861816
2.0861816
2.0263367
2.1005402
2.1376648
2.0430908
1.7821198
1.5331268
1.4337616
1.4816437
1.5630493
1.6540222
1.9341583
2.3220215
2.530304
2.147232
1.3284302
0.3815155
-0.13204956
0.07026672
0.8543701
1.4589081
1.2865295
0.8076782
0.5191803
0.70832825
1.1907501
1.6073456
1.7246552
1.644455
1.6648102
1.7821198
1.9042206
1.9987946
1.9425354
1.7605743
1.6121368
1.3810883
1.0842133
1.0447083
1.1871643
1.3272247
1.2661743
0.67601013
-0.21224976
-0.63842773
-0.13923645
0.624527
0.8483887
0.687973
0.67240906
0.8124695
1.0566711
1.4086304
1.7402191
1.984436
2.1951141
2.430954
2.5303192
2.3148346
1.9461212
1.8216248
1.9173889
2.0778046
2.2693481
2.3986206
2.3782806
2.4058075
2.4345398
2.470459
2.2202606
1.6899414
0.49165344
-0.46244812
-0.45048523
0.3420105
1.173996
1.3224335
0.8376007
0.40664673
0.37193298
0.8076782
1.4301758
1.7390289
1.7222748
1.470871
1.3116608
1.3463745
1.3451843
1.3056793
1.1560364
0.8112793
0.5957947
0.63290405
0.6975403
0.92619324
1.2170868
1.0866089
0.29412842
-0.98558044
-1.6284332
-0.9712219
0.1181488
0.5514984
0.10977173
-0.2541504
-0.09135437
0.5550842
1.3679199
1.9066162
1.7976837
1.4804535
1.2984924
1.4493256
1.7150879
1.7007141
1.5475006
1.3798981
1.4038391
1.6432495
1.9353485
2.269333
2.3184204
1.9544983
1.6696014
1.910202
2.4105988
2.6320648
2.126892
1.3798981
1.0087891
1.4301758
1.8862762
2.154419
2.0813904
1.7701416
1.7881012
2.0
2.154419
2.1137238
2.032318
1.9832306
1.9317627
1.8539581
2.0802002
2.4967957
2.7960663
3.0690002
2.6141052
1.965271
1.9090118
2.1675873
1.6779785
1.3667297
0.687973
2.4752502
2.6308746
2.1903381
1.1081543
-1.0382538
-1.5111084
-0.44569397
0.5766449
1.2446136
1.3487701
1.26857
1.8144379
2.640442
2.9457092
2.407013
1.731842
1.2254639
1.1476593
1.3212433
1.5750275
1.7701569
1.8300018
1.9676666
2.166397
2.3794708
2.6440277
2.5315094
2.1412506
1.9149933
2.0814056
2.2298431
2.3327942
2.2717438
2.0406952
1.4613037
0.5874176
0.4102478
1.2745514
2.3411713
2.7721252
2.1759644
1.2805328
0.78852844
0.9118347
1.4840393
2.0658264
2.2442017
2.1244965
2.0251312
1.9353485
1.810852
1.648056
1.6815643
1.7007141
1.7258606
1.6480408
1.5067902
1.5845947
1.7940979
1.5953827
1.1763916
1.0423126
1.1919556
1.197937
1.3882751
1.7964935
1.9377441
1.7222748
1.308075
1.1105499
1.3763123
1.8838806
2.0490723
1.7126923
1.1273041
0.72387695
0.75141907
0.9513397
1.2003326
1.411026
1.34758
1.1536407
1.0303497
1.2075195
1.6193237
1.7330322
1.4457397
1.3296204
1.5187683
1.3308105
0.48686218
0.079833984
0.38749695
1.2266693
1.7761383
1.7007141
1.4565125
1.3415833
1.3930664
1.5307312
1.569046
1.4888306
1.3475647
1.0997772
0.5814209
0.01159668
-0.2361908
0.2737732
1.2039185
1.9114075
2.1101227
2.092163
2.0335083
1.7007141
1.1296997
0.85795593
0.49523926
0.22229004
0.4210205
1.213501
2.032318
2.2358246
1.9832306
1.6492462
1.5008087
1.5391083
1.529541
1.387085
1.0925903
0.93577576
1.1069489
1.1883545
1.094986
1.0375214
1.1931458
1.4445343
1.4277802
1.2589874
1.2494049
1.336792
0.9345703
0.36834717
0.23068237
0.6017761
1.4205933
2.1101227
2.343567
2.2046967
1.9760437
1.8958435
2.0382996
2.2310333
2.1496277
1.7498016
1.5235443
1.4912262
1.4122162
1.3463745
1.2889099
1.0818176
0.70233154
0.41862488
0.43418884
0.74902344
0.97647095
1.316452
2.0885773
2.241806
1.3834839
0.63290405
0.38391113
-0.109298706
0.01638794
0.71191406
2.0263367
2.945694
2.600937
1.7150879
1.055481
1.1452637
1.613327
1.7857208
1.5522766
1.2087097
0.8136749
0.4677124
0.49284363
0.8723297
1.1835632
1.1680145
0.6975403
0.39587402
0.78134155
1.4481354
1.7809296
1.5331268
0.9561157
0.7789459
0.18399048
0.008010864
0.6712036
1.5175629
2.4405212
2.3926544
1.3523712
0.54551697
0.708313
1.2793427
1.9461212
2.2202606
1.8683167
1.1955414
0.6891632
0.6712189
0.6987457
0.72268677
1.1536407
1.4541168
2.004776
2.5255127
2.3627167
1.8539429
1.3655243
0.91781616
0.2450409
0.0738678
0.5179901
1.2350464
1.7462158
1.3775024
0.7502136
0.7107086
1.2913055
1.6384735
1.5845947
1.0973816
0.4617157
-0.0362854
-0.07220459
0.36476135
1.1213226
1.2099152
0.411438
0.25222778
0.71191406
0.7358551
0.73464966
0.6963501
0.50601196
0.5084076
0.6999359
1.0985718
1.2829285
1.1296997
0.87831116
0.6532593
0.6951599
1.059082
1.5079803
1.9030304
2.0694275
1.94133
1.529541
1.1165314
0.86872864
0.782547
1.0925903
1.450531
1.6240997
1.9389496
1.9521179
1.9580994
2.169983
0.9812622
-0.72821045
-0.97480774
-0.01713562
0.97528076
1.7521973
2.2873077
2.6595917
2.8822632
2.7948608
2.2070923
1.4828491
0.826828
0.5467224
0.861557
1.3176422
1.4541168
1.3463745
1.2996979
1.4888306
1.644455
1.7821198
1.573822
0.80648804
0.34080505
0.34680176
0.4892578
0.9896393
1.2984924
1.3368073
1.5869904
2.0789948
2.5291138
2.4177856
1.9700623
1.549881
1.332016
1.4098206
1.6264954
1.8766937
1.9006348
1.8156433
1.4541168
1.0207672
0.80888367
0.8519745
1.0566711
1.3200378
2.2118835
2.7242432
1.9808502
1.1081543
0.041534424
-0.7078552
0.067871094
1.5762177
2.4656677
2.486023
2.3495483
2.0778046
1.5917816
1.395462
1.6719818
1.8300018
1.5834045
1.3679199
1.34758
1.4636993
1.5247345
1.3978577
1.2601776
1.0650635
0.5658722
0.3013153
0.7358551
1.4026337
1.6540375
1.3511658
0.69755554
0.41622925
1.0710449
2.0347137
2.5398865
2.588974
2.2585754
1.723465
1.3451843
1.3595428
1.4852448
1.5666504
1.4696808
1.387085
1.6887512
1.980835
2.0035858
1.7557831
1.2314606
0.9501343
0.91900635
1.2075195
1.9688721
2.6619873
2.9792175
2.4776306
1.4086304
0.51319885
-0.23020935
0.0211792
0.9908447
1.6947327
2.1508331
2.2549744
2.0622406
1.9509125
2.0670319
2.131668
1.8000793
1.3822937
1.3152466
1.6264954
2.1101227
2.3076477
1.8336029
1.2326508
1.4600983
2.463272
3.261734
3.802826
3.6208649
2.6105194
1.4983978
0.8651428
1.1835632
2.1017456
2.7613525
2.7026978
2.1400604
2.0179596
2.399826
2.8104248
3.14563
3.2868805
3.1180878
2.8726807
2.6655884
2.6141052
2.609314
2.4932098
2.329193
2.063446
1.9461212
2.2442017
2.5291138
2.0586548
0.76338196
-0.19309998
-0.21464539
0.4724884
1.7486115
1.7390289
1.2051239
0.8519745
0.44256592
0.4210205
0.7442322
1.1213226
1.3511658
1.5881958
1.8766937
2.2082825
2.4141846
2.4249725
2.3232117
2.166397
2.1161041
2.1795654
2.2837067
2.5363007
2.525528
2.3686981
2.3256073
1.8587341
0.9776764
0.4940338
0.6077728
1.1548309
1.7689514
2.0347137
1.6588135
0.94296265
0.5682678
0.668808
1.0566864
1.3571472
1.5367126
1.6588287
1.7282562
1.5869904
1.2398376
1.1524506
1.391861
1.5941772
1.6420593
1.6037598
1.5953674
1.7354431
1.7294464
1.8000793
1.8000793
1.411026
0.687973
0.07385254
-0.21704102
0.17321777
0.782547
0.8807068
0.46769714
0.027160645
-0.13923645
0.14089966
0.48207092
0.7454376
1.0722504
1.558258
2.0502777
2.114914
1.7354431
1.3344116
1.1668091
1.2865143
1.4205933
1.4445343
1.4852448
1.558258
1.5522766
1.3499603
0.72268677
0.04751587
0.16603088
0.9022522
1.5067902
1.4684753
1.0494995
0.861557
0.9680939
1.1727905
1.2996979
1.4301758
1.5666504
1.6408691
1.6193237
1.5917816
1.6109314
1.6564331
1.7031097
1.6013641
1.3403931
0.96569824
0.81126404
0.8938751
0.9716797
0.82922363
0.3635559
-0.17993164
-0.34632874
0.16963196
0.80049133
0.92858887
0.8364105
1.1811829
1.5391083
1.731842
1.9341583
1.9676819
1.8288116
1.7904968
1.8240204
1.9592896
2.047882
1.8934479
1.6109467
1.7031097
2.0610504
2.3555298
2.5829773
2.7505798
2.391449
2.090973
1.7617645
1.2937012
0.94415283
1.0746307
1.470871
1.7821198
1.8276062
1.8599396
1.9341583
2.0742188
2.1675873
2.0562592
1.6707916
1.5163727
1.8934479
2.0921783
2.032318
1.8946533
1.9557037
2.0167542
2.33638
2.4824371
2.2944794
2.1053467
2.1759644
2.391449
2.6500244
2.767334
1.9952087
0.59339905
-0.27809143
0.1828003
1.158432
1.7150879
1.6863556
1.3775024
1.4984131
1.8551483
2.0347137
1.84198
1.4469299
1.2625732
1.3727112
1.628891
1.9269714
2.0789948
1.9940186
1.9281616
1.965271
1.9987946
2.0335083
1.9353485
1.9305573
1.7797241
1.6983185
1.2122955
0.42341614
0.22229004
0.6999512
1.1931458
1.4888306
1.2901154
1.0016022
0.8555603
0.8591614
1.0267487
1.3379974
1.6612244
1.7366333
1.6660004
1.6600189
1.7893066
2.0766144
2.1137238
1.707901
1.4062347
1.545105
1.8359985
1.8755035
1.707901
1.3356018
1.0614624
0.8412018
0.277359
-0.34274292
-0.3690796
0.19236755
0.7729645
0.9142151
0.86753845
0.61854553
0.23426819
0.043914795
0.24983215
0.78492737
1.4050446
1.9401398
2.1244965
1.8336029
1.6408691
1.7031097
1.7988739
1.9353485
2.114914
2.2705383
2.422577
2.657196
2.7302246
2.3890533
1.6205139
1.2889099
1.1404724
0.80288696
0.84599304
1.4002533
1.6372681
1.395462
1.1679993
1.2266693
1.4445343
1.6588135
1.7677612
1.7677612
1.723465
1.7617645
1.8168335
1.9138031
2.131668
2.2310333
2.0251312
1.6995239
1.6935425
2.1221008
2.2825012
2.094574
1.9042206
1.7653656
1.8323975
1.4086304
0.52397156
-0.1559906
-0.10571289
0.47608948
1.000412
1.3703156
1.7366333
2.0095673
1.9940033
1.8467712
1.7354431
1.6707916
1.7557831
1.9269714
2.0622406
2.055069
1.9688721
1.9856262
2.1113281
2.3938446
2.8259888
3.1516113
3.182724
2.9421082
2.6584015
2.1197052
1.3798981
1.2554016
1.5821991
1.6863556
1.5798035
1.5367126
1.5391083
1.4457397
1.2757416
1.2745514
1.4852448
1.613327
1.8300018
1.8719025
1.6624146
1.3176422
1.7198792
1.613327
1.474472
1.5079956
1.7964935
2.2046967
2.3854675
2.288498
2.015564
1.7545929
1.7126923
1.9138031
1.9185944
1.9138031
1.4529114
0.6077728
-0.17514038
-0.27690125
0.43058777
1.2410278
1.4074249
0.87231445
0.3408203
-3.6621094E-4
0.0738678
0.74064636
1.4972076
1.984436
2.248993
2.3016663
2.1208954
1.9138031
2.0179596
2.4465027
2.743393
2.6871338
2.329193
2.130478
2.1891327
2.0849915
1.6408691
1.0075989
0.4677124
0.35398865
0.65205383
1.0842133
1.1799774
0.9237976
0.85676575
0.8412018
0.7837372
0.8483887
1.0602722
1.3236389
1.5115814
1.450531
1.1799774
0.9644928
0.8938751
1.0087891
1.2554016
1.2960968
1.2003326
1.3990479
1.6671906
1.5163727
1.1356964
0.98246765
0.7933197
0.18519592
-0.6360321
-0.63842773
0.10018921
0.92619324
1.4864349
1.2266693
0.6568451
0.44256592
0.73464966
1.0351257
1.0925903
1.1296997
1.3703156
1.7797241
1.9389496
1.8120575
1.4684906
1.0494995
0.85676575
0.97528076
1.2518005
1.4600983
1.3930664
0.98605347
0.37553406
-0.13565063
-0.4815979
-0.513916
-0.025512695
0.45812988
0.93577576
1.0901947
0.72987366
0.28933716
0.08703613
0.19236755
0.43658447
0.78015137
1.1704102
1.4624939
1.5786133
1.5307312
1.3188477
1.1296997
1.0746307
1.0459137
0.98605347
0.77775574
0.51438904
0.2953186
0.3060913
0.62571716
0.8807068
0.40904236
-0.37387085
-0.7198181
-0.3319702
0.2270813
0.4892578
0.6748047
0.9956207
1.0758362
1.0135803
0.9752655
1.1333008
1.5750275
1.9377441
1.9437256
1.6791687
1.3439789
1.2206726
1.5008087
1.8359833
1.8192291
1.6157227
1.5798035
1.7593689
1.7797241
1.6217194
1.1356812
0.68678284
0.4569397
0.65086365
0.94654846
1.1129456
1.1201324
0.8184509
0.57424927
0.62571716
0.86154175
1.3008881
1.7222748
1.9413452
1.9413452
1.7282562
1.3140564
0.877121
0.7980957
1.103363
1.3547516
1.4816437
1.3978577
1.1811829
1.0770264
1.0530853
0.9118347
0.58981323
0.2665863
0.03793335
0.08583069
0.32644653
0.48207092
0.50361633
0.74783325
1.2123108
1.5391083
1.723465
2.0466766
2.4896088
2.6871338
2.4082031
1.9533081
1.7617798
2.0059814
2.248993
2.226242
2.0215454
1.8635254
2.0311127
2.07901
1.7342377
1.2601776
1.1249084
0.95732117
0.83761597
0.93218994
1.0255585
0.8950653
0.79811096
0.85795593
1.0662537
1.4253845
1.7031097
1.7976837
1.7988739
1.8671112
2.0143585
2.0275269
1.8587341
1.8383942
1.9221802
1.8838806
1.7904968
1.6600189
1.4696808
1.4253845
1.3200378
1.3439789
1.4589081
1.0458984
0.3934784
0.31448364
0.624527
0.78852844
0.68318176
0.4605255
0.63171387
1.261383
2.0023956
2.518341
2.7924805
2.7445831
2.6727753
2.5482635
2.4405212
2.4944
2.4920044
2.3794708
2.2825165
2.3483582
2.6236877
2.8918304
2.8607178
2.5997467
2.032318
1.4972076
1.173996
0.8447876
0.7933197
1.0063934
1.1129456
0.94654846
1.0471039
1.3463745
1.6348877
1.9341583
2.209488
2.3148346
2.3567352
2.3076477
2.1221008
1.8862762
1.8156433
1.9628754
2.2717438
2.5470734
2.6500244
2.5841827
2.3806763
2.032318
1.6181183
1.5510864
1.6671906
1.5211487
0.9633026
0.048721313
-0.52589417
-0.2637329
0.49523926
1.2158966
1.3188477
0.8938751
0.708313
0.80648804
0.995636
1.0147858
0.9932251
1.1416779
1.3224335
1.52594
1.6863556
1.7126923
1.5750275
1.5798187
1.9736633
2.2549744
2.0742188
1.9042206
1.9533081
1.9353485
1.7354279
1.4972076
1.3248291
1.4421539
1.2398376
0.708313
0.59220886
1.1596375
1.771347
1.613327
1.0925903
0.92500305
0.8005066
0.74064636
0.6759949
0.5491028
0.4605255
0.49404907
1.1512451
0.7574005
0.8184509
0.61494446
0.39468384
0.44496155
0.7107086
0.7909241
0.3420105
-0.26852417
-0.17634583
0.42819214
0.76579285
0.78134155
0.71310425
0.70951843
0.8292389
0.9429474
1.0578766
1.1859589
1.2494049
1.2793427
1.2745514
1.1308899
0.9884491
0.9417572
0.99443054
1.0135803
0.9046478
0.8400116
0.94415283
1.0770264
1.0530853
0.9740753
0.88668823
0.8950653
0.9992218
1.1320953
1.103363
1.0746307
1.0734406
1.015976
0.92619324
0.8842926
0.87950134
0.9321747
1.0291443
1.1309052
1.134491
1.2098999
1.2805328
1.2422333
1.079422
0.8938751
0.8364105
0.98246765
1.1476593
1.2003326
1.1368866
1.055481
1.0650635
1.1476593
1.1692047
1.118927
1.1081543
1.2242737
1.2326508
1.2314606
1.2781372
1.355957
1.3583527
1.3020935
1.2015228
1.1524506
1.2027283
1.2458191
1.2027283
1.1668091
1.1943512
1.3008881
1.4194031
1.4648895
1.3858795
1.2589874
1.1716003
1.2051086
1.3344116
1.4217987
1.4062347
1.3296204
1.2422333
1.2254639
1.2889099
1.3368073
1.3104706
1.2194824
1.1811829
1.2901154
1.4684753
1.5427094
1.5570679
1.5019989
1.4170074
1.391861
1.3810883
1.3535614
1.3056793
1.2314606
1.1871643
1.1237183
1.1572266
1.2937012
1.3882751
1.4529266
1.4780579
1.431366
1.3595428
1.3128662
1.2841187
1.2901154
1.253006
1.2206879
1.1907501
1.1859589
1.2362366
1.3296204
1.3775024
1.3571472
1.2661743
1.2122955
1.2039185
1.2494049
1.2996979
1.292511
1.2877197
1.3248291
1.3583527
1.4038391
1.3894806
1.355957
1.3140564
1.2541962
1.2194824
1.2805328
1.355957
1.376297
1.2996979
1.1907501
1.1572418
1.2075195
1.2470245
1.2242737
1.1620178
1.1141357
1.1201324
1.1476593
1.1548462
1.1907501
1.2063141
1.2326508
1.1943512
1.1536407
1.1320953
1.1057587
1.0925903
1.0746307
1.1009674
1.1727905
1.1835632
1.1763916
1.1093445
1.0303497
1.024353
1.0471039
1.0722504
1.0471039
0.9896393
0.95851135
1.0147858
1.158432
1.261383
1.2913055
1.292511
1.1703949
1.0423126
1.0806122
1.1919556
1.197937
1.0458984
0.9237976
0.90823364
1.0339355
1.1524506
1.1871643
1.1572418
1.103363
1.0985718
1.1440735
1.1775818
1.1464539
1.0997772
1.0482941
1.0937958
1.1632233
1.2063141
1.2182922
1.2111053
1.1632233
1.094986
1.0315399
1.0099945
1.0327454
1.0674591
1.0722504
1.0626678
1.063858
1.094986
1.1668091
1.2075195
1.1380768
1.0650635
1.0961761
1.1452637
1.1751862
1.1440582
1.0506897
0.94055176
0.92500305
0.92858887
0.9417572
0.9597168
0.95851135
0.9525299
0.9812622
1.0662537
1.1261139
1.1009674
1.0255585
0.97647095
0.9381561
0.95492554
1.0710449
1.1644135
1.094986
0.9226074
0.86035156
0.9680939
1.1021729
1.1213226
1.1093445
1.1093597
1.0686493
1.094986
1.1799774
1.1955414
1.0698395
0.9226074
0.877121
0.82922363
0.81726074
0.94773865
1.2661743
1.5690308
1.628891
1.5067902
1.3200378
1.1093445
0.9668884
0.9094391
0.8591614
0.8591614
0.905838
0.9896393
1.0818176
1.1069641
0.99443054
0.9345703
0.984848
1.0806122
1.1141357
1.1308899
1.1416779
1.1368866
1.1129456
1.0997772
1.1129456
1.1536407
1.1787872
1.1608276
1.1632233
1.2123108
1.3176422
1.4313812
1.4577026
1.3571472
1.2182922
1.0650635
1.0075989
1.0458984
1.1105499
1.1512451
1.2230835
1.2829285
1.3391876
1.3439789
1.2146912
1.063858
1.0698395
1.1608276
1.2541962
1.3451843
1.3439789
1.2542114
1.2541962
1.4098206
1.6205139
1.6672058
1.5283356
1.3296204
1.2541962
1.2877197
1.2841187
1.1716003
1.1488495
1.2039185
1.1931458
1.2087097
1.2434235
1.3200378
1.3906708
1.4026337
1.3403931
1.2984924
1.3547668
1.4205933
1.4205933
1.4038391
1.3751068
1.3236389
1.3643341
1.4541168
1.4565125
1.3787079
1.3176422
1.3296204
1.3619385
1.4146118
1.4241943
1.3703156
1.3308105
1.3775024
1.376297
1.4445343
1.3631439
1.3415833
1.4672852
1.5438995
1.7258606
1.668396
1.197937
