9.00412
9.607452
10.082703
9.448242
9.012497
9.062775
9.309387
9.448242
9.384796
9.304596
9.249527
9.239944
9.274658
9.299805
9.274658
9.205231
9.291428
9.377609
9.278259
9.22319
9.287827
9.372833
9.387192
9.344101
9.187271
9.035248
9.052002
9.206421
9.383606
9.550003
9.603867
9.570343
9.761887
10.483734
10.698013
9.976166
8.970596
8.52887
8.740753
9.183685
9.269867
9.1250305
8.996933
9.114258
9.311768
9.4614105
9.334518
9.190872
9.406342
9.599075
9.520065
9.297409
9.175308
9.281845
9.534439
9.594299
9.269882
8.911942
8.94426
9.32135
9.613449
9.49852
9.2638855
9.261505
9.493729
9.700836
9.687668
9.464996
9.3033905
9.365646
9.496124
9.389587
9.131012
9.205231
9.6948395
9.850464
9.618225
9.620621
9.870819
9.818146
9.433884
9.257904
9.462616
9.708008
9.572739
9.180084
8.945465
9.038834
9.248322
9.371628
9.380005
9.347687
9.425491
9.564362
9.680481
9.739136
9.693649
9.572739
9.430283
9.39917
9.533234
9.682877
9.669708
9.402756
9.110657
9.103485
9.352478
9.463806
9.3033905
9.152557
9.178894
9.318954
9.487747
9.450638
9.488937
9.623016
9.672104
9.708008
9.742722
9.731964
9.645767
9.454224
9.332123
9.3022
9.335724
9.40155
9.352478
9.166931
9.036438
9.026871
9.142975
9.3022
9.32254
9.271072
9.40036
9.63858
9.693649
9.57872
9.508102
9.488937
9.529648
9.600281
9.523666
9.378815
9.316559
9.370438
9.449432
9.408737
9.310577
9.328537
9.490143
9.538025
9.384796
9.257904
9.287827
9.38121
9.353668
9.259094
9.314163
9.49733
9.590698
9.51767
9.315369
9.121429
9.250717
9.560776
9.6948395
9.518875
9.287827
9.18129
9.43866
9.787018
9.790619
9.49852
9.3428955
9.344086
9.32254
9.273468
9.346497
9.500916
9.490143
9.459015
9.526062
9.591904
9.57872
9.366837
9.236359
9.287827
9.314163
9.227982
9.250717
9.445847
9.475769
9.114243
9.041229
9.526062
9.885178
9.615845
9.244736
9.314163
9.7295685
9.977356
9.729553
9.317764
9.18129
9.255508
9.239944
9.172913
9.183685
9.183685
9.233963
9.380005
9.444656
9.394379
9.253113
9.180084
9.271072
9.41832
9.451828
9.399155
9.454224
9.632599
9.685272
9.698441
9.827728
9.89595
9.802582
9.522461
9.202835
9.160934
9.390778
9.445847
9.249527
9.074738
9.042419
9.194458
9.271072
9.166916
9.153763
9.341705
9.368042
9.115448
8.994537
9.156158
9.350082
9.353668
9.328537
9.405151
9.496124
9.511688
9.475769
9.485352
9.390778
9.383606
9.528442
9.587112
9.444656
9.278259
9.309372
9.40036
9.348877
9.186081
9.216003
9.328537
9.315369
9.285446
9.383606
9.432678
9.305786
9.280655
9.406342
9.502121
9.427887
9.285431
9.239944
9.296219
9.396774
9.449448
9.449448
9.451828
9.431488
9.413528
9.532043
9.607452
9.564362
9.509293
9.502121
9.449448
9.308182
9.187271
9.268677
9.345291
9.425507
9.448242
9.347687
9.295013
9.208817
9.159744
9.2986145
9.351273
9.374023
9.430283
9.436264
9.396774
9.341705
9.359665
9.335724
9.32135
9.409927
9.453033
9.326141
9.205231
9.473389
9.771469
9.6792755
9.273468
9.0460205
9.146576
9.357269
9.327332
9.239944
9.248322
9.420715
9.467392
9.335709
9.219589
9.247131
9.371628
9.324951
9.141785
9.171722
9.387192
9.492538
9.369232
9.132202
8.969406
8.974182
9.128616
9.262695
9.237549
9.052002
8.981369
9.218399
9.668518
9.980957
10.020462
9.8133545
9.399155
9.001724
8.961029
9.110657
9.107071
9.038834
9.269882
9.581116
9.966583
10.22876
10.137772
9.831314
9.591904
9.520065
9.603867
9.245926
8.677307
8.130234
8.287048
8.660553
8.940674
9.08194
9.025665
8.751526
8.864059
9.836105
10.6154175
9.99292
9.6349945
10.174881
10.974548
10.858429
10.258682
10.317337
11.43663
12.457748
12.224319
11.000885
9.866028
9.664917
9.968979
10.129395
10.0503845
9.4614105
8.637802
8.562393
8.601898
8.453461
8.058411
7.708847
7.388031
6.996582
6.7463837
7.1809235
8.332535
9.719986
11.269043
12.312897
12.190796
11.205582
11.1888275
11.679642
11.466553
10.312546
9.429092
9.49852
9.644562
9.154953
8.543228
8.135025
8.421127
8.98497
9.025665
8.237976
7.3341675
7.048065
7.36528
7.4933777
7.178543
6.9774323
7.5400543
8.415146
9.028061
9.444656
10.322128
12.52359
14.417404
13.815262
12.446991
12.630127
13.575851
13.444168
11.635345
8.955032
7.379654
8.473801
9.979752
9.792999
7.8932037
6.3776855
6.234024
6.8637085
7.510132
7.8955994
8.102692
8.446274
8.956238
9.02327
8.388809
7.7938538
8.287048
9.776245
11.191223
12.1692505
12.356003
11.254669
10.135376
9.850464
10.404724
10.9122925
10.926666
10.500504
9.996521
9.801392
9.299805
8.076355
6.916382
6.324997
6.356125
6.6266785
6.7810974
7.024109
7.3353577
8.117065
9.390778
10.330505
10.514862
10.885956
11.892715
12.685196
12.711533
11.969345
10.8967285
10.1102295
10.233536
10.56514
10.36882
9.633789
8.777863
8.813782
9.95462
11.097839
11.063126
9.43866
7.458664
6.208893
5.7611694
5.9599
6.680542
7.423935
8.108688
8.72998
9.107071
9.365646
10.018066
10.870392
11.604218
11.874771
11.201996
10.72316
11.245087
11.547958
10.40593
8.62822
8.224808
10.50528
12.627747
12.202774
9.57753
7.249176
6.8325806
7.0289
6.783493
6.210083
5.8210297
6.328598
7.1438293
7.7962494
8.646179
9.527252
10.559143
11.61499
11.974136
11.812515
11.592255
11.111023
11.412689
11.844833
11.352829
11.251068
11.330078
10.587875
9.649353
9.171707
9.286636
9.383606
8.831741
7.605896
6.605133
6.274719
6.5560455
7.2000885
8.063187
8.813782
9.14418
8.893982
8.9670105
10.055176
11.252274
11.27861
10.238327
9.26149
10.652527
13.228683
14.0941925
12.078278
9.55957
8.561188
9.435074
10.207214
9.733154
8.234375
6.6901245
5.9179993
5.8641205
5.870102
5.885666
6.558441
8.229599
10.286209
10.830902
9.73674
8.617462
9.068756
11.373184
13.17482
13.308884
11.083481
10.129395
10.715973
11.575485
12.200378
12.432617
10.913498
9.018494
7.866867
8.302612
9.669708
9.888779
8.45105
6.479431
5.2583923
5.1686096
5.969467
6.811035
7.613083
8.273895
8.639008
9.296204
10.245514
11.011658
11.328888
11.043976
10.020462
9.633789
11.439026
13.190384
12.5056305
10.32811
8.854477
9.358459
11.032013
11.902298
11.121796
9.120239
6.7451935
5.075241
4.386902
4.265991
4.617935
5.3745117
6.174164
6.933136
7.7423706
8.810196
10.179672
11.849625
13.493256
14.930969
14.790909
13.265793
12.36319
12.910263
13.408249
12.763016
11.13974
9.745132
9.518875
9.274658
8.210434
6.681732
5.8569336
6.110718
6.483017
6.4842224
6.407608
6.8050385
7.5269012
8.188889
8.82576
9.195648
9.316559
9.553589
10.094681
10.703995
10.860825
10.786606
11.610199
13.021591
12.593018
9.943848
7.7112427
8.059601
10.650131
12.484085
11.658096
9.261505
7.2120514
6.342972
6.447113
6.7643433
6.7128754
6.407608
6.369293
6.7930756
7.4418945
8.13382
9.093903
10.495712
12.333252
14.24263
14.892654
13.830826
12.527191
11.824493
11.406708
10.699219
9.746323
8.9275055
8.636612
8.641388
8.652161
8.74675
8.8484955
8.403168
7.2192383
6.048477
5.5325317
6.1657867
7.54126
8.697662
9.518875
9.923492
10.018066
9.927078
9.73555
10.166504
11.091858
11.179245
10.456192
10.8129425
12.5798645
13.158051
11.620987
9.485352
8.642593
9.292618
10.280228
10.07074
8.615067
6.838562
5.4582977
4.699341
4.720886
5.8365936
7.331772
8.421127
8.876022
9.2603
9.3979645
9.061569
8.880814
9.631393
11.804138
13.842804
13.591415
11.667664
10.237122
9.827728
9.889969
10.091095
10.392746
10.0659485
8.76709
7.978195
8.823349
9.898346
9.445847
7.609497
5.7970886
4.984253
5.3421783
6.605133
8.852081
11.424652
11.690414
10.7435
9.757095
9.298599
10.042007
11.258255
11.688019
11.163681
11.442612
12.007645
10.986511
8.946655
7.6669617
8.172134
9.848068
10.830902
10.189255
8.704849
7.341339
6.697296
6.727234
6.972641
7.2012787
7.3988037
7.6896973
8.277481
9.042435
9.75589
10.177277
10.590271
11.759842
12.8767395
12.475708
11.021225
10.081512
10.420288
10.765045
10.143753
9.089111
8.90715
9.626617
9.809769
9.122635
8.342117
8.324158
8.454651
7.8716583
7.12706
6.7858887
7.119873
8.33493
9.450638
9.798996
9.466202
9.049606
9.350082
10.380783
11.014053
10.754272
9.968979
10.423874
12.134537
13.064682
12.086655
9.964188
8.583939
8.659348
9.3428955
9.846878
9.599075
8.768295
7.878845
7.253952
7.1246796
7.171356
7.178543
7.167755
7.5244904
8.109879
8.732376
9.220795
10.061157
11.270233
11.971725
11.908279
11.448593
11.073914
11.118195
11.343246
11.012848
10.112625
9.492538
9.545212
9.761887
9.506897
8.830536
8.252335
7.7698975
7.10791
6.249588
5.8198395
6.360916
7.7579346
9.138184
9.741531
9.523666
8.969406
8.98497
9.728363
10.544785
11.121796
11.035599
9.882797
9.360855
10.624985
11.943008
11.805328
10.208405
8.853287
9.047211
10.870392
11.921448
11.084671
8.726395
6.4997864
5.470276
5.613922
6.2627563
7.0612335
7.3736725
7.560425
8.01532
8.879623
10.032425
10.90152
11.346848
11.630554
12.493668
13.356781
12.972504
12.426636
12.543945
12.183624
10.872787
9.244736
8.394791
8.485779
8.428314
7.8680725
7.26593
7.0492554
7.0109406
7.058838
7.083969
7.092346
7.2671204
7.807022
8.974197
9.879196
9.889969
9.627808
9.455429
9.643372
10.471771
11.253479
10.6944275
9.872025
10.660904
12.494858
12.487686
10.593872
9.272278
9.231567
9.472183
9.207626
8.482178
7.676529
7.079178
6.7260284
6.4064026
6.198105
6.4123993
7.268326
8.065582
8.581543
8.830536
9.183685
9.724777
10.413101
11.02243
11.582672
11.605423
10.440643
9.515274
10.28981
12.20636
13.142487
12.199173
10.707596
9.621826
8.831741
9.376419
9.469788
8.706039
7.4658356
6.371689
6.542877
7.450287
8.127838
8.251144
8.118271
8.014114
7.954254
8.285858
8.914337
9.874405
11.113403
11.387543
9.832504
8.946655
10.352051
12.045959
11.907089
10.039612
8.731171
8.7144165
9.544006
10.142563
9.855255
8.594711
7.3305664
6.5332947
6.7810974
7.4957733
8.07637
8.176926
8.178116
8.369659
8.835327
9.359665
9.75589
10.489731
11.662872
12.593033
11.752655
10.217972
9.370422
10.431061
13.37114
15.364319
14.22467
10.944626
8.205658
6.680542
6.5871735
7.4850006
8.288254
8.625839
8.23558
7.736389
7.5951385
7.6705475
7.6777344
7.7184296
7.8237762
7.8441315
8.135025
8.932297
10.512466
12.618164
12.530777
10.595062
9.8133545
10.674072
11.518036
11.009262
10.032425
10.113831
10.6633
10.567535
9.655334
8.631821
7.925522
8.091919
8.72998
8.945465
8.313385
7.6274414
7.173752
7.230011
7.608307
7.8836365
8.394791
9.778641
11.721527
13.104187
12.658859
11.028412
11.327698
13.438171
14.689148
13.466904
10.718369
9.095108
8.878418
9.14418
8.8329315
8.012909
7.415573
7.5245056
7.8932037
7.93631
7.762726
7.5747833
7.5436554
7.649002
7.8955994
8.27388
8.856873
9.728363
10.761459
11.352829
10.243118
7.894409
9.804977
12.982086
13.229889
10.930252
9.119049
8.993347
9.278259
9.316559
9.226776
9.012497
8.654556
8.289444
8.206848
7.969818
7.36528
6.8289795
7.0145416
7.8405304
8.816177
9.459015
9.6948395
9.599075
9.767868
10.859634
12.28418
12.397903
11.089478
10.660904
12.054337
13.055115
12.01004
9.708008
7.6394196
7.3437347
8.67012
9.940247
10.034821
8.527679
6.995392
6.6506195
7.3461304
8.154175
8.702454
8.957428
9.0855255
9.391983
9.8528595
9.863647
9.831314
10.451416
10.957794
10.018066
9.078339
10.067139
11.987289
12.1297455
10.601059
9.839691
10.537598
11.194809
10.732727
9.283035
7.901581
7.1569824
7.135437
7.3736725
7.3581085
7.083969
7.151001
7.6861115
8.519287
9.356064
9.535629
9.110657
8.988556
9.863632
11.388748
12.181229
11.556335
10.538803
10.474152
11.533585
12.068695
11.430634
10.391556
9.605072
9.195663
9.237549
9.454224
9.091507
8.060806
7.0301056
6.414795
6.450699
7.083969
7.799835
8.381622
8.868851
9.267487
9.289032
9.018478
8.921509
9.285446
9.87561
10.474152
10.465775
10.0659485
10.700409
12.045944
11.87117
10.32811
9.138199
9.582321
11.422256
12.719925
12.2087555
10.214386
8.131439
7.155792
7.5484467
8.281067
8.448669
7.8644714
7.262329
7.451477
8.236771
8.892792
9.053192
8.945465
9.013702
9.496124
9.913925
10.271851
10.490921
9.866028
9.329727
10.099472
12.5798645
13.843994
12.20517
9.690048
8.105087
7.9327087
8.423523
8.78624
9.553589
10.15094
9.587112
8.684494
8.155365
7.7591248
7.463455
7.3425446
7.748352
8.521683
8.752731
8.334946
7.589142
7.2395935
7.5077515
7.957855
8.240372
8.610275
9.644562
11.192413
11.723938
11.334869
9.976166
8.290649
10.490921
14.598175
15.365509
12.36319
8.919128
7.2036743
7.7579346
8.86525
8.779068
7.5604095
6.3657074
6.182556
7.0612183
7.9111633
8.228394
8.386414
8.544434
8.798218
8.920319
9.214813
9.642181
11.150513
12.506836
11.758652
10.215591
9.934265
8.9263
9.7966
12.595428
14.666397
13.927795
10.624985
6.371689
3.5285797
4.264801
7.4227448
10.86322
13.056305
12.693588
9.808563
7.055237
5.7025146
5.8282013
6.9044037
7.77948
8.264313
9.041229
10.240723
11.289383
11.761047
11.937012
11.966934
11.796951
10.680069
9.001724
9.968979
13.061096
14.409027
12.211151
8.820953
7.2946625
8.236771
9.171707
8.161362
6.407608
5.4978027
5.72406
6.566818
7.3748627
7.878845
8.310989
8.813782
9.783432
10.696823
10.850052
10.46698
10.216782
11.746674
14.033142
15.360733
15.497192
14.590988
12.50444
9.909134
7.6394196
6.324997
6.7691345
7.842926
7.833359
7.0576324
6.7368164
7.1641693
7.8058167
8.137421
7.763916
7.336563
7.376068
7.8249664
8.434296
9.093903
9.636185
9.810959
10.385574
11.468948
12.1489105
12.158478
12.585846
13.793716
14.347977
12.815689
10.117416
8.108688
8.105087
9.062775
8.74913
7.1378326
5.6354675
5.396057
6.198105
6.8409576
7.1677704
7.8536987
8.870041
9.621826
10.616608
11.427048
11.042786
10.393951
10.804565
12.815689
13.343613
12.045944
12.9366
13.897873
12.472122
9.883987
8.264313
7.589142
7.1677704
6.8637085
6.9032135
7.1462097
7.1210785
6.763138
6.608719
7.0624237
7.827362
8.337326
8.581543
8.634216
8.836517
9.65773
10.262268
9.73674
9.216003
10.529221
13.565079
15.13327
13.943359
10.788986
8.805405
10.173691
12.575073
12.26622
9.481766
6.3776703
5.64505
7.439514
8.722794
8.103897
6.4602814
5.1973267
4.949539
5.648651
6.739197
8.139816
9.684067
10.440643
10.113831
9.897156
10.329315
12.112991
13.961304
15.009979
14.971664
14.473679
13.73027
11.928635
9.522461
7.921936
7.652588
7.953064
7.7100525
7.130661
6.9774323
7.360504
7.281494
6.585968
6.257965
6.854126
8.206848
9.779846
10.451416
10.1449585
10.031235
10.559158
9.759491
8.182907
8.198471
10.295792
12.175247
12.172852
10.881165
11.0308075
12.399094
12.241089
10.717178
9.048416
8.554001
8.835327
8.616257
7.9375
7.0851746
6.2555695
6.2543793
7.1450195
8.021301
8.482178
9.069962
9.488937
9.809769
10.159317
10.21199
9.662521
9.602676
10.810547
12.479309
12.674423
10.902725
9.281845
8.964615
9.851669
10.592667
10.191635
8.8880005
8.384018
9.00293
9.957001
10.312546
9.229172
7.458664
6.562027
6.782303
7.9351044
9.1645355
9.469788
8.679703
7.925522
7.8046265
8.233185
8.698853
9.6792755
11.604218
13.055115
13.249039
12.01004
10.513657
10.696823
11.922653
12.150101
10.435852
8.248749
7.474228
8.2439575
8.740753
8.52887
7.660965
6.866089
6.8708954
7.744766
8.544434
8.636612
8.0021515
8.3936
9.630203
10.549576
10.253891
10.002502
11.190033
13.014404
13.74823
11.921448
9.213608
9.139389
11.740692
13.326843
11.925034
8.882019
6.308243
5.5073853
6.6075287
8.022491
8.43071
7.830963
7.0695953
6.6733704
6.617096
7.2252197
8.283463
8.994537
8.798218
8.324158
8.369659
8.5911255
9.652939
11.39592
12.927017
13.574646
12.464935
11.039185
10.976944
11.7933655
11.732315
10.340073
9.079544
9.165726
9.646957
9.583511
8.920319
7.968628
7.213257
7.2048798
7.573578
7.9159546
7.8201904
7.5352783
7.5161285
7.637024
7.7531433
7.7699127
7.909973
8.824554
11.065521
13.699142
15.612122
14.557465
11.271423
10.083893
11.047562
11.318115
10.216782
8.355286
7.226425
7.479019
8.003342
8.150589
8.123047
7.9075775
7.446686
7.092346
7.1486053
7.561615
7.941086
7.912369
7.5125275
7.3174133
8.249954
9.426697
10.826111
12.098618
13.018005
13.891876
13.899063
12.722321
11.089462
10.596268
11.079895
11.178055
10.596252
9.522461
8.242767
7.161789
6.624283
6.6278687
7.154602
7.68013
7.8034363
7.7423706
8.064392
8.611465
8.508514
7.85968
7.6142883
8.091934
9.104675
10.000107
10.982925
12.083069
12.994049
13.425003
11.629364
8.2715
7.565201
11.579086
14.959702
14.310867
10.931442
7.6717377
6.696106
7.486191
8.172134
8.108688
7.367691
6.043686
5.166214
5.6785736
6.481827
7.0384827
7.273117
7.6537933
8.070374
8.581543
9.521271
10.7435
11.571899
11.625778
11.476135
11.532394
11.642532
11.875961
11.776611
11.664078
11.93222
11.739487
10.729141
9.527252
8.531265
7.8213806
7.249176
6.96904
7.019333
6.989395
6.9750366
7.428726
8.395996
9.923492
11.225937
11.441406
10.378387
10.862015
13.57225
15.139252
14.170807
11.521622
8.667725
7.787857
8.679703
9.640976
9.573944
8.582748
7.3856354
7.094742
7.818985
8.623444
9.199249
9.526047
9.504501
8.940674
8.227203
7.988983
8.355286
8.824554
9.237549
9.670914
9.873215
9.990524
11.484512
13.524368
13.780548
11.146927
8.423523
7.8213806
8.943069
10.337692
10.729141
10.074326
8.884415
7.951874
7.676529
7.8010254
7.767517
7.626251
7.518509
7.585556
7.9722137
8.66893
9.493729
10.080307
10.621399
11.395935
12.08905
12.075882
12.478104
12.9785
12.18602
10.42627
8.780258
7.7687073
8.241562
9.362045
9.917511
9.443451
8.251144
7.2431793
6.621887
6.503372
7.0229187
7.775894
8.531265
9.3033905
9.903137
10.201218
10.334106
10.317337
9.97377
9.394363
8.962219
8.880814
8.817368
9.079544
10.711182
12.674423
12.716324
10.195236
8.453445
8.852081
10.365219
11.419861
11.083481
9.785828
8.683304
8.172134
8.221207
8.346909
8.447464
8.3780365
8.075165
7.957855
8.367264
9.250717
10.05278
10.053986
9.946243
10.2108
10.271851
9.91272
10.437042
12.1141815
12.983276
11.774216
9.363251
7.7136383
7.6741486
8.761108
9.368027
9.095093
8.209244
7.4347076
6.997772
6.8517303
7.131851
7.7028656
8.197281
8.554001
8.978973
9.63739
10.045593
9.75589
9.012497
8.600693
8.701248
8.990952
9.072357
8.756317
8.13623
10.226364
13.711121
14.5251465
11.478516
8.504929
8.494156
10.595062
11.860397
11.270233
9.838501
8.680893
8.1254425
7.7615204
7.7184296
8.051224
8.33374
8.594711
8.876022
9.08194
9.267487
9.423096
9.67569
10.113831
10.437042
10.48613
10.058762
9.687668
10.86441
12.193192
12.26622
10.537598
8.118271
7.5604095
9.330933
10.8572235
10.296982
8.421127
6.7571564
6.383667
6.958267
7.8872223
8.197266
7.8333435
7.6909027
7.7016754
7.8213806
7.830963
7.617874
7.0468597
6.4459076
6.6266785
7.692093
8.982574
9.850464
9.967789
9.819351
10.836884
11.904694
11.148132
10.932648
12.54155
13.74942
13.184402
11.524017
10.032425
9.642166
9.8133545
9.237549
7.628647
6.4123993
6.545273
7.999756
8.57077
8.103897
7.395218
7.190506
7.214447
7.2012787
7.6274567
8.31459
8.108688
8.033264
10.008484
11.841248
9.660126
9.285446
12.241074
14.231857
14.045105
12.245865
11.813721
11.71315
11.079895
10.76506
10.05397
8.988556
8.405563
8.231995
7.8848267
7.489792
7.499359
7.8058167
7.9279327
7.851303
7.5017548
6.9678497
6.582382
6.2998657
5.9946136
6.178955
7.36528
9.3428955
11.072708
11.630554
11.37796
10.957794
10.835678
12.69957
15.395447
15.98201
13.573456
9.605057
7.616684
8.58873
9.724762
9.138199
7.130661
5.1326904
4.3725433
5.3290253
7.475418
9.061584
9.287827
8.357681
7.9003906
8.266708
9.211212
10.414307
11.512054
11.925049
12.093826
12.415863
12.704361
12.095032
11.071503
11.087067
11.549164
11.162491
9.842087
8.482178
7.8034363
8.422333
9.158539
9.262695
8.3780365
7.0624237
6.292679
6.4937897
7.312622
8.073975
8.079956
7.26593
6.639847
6.656601
7.546051
9.132202
10.024048
10.46817
10.763855
10.845261
11.866379
13.152069
14.428177
15.333191
14.422195
11.905884
9.289032
8.573166
8.877228
8.715622
7.771103
6.9487
6.8481445
7.1773376
7.1246796
6.830185
6.775116
7.317398
7.960251
8.350494
8.822159
9.250717
9.414719
9.41951
10.335297
12.480499
13.804489
12.922226
12.061508
14.292908
16.161575
13.997223
10.006088
8.313385
8.867645
8.998123
7.949478
6.4925995
5.605545
5.5756226
5.8365936
6.090378
6.3106384
7.0863647
8.372055
9.311783
9.099884
8.136215
8.012924
9.0065155
9.617035
9.205231
9.570343
11.658096
14.247421
16.226227
16.639221
14.83519
12.193192
11.018845
10.459793
9.195663
7.6669617
6.7140656
6.493805
6.8708954
7.1725616
6.9151764
6.2352295
5.470276
4.8118744
4.641876
5.364929
6.660202
7.8920135
8.913147
9.660126
10.423889
11.497681
12.646896
13.117355
13.150879
12.660065
13.421417
15.21228
15.147644
12.171646
7.881241
6.1729736
7.04805
7.944687
7.817795
7.2838745
7.2395935
6.874466
5.7503967
5.166214
6.2005005
8.102707
9.283035
9.096298
8.029678
7.672943
8.789841
10.354446
11.048767
11.144531
10.714767
10.736328
11.452194
13.368744
15.9844055
16.09694
13.35318
9.257904
5.98143
6.115509
8.169739
9.196854
8.428314
6.5153503
5.046509
5.5193634
7.4646454
9.253113
9.643372
9.115448
9.496124
10.586685
11.321701
10.854843
9.362045
8.406769
9.055603
11.066727
12.1297455
12.609787
13.60817
13.679993
11.585068
8.501343
6.905594
7.194107
7.9794006
8.173325
7.695694
7.173752
6.743988
6.498581
6.359726
6.404022
6.776306
7.6154785
8.838913
10.027649
10.296982
9.757095
9.842087
11.047577
12.7031555
13.753021
13.690765
13.137711
12.36438
11.349243
9.927078
8.285858
7.4143677
7.8668823
8.44986
8.257126
7.4383087
6.7942657
7.0959473
7.796234
8.142212
8.111084
8.72879
9.898346
10.638168
10.973358
10.997299
11.682037
11.984894
9.801376
8.196075
10.818924
15.041107
15.563034
12.511627
9.709213
8.3780365
7.428726
6.574005
5.9862213
5.80307
6.439926
7.384445
8.194885
8.514511
8.401978
8.221207
8.284668
8.203262
7.7818756
7.9626465
9.022079
9.7547
10.324524
11.021225
11.878357
12.670837
12.192001
11.737091
13.293335
13.700348
11.53598
8.071579
6.0029907
6.716461
8.395981
8.950241
8.070389
7.092346
6.704483
6.767929
7.070801
7.4131775
7.8285675
7.9865723
8.508514
9.41832
9.880402
9.759491
10.119812
11.331284
10.408325
9.686462
13.301712
17.185104
16.750565
12.273407
8.439087
7.202484
7.668152
8.424728
8.423523
7.9638367
7.6142883
7.289871
7.079178
6.925949
6.7775116
6.7691345
6.838562
6.7643433
7.4059906
9.038834
10.469376
10.846451
10.595062
10.264664
10.453812
11.6987915
14.7621765
16.582962
15.670776
12.728302
9.609848
7.617874
7.2012787
7.360504
6.9702454
6.3142242
6.356125
7.5364685
9.156158
9.888779
9.0460205
7.546051
6.9594727
7.507736
8.275085
9.030457
10.141373
10.9122925
11.043976
10.86441
10.040802
9.001724
9.3979645
12.059128
14.428177
14.290512
11.963348
9.334518
8.01532
8.829346
9.808563
9.354874
8.279877
7.5963287
7.3664856
7.2012787
6.723633
6.074814
5.7934875
6.2076874
7.2360077
8.6749115
9.444656
9.332123
9.633789
10.950607
12.748642
13.097
13.934982
15.887451
16.342346
13.891876
10.568726
8.78624
9.328537
10.490921
10.206009
8.636612
7.1138916
6.858917
7.6944885
8.439087
8.624634
8.339722
8.339722
8.779068
9.116653
9.227966
9.129822
9.709213
10.885956
11.907089
13.140106
14.763367
15.263763
14.30249
11.131363
6.981018
7.257553
9.387192
10.081512
9.157349
8.540848
8.587524
8.631821
8.300217
7.6430206
6.991791
6.653015
6.636261
6.826584
7.183319
7.3832397
7.52211
7.7136536
8.152969
8.941864
9.721176
10.262268
10.9122925
11.334869
11.946594
12.730698
12.493668
10.690826
8.66774
8.167343
9.346481
10.824905
11.398315
10.805756
9.473389
8.042847
7.0468597
6.6853333
6.6386414
6.7332153
6.9463043
7.3413544
8.276276
9.089111
9.57872
10.124603
11.064331
12.517609
13.635696
12.877945
11.049957
10.602249
12.102219
13.246643
12.356003
9.6349945
7.317398
6.9199677
8.118256
9.613434
10.3424835
9.55957
7.9662323
6.6865387
6.2436066
6.490204
7.2156525
8.126633
8.908356
9.534439
9.523666
9.188477
9.316559
10.095871
10.777023
10.506485
10.036026
11.371979
13.793716
14.338394
11.842453
9.134613
8.340927
9.229172
10.219177
10.176071
9.157349
8.083557
7.4011993
7.123474
7.2467804
7.4885864
7.6849213
7.6825104
7.506546
7.7351837
8.720398
9.739136
10.44902
11.788574
13.215515
13.263397
12.388321
12.482895
13.373535
13.451355
11.987289
9.583511
7.7687073
7.830963
8.58992
9.103485
8.419937
6.9953766
6.292679
6.5249176
7.0348816
7.5843506
8.024887
8.3385315
8.719208
9.114258
9.402756
9.711609
9.874405
9.891174
10.135376
10.306564
9.87561
9.7966
10.945816
12.224319
11.625778
9.718796
8.245163
8.0811615
8.82695
9.328537
9.109467
8.665344
8.464218
8.459427
8.340927
8.072769
7.6477966
8.1649475
8.51091
8.554001
8.436691
8.804199
9.266281
9.450638
9.742737
10.361633
11.10144
10.935043
10.280228
10.809341
12.241074
12.984482
11.926239
10.03363
8.557602
8.056015
8.704834
9.351273
9.10228
7.8872223
7.2168427
7.846527
8.891586
9.350082
9.019684
8.495346
8.180511
8.424728
9.00531
9.174103
8.999329
8.702454
9.00412
9.541626
9.544006
8.909546
10.375992
13.602188
15.330795
13.243057
9.844482
8.447464
8.721603
9.32135
9.316559
8.696457
8.03685
7.767517
7.7304077
7.93631
8.308594
8.599487
8.618652
8.903564
9.524857
9.711609
9.839691
10.226364
10.416702
10.206009
10.055176
10.291
10.7052
11.258255
12.510422
13.787735
13.553101
11.29657
8.442673
6.6913147
6.9463043
8.819763
10.592667
10.88237
9.457825
7.66098
7.2384033
7.6753387
7.9794006
7.9087677
7.8608856
8.07637
8.447464
8.965805
9.345291
9.138199
8.697662
8.732376
9.187271
9.712799
9.455429
8.521683
9.882782
13.190384
14.440155
12.171646
9.696045
9.2603
10.153336
10.627396
9.906738
8.694061
7.9075775
7.8010254
8.251144
8.525284
8.424713
8.158966
7.9159546
7.7339935
7.854904
8.374451
8.919128
9.327332
9.804977
10.635773
11.855606
12.199173
11.154114
10.46817
11.312134
12.217148
11.952576
10.54599
9.073547
8.4175415
8.678513
9.093903
8.873627
8.090729
7.4885864
7.5759735
7.8082123
7.9267273
7.977005
8.058411
8.319366
8.616257
8.785049
8.637802
8.33493
8.642593
9.41951
9.522461
9.587112
9.798996
9.740341
9.843277
10.820129
11.999268
11.81012
10.496902
9.380005
9.573944
10.286209
10.7435
10.651337
9.903137
8.728775
7.6873016
6.766739
6.7368164
7.83815
8.698853
8.662933
8.469009
9.237549
10.124603
10.004898
9.317764
8.543228
8.646194
9.986938
11.261841
11.634155
10.593872
9.652939
10.38916
12.110596
12.667236
11.235519
8.545624
6.7619476
7.2036743
8.98735
10.602249
11.212769
10.14975
8.277481
7.380844
7.5987244
7.9722137
8.398392
8.873642
9.324936
9.221985
8.677307
8.261917
8.455841
9.075943
9.804977
10.137772
9.578735
9.311768
11.090668
13.695557
13.439377
10.3628235
8.088333
7.738785
9.057983
10.488525
10.482544
9.165726
7.747162
7.1845245
7.146225
7.331772
7.7543488
8.260727
8.840118
9.277054
9.490143
9.81575
10.762665
11.085876
10.296982
10.032425
10.720764
10.8967285
10.480148
11.018829
12.323685
12.548737
11.3671875
9.357269
8.039246
8.576752
9.611053
9.784622
9.122635
8.513306
8.310989
7.917145
7.3592987
6.992981
7.3389435
8.03447
8.834137
9.450638
9.527252
9.485352
9.725967
10.182068
10.769836
10.917084
10.460983
10.517258
11.85202
12.723511
11.452194
9.540421
8.779053
8.902359
9.166931
9.213608
9.074738
8.880814
8.909546
8.646179
7.985382
7.3197937
7.1091156
7.783081
8.993347
9.862442
9.87561
9.804977
10.106644
10.616608
11.431839
12.102219
11.915466
10.771042
9.753494
10.002502
11.107422
11.222351
10.022858
8.41394
7.467041
7.5448456
8.247559
8.938278
9.030457
8.782654
8.497742
8.119461
7.625061
7.4538727
7.988983
9.071152
10.063553
10.293396
9.860046
9.504517
9.941452
10.623795
10.839279
10.296997
9.122635
9.457825
11.796951
13.456131
11.787384
9.068756
8.058411
9.341705
10.809357
10.693237
9.32254
7.882431
7.116287
7.143814
7.1222687
6.653015
6.4758453
7.388031
8.556412
9.521271
10.1689
10.52803
10.883575
11.035599
10.927856
10.72554
10.760269
10.962585
11.6138
12.288956
12.512817
11.808929
10.567535
9.369232
8.41156
7.9123535
8.136215
8.325363
7.8082123
7.194107
6.9750366
7.307831
8.126633
8.882019
9.135803
9.010101
8.98735
9.081924
9.289032
9.642166
9.910324
9.958206
9.563171
9.324951
10.395157
12.134537
12.466141
10.779419
9.098694
8.855682
9.921097
10.6549225
10.239517
8.950256
8.093124
7.8405457
7.68132
7.3269806
7.309021
7.830963
8.410355
8.811386
8.98735
8.725189
8.583939
9.528442
10.851242
11.85202
11.701187
10.499298
9.777451
10.70639
12.16806
12.235092
10.58548
9.068771
9.174103
9.9713745
10.047989
9.126221
7.999756
7.5197144
7.151016
7.015732
6.852936
6.96904
7.5161133
8.223602
9.055588
9.718796
10.067139
10.073135
9.881592
9.691254
9.65654
9.748718
9.693649
9.520065
9.937851
10.885971
11.298965
10.460983
9.259094
8.928696
9.825333
10.919479
11.151718
10.039612
8.617447
7.683716
7.1965027
7.0504456
7.1043243
7.3940125
7.807022
8.157761
8.473801
8.654556
8.801804
9.280655
10.153336
10.932648
11.201996
11.235519
11.014053
11.075104
11.252274
11.988495
12.76181
12.407471
10.7052
8.498947
7.2204437
7.3114166
8.349304
9.121429
9.277054
9.205231
9.109467
8.963425
8.735977
8.565979
8.4570465
8.5013275
8.37204
8.295441
8.436691
8.8880005
9.350082
9.200439
8.86525
8.911942
10.05278
10.8967285
9.837296
8.375641
8.718018
11.25946
13.025177
11.203186
8.732376
8.210449
9.035248
9.693649
9.900742
9.854065
9.524857
9.685272
10.103058
10.279022
9.876801
8.558792
8.84729
9.47937
9.764282
9.3033905
8.465424
7.9949646
9.1250305
10.72316
11.05954
10.409515
9.509293
9.441055
9.713989
9.840897
9.818146
9.642166
9.506897
9.442261
9.415924
9.328537
9.312973
9.624222
9.803772
9.504501
9.119034
9.195648
9.497314
9.57634
9.514084
9.462601
9.485352
9.500916
9.511688
9.40155
9.259094
9.174103
9.187271
9.292618
9.499725
9.716385
9.759491
9.809769
9.826523
9.79541
9.719986
9.728363
9.589493
9.198044
8.879623
9.075943
9.619431
9.861237
9.746323
9.55838
9.315369
9.092697
9.071152
9.289032
9.619431
9.7535095
9.661331
9.55838
9.581116
9.660126
9.794205
9.686462
9.49852
9.487747
9.593094
9.581116
9.511688
9.607452
9.691254
9.698441
9.662521
9.584717
9.566757
9.569153
9.448242
9.225586
9.10347
9.192062
9.473389
9.642166
9.561966
9.289032
8.920319
8.94426
9.430283
9.866028
9.854065
9.540421
9.298599
9.306976
9.506897
9.733154
9.631393
9.093903
8.746735
8.937073
9.4219055
9.55838
9.353668
9.354858
9.619431
9.759491
9.757095
9.812164
9.776245
9.658936
9.493729
9.370438
9.327332
9.247131
9.1250305
9.171707
9.390778
9.3776245
9.189667
9.160934
9.390778
9.632599
9.745132
9.67688
9.505707
9.412323
9.617035
9.8528595
9.831314
9.663712
9.5559845
9.579926
9.658936
9.673294
9.629013
9.541611
9.406342
9.315369
9.423096
9.639786
9.632599
9.431473
9.296204
9.239944
9.221985
9.183685
9.183685
9.296219
9.256714
9.115448
9.238754
9.473389
9.589508
9.487747
9.503311
9.583511
9.500916
9.451828
9.538025
9.43866
9.345291
9.540421
9.698441
9.609848
9.462616
9.530838
9.5954895
9.551193
9.572739
9.704422
9.782227
9.7738495
9.63739
9.563156
9.614639
9.628998
9.563171
9.528442
9.323746
8.886795
8.819763
9.248322
9.67569
9.73555
9.496124
9.278259
9.414719
9.700836
9.851669
9.73436
9.506897
9.334518
9.372818
9.447052
9.442261
9.366837
9.318954
9.444656
9.660126
9.761887
9.65654
9.484161
9.390778
9.341705
9.221985
9.138199
9.227982
9.366837
9.527252
9.599075
9.449432
9.374023
9.566757
9.873215
9.900742
9.503311
9.318954
9.47937
9.630203
9.51767
9.245926
9.24115
9.457825
9.535629
9.5559845
9.539215
9.544006
9.583511
9.664917
9.742737
9.668503
9.470978
9.411133
9.442261
9.435074
9.375214
9.414719
9.607468
9.776245
9.770264
9.380005
9.062775
9.356064
9.795395
9.751114
9.286636
9.022079
9.029266
9.292618
9.561966
9.55957
9.394379
9.300995
9.300995
9.315369
9.463806
9.644562
9.581116
9.511688
9.704422
9.937851
9.994125
9.783432
9.412323
9.309372
9.384796
9.554779
9.708008
9.65773
9.676895
9.651749
9.448242
9.4219055
9.632599
9.681671
9.469788
9.232773
9.184891
9.193268
9.192062
9.192062
9.247131
9.359665
9.466202
9.464996
9.396774
9.445847
9.693649
9.861237
9.793015
9.668503
9.601471
9.640976
9.840897
10.039612
9.952225
9.63858
9.346481
9.166931
9.054398
9.133408
9.213608
8.920319
8.72998
9.14418
9.755905
9.764282
9.154953
8.665329
8.665344
9.265091
9.881592
9.996506
9.7295685
9.521271
9.582321
9.73555
9.667313
9.540421
9.528442
9.533234
9.500916
9.530838
9.706818
9.784622
9.557175
9.186081
9.110657
9.363251
9.484161
9.326141
9.386002
9.546402
9.470993
9.320145
9.414719
9.763077
9.953415
9.739136
9.346497
9.16333
9.226776
9.432678
9.46022
9.309387
9.208817
9.257904
9.47937
9.7966
9.968979
9.85405
9.968979
9.99292
8.367264
8.488159
9.443451
9.749908
9.929474
9.788223
