-0.2331543
-0.28640747
-0.12501526
0.048080444
0.048080444
-0.022766113
-0.044067383
-0.0067749023
0.03956604
0.055541992
0.031036377
-0.009979248
-0.025421143
-0.004119873
0.026245117
0.024108887
-0.01637268
-0.038726807
-0.029678345
-0.018493652
-0.02330017
-0.041931152
-0.051513672
-0.040863037
-0.026489258
-0.05683899
-0.097335815
-0.111709595
-0.09732056
-0.08241272
-0.086135864
-0.12289429
-0.1750946
-0.16177368
-0.026489258
0.12957764
0.16899109
0.08325195
-0.045654297
-0.109573364
-0.08027649
-0.04512024
-0.041397095
-0.04725647
-0.041397095
-0.029159546
-0.031814575
-0.07122803
-0.09359741
-0.05632019
-0.010513306
-9.1552734E-4
-0.02809143
-0.06111145
-0.06964111
-0.04246521
-0.016906738
-0.04246521
-0.10424805
-0.12875366
-0.08773804
-0.04032898
-0.053649902
-0.09838867
-0.109573364
-0.06803894
-0.017440796
-0.0051879883
-0.02381897
-0.029693604
0.0022735596
0.033172607
0.0022735596
-0.07229614
-0.10319519
-0.06430054
-0.04460144
-0.058441162
-0.03553772
0.034240723
0.06939697
0.035308838
-0.015838623
-0.019561768
0.016113281
0.033172607
0.006011963
-0.03288269
-0.046722412
-0.038742065
-0.032348633
-0.036071777
-0.052581787
-0.05897522
-0.045654297
-0.017440796
0.008666992
0.020385742
0.012924194
-0.0046539307
-0.010513306
0.012390137
0.062469482
0.092300415
0.07098389
0.028900146
0.010803223
0.031570435
0.04914856
0.03477478
0.0070648193
-0.015304565
-0.019561768
-0.0030517578
-0.0035858154
-0.005722046
0.009735107
0.03263855
0.04862976
0.051818848
0.06512451
0.07737732
0.0677948
0.048614502
0.024642944
0.017181396
0.033172607
0.04649353
0.04170227
0.021987915
-0.00944519
-0.033950806
-0.041397095
-0.042999268
-0.0493927
-0.046203613
-0.015838623
0.012924194
0.012924194
-3.9672852E-4
-0.0025177002
0.01399231
0.03050232
0.031036377
0.020385742
0.012924194
0.013458252
0.0209198
0.018249512
-9.1552734E-4
-0.012634277
-0.0035858154
0.0113220215
0.0049438477
-0.0067749023
0.0012054443
0.020385742
0.009735107
-0.020629883
-0.020095825
0.021453857
0.057678223
0.04222107
-0.018493652
-0.066970825
-0.055252075
-0.015304565
-3.8146973E-4
-0.0121154785
-0.01637268
-0.023284912
-0.005722046
0.026779175
0.037963867
0.025177002
0.01612854
0.015060425
0.0054779053
-0.01423645
-0.017440796
0.0028076172
0.01878357
0.016647339
0.017715454
0.026779175
0.024108887
0.007598877
0.008132935
0.02571106
0.012390137
-0.038742065
-0.055786133
-0.0051727295
0.032104492
-0.014770508
-0.068573
-0.03767395
0.026779175
0.03263855
-0.005722046
-0.020629883
0.0070648193
0.049682617
0.071517944
0.06939697
0.059280396
0.050750732
0.044891357
0.03956604
0.036376953
0.01878357
0.001739502
0.00920105
0.027832031
0.02571106
-0.004119873
-0.03074646
-0.02809143
-0.009979248
-0.004119873
-0.01423645
-0.013168335
0.0054779053
0.020385742
0.04170227
0.07046509
0.104019165
0.12585449
0.116256714
0.08856201
0.07951355
0.099746704
0.104019165
0.07897949
0.055007935
0.045425415
0.03742981
0.0065307617
-0.0259552
-0.020095825
0.016647339
0.026245117
-0.014770508
-0.069625854
-0.076553345
-0.046188354
-0.031280518
-0.04458618
-0.06378174
-0.05632019
-0.02330017
-0.004119873
-0.009979248
-0.024353027
-0.018493652
0.0022735596
0.0124053955
0.0028076172
-0.0035858154
-0.0019836426
-0.0051879883
-0.02381897
-0.04246521
-0.030212402
-0.008377075
-0.01423645
-0.028076172
-0.01637268
-0.023284912
-0.0493927
-0.050445557
-0.02116394
0.001739502
-0.010513306
-0.04032898
-0.055786133
-0.047790527
-0.029144287
-0.02116394
-0.028625488
-0.033950806
-0.03981018
-0.041931152
-0.030212402
-0.01902771
-0.011581421
-9.1552734E-4
0.012924194
0.012390137
0.0038757324
-0.0025177002
-0.008911133
-0.019561768
-0.022216797
-0.019561768
-0.005722046
0.014526367
-0.012634277
-0.055252075
-0.057388306
-0.03767395
-0.020629883
-0.020629883
-0.034484863
-0.039276123
-0.027557373
-0.015304565
-0.015838623
-0.008377075
0.014526367
0.029449463
0.0065460205
-0.038742065
-0.036605835
0.006011963
0.026779175
0.004928589
-0.03288269
-0.048324585
-0.03767395
-0.045654297
-0.06430054
-0.07122803
-0.050994873
-0.033935547
-0.050460815
-0.085617065
-0.10424805
-0.09146118
-0.07495117
-0.07815552
-0.07443237
-0.050994873
-0.02809143
-0.026489258
-0.041397095
-0.07762146
-0.10903931
-0.111709595
-0.090408325
-0.08294678
-0.11064148
-0.15112305
-0.18095398
-0.1947937
-0.18041992
-0.14846802
-0.10798645
-0.08454895
-0.08454895
-0.064834595
-0.038208008
-0.060043335
-0.1282196
-0.1825409
-0.21078491
-0.20439148
-0.19374084
-0.17988586
-0.15751648
-0.14738464
-0.13140869
-0.07336426
-0.048324585
-0.07388306
-0.14633179
-0.18467712
-0.19960022
-0.2219696
-0.19906616
-0.1820221
-0.21078491
-0.19851685
-0.058441162
0.1338501
0.21586609
0.23558044
0.33517456
0.4645996
0.44969177
0.25209045
0.016647339
-0.037139893
0.07897949
0.123184204
-0.032348633
-0.2917328
-0.42808533
-0.36950684
-0.23262024
-0.12556458
-0.11917114
-0.13726807
-0.06643677
0.07312012
0.21853638
0.32026672
0.341568
0.2526245
0.090164185
-0.073898315
-0.10852051
0.038497925
0.3069458
0.61906433
0.82040405
0.7351837
0.44010925
0.30429077
0.3506317
0.37193298
0.22065735
-0.033935547
-0.2336731
-0.3354187
-0.38974
-0.4174347
-0.42382812
-0.33807373
-0.1559143
0.016662598
0.042236328
-0.066970825
-0.16549683
-0.14579773
-0.060577393
-0.017425537
-0.023284912
6.713867E-4
0.040634155
0.021987915
-0.08880615
-0.18095398
-0.07974243
0.033172607
-0.19374084
-0.6400757
-0.75938416
-0.38494873
0.17858887
0.46620178
0.17324829
-0.4019928
-0.5830841
-0.28533936
0.085372925
0.1812439
0.07737732
0.008132935
0.047561646
0.13117981
0.16899109
0.16473389
0.20947266
0.33517456
0.46247864
0.45394897
0.35168457
0.39111328
0.6664734
1.010025
1.2214813
1.1532898
0.7841797
0.3261261
0.01878357
-0.06750488
-0.12182617
-0.27789307
-0.47709656
-0.56604004
-0.49839783
-0.3812256
-0.33702087
-0.33328247
-0.28215027
-0.1436615
-0.0035858154
0.05128479
0.026779175
-0.08506775
-0.16923523
-0.118637085
-0.02381897
-0.052581787
-0.15005493
-0.15377808
-0.01210022
0.20149231
0.34796143
0.2792511
-0.027542114
-0.31944275
-0.39453125
-0.34179688
-0.35246277
-0.49414062
-0.6358185
-0.5687103
-0.2736206
0.071517944
0.2723236
0.29362488
0.2211914
0.11199951
0.009735107
-0.049926758
-0.097854614
-0.11224365
-0.035003662
0.07525635
0.17059326
0.294693
0.47045898
0.62545776
0.62280273
0.37937927
0.13171387
0.15248108
0.29310608
0.21372986
-0.18360901
-0.64593506
-0.6912079
-0.31677246
0.07685852
0.15141296
0.021987915
0.009735107
0.1535492
0.3058777
0.33784485
0.2403717
0.14396667
0.050216675
-0.0728302
-0.12715149
-0.06536865
0.03477478
0.11520386
0.165802
0.19828796
0.13543701
-0.08081055
-0.22409058
-0.2416687
-0.23420715
-0.17828369
-0.14898682
-0.31837463
-0.5724335
-0.6470032
-0.44300842
-0.07548523
0.21958923
0.28404236
0.17858887
0.056610107
0.008666992
0.049682617
0.17910767
0.3346405
0.42199707
0.3980255
0.39749146
0.5753937
0.7772522
0.76501465
0.4864502
0.097091675
-0.07762146
0.12585449
0.4449005
0.45236206
0.08644104
-0.35032654
-0.56178284
-0.5388794
-0.42222595
-0.33381653
-0.2954712
-0.2539215
-0.22515869
-0.28001404
-0.3796234
-0.40252686
-0.1793518
0.31866455
0.7607422
0.7671356
0.34423828
-0.13407898
-0.277359
-0.04246521
0.2084198
0.017715454
-0.41477966
-0.72743225
-0.7545929
-0.3934784
0.13064575
0.35754395
0.17112732
-0.24913025
-0.5154419
-0.34446716
0.1109314
0.48431396
0.59669495
0.4992218
0.35594177
0.26753235
0.1892395
0.10081482
0.0028076172
-0.08508301
-0.08081055
0.026779175
0.19668579
0.3468933
0.31866455
-0.0051879883
-0.36471558
-0.34288025
0.038497925
0.33943176
0.294693
-0.04246521
-0.38069153
-0.45205688
-0.20758057
0.19403076
0.47685242
0.45289612
0.27711487
0.13757324
0.066207886
-0.008377075
-0.14846802
-0.33595276
-0.52822876
-0.67362976
-0.6880188
-0.52290344
-0.28640747
-0.06803894
0.14501953
0.15620422
-0.12768555
-0.35725403
-0.22143555
0.12797546
0.358078
0.32080078
0.12638855
0.009735107
0.0022735596
-0.0035858154
-0.085617065
-0.1394043
-0.055786133
0.09176636
0.15515137
0.101882935
0.037963867
-0.008911133
-0.05418396
-0.066970825
-0.03074646
0.061935425
0.19828796
0.3453064
0.3857727
0.17538452
-0.14633179
-0.17189026
0.18817139
0.50349426
0.34477234
-0.13194275
-0.4728241
-0.37590027
1.373291E-4
0.24890137
0.20947266
-0.01423645
-0.18681335
-0.17242432
-0.038208008
0.051818848
0.031036377
-0.060043335
-0.14260864
-0.21450806
-0.25978088
-0.25924683
-0.21664429
-0.10159302
0.073654175
0.18551636
0.1343689
0.027297974
0.008666992
0.08004761
0.12425232
0.06086731
-0.1239624
-0.35832214
-0.5292816
-0.548996
-0.3476715
0.024642944
0.36979675
0.50775146
0.4273224
0.2403717
0.11680603
0.11627197
0.14822388
0.14715576
0.13224792
0.14929199
0.22279358
0.29948425
0.38523865
0.49975586
0.4827118
0.27764893
0.21000671
0.531723
0.9455719
0.9823303
0.5626068
0.040634155
-0.22090149
-0.16497803
-9.1552734E-4
0.0869751
0.029968262
-0.16390991
-0.4504547
-0.65818787
-0.6203613
-0.4653778
-0.3742981
-0.36257935
-0.27470398
-0.1308899
-0.07815552
-0.21025085
-0.3396759
-0.1947937
0.16952515
0.4038849
0.37405396
0.18603516
-0.050994873
-0.30612183
-0.5180969
-0.54792786
-0.43875122
-0.3977356
-0.39666748
-0.19532776
0.21107483
0.5253296
0.56314087
0.32080078
-0.01902771
-0.31356812
-0.4888153
-0.37322998
0.010269165
0.3149414
0.43318176
0.37298584
0.22758484
0.17219543
0.23291016
0.23504639
0.10507202
0.11999512
0.36021423
0.4976349
0.31759644
-0.062698364
-0.39027405
-0.48509216
-0.39453125
-0.31410217
-0.29226685
-0.27363586
-0.22834778
-0.14952087
-0.049926758
0.010253906
-0.01637268
-0.06430054
-0.05683899
0.0070648193
0.099746704
0.1269226
0.048095703
-0.015304565
0.038497925
0.08804321
0.0022735596
-0.14472961
-0.18788147
-0.1750946
-0.21929932
-0.40092468
-0.5889435
-0.595871
-0.47442627
-0.3828125
-0.26831055
1.373291E-4
0.28511047
0.3612671
0.24302673
0.06726074
-0.0025177002
0.10455322
0.26913452
0.3495636
0.2749939
0.12532043
0.1104126
0.27764893
0.40602112
0.2866974
-0.051513672
-0.24380493
-0.0770874
0.27020264
0.45394897
0.31280518
-0.013702393
-0.2731018
-0.32902527
-0.16070557
0.09921265
0.28457642
0.27178955
0.12425232
1.5258789E-4
-0.057907104
-0.085617065
-0.1005249
-0.05897522
0.01878357
0.036895752
-0.035003662
-0.031814575
0.10348511
0.17166138
0.092300415
-0.053649902
-0.15112305
-0.14526367
-0.048858643
0.047561646
0.036376953
-0.09147644
-0.25924683
-0.39559937
-0.4930725
-0.50479126
-0.42329407
-0.324234
-0.2682953
-0.2720337
-0.3204956
-0.3274231
-0.19692993
0.040100098
0.23397827
0.24942017
0.14183044
0.17378235
0.41134644
0.6840515
0.8555603
0.79164124
0.3564911
-0.11917114
-0.2177124
0.017181396
0.17591858
0.031570435
-0.27789307
-0.4616394
-0.3274231
-0.019561768
0.15675354
0.07685852
-0.1197052
-0.260849
-0.23794556
-0.09892273
0.05128479
0.068862915
-0.055786133
-0.213974
-0.24433899
-0.12236023
0.0054779053
0.033172607
-0.017440796
0.04168701
0.15194702
0.09655762
0.008666992
0.10934448
0.2872467
0.3149414
0.12532043
-0.08934021
-0.14526367
-0.13780212
-0.17616272
-0.22888184
-0.21611023
-0.14526367
-0.048324585
0.018249512
0.01399231
-0.053649902
-0.06111145
0.094955444
0.29789734
0.39749146
0.38471985
0.33517456
0.3527527
0.51786804
0.7048187
0.59669495
0.21479797
0.01878357
0.19616699
0.3383789
0.20521545
0.007598877
-0.041931152
0.01612854
0.052352905
0.021438599
-0.053649902
-0.15751648
-0.27149963
-0.38069153
-0.46910095
-0.5101166
-0.4403534
-0.34181213
-0.27789307
-0.26989746
-0.27149963
-0.27043152
-0.2688446
-0.22569275
-0.06590271
0.07791138
-0.049926758
-0.37216187
-0.55059814
-0.40838623
-0.13461304
-0.088272095
-0.27947998
-0.48349
-0.5335541
-0.24273682
0.17858887
0.4395752
0.37937927
0.09602356
-0.08666992
-0.046188354
0.11253357
0.23930359
0.26860046
0.22065735
0.13331604
0.08590698
0.13117981
0.33145142
0.59243774
0.57006836
0.120529175
-0.30612183
-0.25924683
0.12425232
0.32824707
0.11785889
-0.26617432
-0.5356903
-0.57510376
-0.44673157
-0.30451965
-0.2682953
-0.34074402
-0.42382812
-0.3828125
-0.23687744
-0.11703491
-0.12982178
-0.24220276
-0.32955933
-0.2651062
-0.0925293
0.05821228
0.15675354
0.23184204
0.28511047
0.13117981
-0.24859619
-0.72317505
-0.93782043
-0.6054535
0.06619263
0.5040283
0.44062805
0.04170227
-0.44140625
-0.6981354
-0.61505127
-0.34500122
-0.060577393
0.10562134
0.16207886
0.17912292
0.1578064
0.09655762
0.050750732
0.02571106
-0.036605835
-0.13194275
-0.19532776
-0.08294678
0.23397827
0.38204956
0.20628357
-0.007843018
-0.0025177002
0.15248108
0.16687012
-0.057907104
-0.29440308
-0.3700409
-0.33595276
-0.28108215
-0.25871277
-0.2624359
-0.16551208
0.032104492
0.1934967
0.24409485
0.21054077
0.10987854
0.040634155
0.024642944
-0.026489258
-0.08773804
-0.08401489
-9.1552734E-4
0.041168213
-0.18148804
-0.61291504
-0.7945404
-0.4105072
0.26913452
0.6648712
0.48963928
0.09655762
-0.15698242
-0.16603088
-0.04246521
0.05821228
0.1269226
0.2046814
0.2568817
0.26646423
0.24356079
0.22332764
0.20735168
0.15301514
0.14076233
0.22172546
0.31707764
0.3511505
0.451828
0.6803131
0.74957275
0.35914612
0.1466217
0.26966858
0.27659607
-0.034469604
-0.39878845
-0.5500641
-0.54953
-0.5245056
-0.50479126
-0.45791626
-0.371109
-0.24327087
-0.062179565
0.0954895
0.080581665
-0.08454895
-0.2097168
-0.20225525
-0.10105896
-0.020629883
-0.013168335
-0.07762146
-0.14579773
-0.10638428
0.059265137
0.11413574
-0.1351471
-0.44033813
-0.3950653
-0.04460144
0.23130798
0.16847229
-0.21716309
-0.57722473
-0.56817627
-0.21025085
0.18391418
0.32559204
0.24249268
0.12425232
0.07472229
0.068862915
0.0869751
0.09921265
0.10348511
0.14450073
0.24356079
0.30747986
0.35488892
0.47686768
0.54930115
0.32240295
-0.05897522
-0.15058899
0.13278198
0.36660767
0.23770142
-0.07815552
-0.25498962
-0.22727966
-0.14312744
-0.10903931
-0.13621521
-0.13407898
-0.018493652
0.16419983
0.2403717
0.14343262
0.01399231
-0.07548523
-0.095199585
-0.03074646
0.032104492
-0.0030517578
-0.11703491
-0.1585846
-0.012634277
0.19403076
0.19082642
-0.06323242
-0.3327484
-0.35884094
-0.17881775
-0.038742065
-0.08773804
-0.29333496
-0.48135376
-0.45472717
-0.17456055
0.16740417
0.3538208
0.33358765
0.19136047
0.0635376
0.0070648193
-0.00730896
-0.00944519
0.015060425
0.060333252
0.07418823
0.068862915
0.11520386
0.2089386
0.26060486
0.23930359
0.11199951
-0.11491394
-0.2097168
-0.03767395
0.1338501
0.05393982
-0.20918274
-0.38708496
-0.2928009
-0.031814575
0.14129639
0.09390259
-0.104782104
-0.2459259
-0.1394043
0.12957764
0.29364014
0.21426392
0.0209198
-0.07015991
0.009735107
0.15782166
0.2211914
0.15301514
0.0049438477
-0.109573364
-0.09732056
0.03050232
0.13864136
0.043289185
-0.28694153
-0.5522003
-0.40145874
0.018249512
0.32984924
0.29203796
-0.029678345
-0.3561859
-0.37269592
-0.2528534
-0.069625854
0.056610107
-0.01902771
-0.18255615
-0.27043152
-0.25125122
-0.07815552
0.14450073
0.30162048
0.37246704
0.38897705
0.36340332
0.2861786
0.22758484
0.2526245
0.30801392
0.28723145
0.21479797
0.23716736
0.4230652
0.58232117
0.5285187
0.12904358
-0.47016907
-0.62835693
-0.20864868
0.2089386
0.16207886
-0.26457214
-0.7599182
-0.97776794
-0.851532
-0.5687103
-0.3439331
-0.260849
-0.22036743
-0.11491394
-0.020095825
0.0038757324
-0.008377075
-0.0046539307
0.031570435
0.08644104
0.17219543
0.33677673
0.73838806
1.1980438
1.2859192
0.98072815
0.48857117
-0.3716278
-1.1599274
-1.2872314
-0.6949463
0.10295105
0.5519562
0.2472992
-0.5926819
-1.3250427
-1.5024109
-1.0209045
-0.14579773
0.55888367
0.6851196
0.39855957
0.059814453
-0.041931152
0.12478638
0.3181305
0.3788452
0.39004517
0.4603424
0.48963928
0.3761902
0.2046814
0.11253357
0.106674194
0.012924194
-0.33488464
-0.6001282
-0.45526123
-0.11117554
-0.037139893
-0.3588562
-0.6837616
-0.5910797
-0.22355652
0.0054779053
-0.011047363
-0.10159302
-0.07069397
0.10934448
0.3234558
0.4038849
0.30641174
0.13916016
0.094955444
0.20574951
0.3069458
0.17752075
-0.22462463
-0.56285095
-0.5884094
-0.39453125
-0.18095398
0.033706665
0.16259766
0.094955444
-0.2027893
-0.58096313
-0.6906891
-0.43608093
-0.09359741
0.10614014
0.16900635
0.20840454
0.26167297
0.31440735
0.294693
0.25369263
0.2904358
0.36766052
0.37512207
0.37193298
0.3740692
0.28564453
0.09815979
-0.1324768
-0.3561859
-0.54473877
-0.582016
-0.32902527
0.050750732
0.20947266
0.039031982
-0.30984497
-0.45684814
-0.24859619
0.052352905
0.16207886
0.10295105
0.090164185
0.20788574
0.31280518
0.3000183
0.26220703
0.22172546
0.20307922
0.3660736
0.6105499
0.5998993
0.30747986
0.028381348
0.039031982
0.0209198
-0.25445557
-0.28694153
-0.04246521
0.037963867
-0.14793396
-0.34500122
-0.41903687
-0.43447876
-0.43128967
-0.37216187
-0.21664429
-0.026489258
0.05821228
0.03263855
0.0065307617
0.042755127
0.12425232
0.20628357
0.24942017
0.26113892
0.35435486
0.48164368
0.40974426
0.09390259
-0.11010742
0.068862915
0.35754395
0.37086487
0.07472229
-0.25764465
-0.26831055
0.034240723
0.22279358
0.043823242
-0.48349
-0.92237854
-0.87550354
-0.49520874
-0.14472961
-0.0046539307
-0.028625488
-0.11277771
-0.1431427
-0.09146118
0.05342102
0.31280518
0.49443054
0.40548706
0.09655762
-0.23634338
-0.35832214
-0.307724
-0.21662903
-0.1750946
-0.12236023
0.020385742
0.11946106
0.007598877
-0.21929932
-0.34127808
-0.28694153
-0.18948364
-0.12928772
-0.016906738
0.17485046
0.26541138
0.15408325
-0.035003662
-0.13728333
-0.09359741
0.08216858
0.26646423
0.3815155
0.5753937
0.84916687
0.7889862
0.3218689
-0.08720398
-0.033416748
0.26646423
0.36128235
0.094955444
-0.18467712
-0.26190186
-0.30238342
-0.42063904
-0.59747314
-0.61557007
-0.4030609
-0.1351471
0.053955078
0.15568542
0.18656921
0.2238617
0.28138733
0.2526245
0.11520386
-3.8146973E-4
-0.040863037
0.033706665
0.23504639
0.4230652
0.40815735
0.30108643
0.26486206
0.3458252
0.40068054
0.26541138
-0.11064148
-0.52983093
-0.7380829
-0.68481445
-0.56604004
-0.5756378
-0.62677
-0.55752563
-0.28961182
0.07951355
0.33145142
0.35861206
0.24090576
0.14929199
0.24888611
0.5210724
0.77194214
0.7655487
0.50401306
0.24250793
0.047561646
-0.3050537
-0.6358185
-0.55859375
-0.13354492
0.294693
0.39057922
0.07951355
-0.34925842
-0.5420685
-0.48188782
-0.4185028
-0.48135376
-0.49627686
-0.28907776
0.019851685
0.26487732
0.3458252
0.28297424
0.20149231
0.23184204
0.3373108
0.36021423
0.25369263
0.24143982
0.39216614
0.5130768
0.3692627
0.12425232
0.13543701
0.4672699
0.7820587
0.6457062
-0.09413147
-0.8760376
-1.0028076
-0.61717224
-0.2619171
-0.2219696
-0.47496033
-0.6661835
-0.4877472
-0.040863037
0.36819458
0.5429077
0.50349426
0.32452393
0.11679077
0.062469482
0.23770142
0.5082855
0.6371765
0.5919037
0.46620178
0.25794983
0.08856201
0.03477478
0.094436646
0.16419983
0.06726074
-0.16923523
-0.3577881
-0.39933777
-0.41531372
-0.563385
-0.73594666
-0.69493103
-0.47549438
-0.2182312
-9.3078613E-4
0.17112732
0.29682922
0.41081238
0.515213
0.60043335
0.611084
0.52479553
0.3964386
0.2915039
0.2531433
0.19721985
0.03742981
-0.15431213
-0.27682495
-0.20439148
0.038497925
0.008132935
-0.45259094
-0.849411
-0.8275604
-0.55911255
-0.37908936
-0.46270752
-0.6161194
-0.5724335
-0.3386078
-0.038208008
0.25527954
0.41293335
0.34423828
0.16793823
0.045425415
0.092300415
0.30108643
0.51361084
0.5285187
0.33624268
0.13757324
0.014526367
-0.046722412
-0.1282196
-0.20013428
-0.17668152
-0.10105896
-0.08987427
-0.19374084
-0.2885437
-0.34339905
-0.3822937
-0.35139465
-0.23687744
-0.08720398
0.058746338
0.17591858
0.2792511
0.39483643
0.4741974
0.44862366
0.3293152
0.23291016
0.21640015
0.19509888
0.15461731
0.1572876
0.22599792
0.3223877
0.33410645
0.25527954
0.18710327
0.25794983
0.42785645
0.3335724
-0.2331543
-0.7183838
-0.44407654
0.27445984
0.6696625
0.4172058
-0.19107056
-0.6246338
-0.5830841
-0.17881775
0.311203
0.59243774
0.50668335
0.26434326
0.10827637
0.073654175
0.13224792
0.23558044
0.29682922
0.23344421
0.13224792
0.14822388
0.294693
0.3964386
0.29364014
0.02571106
-0.25231934
-0.4030609
-0.38708496
-0.2688446
-0.14898682
-0.14633179
-0.28640747
-0.46484375
-0.5623169
-0.51171875
-0.35725403
-0.16763306
0.021453857
0.16419983
0.17272949
0.042236328
-0.11543274
-0.1543274
-0.0035858154
0.19456482
0.11306763
-0.39720154
-0.7679138
-0.46910095
0.21000671
0.71920776
0.64624023
0.06619263
-0.4616394
-0.54473877
-0.26298523
0.044891357
0.12158203
-0.026489258
-0.123428345
-0.0259552
0.16259766
0.35435486
0.5061493
0.59243774
0.55249023
0.41134644
0.28883362
0.2824402
0.3607483
0.44703674
0.44543457
0.24142456
-0.061645508
-0.08987427
0.22439575
0.5141449
0.36553955
-0.076553345
-0.38867188
-0.3231659
-0.0259552
0.22705078
0.25794983
0.108810425
-0.050979614
-0.08773804
1.5258789E-4
0.118927
0.19670105
0.20202637
0.1849823
0.16101074
0.12904358
0.10134888
0.045959473
-0.020095825
-0.041931152
-0.076553345
-0.20013428
-0.2182312
-0.015304565
0.2515564
0.3937683
0.31600952
0.068862915
-0.12661743
-0.14100647
-0.025421143
0.07312012
0.06832886
-0.015304565
-0.10531616
-0.11010742
0.013458252
0.16366577
0.26593018
0.34049988
0.36447144
0.32772827
0.2904358
0.32185364
0.4118805
0.52212524
0.5998993
0.57273865
0.37991333
0.12478638
0.104019165
0.39216614
0.5514221
0.23770142
-0.20172119
-0.33114624
-0.07495117
0.29682922
0.4672699
0.35861206
0.14343262
-0.009979248
-0.01210022
0.10295105
0.259552
0.36128235
0.34742737
0.25794983
0.1812439
0.17166138
0.20788574
0.1615448
0.085372925
0.08963013
0.06460571
-0.13728333
-0.3007965
-0.1479187
0.22865295
0.45874023
0.38311768
0.123184204
-0.07922363
-0.08029175
0.027313232
0.10827637
0.101882935
0.06513977
0.048095703
0.050216675
0.09069824
0.1301117
0.10827637
0.038497925
0.024108887
0.1343689
0.28990173
0.3495636
0.30747986
0.29257202
0.36340332
0.44755554
0.4273224
0.14768982
-0.32263184
-0.3865509
0.12265015
0.6132202
0.45822144
-0.060577393
-0.32902527
-0.14205933
0.19189453
0.33943176
0.25048828
0.11680603
0.047027588
0.040634155
0.11520386
0.21160889
0.22439575
0.1503601
0.07046509
0.06939697
0.16792297
0.3069458
0.45980835
0.6014862
0.64038086
0.46568298
0.031036377
-0.4254303
-0.50904846
-0.1985321
0.15834045
0.16313171
-0.24645996
-0.5910797
-0.43875122
0.040100098
0.41027832
0.41134644
0.12213135
-0.10266113
-0.050994873
0.20521545
0.42199707
0.45715332
0.42785645
0.4363861
0.46620178
0.44010925
0.39483643
0.33410645
0.25048828
0.19616699
0.26646423
0.50349426
0.7431793
0.6845856
0.40281677
0.2600708
0.14982605
-0.1473999
-0.35404968
-0.23101807
0.031570435
0.07312012
-0.21183777
-0.5596466
-0.6054535
-0.33807373
-0.088272095
-0.031280518
-0.10797119
-0.11543274
0.062469482
0.26434326
0.2627411
0.08590698
-0.088272095
-0.21237183
-0.2885437
-0.34925842
-0.453125
-0.52822876
-0.47709656
-0.42329407
0.15940857
0.34796143
-0.026489258
-0.4962616
-0.88668823
-0.8179779
-0.45472717
-3.8146973E-4
0.15675354
-0.04032898
-0.21929932
-0.24806213
-0.12715149
0.09869385
0.29522705
0.3468933
0.2749939
0.21107483
0.22651672
0.3069458
0.38523865
0.3841858
0.34103394
0.32559204
0.3538208
0.36021423
0.34422302
0.3788452
0.48059082
0.56155396
0.44171143
0.07685852
-0.3700409
-0.7268982
-0.7253113
-0.4057312
-0.07548523
-0.056854248
-0.42861938
-0.7822876
-0.72636414
-0.38282776
-0.1239624
-0.16444397
-0.40838623
-0.6193085
-0.5101166
-0.07974243
0.37672424
0.52586365
0.3330536
0.07312012
-0.0062561035
0.10827637
0.31707764
0.47898865
0.4560852
0.2835083
0.08004761
-0.04725647
-0.15112305
-0.29333496
-0.37641907
-0.34606934
-0.32209778
-0.42861938
-0.6480713
-0.7844238
-0.58096313
-0.13833618
0.23716736
0.3191986
0.11520386
-0.13354492
-0.16177368
0.0869751
0.46247864
0.71920776
0.7021637
0.5072174
0.3234558
0.3468933
0.5285187
0.578598
0.44543457
0.14289856
-0.24432373
-0.4573822
-0.48614502
-0.34181213
-0.15325928
-0.13354492
-0.31358337
-0.6054535
-0.71250916
-0.5388794
-0.2874756
-0.17988586
-0.17030334
-0.097854614
0.07685852
0.22651672
0.23291016
0.11679077
0.009735107
-0.03981018
-0.052581787
-0.01210022
0.055007935
0.050750732
-0.095199585
-0.19160461
-0.07229614
0.059280396
-0.1516571
-0.5431366
-0.3742981
0.2568817
0.5429077
0.17591858
-0.26138306
-0.3119812
-0.088272095
0.123184204
0.19190979
0.17752075
0.1578064
0.12799072
0.088027954
0.03263855
0.014526367
0.10987854
0.28457642
0.36393738
0.25422668
0.13278198
0.17912292
0.22918701
0.09655762
-0.05897522
-0.03074646
0.13917542
0.31280518
0.3618164
0.19189453
-0.074417114
-0.15805054
-0.07015991
-0.02381897
-0.09094238
-0.18946838
-0.23420715
-0.17616272
-0.058441162
0.03742981
0.0869751
0.07739258
-0.035003662
-0.19639587
-0.27256775
-0.19746399
-0.024887085
0.120529175
0.14396667
0.14289856
0.22065735
0.30215454
0.21853638
-0.060043335
-0.5889435
-0.9074707
-0.52716064
0.24090576
0.62493896
0.165802
-0.53834534
-0.8771057
-0.7833557
-0.50053406
-0.16656494
0.20095825
0.40016174
0.25741577
-0.060043335
-0.16923523
0.08218384
0.45448303
0.58924866
0.39590454
0.17378235
0.22865295
0.46780396
0.54930115
0.3426361
-0.07496643
-0.44407654
-0.69866943
-0.675766
-0.32688904
-0.004119873
0.09336853
-0.121292114
-0.6038666
-0.79826355
-0.4573822
0.09655762
0.43052673
0.31759644
-0.050994873
-0.22676086
-0.038208008
0.26220703
0.27764893
0.017715454
-0.09147644
0.13383484
0.53704834
0.74583435
0.5418396
0.13490295
-0.16230774
-0.25126648
-0.40625
-0.58255005
-0.4296875
-0.062698364
0.11732483
-0.02861023
-0.25764465
-0.31784058
-0.22727966
-0.12715149
-0.048858643
0.05607605
0.17857361
0.3101349
0.37405396
0.36340332
0.37139893
0.4395752
0.48165894
0.43478394
0.19882202
-0.22036743
-0.56710815
-0.55752563
-0.21876526
0.08909607
0.1338501
-0.09359741
-0.43289185
-0.65393066
-0.69599915
-0.7055969
-0.6779022
-0.49946594
-0.20118713
0.10720825
0.30215454
0.38897705
0.46461487
0.531723
0.49230957
0.3223877
0.18391418
0.21481323
0.34477234
0.4715271
0.59562683
0.79963684
0.81507874
0.24569702
-0.68588257
-1.1333008
-0.7924042
-0.29652405
-0.14047241
-0.17030334
-0.18946838
-0.1628418
-0.09680176
-0.046188354
-0.040863037
-0.05418396
-0.029678345
0.080581665
0.23876953
0.37779236
0.47738647
0.5242615
0.49549866
0.40655518
0.36766052
0.4134674
0.3937683
0.21640015
-0.05152893
-0.25019836
-0.31410217
-0.37748718
-0.39559937
-0.15377808
0.14343262
0.09976196
-0.38974
-0.8568573
-0.8041382
-0.28640747
0.2211914
0.38897705
0.3335724
0.2627411
0.25102234
0.2904358
0.3426361
0.29841614
0.10348511
-0.060043335
-0.106918335
-0.09680176
-0.085617065
0.050216675
0.23025513
-0.05204773
-0.6667175
-0.71199036
-0.11224365
0.35542297
0.10827637
-0.46270752
-0.7764282
-0.60491943
-0.123428345
0.31654358
0.5157318
0.4784546
0.32398987
0.20309448
0.1700592
0.22225952
0.31706238
0.3458252
0.19989014
0.007598877
-0.058441162
-0.013702393
0.0443573
0.043289185
-0.1005249
-0.36897278
-0.5479431
-0.3588562
-0.078689575
-0.022766113
-0.2496643
-0.60279846
-0.8036041
-0.563385
-0.06111145
0.29309082
0.28723145
0.110946655
0.08377075
0.2792511
0.49710083
0.46141052
0.18496704
-0.052581787
-0.07229614
0.016662598
0.20202637
0.5285187
0.79377747
0.7932434
0.5434418
0.07258606
-0.46910095
-0.8014679
-0.6864166
-0.31730652
-0.10638428
-0.21450806
-0.44247437
-0.53034973
-0.29812622
0.05821228
0.22172546
0.16793823
0.06300354
0.09176636
0.26379395
0.44276428
0.54130554
0.5418396
0.48431396
0.48431396
0.66326904
0.7612915
0.49284363
0.14183044
0.18656921
0.37565613
0.1104126
-0.42329407
-0.7018585
-0.6198425
-0.469635
-0.48349
-0.5591278
-0.4451294
-0.11917114
0.14343262
0.13969421
-0.034484863
-0.10266113
-0.009979248
0.082717896
0.033172607
-0.13993835
-0.23580933
-0.17988586
-0.104782104
-0.11810303
-0.1825409
-0.17723083
-0.20652771
-0.40411377
-0.5266266
-0.3151703
0.15940857
0.6664734
0.86195374
0.6068268
0.26113892
0.0635376
-0.042999268
-0.16337585
-0.18734741
-0.044067383
0.16419983
0.32824707
0.374588
0.30162048
0.16101074
0.015594482
-0.1282196
-0.22409058
-0.27842712
-0.30612183
-0.28268433
-0.17456055
-0.004119873
0.10720825
0.07525635
-0.044067383
-0.18360901
-0.20172119
-0.018493652
0.17485046
0.10134888
-0.19107056
-0.41957092
-0.40571594
-0.19107056
0.040634155
0.10455322
0.021987915
-0.0770874
-0.1159668
-0.102645874
-0.095199585
-0.14260864
-0.2331543
-0.29812622
-0.26617432
-0.20172119
-0.14526367
-0.09573364
-0.012634277
0.18444824
0.35009766
0.14715576
-0.42382812
-0.7934723
-0.50053406
0.2281189
0.7889862
0.72239685
0.1301117
-0.52822876
-0.80625916
-0.5980072
-0.1159668
0.3058777
0.45768738
0.36766052
0.19616699
0.055023193
-0.0030517578
0.001739502
0.018249512
0.050750732
0.047027588
0.005996704
0.039031982
0.21479797
0.37139893
0.21853638
-0.19267273
-0.36151123
-0.029678345
0.4006958
0.41560364
0.08218384
-0.17881775
-0.13780212
0.092300415
0.26113892
0.21000671
0.028366089
-0.13621521
-0.21929932
-0.19320679
-0.10371399
-0.038208008
-0.045669556
-0.14419556
-0.24006653
-0.20704651
-0.0728302
0.10614014
0.33944702
0.50135803
0.36235046
0.026779175
-0.104782104
0.16792297
0.5839081
0.7575531
0.45822144
-0.069625854
-0.37483215
-0.34553528
-0.1197052
0.056610107
0.06832886
0.0113220215
-0.017440796
-0.0030517578
0.051818848
0.10508728
0.09976196
0.050750732
0.015060425
0.049682617
0.17378235
0.3335724
0.50775146
0.68618774
0.7218628
0.48324585
0.11627197
-0.0062408447
0.15621948
0.24623108
0.09390259
-0.13887024
-0.22355652
-0.12715149
-0.03501892
-0.07922363
-0.22303772
-0.34500122
-0.3561859
-0.23954773
-0.09359741
-0.01423645
0.070999146
0.09655762
0.08430481
0.07472229
0.13650513
0.17858887
0.14022827
0.09388733
0.11520386
0.16207886
0.0677948
-0.15324402
-0.3109131
-0.23847961
-0.017440796
0.115737915
0.0038757324
-0.28961182
-0.5218353
-0.4456787
-0.16816711
0.00920105
-0.12609863
-0.35671997
-0.33753967
-0.0690918
0.22384644
0.34849548
0.30854797
0.20735168
0.1892395
0.27445984
0.3618164
0.35168457
0.27871704
0.2957611
0.34635925
0.21640015
-0.10105896
-0.13568115
0.31652832
0.8236084
0.7724762
0.2169342
-0.2954712
-0.49147034
-0.4046631
-0.21769714
-0.08454895
-0.0259552
-0.012649536
-0.026489258
-0.0051879883
0.05128479
0.07525635
-0.0025177002
-0.09732056
-0.13568115
-0.1473999
-0.08934021
0.06726074
0.19030762
0.20149231
0.10455322
-0.088272095
-0.32795715
-0.5175781
-0.44621277
-0.00944519
0.50349426
0.68937683
0.45715332
0.021453857
-0.26776123
-0.18786621
0.1146698
0.3218689
0.25369263
0.055023193
-0.012634277
0.108810425
0.28671265
0.37831116
0.3468933
0.26327515
0.23504639
0.31440735
0.44969177
0.51786804
0.4864502
0.45129395
0.503479
0.55888367
0.33517456
-0.21450806
-0.4850769
-0.14100647
0.31173706
0.27339172
-0.10638428
-0.3551178
-0.25871277
0.001739502
0.14715576
0.122665405
0.048614502
0.053955078
0.13597107
0.19935608
0.2084198
0.18017578
0.10241699
-0.03340149
-0.12075806
-0.06111145
0.10295105
0.23291016
0.24623108
0.26113892
0.36286926
0.33358765
0.0038757324
-0.36097717
-0.41638184
-0.19374084
0.048095703
0.11199951
-3.9672852E-4
-0.1628418
-0.1713562
-0.046188354
0.042236328
0.0038757324
-0.093063354
-0.106918335
-0.033935547
0.024642944
-0.0025177002
-0.05418396
-0.06590271
-0.052581787
-0.041397095
-0.031814575
-0.033935547
-0.0046539307
0.088027954
0.17645264
0.22972107
0.26167297
0.26327515
0.1769867
0.10507202
0.14183044
0.13970947
-0.032348633
-0.2288971
-0.27256775
-0.19958496
-0.07495117
0.041168213
0.08218384
0.029968262
-0.062698364
-0.046722412
0.023040771
0.061401367
-0.040863037
-0.27947998
-0.53248596
-0.51704407
-0.2624359
-0.027023315
0.073654175
-0.0030517578
-0.09732056
-0.02809143
0.1269226
0.13917542
-0.13621521
-0.55966187
-0.7055969
-0.3716278
0.18870544
0.5072174
0.27978516
-0.3039856
-0.75086975
-0.76737976
-0.4222412
0.050216675
0.37193298
0.404953
0.28831482
0.1934967
0.16259766
0.20787048
0.3293152
0.435318
0.3660736
0.14929199
-0.057373047
-0.0925293
0.039031982
0.20361328
0.16526794
-0.15963745
-0.49360657
-0.40945435
0.08483887
0.4230652
0.25741577
-0.120224
-0.3561859
-0.30451965
-0.10797119
-0.020629883
-0.14047241
-0.3284912
-0.43714905
-0.4376831
-0.37590027
-0.27575684
-0.14047241
-0.012634277
0.019851685
-0.027023315
0.047027588
0.34049988
0.5002899
0.2584839
-0.06643677
-0.18255615
-0.29440308
-0.546875
-0.6310272
-0.3093109
0.17645264
0.49443054
0.37832642
-0.058441162
-0.40412903
-0.44300842
-0.2885437
-0.11491394
0.073654175
0.21586609
0.1977539
0.083236694
0.010253906
0.019317627
-0.024887085
-0.1324768
-0.20599365
-0.2651062
-0.2693634
-0.20065308
-0.06964111
0.12159729
0.23558044
0.12106323
-0.044067383
0.031036377
0.2669983
0.37405396
0.30908203
0.20681763
0.12211609
0.064590454
0.01399231
-0.076553345
-0.17349243
-0.17030334
-0.10798645
-0.081344604
-0.1282196
-0.18946838
-0.16070557
-0.031280518
0.0874939
0.09388733
0.04862976
0.023040771
0.051818848
0.18603516
0.36712646
0.4438324
0.27713013
-0.034484863
-0.22036743
-0.10266113
0.16313171
0.3181305
0.21533203
-0.0728302
-0.31784058
-0.38867188
-0.33381653
-0.25712585
-0.16017151
-0.044067383
0.001739502
-0.07336426
-0.19799805
-0.20758057
-0.02381897
0.23077393
0.3511505
0.2568817
0.13703918
0.23025513
0.48272705
0.68244934
0.6073456
0.19668579
-0.18200684
-0.073898315
0.36819458
0.5295868
0.26486206
-0.09466553
-0.2097168
-0.09838867
0.0054779053
-0.0030517578
-0.09945679
-0.16123962
-0.10797119
-0.034484863
-0.05632019
-0.13035583
-0.15644836
-0.18841553
-0.24060059
-0.23687744
-0.12768555
0.021453857
0.073654175
-9.1552734E-4
-0.10211182
-0.13407898
-0.116500854
-0.07496643
0.031570435
0.21107483
0.36128235
0.388443
0.28829956
0.07684326
-0.16018677
-0.25073242
-0.1628418
-0.029144287
0.057678223
0.07312012
0.048080444
0.06460571
0.14343262
0.20788574
0.21321106
0.19828796
0.20681763
0.27978516
0.404953
0.4587555
0.35754395
0.078445435
-0.2459259
-0.31996155
-0.039794922
0.26913452
0.27445984
0.03263855
-0.1750946
-0.14793396
0.03742981
0.1423645
0.07258606
-0.0259552
-0.03288269
-0.013168335
-0.061645508
-0.11489868
-0.09147644
-0.01210022
0.07525635
0.10562134
-0.012634277
-0.19746399
-0.20385742
-0.011581421
0.22439575
0.26113892
0.018249512
-0.28800964
-0.31410217
-0.03767395
0.25367737
0.2515564
-0.040878296
-0.32263184
-0.37802124
-0.24485779
-0.061645508
0.108810425
0.26487732
0.3458252
0.32984924
0.21479797
0.10134888
0.05340576
0.045425415
0.033706665
0.015594482
0.043289185
0.13864136
0.2680664
0.36286926
0.3730011
0.30801392
0.16687012
-0.033935547
-0.11437988
0.036376953
0.25741577
0.27339172
0.03263855
-0.25764465
-0.354599
-0.20652771
0.031036377
0.14022827
0.104019165
0.02357483
-0.050994873
-0.1239624
-0.18307495
-0.19107056
-0.1559143
-0.11917114
-0.09945679
-0.13461304
-0.22302246
-0.24273682
-0.13142395
-0.0067749023
0.017715454
-0.04034424
-0.13993835
-0.23208618
-0.3087921
-0.24113464
0.055007935
0.42199707
0.5887146
0.46141052
0.18817139
-0.043533325
-0.15539551
-0.18307495
-0.18148804
-0.1516571
-0.08720398
-0.027557373
-9.1552734E-4
0.01878357
0.06832886
0.14450073
0.1769867
0.15940857
0.13757324
0.18177795
0.26113892
0.30162048
0.28671265
0.23983765
0.2872467
0.3373108
0.1578064
-0.22090149
-0.49893188
-0.342865
-0.0025177002
0.08430481
-0.057907104
-0.2224884
-0.33755493
-0.4142456
-0.3865509
-0.24859619
-0.16444397
-0.14259338
-0.11224365
-0.028625488
0.11732483
0.12638855
0.038497925
-0.06111145
-0.09838867
-0.102645874
-0.22303772
-0.4142456
-0.45472717
-0.34020996
-0.22781372
-0.17189026
-0.15377808
-0.121292114
-0.10585022
-0.10798645
-0.11756897
-0.12075806
-0.07762146
1.5258789E-4
0.070999146
0.061935425
-0.011047363
-0.053115845
-0.062179565
-0.069625854
-0.08081055
-0.060043335
-9.1552734E-4
0.059280396
0.09762573
0.08590698
0.040100098
-0.01210022
-0.036071777
-0.031280518
-0.015838623
0.0049438477
0.015060425
-0.0019836426
-0.026489258
-0.03074646
-0.03553772
-0.03767395
-0.029678345
-0.018493652
-0.0025177002
0.040100098
0.062469482
0.01612854
-0.088272095
-0.14686584
-0.11437988
-0.057907104
-0.008911133
0.027313232
0.016647339
-0.039794922
-0.08506775
-0.07922363
-0.033935547
-0.011047363
-0.031280518
-0.046722412
-0.022766113
0.016647339
0.031570435
0.02357483
0.027297974
0.041168213
0.045425415
0.02571106
0.01133728
0.033706665
0.0677948
0.07791138
0.07046509
0.06993103
0.078445435
0.0869751
0.09335327
0.08377075
0.05342102
0.027313232
0.036895752
0.056610107
0.066726685
0.040100098
-0.0259552
-0.06378174
-0.049926758
-0.0030517578
0.037963867
0.042236328
0.00920105
-0.025421143
-0.01637268
0.040634155
0.08164978
0.052352905
-0.0051879883
-0.0259552
-0.00730896
-0.00944519
-0.048858643
-0.07548523
-0.069107056
-0.052581787
-0.046203613
-0.02861023
0.0038757324
0.044891357
0.0635376
0.060333252
0.055007935
0.031570435
-0.02116394
-0.056854248
-0.046188354
-0.040878296
-0.06590271
-0.08880615
-0.07601929
-0.037139893
0.0028076172
0.008666992
-0.02116394
-0.050994873
-0.038742065
0.0038757324
0.03956604
0.0438385
0.027313232
0.013458252
0.021987915
0.049682617
0.07472229
0.080581665
0.064071655
0.03477478
0.007598877
0.009735107
0.028366089
0.03956604
0.03691101
0.01612854
-0.012634277
-0.036071777
-0.036605835
-0.022232056
-0.04032898
-0.08294678
-0.10638428
-0.09573364
-0.07601929
-0.06750488
-0.052581787
-0.040863037
-0.05897522
-0.0728302
-0.062179565
-0.060043335
-0.056854248
-0.02861023
-0.020095825
-0.050994873
-0.069107056
-0.03553772
6.713867E-4
-0.005706787
-0.028625488
-0.027557373
0.00440979
0.043289185
0.055007935
0.0443573
0.033172607
0.022506714
0.020385742
0.050750732
0.066207886
0.028366089
-0.026489258
-0.05204773
-0.031814575
0.013458252
0.03263855
0.0033416748
-0.024887085
-0.015838623
0.015060425
0.037979126
0.036376953
0.01612854
1.373291E-4
-0.009979248
-0.008911133
-0.0035858154
-0.005722046
-0.015838623
-0.016906738
-0.0046539307
-3.8146973E-4
-0.011047363
-0.01423645
-0.001449585
-0.0051879883
-0.027542114
-0.04246521
-0.03981018
-0.025421143
-0.027023315
-0.053649902
-0.06802368
-0.046722412
-0.004119873
0.0012054443
-0.029678345
-0.03981018
-0.011047363
0.019851685
0.0209198
-0.008911133
-0.019561768
0.001739502
0.015594482
0.012390137
-0.0035858154
-0.027557373
-0.04032898
-0.019561768
0.022506714
0.03477478
0.009735107
-0.005706787
0.0033416748
0.015594482
0.010253906
-0.0046539307
-0.007843018
0.0209198
0.059280396
0.035842896
-0.021697998
-0.027557373
0.024642944
0.06300354
0.05342102
0.016662598
-0.02116394
-0.029159546
-0.004119873
0.017181396
0.014526367
-0.011581421
-0.048324585
-0.08241272
-0.08241272
-0.04725647
-0.020095825
-0.022766113
-0.030212402
-0.0067749023
0.05342102
0.08695984
0.057678223
0.0033416748
-0.013168335
0.018249512
0.06300354
0.07951355
0.08111572
0.07418823
0.050216675
0.035308838
0.04914856
0.05821228
0.045959473
0.032104492
0.038497925
0.043289185
0.028381348
-0.004119873
-0.033935547
-0.036071777
-0.020095825
-0.017974854
-0.043533325
-0.057373047
-0.03074646
0.011856079
0.042755127
0.06034851
0.057678223
0.050216675
0.07258606
0.12638855
0.16101074
0.16101074
0.14022827
0.104537964
0.06565857
0.0635376
0.08111572
0.048095703
-0.015304565
-0.034469604
0.0038757324
0.021987915
-0.02381897
-0.09573364
-0.14686584
-0.13568115
-0.07762146
-0.024353027
-0.013168335
-0.023834229
-0.027023315
-0.014770508
-0.013168335
-0.00944519
0.0033416748
0.0028076172
-0.020629883
-0.041931152
-0.022750854
0.028900146
0.061401367
0.050216675
0.017181396
-0.0046539307
-0.0019836426
0.008666992
0.0209198
0.027313232
0.02357483
0.0033416748
-0.016906738
-0.0062561035
0.03477478
0.059280396
0.050216675
0.035308838
0.025177002
0.015594482
0.007598877
0.0049438477
0.0038757324
-0.0035858154
-0.013168335
-0.005706787
0.050750732
0.13224792
0.2169342
0.24249268
0.07258606
-0.076553345
-0.09945679
-0.062698364
0.020385742
