-0.019454956
-0.0700531
-0.09562683
-0.059936523
-0.05142212
-0.059402466
-0.07911682
-0.10520935
-0.11425781
-0.11000061
-0.10574341
-0.097229004
-0.07644653
-0.06260681
-0.05833435
-0.05619812
-0.05567932
-0.0423584
-0.040237427
-0.049819946
-0.05621338
-0.053009033
-0.03489685
-0.0056152344
0.014099121
0.012512207
-0.0040130615
-0.031707764
-0.038635254
-0.021057129
0.010375977
0.019973755
0.0077056885
0.013046265
0.0748291
0.19413757
0.2740326
0.24047852
0.11317444
0.0018463135
-0.019454956
0.020492554
0.04660034
0.03967285
0.026351929
0.017303467
0.013046265
-0.0050811768
-0.021057129
-8.087158E-4
0.04286194
0.06576538
0.046066284
-0.003479004
-0.057266235
-0.09295654
-0.101486206
-0.10734558
-0.13397217
-0.15687561
-0.14729309
-0.101486206
-0.05140686
-0.028518677
-0.028503418
-0.025848389
-0.012527466
2.4414062E-4
0.0045166016
-0.007736206
-0.026382446
-0.03756714
-0.050872803
-0.07218933
-0.062072754
-0.024780273
-0.0013427734
0.02848816
0.0790863
0.11903381
0.10784912
0.052459717
-2.89917E-4
-0.018920898
-0.013595581
-0.003479004
-0.0072021484
-0.016799927
-0.010406494
0.007171631
0.019973755
0.025817871
0.020507812
0.014633179
0.01890564
0.03327942
0.052459717
0.07110596
0.08494568
0.092941284
0.08761597
0.064697266
0.057250977
0.06523132
0.039138794
-0.007736206
-0.020523071
-8.087158E-4
0.007171631
2.4414062E-4
0.0029144287
0.011444092
0.019973755
0.024230957
0.017837524
0.0077056885
0.003982544
0.010375977
0.009841919
0.0034484863
0.002380371
0.0029144287
-0.0029449463
-0.014129639
-0.0040130615
0.025817871
0.04234314
0.04925537
0.04660034
0.04499817
0.037017822
0.034347534
0.043930054
0.03541565
0.010375977
2.4414062E-4
0.021026611
0.041275024
0.038604736
0.019424438
0.005050659
0.0018463135
0.002380371
7.7819824E-4
0.0045166016
0.005584717
-0.0013427734
-0.0040130615
-0.0072021484
-0.014129639
-0.020523071
-0.016799927
0.002380371
0.011444092
-0.0029449463
-0.013061523
-0.004547119
0.0029144287
0.0045166016
0.013580322
0.019958496
0.03062439
0.055114746
0.05404663
0.017303467
-0.001876831
0.003982544
0.010910034
0.0013122559
-0.017318726
-0.03543091
-0.046081543
-0.040756226
-0.015197754
0.0050354004
0.0061035156
-0.014129639
-0.0231781
-0.016799927
-0.014129639
-0.014129639
-0.0098724365
-0.003479004
0.0034484863
0.0045166016
-8.087158E-4
-0.0055999756
-0.003479004
-8.087158E-4
-0.0013580322
-0.0072021484
-0.010391235
0.0029144287
0.01890564
-0.0029449463
-0.021591187
0.0045166016
0.03807068
0.03593445
0.003982544
-0.016799927
-0.0098724365
0.0135650635
0.02848816
0.022628784
-2.746582E-4
-0.014663696
-0.015731812
-0.015731812
-0.013595581
-0.011993408
-0.0050811768
0.0034484863
0.005050659
-0.003479004
-0.019454956
-0.026382446
-0.021591187
-0.006134033
0.017303467
0.031158447
0.03541565
0.037002563
0.029556274
0.011444092
0.011978149
0.031158447
0.03274536
0.0050354004
-0.03437805
-0.057281494
-0.049819946
-0.026916504
-0.010406494
-0.011459351
-0.007736206
0.0034484863
0.008239746
0.009841919
0.012512207
0.011978149
0.003982544
-0.016799927
-0.04714966
-0.064193726
-0.05407715
-0.030639648
-0.014129639
-0.006134033
0.0013122559
0.022628784
0.046066284
0.024765015
-0.029571533
-0.045028687
-0.017333984
0.0034484863
2.4414062E-4
-0.016799927
-0.031707764
-0.036499023
-0.034362793
-0.025848389
-0.010406494
-8.239746E-4
0.0018463135
-0.0024108887
-0.013595581
-0.025314331
-0.022659302
-0.013061523
7.7819824E-4
0.010375977
0.014099121
0.012512207
0.003982544
-0.012008667
-0.017852783
-0.029037476
-0.06472778
-0.08444214
-0.08656311
-0.082839966
-0.061538696
-0.03277588
-0.014129639
-0.0056152344
0.003982544
0.017837524
0.015167236
-0.021057129
-0.069000244
-0.07911682
-0.06793213
-0.057281494
-0.04449463
-0.05140686
-0.053009033
-0.021057129
0.0018463135
0.015701294
0.011444092
0.0066375732
0.014633179
0.013046265
0.0013122559
-0.016799927
-0.021591187
-0.013595581
-0.0013427734
0.0029144287
-0.028503418
-0.043426514
-0.0055999756
0.03327942
0.038604736
0.0077056885
-0.017868042
-0.024780273
-0.031173706
-0.03756714
-0.02798462
0.003982544
0.04499817
0.05671692
0.04660034
0.029022217
0.018371582
0.012512207
7.7819824E-4
7.7819824E-4
0.011444092
0.03541565
0.054595947
0.059906006
0.069503784
0.08708191
0.08441162
0.06364441
0.06364441
0.064712524
0.05831909
0.06736755
0.08387756
0.08547974
0.08280945
0.10305786
0.14833069
0.16749573
0.1568451
0.13607788
0.10731506
0.06790161
0.019973755
-0.013595581
-0.026382446
-0.0029449463
-0.011474609
-0.038635254
-0.046081543
-0.038101196
-0.020523071
-0.023727417
-0.068984985
-0.111068726
-0.13504028
-0.16645813
-0.21014404
-0.2660675
-0.3006897
-0.31240845
-0.31878662
-0.27618408
-0.16433716
-0.017852783
0.14619446
0.19306946
0.09719849
0.027420044
0.046066284
0.071640015
0.04286194
-0.030639648
-0.027450562
0.02583313
0.09080505
0.10891724
0.032226562
-0.055145264
-0.08390808
-0.05619812
0.0061035156
0.083343506
0.12010193
0.13182068
0.12915039
0.1025238
0.08015442
0.041275024
-0.022659302
-0.10202026
-0.1558075
-0.12918091
0.024230957
0.27670288
0.46949768
0.49613953
0.3773651
0.1967926
0.05406189
0.05937195
0.18774414
0.2559204
0.17869568
0.088134766
0.07589722
0.10412598
0.14033508
0.2037201
0.25273132
0.24847412
0.19360352
0.104660034
0.0013122559
-0.08602905
-0.11639404
-0.08018494
-0.036499023
-0.053009033
-0.1403656
-0.22932434
-0.27246094
-0.3092041
-0.34277344
-0.45567322
-0.6820526
-0.77952576
-0.5318451
-0.08816528
0.25752258
0.27243042
-0.020523071
-0.28897095
-0.38111877
-0.38111877
-0.27085876
-0.10839844
0.010910034
0.03060913
2.4414062E-4
-0.040756226
-0.0934906
-0.09188843
-0.018920898
0.08547974
0.15419006
0.14567566
0.121170044
0.15258789
0.2516632
0.38694763
0.47962952
0.46417236
0.37150574
0.3209076
0.26924133
0.2271576
0.18455505
0.10838318
0.032211304
0.017303467
0.022094727
0.03062439
0.06150818
0.12968445
0.22929382
0.33314514
0.3832245
0.35127258
0.21492004
7.7819824E-4
-0.16220093
-0.23677063
-0.30229187
-0.41893005
-0.55848694
-0.6133423
-0.45780945
-0.18457031
-0.10734558
-0.31559753
-0.5749817
-0.65649414
-0.55955505
-0.39762878
-0.31826782
-0.3118744
-0.27246094
-0.1169281
0.109451294
0.2591095
0.27882385
0.26817322
0.20211792
0.11956787
0.11050415
0.1025238
0.023162842
-0.0466156
-0.035964966
0.0236969
0.086013794
0.17816162
0.26550293
0.26231384
0.20532227
0.12275696
0.062042236
0.09454346
0.10092163
7.9345703E-4
-0.14196777
-0.2303772
-0.27404785
-0.19522095
0.007171631
0.200531
0.33953857
0.40771484
0.40293884
0.3374176
0.1802826
-0.014663696
-0.1749878
-0.30441284
-0.3491516
-0.28523254
-0.21546936
-0.25434875
-0.34968567
-0.3171997
-0.10681152
-0.05833435
-0.30387878
-0.5499573
-0.5893707
-0.41148376
-0.12918091
0.009841919
-0.013595581
0.032211304
0.21011353
0.38215637
0.39920044
0.30119324
0.20425415
0.13342285
0.03327942
-0.10787964
-0.2149353
-0.23890686
-0.19468689
-0.11746216
-0.07325745
-0.031707764
-0.018920898
-0.087631226
-0.106277466
0.030075073
0.25326538
0.39813232
0.40345764
0.3363495
0.32836914
0.35125732
0.32409668
0.28149414
0.26870728
0.30226135
0.3640442
0.47377014
0.6101227
0.69322205
0.68788147
0.59947205
0.40026855
0.13182068
-0.07644653
-0.14248657
-0.16966248
-0.25701904
-0.44769287
-0.5867157
-0.65275574
-0.39442444
0.01676941
0.055648804
-0.16273499
-0.26446533
-0.11906433
0.09240723
0.21224976
0.20639038
0.048721313
-0.12651062
-0.1872406
-0.09083557
0.09080505
0.21543884
0.21011353
0.07801819
-0.10520935
-0.19042969
-0.17658997
-0.20640564
-0.32731628
-0.44076538
-0.41893005
-0.23410034
-0.017868042
0.13554382
0.19520569
0.18508911
0.15844727
0.21757507
0.3496704
0.4673767
0.49295044
0.3832245
0.18667603
0.106781006
0.21278381
0.38482666
0.48814392
0.5062561
0.43754578
0.30758667
0.15258789
-0.014663696
-0.1361084
-0.15368652
-0.15899658
-0.27404785
-0.5084076
-0.7443695
-0.7859192
-0.60588074
-0.4306488
-0.3592682
-0.38804626
-0.48017883
-0.46366882
-0.30706787
-0.16326904
-0.10787964
-0.099349976
-0.029037476
0.14405823
0.27989197
0.28149414
0.19041443
0.0982666
0.04020691
-0.0029449463
-0.05886841
-0.14888
-0.24635315
-0.30122375
-0.30282593
-0.21440125
-0.048217773
0.14353943
0.24473572
0.18029785
0.08387756
0.13182068
0.35871887
0.59147644
0.6468811
0.50413513
0.27296448
0.11477661
0.1025238
0.17974854
0.21118164
0.15898132
0.078552246
-0.001876831
-0.06472778
-0.08390808
-0.07644653
-0.087631226
-0.13769531
-0.22398376
-0.3592682
-0.5339813
-0.66819763
-0.65275574
-0.41200256
-0.10255432
0.04446411
-0.028518677
-0.20161438
-0.3076172
-0.29322815
-0.2548828
-0.2980194
-0.41360474
-0.4849701
-0.40402222
-0.20747375
0.020492554
0.17869568
0.22875977
0.20425415
0.13607788
0.03488159
-0.11532593
-0.2649994
-0.3092041
-0.2506256
-0.11160278
0.09187317
0.27775574
0.3581848
0.36883545
0.33688354
0.29640198
0.24313354
0.12277222
0.06364441
0.1882782
0.4540558
0.7038574
0.79707336
0.7012024
0.50839233
0.35925293
0.3097229
0.2894745
0.20852661
0.053527832
-0.10360718
-0.20533752
-0.2191925
-0.16326904
-0.085510254
-0.07911682
-0.2026825
-0.42797852
-0.5595398
-0.46740723
-0.24583435
-0.1169281
-0.195755
-0.44076538
-0.657547
-0.7134857
-0.6421051
-0.44450378
-0.1403656
0.12861633
0.28894043
0.30332947
0.28042603
0.3581848
0.3448639
0.2074585
0.08654785
0.009841919
-0.07165527
-0.19735718
-0.29589844
-0.20747375
-0.07484436
0.011444092
0.05406189
0.03967285
0.029022217
0.086013794
0.15791321
0.25219727
0.38587952
0.4870758
0.54408264
0.5419464
0.43222046
0.28840637
0.2159729
0.20585632
0.23834229
0.25112915
0.21118164
0.13394165
0.011444092
-0.12704468
-0.19203186
-0.16593933
-0.12225342
-0.15687561
-0.26979065
-0.37791443
-0.4540863
-0.46846008
-0.3640747
-0.22079468
-0.18936157
-0.31506348
-0.46792603
-0.5153351
-0.43862915
-0.36993408
-0.30441284
-0.19628906
-0.0466156
0.097732544
0.1648407
0.13449097
0.08494568
0.06629944
0.014633179
-0.120651245
-0.256485
-0.31080627
-0.2975006
-0.25967407
-0.21865845
-0.17710876
-0.03756714
0.16430664
0.28735352
0.23355103
0.13182068
0.1334076
0.20265198
0.3347473
0.45884705
0.44926453
0.3496704
0.29267883
0.29161072
0.3363495
0.33528137
0.2505951
0.1563263
0.109451294
0.10145569
0.095062256
0.054595947
-0.040771484
-0.12385559
-0.1717987
-0.1872406
-0.1717987
-0.14355469
-0.17712402
-0.21121216
-0.13929749
-0.05886841
-0.09030151
-0.17605591
-0.2388916
-0.25914
-0.29855347
-0.43811035
-0.5664673
-0.5659332
-0.41680908
-0.17817688
7.7819824E-4
0.07589722
0.1025238
0.10412598
0.04660034
-0.07272339
-0.16220093
-0.15208435
-0.08709717
-0.042892456
0.002380371
0.088134766
0.16590881
0.1882782
0.1882782
0.21011353
0.22290039
0.22129822
0.25698853
0.32302856
0.35232544
0.36564636
0.28840637
0.10624695
-0.014663696
-0.004547119
0.081222534
0.1499176
0.15686035
0.11317444
0.07215881
0.026885986
-0.023727417
-0.04396057
-0.07165527
-0.14675903
-0.22132874
-0.26127625
-0.3241272
-0.38430786
-0.4226532
-0.38323975
-0.3092041
-0.30282593
-0.30654907
-0.29110718
-0.3022766
-0.33424377
-0.39656067
-0.43118286
-0.4098816
-0.36993408
-0.31347656
-0.26179504
-0.20640564
-0.1254425
-0.035964966
0.017837524
0.0061187744
-0.07644653
-0.17019653
-0.20907593
-0.17178345
-0.09509277
-0.057266235
-0.087631226
-0.101486206
-0.06260681
0.0018463135
0.03274536
-0.016799927
-0.041290283
0.04660034
0.22450256
0.3832245
0.43489075
0.37522888
0.2708435
0.184021
0.13768005
0.11424255
0.078552246
0.029556274
-0.06739807
-0.23623657
-0.40348816
-0.46206665
-0.45941162
-0.47325134
-0.5424957
-0.5856476
-0.5829773
-0.5371704
-0.46366882
-0.35768127
-0.29162598
-0.4583435
-0.7342529
-0.8082886
-0.6687317
-0.5382385
-0.5478363
-0.6053467
-0.6452942
-0.60162354
-0.4498291
-0.34275818
-0.3092041
-0.2618103
-0.1558075
-0.07858276
-0.06739807
-0.059402466
-0.048217773
-0.06738281
-0.08709717
-0.11958313
-0.15473938
-0.14675903
-0.108947754
-0.07058716
-0.051956177
-0.09188843
-0.10202026
-0.045562744
0.06578064
0.1493988
0.10038757
-0.06047058
-0.22984314
-0.33850098
-0.3491516
-0.28683472
-0.2149353
-0.18403625
-0.19947815
-0.24902344
-0.41307068
-0.63038635
-0.751297
-0.79763794
-0.81414795
-0.8109436
-0.8647461
-0.98298645
-1.0634155
-1.0048218
-0.82640076
-0.7640686
-0.98405457
-1.3712769
-1.5566406
-1.4240112
-1.0927124
-0.7422333
-0.5664673
-0.6516876
-0.93452454
-1.2450409
-1.4133606
-1.3659515
-1.1555634
-0.9212036
-0.8221283
-0.8434448
-0.89297485
-0.9158783
-0.913208
-0.9339905
-1.0117493
-1.089508
-1.0815277
-0.91267395
-0.62506104
-0.4114685
-0.39709473
-0.5164032
-0.5930939
-0.5073395
-0.355011
-0.31880188
-0.3603363
-0.36886597
-0.29429626
-0.19256592
-0.17285156
-0.2660675
-0.37365723
-0.41574097
-0.35021973
-0.27937317
-0.31506348
-0.43597412
-0.5302582
-0.55688477
-0.5717926
-0.6474304
-0.74650574
-0.71188354
-0.5883026
-0.62506104
-0.7816467
-0.7912445
-0.55474854
-0.34222412
-0.38163757
-0.53237915
-0.65115356
-0.7401123
-0.75289917
-0.67726135
-0.5733948
-0.45941162
-0.34542847
-0.2495575
-0.16645813
-0.1084137
-0.099349976
-0.13769531
-0.20214844
-0.2383728
-0.22718811
-0.16592407
-0.03489685
0.13075256
0.2436676
0.17282104
-0.03703308
-0.122787476
-0.15687561
-0.06845093
0.137146
0.29107666
0.26550293
0.12542725
0.012512207
-0.01625061
0.055648804
0.19732666
0.3209076
0.33422852
0.22822571
0.06790161
-0.11000061
-0.26393127
-0.35980225
-0.4141388
-0.39816284
-0.289505
-0.15740967
-0.10733032
-0.10255432
-0.04396057
-0.0423584
-0.1914978
-0.35554504
-0.36140442
-0.19789124
0.021026611
0.08441162
-0.08337402
-0.2852478
-0.371521
-0.32092285
-0.14942932
-0.0066833496
-0.0013427734
-0.08496094
-0.14143372
-0.1446228
-0.14622498
-0.16273499
-0.18670654
-0.20854187
-0.18882751
-0.06100464
0.16217041
0.38587952
0.50465393
0.49346924
0.42210388
0.39494324
0.4205017
0.4476776
0.39440918
0.27189636
0.14672852
0.12756348
0.19732666
0.23622131
0.21810913
0.17070007
0.14033508
0.101989746
-2.746582E-4
-0.13290405
-0.23730469
-0.30867004
-0.32624817
-0.31985474
-0.3086853
-0.31985474
-0.39016724
-0.448761
-0.36619568
-0.20533752
-0.14302063
-0.26127625
-0.465271
-0.55848694
-0.50361633
-0.4072113
-0.38804626
-0.39337158
-0.341156
-0.20640564
-0.014663696
0.15046692
0.23994446
0.23301697
0.12808228
-0.018920898
-0.13983154
-0.19363403
-0.16273499
-0.06793213
0.021026611
0.06311035
0.11743164
0.22076416
0.29693604
0.28894043
0.22929382
0.16377258
0.1770935
0.35072327
0.5611267
0.6655121
0.6511383
0.49986267
0.3017273
0.1451416
0.11264038
0.2505951
0.38587952
0.3608551
0.24420166
0.16004944
0.13128662
0.11531067
0.062042236
-0.036499023
-0.12332153
-0.18777466
-0.2580719
-0.32518005
-0.36514282
-0.4237213
-0.47857666
-0.434906
-0.23623657
-0.06739807
-0.21546936
-0.5339813
-0.6405029
-0.3587494
0.009841919
0.076431274
-0.12757874
-0.3949585
-0.4998932
-0.43225098
-0.27938843
-0.24209595
-0.2735138
-0.17019653
0.048202515
0.2601776
0.40559387
0.51478577
0.5296936
0.46844482
0.44181824
0.44128418
0.46524048
0.48709106
0.50253296
0.49295044
0.4354248
0.3416748
0.26338196
0.23727417
0.25271606
0.27989197
0.36351013
0.37257385
0.1685791
0.04499817
0.041809082
0.09454346
0.16590881
0.12275696
-0.08230591
-0.27139282
-0.29003906
-0.16645813
-0.047683716
-0.042892456
-0.10946655
-0.14302063
-0.11906433
-0.09669495
-0.15048218
-0.2660675
-0.37791443
-0.42799377
-0.45568848
-0.5478363
-0.6628723
-0.6660614
-0.48498535
-0.23623657
-0.21812439
-0.6756592
-1.166214
-1.1209412
-0.4109497
0.60372925
1.2663269
1.2359619
0.7496643
0.24420166
-0.025314331
0.03274536
0.30651855
0.47377014
0.50572205
0.52915955
0.5392761
0.5776367
0.5930786
0.49453735
0.3363495
0.2159729
0.13768005
0.05671692
0.0066375732
0.04286194
0.17816162
0.34806824
0.38534546
0.081222534
-0.2841797
-0.3353119
0.021560669
0.41038513
0.3443451
-0.08123779
-0.4386444
-0.46047974
-0.26979065
-0.11373901
-0.11639404
-0.18989563
-0.21812439
-0.18244934
-0.13343811
-0.14729309
-0.27085876
-0.43917847
-0.48498535
-0.388031
-0.4056244
-0.5542145
-0.53663635
-0.34649658
-0.097229004
0.099868774
0.23408508
0.39759827
0.59147644
0.67297363
0.59680176
0.41145325
0.15737915
-0.052474976
-0.16113281
-0.22346497
-0.25646973
-0.18617249
-0.031707764
0.10519409
0.18614197
0.24420166
0.2628479
0.24687195
0.26763916
0.2751007
0.1802826
-0.018920898
-0.18403625
-0.1749878
-0.03703308
0.10519409
0.266037
0.46472168
0.6490021
0.6378174
0.3486023
-0.023727417
-0.21333313
-0.19735718
-0.10147095
-0.05407715
-0.09828186
-0.22398376
-0.40560913
-0.55314636
-0.6309204
-0.6602173
-0.5717926
-0.35661316
-0.19203186
-0.195755
-0.3475647
-0.5030823
-0.38591003
-0.20907593
-0.1872406
-0.13397217
-0.01838684
0.18507385
0.38694763
0.4519348
0.37789917
0.25379944
0.19146729
0.17282104
0.14460754
0.11212158
0.076431274
0.041275024
-0.007736206
-0.015197754
0.048721313
0.14193726
0.18455505
0.16590881
0.20211792
0.32356262
0.45298767
0.46044922
0.35871887
0.30599976
0.43647766
0.7331543
0.87324524
0.64741516
0.282547
0.0513916
0.04232788
0.12968445
0.060440063
-0.20321655
-0.46740723
-0.5579376
-0.44929504
-0.26287842
-0.13929749
-0.14782715
-0.2649994
-0.39123535
-0.4114685
-0.32359314
-0.27618408
-0.29483032
-0.33317566
-0.45141602
-0.60588074
-0.6090851
-0.37579346
-0.08390808
0.09347534
0.16697693
0.22129822
0.24633789
0.19892883
0.083343506
-0.08018494
-0.22505188
-0.25167847
-0.11427307
0.08280945
0.15472412
0.06150818
-0.064193726
-0.10520935
-0.06846619
0.0034484863
0.09613037
0.18560791
0.28096008
0.30651855
0.18934631
0.021560669
-0.07644653
0.020492554
0.29959106
0.6138458
0.71131897
0.6016083
0.45033264
0.33528137
0.29800415
0.23675537
0.153656
0.066833496
-0.038101196
-0.17552185
-0.32252502
-0.4455719
-0.50309753
-0.46899414
-0.39442444
-0.3587494
-0.40934753
-0.4775238
-0.42797852
-0.308136
-0.20854187
-0.14782715
-0.13183594
-0.0934906
0.03541565
0.19039917
0.16377258
-0.18031311
-0.5563507
-0.6596832
-0.45515442
-0.1749878
-0.12757874
-0.25434875
-0.31506348
-0.17391968
0.14460754
0.41784668
0.4471283
0.21969604
-0.07218933
-0.15740967
0.01676941
0.32302856
0.4950714
0.42796326
0.2314148
0.007171631
-0.11160278
-0.068984985
0.0236969
0.123291016
0.24633789
0.24952698
0.07536316
-0.10307312
-0.15740967
-0.033309937
0.16218567
0.17974854
0.002380371
-0.12545776
-0.045562744
0.18348694
0.33581543
0.28681946
0.07695007
-0.16752625
-0.3118744
-0.29110718
-0.2026825
-0.122787476
-0.0700531
-0.03010559
-0.049819946
-0.09295654
-0.124923706
-0.09083557
0.013046265
-0.03224182
-0.45088196
-0.9291992
-1.0335846
-0.6932373
-0.08337402
0.31237793
0.3086548
0.15312195
0.1025238
0.16163635
0.25964355
0.32037354
0.2937317
0.22129822
0.20744324
0.27349854
0.34965515
0.4343567
0.4631195
0.42689514
0.26498413
0.012512207
-0.13024902
-0.11373901
0.02583313
0.21278381
0.266037
0.19946289
0.1925354
0.23355103
0.23568726
0.14993286
0.029556274
-0.041290283
-0.011459351
0.113708496
0.23727417
0.29852295
0.2740326
0.19734192
0.10572815
-0.004547119
-0.1366272
-0.2660675
-0.36621094
-0.41786194
-0.4194641
-0.41786194
-0.47966003
-0.60536194
-0.7145386
-0.594162
-0.2346344
-0.040222168
-0.17391968
-0.36886597
-0.36354065
-0.10733032
0.1414032
0.20639038
0.15631104
0.08973694
0.088150024
0.21810913
0.39759827
0.4194336
0.33528137
0.30651855
0.3102417
0.3139801
0.3416748
0.3581848
0.3304901
0.28733826
0.29693604
0.25326538
0.059387207
-0.12332153
-0.06260681
0.2559204
0.5866852
0.66444397
0.39920044
0.017837524
-0.21228027
-0.23570251
-0.13929749
-0.03489685
0.04925537
0.066833496
0.024230957
-0.059936523
-0.1281128
-0.15901184
-0.17817688
-0.25274658
-0.36886597
-0.47325134
-0.5243988
-0.47698975
-0.40081787
-0.42478943
-0.5105438
-0.5467529
-0.44502258
-0.19682312
0.10145569
0.35499573
0.5019989
0.34327698
-0.06100464
-0.27459717
-0.104141235
0.37522888
0.7107849
0.6346283
0.4466095
0.4758911
0.7054596
0.8791046
0.8061371
0.5669708
0.39759827
0.40133667
0.5504608
0.7065277
0.76138306
0.7523346
0.75286865
0.8103943
0.8806915
0.8684387
0.7784271
0.76672363
0.9334259
1.1523438
1.2791138
1.250351
1.0372925
0.7603302
0.6596527
0.70173645
0.80293274
0.9099884
1.0341034
1.1438293
1.1875
1.1757812
1.1331635
1.0516815
0.93981934
0.8258362
0.74967957
0.7720337
0.8423462
0.80081177
0.44873047
0.033813477
0.052459717
0.4620514
0.88282776
0.98776245
0.81092834
0.598938
0.5936127
0.76831055
0.92012024
0.94833374
0.9137268
0.8961487
0.9137268
0.948349
0.97283936
0.9653778
0.94088745
0.917984
0.93182373
1.0037384
1.0969391
1.1922913
1.2711182
1.2759094
1.126236
0.8529968
0.74328613
0.9371643
1.3174591
1.5949554
1.6199951
1.3654022
1.0836334
1.0026703
1.07724
1.1773682
1.173111
1.04422
0.89508057
0.7768402
0.695343
0.6372833
0.54141235
0.3885498
0.22076416
0.1174469
0.0790863
0.0513916
0.010910034
-0.015731812
-0.041290283
-0.14834595
-0.23356628
-0.16593933
0.03060913
0.23355103
0.3320923
0.30119324
0.2894745
0.35871887
0.503067
0.61331177
0.6388855
0.61865234
0.58454895
0.5776367
0.5738983
0.5233002
0.46258545
0.42477417
0.45298767
0.55101013
0.6910858
0.8476715
1.0090637
1.1390228
1.1789703
1.1214447
0.94781494
0.7155762
0.67936707
0.95207214
1.3318481
1.5656586
1.5709991
1.3765717
1.2253113
1.2354431
1.3345032
1.3952332
1.3440857
1.2002716
1.0740509
1.0010834
0.94195557
0.8562012
0.7246399
0.56484985
0.44181824
0.3571167
0.29693604
0.2793579
0.31983948
0.35871887
0.3097229
0.09187317
-0.12438965
-0.080718994
0.20744324
0.49346924
0.58454895
0.49028015
0.39759827
0.40292358
0.47270203
0.5446167
0.5834961
0.58561707
0.5462036
0.50253296
0.45832825
0.3693695
0.25805664
0.22769165
0.29586792
0.3970642
0.4854889
0.55633545
0.6021271
0.6404877
0.6846924
0.74967957
0.81625366
0.7741699
0.57229614
0.4908142
0.6958771
1.0825653
1.379776
1.4447632
1.2514191
1.0335693
0.9749756
1.0868225
1.2104034
1.203476
1.0554047
0.86206055
0.71025085
0.61491394
0.5440674
0.47323608
0.3842926
0.28201294
0.2197113
0.22608948
0.27296448
0.29959106
0.26498413
0.09240723
-0.32572937
-0.75076294
-0.767807
-0.43597412
-0.057800293
0.10092163
0.0034484863
-0.09135437
0.025299072
0.34327698
0.598938
0.6724396
0.6021271
0.44766235
0.38002014
0.4082489
0.41038513
0.3773651
0.312912
0.24952698
0.27722168
0.3539276
0.42210388
0.44714355
0.3885498
0.2702942
0.21437073
0.2617798
0.31930542
0.32144165
0.25112915
0.15525818
0.15472412
0.27722168
0.42422485
0.42636108
0.3224945
0.19146729
0.09347534
0.07003784
0.09559631
0.10092163
0.06576538
0.026901245
0.02583313
0.06578064
0.095062256
0.07695007
0.002380371
-0.12918091
-0.3630066
-0.62612915
-0.7885742
-0.78378296
-0.7086792
-0.6831207
-0.56381226
-0.11853027
0.31558228
0.019439697
-0.15847778
-0.50361633
-0.61920166
-0.26339722
0.28308105
0.5265045
0.33528137
0.13449097
0.20851135
0.40719604
0.43647766
0.22875977
-0.03491211
-0.17073059
-0.15208435
-0.024246216
0.10517883
0.2037201
0.26657104
0.29959106
0.32569885
0.35232544
0.36883545
0.31611633
0.19041443
0.113708496
0.19892883
0.32781982
0.30651855
0.20852661
0.12223816
-0.11958313
-0.3560791
-0.32411194
-0.026382446
0.33581543
0.43914795
0.15151978
-0.20161438
-0.31826782
-0.17977905
0.06843567
0.26550293
0.294281
0.19146729
0.03807068
-0.13983154
-0.29908752
-0.39549255
-0.45515442
-0.45248413
-0.43276978
-0.46366882
-0.4705963
-0.3827057
-0.31134033
-0.3161316
-0.34809875
-0.3672638
-0.3587494
-0.29162598
-0.15101624
0.052459717
0.14672852
0.036468506
-0.11639404
-0.120651245
0.025817871
0.23728943
0.33314514
0.21490479
0.03967285
-0.018920898
0.06790161
0.2505951
0.39387512
0.44766235
0.44180298
0.41731262
0.40985107
0.4316864
0.45832825
0.43701172
0.32781982
0.22502136
0.19734192
0.0236969
-0.23197937
-0.31240845
-0.15101624
0.11424255
0.18188477
0.08015442
-0.0072021484
-0.013061523
0.05458069
0.14300537
0.18188477
0.16644287
0.10891724
-0.046081543
-0.341156
-0.67459106
-0.91534424
-0.910553
-0.71347046
-0.5733948
-0.5180054
-0.52012634
-0.5483551
-0.5179901
-0.39337158
-0.3757782
-0.44503784
-0.30122375
0.0045166016
0.32356262
0.52597046
0.5440674
0.42796326
0.3139801
0.27243042
0.28681946
0.31184387
0.28149414
0.21543884
0.2037201
0.25219727
0.28256226
0.28256226
0.27349854
0.26817322
0.23355103
0.18614197
0.16377258
0.10998535
0.041275024
-0.07165527
-0.195755
-0.24795532
-0.085494995
0.23194885
0.4284973
0.44659424
0.35925293
0.24526978
0.18667603
0.21383667
0.23622131
0.17762756
0.06523132
-0.017852783
-0.02798462
-0.03224182
-0.08390808
-0.1680603
-0.25753784
-0.36354065
-0.44076538
-0.39283752
-0.2660675
-0.14675903
-0.010406494
0.09080505
0.019973755
-0.17071533
-0.35821533
-0.6154785
-0.6751251
-0.37419128
0.12968445
0.56217957
0.615448
0.36618042
0.0066375732
-0.23304749
-0.18403625
0.05618286
0.21810913
0.17602539
0.022628784
-0.1126709
-0.087631226
0.07536316
0.2591095
0.345932
0.26870728
0.11531067
0.05831909
0.118499756
0.22982788
0.2655182
0.1328888
-0.022659302
-0.20907593
-0.36886597
-0.3283844
-0.035446167
0.35072327
0.46417236
0.10998535
-0.35075378
-0.5414276
-0.401886
-0.08337402
0.121170044
0.12863159
-0.021057129
-0.23197937
-0.39814758
-0.4391632
-0.3768463
-0.2964325
-0.195755
-0.07858276
-0.05567932
-0.08230591
-0.15634155
-0.26820374
-0.37419128
-0.5643463
-0.7236023
-0.58618164
-0.22505188
0.11210632
0.16749573
-0.019989014
-0.16859436
-0.10787964
0.13661194
0.33262634
0.33528137
0.2239685
0.10838318
0.090270996
0.22343445
0.43115234
0.53234863
0.45246887
0.27563477
0.13235474
0.16430664
0.25645447
0.2244873
0.07003784
-0.051940918
-0.026916504
0.05883789
0.09347534
0.017837524
-0.16059875
-0.35289
-0.43118286
-0.3315735
-0.13929749
0.036468506
0.12223816
0.106781006
0.005050659
-0.15368652
-0.3006897
-0.38111877
-0.37579346
-0.27352905
-0.13769531
-0.03010559
0.03967285
0.12861633
0.18774414
-0.09562683
-0.7401123
-1.1843262
-1.1544952
-0.68258667
-0.035446167
0.38801575
0.54566956
0.57336426
0.55792236
0.49028015
0.33581543
0.13661194
-0.0072021484
0.025283813
0.21650696
0.3816223
0.38427734
0.25964355
0.16270447
0.13500977
0.13128662
0.06790161
-0.08869934
-0.2660675
-0.3491516
-0.22665405
0.064712524
0.23194885
0.19732666
0.18560791
0.22608948
0.27882385
0.26391602
0.15737915
0.022628784
-0.056747437
-0.05088806
0.043930054
0.13928223
0.15579224
0.08547974
-0.061538696
-0.23516846
-0.4375763
-0.5707245
-0.55049133
-0.47166443
-0.3315735
-0.120651245
0.07215881
0.08229065
-0.272995
-0.81040955
-0.99256897
-0.70495605
-0.23251343
0.14247131
0.28414917
0.21650696
0.10038757
0.052459717
0.08015442
0.19467163
0.26657104
0.20318604
0.10731506
0.09240723
0.12915039
0.13447571
0.08920288
0.005569458
-0.06260681
-0.10307312
-0.09402466
0.06896973
0.39120483
0.57922363
0.46470642
0.137146
-0.03437805
0.052993774
0.27989197
0.39920044
0.29693604
0.08866882
-0.02798462
-0.051956177
-0.006149292
0.08015442
0.12915039
0.09080505
0.030090332
0.027420044
-0.0024108887
-0.1361084
-0.3076172
-0.4114685
-0.42106628
-0.2926941
-0.038635254
0.22822571
0.3954773
0.34753418
0.07536316
-0.31027222
-0.704422
-0.8428955
-0.6362457
-0.20640564
0.19360352
0.39813232
0.3693695
0.29426575
0.27349854
0.29800415
0.3251648
0.26924133
0.23675537
0.31877136
0.45991516
0.61065674
0.6388855
0.5036011
0.32995605
0.27563477
0.38961792
0.5243683
0.55152893
0.3528595
-0.08869934
-0.55474854
-0.7433014
-0.5440979
-0.12757874
0.16804504
0.20692444
0.10731506
0.14033508
0.3097229
0.47377014
0.53289795
0.47216797
0.3331604
0.15419006
0.002380371
-0.09402466
-0.1515503
-0.18563843
-0.21386719
-0.21652222
-0.16699219
-0.06739807
-0.016784668
-0.16433716
-0.51000977
-0.6974945
-0.4844513
-0.04396057
0.35232544
0.40238953
0.08920288
-0.18884277
-0.34275818
-0.36940002
-0.27778625
-0.1361084
-0.03916931
-0.0013427734
0.03327942
0.021560669
-0.054611206
-0.1984253
-0.33424377
-0.4061432
-0.39816284
-0.3395691
-0.25914
-0.15101624
-0.054611206
-8.087158E-4
2.593994E-4
-0.03489685
-0.08709717
-0.1531372
-0.051940918
0.266037
0.57710266
0.6665802
0.5238342
0.29319763
0.184021
0.23461914
0.34753418
0.41838074
0.4284973
0.37843323
0.2671051
0.13235474
0.01411438
-0.0466156
-0.013061523
0.021560669
-0.021057129
-0.106277466
-0.15101624
-0.195755
-0.2926941
-0.388031
-0.48817444
-0.720932
-1.0042877
-1.0447693
-0.8178711
-0.4775238
-0.2191925
-0.1872406
-0.30122375
-0.40774536
-0.36886597
-0.19735718
-0.017318726
0.12968445
0.27243042
0.38482666
0.4151764
0.3166504
0.10998535
-0.06793213
-0.11746216
-0.0423584
0.083358765
0.20904541
0.3251648
0.4151764
0.46951294
0.3805542
0.16590881
0.08282471
0.23994446
0.51530457
0.6761627
0.64260864
0.44021606
0.27082825
0.24899292
0.27189636
0.24261475
0.17869568
0.09346008
0.022094727
-0.027450562
-0.08869934
-0.12918091
-0.13450623
-0.13343811
-0.14729309
-0.195755
-0.25167847
-0.24209595
-0.14515686
-0.050354004
-0.082839966
-0.2303772
-0.34754944
-0.2937622
-0.12918091
-0.064193726
-0.14889526
-0.21173096
-0.21440125
-0.20321655
-0.1749878
-0.14143372
-0.12864685
-0.13238525
-0.14089966
-0.13716125
-0.09402466
-0.06312561
-0.092422485
-0.1211853
-0.033828735
0.14779663
0.3406067
0.4812317
0.5419464
0.51478577
0.45565796
0.38534546
0.29267883
0.3097229
0.4817505
0.70492554
0.8679199
0.9084015
0.8562012
0.76937866
0.6708374
0.5728302
0.4743042
0.37469482
0.35606384
0.40026855
0.392807
0.40771484
0.41252136
0.3651123
0.41410828
0.53289795
0.56591797
0.49720764
0.4439392
0.44821167
0.5158539
0.6021271
0.54034424
0.230896
-0.11639404
-0.22132874
-0.021057129
0.32302856
0.51690674
0.49453735
0.4013214
0.4050598
0.4897461
0.5270386
0.49295044
0.43702698
0.45726013
0.5707092
0.69374084
0.77949524
0.80506897
0.7619171
0.7411499
0.7635193
0.8119812
0.90093994
1.0239716
1.1704559
1.299881
1.3616638
1.2524719
1.0921631
1.0799103
1.2071991
1.3366394
1.3563385
1.233841
1.0330353
0.9067993
0.86738586
0.8807068
0.9264984
0.94514465
0.8833618
0.79174805
0.72676086
0.6937561
0.64953613
0.57284546
0.45298767
0.35925293
0.3917389
0.4785614
0.4977417
0.4109192
0.27775574
0.17442322
0.053512573
-0.09614563
-0.10041809
0.1259613
0.44926453
0.6585846
0.67936707
0.5131836
0.2628479
0.08282471
0.07215881
0.25378418
0.5035858
0.69055176
0.7656555
0.7097168
0.5669861
0.45300293
0.44233704
0.45458984
0.46577454
0.503067
0.55633545
0.6170502
0.6692352
0.7022705
0.70280457
0.664978
0.585083
0.52116394
0.55526733
0.6644592
0.79441833
0.85406494
0.760849
0.6170502
0.5701752
0.598938
0.6266327
0.5941467
0.49028015
0.38375854
0.31610107
0.28201294
0.2559204
0.21383667
0.1605835
0.09559631
0.050857544
0.08282471
0.16804504
0.20957947
0.17230225
0.106781006
0.090270996
0.0236969
-0.18830872
-0.418396
-0.48710632
-0.38909912
-0.17233276
0.031143188
0.13607788
0.16697693
0.1728363
0.118499756
0.029556274
-0.031707764
-0.026916504
0.031677246
0.06364441
0.03274536
-0.0055999756
-0.003479004
0.022094727
0.041809082
0.11689758
0.24580383
0.3374176
0.3571167
0.2985382
0.22608948
0.22236633
0.21118164
0.19200134
0.26976013
0.35551453
0.36457825
0.3416748
0.29267883
0.2117157
0.10038757
0.03807068
0.07322693
0.0790863
-0.0050811768
-0.101486206
-0.1749878
-0.16166687
-0.0657959
0.014099121
-0.07644653
-0.1281128
-0.003479004
0.11264038
0.10998535
0.026885986
-0.07911682
-0.13504028
-0.0977478
-0.030639648
0.0066375732
-0.045028687
-0.22132874
-0.465271
-0.59417725
-0.4807129
-0.2026825
-0.0098724365
-0.08177185
-0.40455627
-0.7555542
-0.90309143
-0.75234985
-0.36672974
0.007171631
0.22183228
0.26445007
0.15791321
0.053527832
0.02848816
0.06364441
0.118499756
0.14567566
0.12649536
0.057250977
0.04232788
0.13235474
0.22343445
0.23355103
0.14193726
0.03967285
0.121170044
0.37043762
0.54566956
0.5675049
0.4774933
0.32409668
0.19360352
0.12010193
0.11531067
0.13075256
0.1451416
0.14193726
0.08280945
-0.027450562
-0.111068726
-0.1169281
-0.052474976
0.034347534
0.088134766
0.11103821
0.10838318
0.0236969
-0.09030151
-0.17604065
-0.25967407
-0.43011475
-0.63838196
-0.720932
-0.58618164
-0.2623291
0.029022217
0.031692505
-0.22612
-0.49829102
-0.58351135
-0.44076538
-0.19308472
0.009841919
0.0940094
0.14300537
0.21864319
0.22290039
0.11582947
-0.06846619
-0.21440125
-0.24423218
-0.092437744
0.1414032
0.26391602
0.27668762
0.22555542
0.095062256
-0.04875183
-0.085510254
0.04925537
0.32995605
0.5286255
0.56111145
0.42210388
0.14993286
-0.08816528
-0.19895935
-0.20321655
-0.09136963
0.086013794
0.20265198
0.23194885
0.18135071
0.08282471
-0.053009033
-0.14782715
-0.17817688
-0.1835022
-0.19309998
-0.24848938
-0.3092041
-0.3368988
-0.29110718
-0.17445374
-0.14250183
-0.27352905
-0.44555664
-0.45513916
-0.2884369
-0.08016968
0.03327942
0.033813477
0.0029144287
-0.059936523
-0.15794373
-0.1835022
-0.08709717
0.04234314
0.10092163
0.062576294
-0.04396057
-0.10520935
-0.073791504
0.043930054
0.19200134
0.27563477
0.34381104
0.41836548
0.47216797
0.50679016
0.4785614
0.3608551
0.2644348
0.282547
0.40238953
0.5099945
0.55152893
0.45619202
0.26445007
0.11317444
0.09719849
0.1648407
0.21757507
0.22662354
0.17602539
0.052978516
-0.13076782
-0.3326416
-0.4972229
-0.5467682
-0.45515442
-0.3518219
-0.30548096
-0.31134033
-0.37046814
-0.39389038
-0.34861755
-0.33103943
-0.38111877
-0.41041565
-0.39762878
-0.3092041
-0.20321655
-0.18138123
-0.23091125
-0.25328064
-0.20907593
-0.14941406
-0.0892334
-0.017318726
0.05618286
0.041275024
-0.05886841
-0.16220093
-0.19682312
-0.13983154
-0.056747437
0.0018463135
0.042877197
0.090270996
0.14726257
0.17869568
0.14620972
0.026885986
-0.05833435
-0.018920898
0.111572266
0.24473572
0.3209076
0.30651855
0.23780823
0.21118164
0.24101257
0.26657104
0.23568726
0.15151978
0.06311035
0.011978149
-0.0056152344
-0.04396057
-0.13929749
-0.20640564
-0.2000122
-0.18936157
-0.23944092
-0.30387878
-0.31985474
-0.2857666
-0.20428467
-0.12013245
-0.12225342
-0.21333313
-0.2745819
-0.24742126
-0.17285156
-0.20375061
-0.35394287
-0.4540863
-0.38058472
-0.10253906
0.19786072
0.36990356
0.4119873
0.36032104
0.2516632
0.12702942
0.048721313
0.010375977
-0.025848389
-0.073776245
-0.089767456
-0.027450562
0.097732544
0.20585632
0.20159912
0.09133911
-0.015731812
-0.092422485
-0.14196777
-0.12971497
-0.010940552
0.15258789
0.24420166
0.2596588
0.24580383
0.25805664
0.2862854
0.31558228
0.31237793
0.25645447
0.1456604
0.008773804
-0.10095215
-0.18031311
-0.21707153
-0.19682312
-0.11532593
-0.021057129
0.017303467
-0.014663696
-0.08123779
-0.12438965
-0.1169281
-0.009338379
0.1328888
0.17762756
0.012512207
-0.24795532
-0.2937622
-0.03543091
0.25379944
0.3496704
0.21810913
-0.05142212
-0.26766968
-0.3241272
-0.31985474
-0.32359314
-0.27885437
-0.17019653
-0.04714966
0.04446411
0.10359192
0.14033508
0.1334076
0.15205383
0.25645447
0.3496704
0.35871887
0.3528595
0.40931702
0.48228455
0.49613953
0.47962952
0.45246887
0.43649292
0.37841797
0.2394104
0.19200134
0.2751007
0.37309265
0.32356262
0.15258789
0.009841919
-0.052474976
-0.05567932
-0.014129639
0.019439697
0.041809082
0.05618286
0.09559631
0.11051941
0.09133911
0.05192566
-0.097213745
-0.1169281
-0.08602905
-0.14569092
-0.28097534
-0.36247253
-0.23410034
0.05406189
0.23834229
0.23780823
0.17016602
0.11956787
0.090270996
0.05618286
0.045532227
0.06790161
0.08227539
0.057785034
-0.020523071
-0.11746216
-0.18138123
-0.20214844
-0.195755
-0.17710876
-0.13983154
-0.08444214
-0.025314331
0.022094727
0.033813477
-0.006668091
-0.05833435
-0.08390808
-0.087631226
-0.07432556
-0.082839966
-0.11160278
-0.12704468
-0.13024902
-0.13557434
-0.13183594
-0.101486206
-0.054611206
-0.011474609
0.008773804
0.012512207
0.009841919
0.0050354004
-0.029052734
-0.08444214
-0.12225342
-0.111068726
-0.0423584
0.030090332
0.02848816
-0.025314331
-0.06367493
-0.059402466
-0.0423584
-0.038635254
-0.045547485
-0.040756226
-0.017318726
-0.0055999756
-0.010406494
-0.015731812
-0.011993408
-0.017318726
-0.0460968
-0.08123779
-0.092422485
-0.06686401
-0.03543091
-0.031173706
-0.033309937
-0.019989014
0.009307861
0.036468506
0.042877197
0.010910034
-0.036499023
-0.056732178
-0.038635254
-0.011474609
0.01411438
0.008773804
-0.022659302
-0.040222168
-0.017852783
0.024230957
0.057785034
0.07003784
0.055114746
0.037017822
0.040740967
0.06736755
0.06790161
0.03541565
-2.89917E-4
-0.024780273
-0.04396057
-0.064193726
-0.082839966
-0.09616089
-0.09828186
-0.08816528
-0.07272339
-0.033843994
0.027954102
0.07536316
0.081222534
0.06576538
0.041809082
0.012512207
-0.024780273
-0.0466156
-0.040237427
-0.033309937
-0.038101196
-0.035446167
-0.021057129
-0.0013427734
0.019973755
0.020507812
0.0013122559
-0.024780273
-0.03489685
-0.020523071
0.0029144287
0.020507812
0.025283813
0.024765015
0.039138794
0.055130005
0.06097412
0.043930054
0.01411438
-0.011993408
-0.03543091
-0.04928589
-0.03543091
-0.010406494
-0.0013427734
-0.014663696
-0.026382446
-0.03277588
-0.017333984
0.009841919
0.0029144287
-0.016799927
-0.01838684
0.0077056885
0.033813477
0.050857544
0.06417847
0.069503784
0.06576538
0.05831909
0.041275024
0.022628784
0.010910034
0.003982544
0.0061035156
0.015167236
0.030090332
0.04927063
0.048736572
0.034347534
0.0236969
0.02848816
0.048721313
0.06311035
0.05885315
0.04660034
0.042877197
0.05883789
0.08227539
0.10305786
0.09347534
0.04232788
-0.017318726
-0.036499023
-0.012542725
0.018371582
0.01890564
-0.008270264
-0.025848389
-0.008270264
0.039138794
0.08175659
0.090270996
0.06364441
0.032211304
0.017303467
0.027420044
0.03541565
0.036468506
0.032211304
0.031677246
0.045532227
0.062042236
0.06523132
0.06150818
0.055114746
0.036483765
0.027420044
0.025283813
0.029022217
0.0513916
0.06843567
0.05831909
0.043930054
0.04446411
0.055648804
0.06790161
0.07215881
0.05192566
0.017837524
0.0029144287
0.0034484863
0.0034484863
-0.013061523
-0.047683716
-0.07858276
-0.07858276
-0.061538696
-0.03968811
-0.014129639
0.002380371
0.0146484375
0.03488159
0.060440063
0.07376099
0.06150818
0.03753662
0.025817871
0.03062439
0.037017822
0.05885315
0.08441162
0.052993774
-0.011474609
-0.025314331
0.031143188
0.076431274
0.06311035
0.031158447
0.013046265
0.008773804
0.010375977
0.022628784
0.023162842
-0.004547119
-0.035964966
-0.040771484
-0.014663696
0.03807068
0.111572266
0.21810913
0.30386353
0.27775574
0.1770935
0.05831909
-0.055145264
-0.108932495
-0.122787476
-0.1281128
-0.12385559
-0.113723755
-0.085510254
-0.06472778
-0.080718994
-0.11425781
-0.12332153
-0.10202026
-0.073776245
-0.05886841
-0.05142212
-0.04875183
-0.054611206
-0.0657959
-0.0700531
-0.06526184
-0.04875183
-0.03489685
-0.038635254
-0.03756714
-0.019454956
0.010375977
0.037002563
0.039138794
0.007171631
-0.036499023
-0.055145264
-0.04928589
-0.02796936
-0.014663696
-0.02798462
-0.040756226
-0.040237427
-0.0231781
-0.0231781
-0.06686401
-0.10095215
-0.080703735
-0.034362793
-0.009338379
-0.0024108887
-0.003479004
-0.008804321
0.011978149
0.06790161
0.12223816
0.12489319
0.06896973
0.003982544
-0.024780273
-0.022125244
-0.011993408
-0.022125244
-0.031707764
-0.022125244
-0.006134033
0.010910034
0.027420044
0.038604736
0.043395996
0.04020691
0.03274536
0.03060913
0.031677246
0.04232788
0.055648804
0.039138794
0.0061035156
-0.008270264
0.008773804
0.030090332
0.021026611
-0.01625061
-0.05354309
-0.068984985
-0.06686401
-0.05781555
-0.049819946
-0.048217773
-0.043426514
-0.029571533
-0.017333984
-0.01626587
-0.028518677
-0.0423584
-0.071121216
-0.07218933
-0.09295654
-0.15315247
-0.21333313
-0.25860596
