24.276733
24.963379
25.05188
23.200989
25.302124
25.39215
25.027466
23.362732
23.388672
24.053955
25.492859
23.013306
25.27771
23.039246
23.303223
23.602295
23.327637
25.053406
23.989868
23.51532
22.976685
22.976685
24.07837
24.053955
22.738647
23.704529
25.19226
22.827148
23.640442
24.055481
22.07489
24.015808
24.615479
22.416687
22.7417
22.71576
22.828674
23.14148
23.362732
22.764587
24.339294
24.053955
23.512268
22.801208
23.678589
24.94049
24.742126
23.26355
22.738647
23.928833
24.053955
23.327637
23.539734
21.751404
23.452759
23.887634
24.203491
23.165894
23.14148
23.428345
22.140503
22.389221
22.390747
23.365784
23.364258
22.453308
24.055481
22.479248
22.24121
24.092102
23.643494
22.955322
23.402405
23.22998
21.664429
23.139954
22.305298
23.76709
21.264648
22.479248
23.14148
22.306824
22.80426
22.929382
22.764587
21.850586
22.265625
22.677612
22.865295
22.953796
23.164368
22.343445
23.14148
22.891235
21.914673
23.805237
23.989868
23.989868
23.989868
23.14148
22.677612
22.114563
22.865295
21.289062
22.07489
22.927856
24.804688
22.891235
23.20404
22.677612
23.61908
23.054504
23.077393
21.766663
22.929382
23.165894
23.016357
24.331665
22.740173
23.61908
22.71576
23.928833
22.738647
23.14148
23.516846
21.064758
23.927307
22.866821
24.467468
23.930359
23.768616
23.426819
23.14148
23.104858
24.70398
22.479248
25.241089
22.26715
22.91565
24.116516
22.32666
23.139954
22.099304
23.57788
23.265076
24.778748
22.930908
22.329712
22.265625
24.241638
22.88971
23.054504
23.641968
22.866821
23.017883
24.617004
24.243164
23.704529
23.680115
21.813965
23.902893
23.329163
24.617004
23.602295
25.526428
23.704529
24.465942
23.452759
24.053955
23.641968
22.3526
23.329163
23.904419
23.452759
23.452759
23.452759
25.154114
24.50409
22.201538
21.351624
22.140503
24.014282
24.014282
23.42987
23.475647
23.077393
23.60382
23.301697
25.390625
23.26355
22.991943
23.365784
24.655151
22.766113
25.692749
23.40393
23.579407
23.742676
23.327637
23.364258
24.116516
23.864746
23.641968
22.453308
23.327637
23.602295
22.415161
22.10083
23.57788
23.490906
24.403381
22.303772
22.88971
23.426819
23.57788
23.32611
23.039246
23.239136
23.327637
23.579407
22.265625
22.677612
22.802734
22.88971
22.717285
23.927307
22.717285
23.265076
23.239136
23.989868
22.32666
22.851562
22.163391
24.70398
22.914124
24.365234
24.641418
22.616577
25.430298
23.513794
23.138428
23.867798
22.367859
22.354126
23.26355
23.329163
23.390198
23.776245
23.96698
23.45581
22.576904
22.576904
22.576904
22.955322
24.617004
22.802734
23.040771
23.96698
22.550964
22.91565
23.706055
23.239136
22.415161
23.866272
23.103333
22.677612
25.19226
25.004578
22.740173
25.215149
23.51532
23.640442
23.493958
23.016357
23.365784
24.363708
24.203491
23.468018
23.640442
23.428345
23.200989
23.016357
22.076416
22.329712
22.677612
23.165894
23.365784
23.14148
23.327637
22.076416
23.965454
23.468018
24.505615
22.891235
22.351074
23.991394
23.51532
22.43042
22.328186
23.51532
22.17865
23.678589
22.71576
24.305725
23.364258
22.415161
22.479248
24.241638
22.827148
23.327637
23.640442
23.428345
24.177551
21.41571
23.205566
23.680115
22.766113
23.704529
23.42987
23.20404
23.991394
23.553467
22.991943
23.365784
22.779846
22.679138
23.22998
22.042847
22.042847
22.805786
22.24121
23.016357
22.891235
22.927856
23.680115
24.629211
23.57788
23.304749
24.33014
23.742676
24.267578
23.402405
24.716187
23.680115
24.719238
24.028015
24.11499
23.329163
25.430298
24.693298
24.302673
24.53003
25.527954
23.428345
24.281311
24.716187
23.329163
24.179077
23.901367
24.154663
24.742126
24.967957
23.242188
25.154114
24.34082
23.554993
24.842834
23.806763
24.92218
23.756409
23.432922
22.557068
22.705078
22.555542
22.679138
22.769165
22.929382
24.058533
23.05603
22.991943
22.494507
22.169495
21.644592
22.43042
22.77069
23.61908
21.455383
22.579956
23.13385
21.995544
21.620178
22.11914
22.833252
20.895386
22.183228
23.495483
21.607971
19.580078
22.079468
22.143555
21.969604
22.079468
21.244812
22.407532
21.307373
21.307373
20.628357
20.41626
21.85669
20.04242
21.768188
21.04187
21.165466
22.642517
20.440674
20.892334
22.895813
20.95337
21.64154
22.520447
22.143555
21.452332
21.817017
21.818542
22.180176
20.66803
22.206116
22.181702
21.894836
21.705627
21.102905
21.168518
20.828247
21.707153
22.206116
21.018982
21.29364
22.781372
23.806763
23.143005
22.517395
23.182678
22.868347
22.558594
21.243286
20.831299
21.994019
22.407532
20.95337
22.70813
21.308899
20.895386
20.732117
21.444702
22.018433
19.444275
20.581055
21.420288
22.367859
21.542358
21.60492
20.205688
20.167542
20.753479
22.415161
22.392273
22.453308
21.606445
20.941162
22.727966
22.729492
21.565247
23.046875
23.918152
25.704956
22.879028
24.353027
23.805237
23.828125
23.228455
23.641968
23.641968
23.641968
23.576355
23.22998
22.854614
23.518372
22.955322
22.680664
22.666931
23.266602
23.016357
22.605896
22.080994
20.81604
22.268677
20.52002
21.669006
19.729614
21.543884
20.480347
21.70868
22.743225
22.14508
21.06781
21.23108
21.707153
22.955322
23.043823
20.729065
21.318054
23.994446
21.66748
23.306274
22.492981
23.892212
21.502686
21.400452
22.975159
21.351624
22.75238
23.329163
23.764038
23.291016
20.440674
22.055054
22.192383
23.478699
23.390198
23.350525
22.229004
24.739075
22.766113
23.391724
22.062683
21.627808
23.162842
22.01538
22.227478
21.263123
22.702026
22.703552
23.304749
23.226929
22.892761
22.55249
22.053528
22.052002
21.791077
20.890808
20.352173
21.418762
21.35315
22.416687
22.76764
22.743225
21.617126
22.392273
22.392273
23.016357
20.628357
21.78955
21.768188
22.079468
21.83075
22.392273
21.228027
21.414185
20.204163
20.477295
22.055054
20.765686
22.51587
21.50116
22.451782
22.32666
21.376038
21.539307
21.289062
22.540283
24.328613
22.363281
23.049927
23.703003
21.826172
21.788025
22.427368
23.266602
21.50116
22.363281
22.24884
20.87555
21.914673
19.841003
21.414185
21.914673
22.427368
21.56372
21.064758
23.329163
22.055054
22.602844
20.703125
21.264648
21.754456
20.954895
21.066284
21.542358
20.289612
22.953796
22.917175
20.25299
21.224976
21.977234
21.665955
22.51587
20.793152
22.103882
20.729065
21.629333
21.890259
21.66748
20.977783
20.890808
22.76764
21.003723
22.76764
20.33844
20.793152
20.25299
22.79358
23.231506
21.328735
22.102356
22.288513
22.288513
23.664856
22.976685
21.876526
22.367859
21.881104
20.277405
19.944763
19.192505
18.530273
18.65387
17.617798
18.218994
17.216492
17.903137
19.468689
18.693542
18.795776
18.754578
18.569946
17.807007
17.156982
18.345642
17.115784
18.029785
17.092896
18.544006
18.00232
18.843079
18.157959
16.116333
16.493225
16.9693
18.858337
17.759705
17.781067
16.970825
18.107605
17.507935
18.733215
17.533875
15.956116
17.658997
18.156433
19.407654
17.018127
16.757202
16.156006
18.096924
18.382263
16.63208
16.868591
16.906738
16.656494
16.281128
18.095398
17.016602
17.056274
16.80603
18.84613
17.120361
15.844727
15.206909
15.371704
14.706421
15.657043
15.156555
15.844727
15.431213
17.0578
16.494751
15.995789
14.743042
15.307617
14.334106
14.932251
14.659119
14.659119
15.020752
15.022278
14.294434
14.920044
14.494324
14.120483
14.080811
14.668274
14.767456
13.980103
15.057373
15.893555
16.931152
14.955139
15.640259
16.514587
17.494202
16.07666
16.177368
15.927124
15.325928
15.37323
15.261841
16.13617
16.949463
17.929077
19.400024
19.54956
20.500183
19.438171
18.57605
18.15033
18.4906
19.676208
19.152832
20.576477
19.152832
19.56482
17.515564
19.651794
19.065857
19.02771
20.64209
19.104004
18.502808
17.337036
18.478394
17.71698
17.74292
17.404175
16.40625
17.178345
16.390991
16.989136
17.428589
17.527771
17.237854
19.192505
16.716003
18.215942
17.468262
18.865967
18.406677
17.805481
18.56842
18.128967
19.729614
20.417786
18.780518
20.480347
18.650818
19.87915
20.729065
18.443298
18.777466
18.777466
18.777466
20.166016
21.206665
21.229553
20.954895
22.29309
18.754578
20.233154
20.954895
20.95642
19.256592
20.233154
20.005798
18.10608
18.795776
18.930054
19.857788
18.73169
19.094849
18.56842
18.258667
17.321777
17.907715
18.859863
16.949463
18.548584
17.858887
17.634583
16.845703
17.259216
17.297363
17.259216
17.495728
16.784668
18.423462
18.09845
16.949463
19.212341
17.533875
16.246033
18.424988
18.09845
18.763733
17.84668
19.047546
19.285583
18.510437
20.20874
19.52362
20.79773
19.69757
19.285583
19.172668
20.899963
20.669556
18.769836
20.773315
20.361328
19.546509
20.483398
20.758057
20.559692
20.259094
20.584106
19.569397
19.610596
21.835327
21.147156
20.735168
19.758606
22.061157
22.18628
23.03772
22.312927
20.750427
20.462036
20.462036
21.089172
17.536926
19.08722
17.359924
18.325806
19.40155
19.187927
20.713806
19.378662
19.314575
18.902588
20.02716
18.17627
18.878174
20.526123
19.40155
19.877625
20.739746
19.711304
20.913696
22.038269
20.425415
21.876526
22.18628
21.897888
22.776794
22.814941
22.149658
23.223877
21.713257
22.401428
23.526001
23.123169
24.450684
23.4375
23.164368
21.673584
22.151184
22.402954
21.775818
20.985413
21.000671
22.665405
19.650269
22.418213
19.40155
18.487549
19.213867
20.42694
19.174194
19.026184
17.539978
17.611694
17.300415
16.47644
16.827393
17.366028
15.763855
17.054749
15.376282
15.312195
17.300415
17.489624
16.41388
16.601562
18.20221
17.202759
17.614746
17.411804
17.701721
16.099548
18.29834
18.164062
16.226196
17.453003
14.685059
15.34729
15.34729
15.885925
16.409302
17.185974
17.224121
17.07306
15.457153
16.659546
16.532898
17.347717
17.69867
16.723633
17.074585
16.186523
14.935303
15.710449
16.85028
16.349792
16.22467
16.85028
17.573547
17.173767
16.949463
15.849304
15.412903
15.013123
14.538574
13.500977
14.0625
12.400818
13.414001
13.604736
13.064575
12.939453
13.388062
13.12561
13.414001
13.775635
12.850952
13.453674
12.789917
12.185669
12.562561
12.150574
12.724304
13.311768
12.87384
11.64856
13.461304
11.837769
12.962341
12.901306
13.412476
11.836243
12.147522
11.300659
10.636902
10.48584
9.9609375
10.424805
11.212158
11.248779
10.197449
11.773682
8.836365
9.713745
8.535767
8.486938
7.862854
6.8237305
5.947876
5.4733276
4.88739
2.5604248
3.3111572
3.3111572
3.3111572
3.163147
1.0848999
-0.7034302
-2.6550293
-2.079773
-2.9418945
-3.0044556
-2.9037476
-2.8427124
-2.9891968
-4.7790527
-6.0195923
-7.6446533
-5.630493
-8.27179
-7.9818726
-8.02002
-9.27124
-10.032654
-10.397339
-10.28595
-12.036133
-12.486267
-12.67395
-11.613464
-12.799072
-14.051819
-13.864136
-15.090942
-14.074707
-15.689087
-16.339111
-15.626526
-15.539551
-15.652466
-16.227722
-16.8396
-16.401672
-16.81366
-18.215942
-18.040466
-17.518616
-17.565918
-18.728638
-17.915344
-18.229675
-18.330383
-19.332886
-18.894958
-19.018555
-20.683289
-18.870544
-19.769287
-21.90857
-21.157837
-20.223999
-20.123291
-20.335388
-23.097229
-22.42279
-22.036743
-22.723389
-23.86322
-22.801208
-22.950745
-23.490906
-22.351074
-23.576355
-23.487854
-22.2641
-23.449707
-22.987366
-23.324585
-22.387695
-22.200012
-21.73767
-21.73767
-20.100403
-23.425293
-22.737122
-23.26355
-23.753357
-22.613525
-23.265076
-23.487854
-21.287537
-24.177551
-24.263
-23.739624
-22.676086
-23.01178
-23.387146
-23.638916
-22.387695
-24.525452
-23.400879
-24.40033
-24.63684
-24.71466
-24.298096
-24.176025
-26.490784
-25.428772
-25.926208
-25.927734
-27.027893
-25.802612
-26.940918
-26.876831
-27.153015
-27.914429
-25.863647
-26.148987
-27.479553
-28.903198
-28.103638
-28.126526
-27.978516
-29.566956
-27.503967
-29.504395
-30.003357
-28.752136
-27.352905
-29.13208
-28.727722
-29.138184
-28.227234
-28.601074
-29.226685
-29.502869
-28.102112
-29.06189
-29.20227
-29.200745
-30.201721
-30.740356
-29.225159
-29.600525
-28.060913
-28.434753
-27.835083
-28.474426
-27.746582
-27.848816
-29.101562
-28.773499
-29.536438
-29.74701
-29.312134
-30.438232
-30.160522
-30.975342
-30.975342
-31.037903
-31.576538
-31.538391
-33.40454
-32.52716
-31.425476
-32.77893
-32.591248
-32.954407
-33.903503
-34.17816
-32.57599
-34.654236
-33.239746
-34.00421
-31.764221
-34.69391
-34.005737
-33.529663
-33.901978
-34.9411
-34.59015
-32.717896
-32.818604
-34.153748
-34.503174
-32.15332
-34.843445
-34.0271
-33.528137
-33.903503
-32.113647
-32.177734
-32.11212
-31.922913
-32.800293
-32.847595
-33.387756
-32.136536
-33.148193
-32.800293
-32.30133
-30.88379
-32.52411
-31.5979
-32.78656
-31.660461
-32.548523
-32.82318
-32.421875
-32.225037
-33.27484
-34.501648
-34.15222
-35.253906
-33.779907
-34.754944
-35.50415
-34.75647
-35.40497
-36.483765
-37.38098
-35.44464
-33.84247
-33.779907
-33.30536
-33.755493
-33.00476
-34.03015
-33.90503
-34.38263
-33.381653
-32.655334
-31.92749
-31.404114
-30.889893
-32.69348
-32.69348
-32.69348
-32.77893
-32.203674
-33.06732
-32.27997
-31.965637
-30.802917
-32.218933
-31.904602
-32.80487
-31.054688
-32.80487
-31.556702
-31.593323
-32.154846
-32.655334
-34.031677
-33.946228
-32.933044
-33.93097
-34.506226
-33.36792
-33.343506
-32.180786
-32.67975
-33.932495
-33.06732
-33.242798
-35.35919
-34.857178
-36.236572
-34.883118
-35.697937
-35.4599
-36.898804
-36.61499
-35.549927
-35.838318
-35.116577
-36.027527
-35.118103
-35.780334
-36.817932
-37.594604
-34.928894
-36.843872
-35.403442
-34.262085
-33.787537
-35.62622
-35.92682
-35.46295
-37.464905
-37.026978
-36.776733
-37.399292
-35.798645
-35.484314
-34.446716
-35.461426
-34.924316
-34.7641
-35.71472
-34.510803
-34.661865
-34.013367
-35.0235
-33.384705
-32.16095
-35.113525
-36.51581
-37.338257
-36.42578
-35.2005
-35.52704
-35.52704
-35.52704
-35.48889
-35.17456
-34.098816
-32.911682
-35.398865
-36.45172
-33.302307
-35.55298
-36.341858
-36.68976
-37.417603
-36.380005
-38.134766
-35.18219
-36.242676
-37.73346
-36.11908
-37.91046
-38.29651
-38.008118
-36.2442
-38.25836
-37.78076
-35.82611
-34.765625
-35.17914
-35.77881
-35.627747
-35.77881
-36.491394
-35.968018
-36.46698
-37.132263
-35.968018
-35.968018
-36.28235
-36.631775
-35.116577
-35.49347
-35.655212
-36.245728
-35.821533
-36.557007
-36.14502
-36.531067
-37.93335
-36.05652
-37.745667
-35.7193
-35.92987
-36.28235
-36.51886
-36.242676
-35.8078
-36.817932
-37.50763
-36.78131
-36.909485
-37.872314
-36.634827
-39.02588
-38.38806
-37.97455
-38.201904
-36.286926
-36.260986
-38.01422
-36.990356
-36.95221
-36.763
-37.48932
-38.116455
-37.538147
-38.113403
-37.075806
-37.600708
-37.600708
-37.600708
-36.245728
-36.010742
-37.973022
-36.84845
-36.683655
-34.97467
-36.286926
-36.050415
-36.3739
-34.34906
-35.987854
-34.08661
-35.94818
-35.035706
-36.245728
-36.78589
-34.934998
-34.960938
-35.1593
-36.634827
-33.709717
-36.68518
-36.520386
-33.93402
-35.847473
-35.246277
-35.697937
-36.05957
-35.995483
-35.31189
-34.59778
-34.295654
-34.29718
-34.121704
-34.233093
-36.05957
-36.083984
-35.762024
-34.710693
-34.661865
-34.835815
-35.499573
-34.68628
-35.412598
-35.951233
-34.87549
-34.33838
-35.562134
-34.249878
-33.64868
-33.74939
-33.08258
-33.518982
-33.60901
-33.148193
-33.210754
-32.484436
-33.961487
-33.607483
-33.836365
-33.92334
-32.83539
-34.962463
-32.98645
-33.436584
-33.73413
-33.49762
-31.944275
-32.984924
-33.473206
-31.8573
-33.37097
-34.020996
-33.520508
-32.70874
-32.70874
-32.70874
-32.382202
-31.00586
-31.629944
-32.452393
-30.917358
-33.140564
-31.330872
-31.817627
-30.46875
-30.343628
-33.48236
-31.88324
-32.85675
-31.518555
-31.817627
-32.16858
-31.356812
-31.958008
-31.983948
-33.122253
-31.982422
-31.23169
-31.858826
-31.643677
-31.478882
-30.044556
-31.318665
-31.170654
-31.018066
-31.233215
-32.33185
-32.418823
-32.295227
-31.83136
-30.693054
-31.317139
-31.23169
-32.45697
-33.07953
-31.83136
-31.167603
-31.742859
-30.856323
-29.441833
-31.44226
-28.49121
-30.81665
-29.714966
-30.540466
-30.503845
-31.077576
-30.630493
-30.75409
-30.503845
-30.56488
-29.812622
-29.12445
-29.251099
-28.062439
-29.400635
-28.927612
-30.001831
-30.151367
-29.815674
-29.8172
-29.226685
-29.977417
-31.141663
-30.403137
-30.441284
-30.72815
-29.667664
-29.193115
-29.28009
-30.670166
-30.133057
-30.133057
-31.08368
-30.918884
-31.794739
-29.66919
-30.004883
-27.940369
-28.793335
-29.104614
-28.216553
-28.881836
-30.030823
-27.552795
-28.3432
-31.08368
-29.168701
-26.428223
-28.90625
-28.277588
-29.205322
-29.26941
-29.855347
-29.35791
-30.258179
-31.14624
-29.933167
-28.982544
-29.418945
-30.708313
-29.70581
-28.79486
-29.85382
-29.98352
-29.815674
-29.130554
-28.440857
-28.631592
-28.730774
-28.591919
-29.380798
-29.707336
-28.947449
-29.110718
-28.98407
-28.61023
-27.56958
-28.271484
-28.761292
-27.92511
-29.364014
-30.226135
-30.316162
-30.56488
-28.823853
-29.624939
-30.227661
-29.336548
-27.836609
-27.822876
-28.69873
-27.859497
-27.108765
-29.110718
-28.961182
-26.785278
-30.526733
-28.27301
-28.297424
-28.424072
-27.900696
-26.846313
-28.071594
-26.947021
-27.471924
-26.197815
-28.398132
-27.836609
-27.836609
-27.836609
-26.9104
-26.76239
-26.046753
-26.608276
-27.886963
-28.67279
-26.948547
-27.963257
-27.235413
-26.507568
-26.347351
-27.886963
-27.301025
-27.886963
-29.301453
-28.738403
-30.566406
-29.530334
-29.882812
-28.465271
-28.755188
-27.830505
-28.494263
-27.409363
-28.796387
-29.386902
-27.307129
-27.597046
-26.657104
-26.332092
-27.822876
-28.282166
-29.486084
-28.259277
-28.845215
-29.095459
-27.722168
-28.13263
-27.807617
-26.367188
-27.079773
-26.216125
-26.731873
-25.704956
-25.830078
-26.242065
-25.979614
-26.18103
-25.515747
-23.4375
-25.665283
-24.91455
-24.62616
-23.724365
-25.061035
-22.434998
-21.270752
-23.472595
-21.85669
-22.332764
-22.68219
-22.31903
-21.481323
-19.692993
-20.4422
-19.026184
-19.026184
-17.32483
-16.13617
-17.198181
-16.035461
-16.061401
-15.370178
-15.371704
-15.409851
-15.248108
-15.248108
-14.620972
-14.582825
-15.597534
-13.9328
-13.719177
-12.208557
-13.809204
-12.431335
-11.230469
-12.081909
-11.567688
-10.253906
-10.8810425
-8.31604
-8.378601
-9.091187
-8.679199
-8.903503
-8.656311
-6.2026978
-6.806946
-5.1651
-5.429077
-4.1137695
-3.7277222
-2.5634766
-3.378296
-2.104187
-2.1652222
-1.914978
0.4348755
1.348877
1.6983032
2.923584
2.659607
3.048706
4.0496826
2.546692
5.0231934
5.0216675
5.2963257
5.683899
5.3588867
5.74646
7.058716
6.4956665
6.0058594
5.619812
5.9799194
6.4559937
7.080078
6.994629
6.892395
8.079529
7.7697754
8.555603
7.4554443
8.244324
8.282471
9.844971
8.892822
9.243774
9.403992
9.30481
11.091614
11.380005
12.004089
10.5911255
11.717224
11.44104
11.81488
13.378906
13.388062
13.742065
13.562012
13.726807
13.452148
15.200806
15.174866
15.174866
15.388489
14.788818
15.847778
14.038086
16.448975
15.284729
17.29889
16.73584
16.409302
18.13507
17.558289
18.321228
18.032837
17.4057
18.756104
18.405151
19.030762
18.79425
18.603516
19.317627
19.915771
19.230652
19.128418
19.854736
18.71643
21.514893
20.002747
19.16504
20.22705
20.414734
19.77539
20.501709
22.827148
20.22705
21.50116
19.902039
19.535828
20.565796
22.076416
21.522522
20.124817
21.522522
20.812988
22.387695
22.66388
21.3974
20.274353
20.684814
21.720886
21.783447
20.521545
20.994568
21.141052
20.49408
21.017456
20.516968
20.643616
20.991516
21.968079
20.225525
20.202637
21.388245
20.101929
20.661926
18.80951
21.0495
19.374084
18.719482
19.096375
18.64624
19.093323
18.145752
18.02063
16.893005
17.367554
17.367554
17.755127
16.78009
17.930603
16.802979
18.09082
15.264893
15.705872
17.927551
15.855408
16.95404
17.404175
17.366028
18.492126
18.74237
17.930603
17.753601
17.341614
15.539551
17.756653
15.487671
16.26587
16.300964
15.637207
16.075134
15.536499
14.575195
14.949036
15.361023
16.02478
14.884949
15.385437
14.971924
14.134216
15.4953
15.170288
14.5095825
12.843323
13.50708
13.031006
14.2578125
13.508606
12.467957
11.543274
11.369324
12.11853
14.256287
14.321899
13.822937
14.508057
12.306213
11.416626
12.4053955
12.683105
11.930847
12.532043
11.09314
12.5564575
12.905884
12.945557
12.059021
11.97052
13.15918
11.933899
12.084961
12.683105
12.333679
10.383606
11.434937
12.64801
11.734009
12.773132
12.748718
10.85968
9.385681
9.695435
9.321594
10.360718
10.360718
10.456848
10.456848
11.308289
10.769653
10.609436
11.047363
8.956909
10.983276
10.397339
11.235046
9.732056
9.858704
8.84552
8.609009
10.359192
10.133362
8.157349
9.794617
9.146118
8.384705
8.773804
8.409119
9.898376
8.285522
9.236145
7.536316
7.1228027
9.011841
7.698059
9.873962
7.595825
8.972168
10.1501465
9.57489
10.047913
8.860779
7.61261
8.361816
6.6360474
7.1990967
6.7855835
8.573914
6.8115234
8.299255
7.1990967
7.887268
9.239197
8.963013
7.2006226
8.451843
7.2616577
6.7871094
8.96759
7.63855
7.7148438
7.4798584
7.5790405
7.4768066
5.5526733
6.576538
7.4539185
7.2021484
7.951355
6.7245483
5.4748535
7.3501587
5.3253174
6.225586
5.5755615
6.9137573
6.790161
5.4748535
6.67572
6.539917
4.3136597
6.227112
4.9987793
4.9987793
4.4387817
5.6640625
4.626465
3.9398193
3.8146973
5.062866
6.0165405
6.352234
5.5526733
5.064392
5.1651
5.2886963
5.1651
5.5786133
6.2026978
4.437256
3.942871
4.7546387
4.953003
2.4032593
3.9169312
4.1290283
3.829956
3.829956
5.015564
3.3172607
3.8787842
5.555725
3.831482
4.0893555
4.5410156
3.2928467
4.5669556
3.378296
4.3792725
4.3777466
1.8676758
4.5028687
2.7145386
2.3406982
1.5655518
3.3538818
1.802063
2.7770996
2.6672363
3.527832
3.791809
1.6525269
2.31781
1.8417358
2.380371
1.612854
1.5258789
2.2537231
2.3025513
0.52948
0.98876953
1.5304565
2.8167725
2.2766113
1.3397217
1.1154175
3.6026
1.864624
1.5899658
1.5518188
3.1906128
1.5930176
3.2791138
1.4038086
2.9067993
0.48828125
2.027893
1.7425537
2.4047852
1.5289307
1.5289307
1.5289307
1.2176514
2.381897
1.6296387
0.5157471
-0.13580322
2.281189
1.1810303
1.5319824
3.0059814
2.406311
2.7572632
1.8051147
2.3422241
2.9693604
2.1942139
1.7822266
1.1154175
3.0075073
1.9042969
1.6311646
2.4932861
1.5930176
1.9073486
2.7313232
2.444458
0.5935669
1.1169434
1.03302
2.8198242
2.470398
1.5304565
2.9830933
2.7954102
2.2201538
2.4734497
2.0355225
2.9083252
2.909851
2.407837
1.5701294
3.07312
2.1957397
2.923584
2.3223877
3.074646
1.435852
2.3864746
2.4093628
3.163147
3.6392212
2.5344849
2.3620605
3.074646
2.3880005
2.2994995
4.0878296
2.2613525
2.2613525
1.0742188
1.248169
2.7999878
4.1519165
4.0512085
3.4255981
3.038025
2.848816
3.5995483
3.4881592
3.9260864
3.4484863
4.2892456
2.1377563
2.4993896
2.7374268
2.2872925
1.7272949
1.7272949
1.7272949
2.2644043
1.5136719
1.5380859
1.8508911
2.5787354
1.5151978
2.4780273
3.642273
1.2527466
2.3284912
3.0166626
3.2669067
1.940918
2.2659302
0.9536743
2.3773193
2.9785156
1.3259888
2.0767212
1.713562
3.100586
3.35083
1.3092041
1.0360718
2.4139404
2.0385742
1.9134521
2.4993896
2.886963
2.8884888
4.1778564
3.8131714
4.4143677
1.9378662
5.3253174
3.6865234
3.4500122
3.6880493
3.262329
2.89917
3.4988403
1.8737793
2.1621704
1.6586304
2.1469116
1.9714355
3.7841797
3.0059814
2.7832031
3.8223267
2.9449463
3.0090332
2.0950317
2.0095825
2.1209717
2.571106
3.0090332
2.3452759
4.211426
3.2852173
2.5344849
1.2832642
0.78430176
2.7938843
3.7567139
3.942871
2.130127
3.4683228
2.9037476
4.092407
4.7561646
4.196167
3.8787842
5.6671143
5.003357
4.5440674
4.5440674
4.5440674
5.1696777
7.2662354
5.5664062
5.630493
8.866882
7.4813843
6.83136
8.54187
9.1796875
7.952881
7.9544067
8.453369
7.4157715
8.303833
8.352661
8.326721
8.787537
6.752014
7.2509766
7.661438
9.136963
8.201599
7.762146
7.247925
7.536316
5.4870605
7.0602417
7.875061
7.1014404
7.1243286
7.977295
9.663391
9.300232
7.63855
8.702087
6.538391
6.126404
6.437683
7.2250366
6.5231323
7.749939
6.9366455
7.0983887
7.0343018
7.1624756
8.935547
7.495117
7.05719
8.406067
8.0581665
8.157349
9.973145
8.547974
8.447266
9.761047
9.411621
10.697937
9.434509
8.183289
9.159851
9.535217
8.13446
9.632874
9.606934
9.19342
8.055115
7.8186035
8.679199
8.404541
7.9696655
7.991028
7.839966
8.876038
7.1517944
7.951355
7.0510864
7.0510864
7.0510864
7.2784424
8.34198
6.3293457
8.592224
8.966064
8.505249
8.94165
8.526611
9.2803955
8.743286
9.030151
8.366394
8.190918
9.568787
10.429382
10.27832
10.531616
10.067749
11.593628
11.230469
11.593628
11.981201
12.983704
12.321472
13.896179
14.331055
15.406799
13.809204
14.6698
16.90979
17.344666
17.321777
17.5354
16.596985
15.722656
15.4953
17.034912
16.885376
16.26892
18.38379
18.682861
18.060303
19.26117
17.90924
19.410706
18.659973
19.51294
18.760681
19.07196
19.274902
20.237732
19.577026
18.588257
19.740295
20.574951
20.462036
18.862915
18.511963
19.924927
18.61267
18.701172
18.261719
17.947388
19.363403
18.61267
19.73877
19.26117
19.476318
17.95044
19.111633
19.73877
19.987488
20.838928
20.054626
20.275879
20.339966
20.339966
20.339966
21.090698
22.595215
22.03064
23.094177
23.043823
25.645447
24.043274
24.232483
24.54834
24.746704
25.372314
23.29712
25.997925
24.334717
26.145935
25.271606
24.35608
25.022888
24.545288
25.309753
26.708984
25.546265
24.58191
25.045776
25.292969
25.442505
24.707031
24.194336
25.204468
25.442505
25.419617
24.954224
24.642944
25.442505
25.357056
25.016785
25.01831
25.141907
24.604797
25.253296
25.578308
26.516724
25.942993
25.540161
25.98114
25.416565
26.519775
24.440002
25.317383
27.368164
26.768494
25.917053
29.370117
29.095459
28.103638
26.553345
27.606201
28.366089
28.593445
28.242493
29.719543
29.367065
29.49524
29.968262
29.344177
30.192566
29.092407
29.930115
29.966736
29.205322
29.005432
28.367615
29.490662
29.740906
30.366516
30.587769
30.587769
30.587769
30.523682
28.234863
28.572083
28.007507
26.99585
27.05841
25.680542
26.054382
25.802612
25.769043
23.678589
23.704529
23.579407
22.602844
22.51587
23.76709
21.162415
21.987915
20.625305
21.961975
20.674133
18.948364
20.236206
17.886353
18.321228
17.721558
18.984985
17.198181
17.723083
17.173767
16.371155
16.923523
17.448425
15.908813
15.785217
15.9729
15.597534
15.658569
13.731384
14.683533
14.935303
14.685059
11.882019
12.620544
12.269592
11.106873
11.167908
10.978699
9.939575
10.290527
9.529114
6.6497803
6.011963
6.7749023
4.598999
3.9733887
2.0965576
1.2359619
-1.5792847
-0.33111572
-1.1795044
-3.4317017
-3.1799316
-4.7180176
-4.3289185
-3.8024902
-4.3289185
-6.4422607
-6.942749
-7.5042725
-9.1796875
-9.866333
-9.005737
-9.645081
-10.493469
-10.679626
-10.679626
-10.679626
-10.794067
-9.828186
-11.181641
-10.438538
-11.079407
-10.964966
-9.866333
-11.654663
-11.079407
-10.366821
-12.5564575
-11.616516
-11.680603
-12.117004
-14.242554
-12.780762
-13.305664
-15.692139
-13.96637
-14.155579
-15.092468
-13.215637
-16.168213
-17.008972
-16.94336
-17.381287
-18.19458
-16.793823
-17.108154
-17.507935
-17.481995
-18.132019
-20.14618
-19.20929
-22.021484
-21.182251
-22.122192
-21.958923
-24.198914
-23.61908
-21.846008
-22.367859
-24.656677
-25.468445
-23.942566
-24.59259
-25.842285
-25.193787
-25.532532
-26.00708
-24.079895
-26.982117
-25.819397
-26.316833
-25.656128
-26.00708
-25.694275
-26.280212
-27.00653
-27.983093
-26.322937
-25.2182
-26.896667
-26.382446
-25.822449
-25.431824
-26.42212
-25.718689
-25.906372
-27.359009
-26.342773
-27.333069
-26.104736
-26.168823
-26.63269
-25.405884
-25.405884
-25.405884
-25.968933
-24.179077
-24.11499
-25.819397
-24.53003
-25.753784
-26.753235
-25.050354
-25.968933
-25.430298
-24.938965
-24.775696
-25.280762
-25.653076
-26.167297
-26.278687
-27.479553
-26.966858
-27.268982
-26.405334
-25.653076
-28.231812
-25.439453
-27.030945
-25.794983
-27.22931
-25.804138
-28.06549
-26.441956
-25.84076
-25.816345
-26.72882
-26.000977
-26.837158
-25.689697
-25.753784
-27.201843
-25.613403
-25.201416
-25.863647
-25.315857
-25.0
-24.94049
-26.46637
-24.876404
-24.139404
-23.301697
-23.640442
-24.806213
-24.841309
-23.339844
-24.739075
-23.40393
-24.591064
-23.252869
-23.706055
-23.706055
-26.229858
-25.843811
-23.365784
-24.093628
-23.469543
-24.467468
-24.7818
-24.343872
-24.53003
-24.34082
-24.467468
-24.053955
-24.441528
-25.692749
-24.490356
-25.19226
-26.853943
-26.441956
-26.46637
-26.46637
-26.29242
-27.62909
-27.165222
-25.689697
-26.564026
-27.37732
-26.81427
-26.876831
-26.441956
-26.063538
-25.865173
-25.84076
-25.549316
-26.628113
-26.689148
-25.027466
-24.440002
-25.317383
-25.105286
-24.177551
-23.799133
-24.588013
-23.338318
-23.214722
-24.691772
-22.903442
-23.40393
-23.614502
-22.80426
-20.037842
-24.003601
-22.351074
-22.988892
-22.92633
-23.016357
-25.003052
-22.802734
-22.95227
-23.052979
-22.964478
-22.23816
-23.55194
-25.341797
-23.703003
-23.904419
-23.614502
-25.379944
-25.067139
-26.316833
-26.280212
-26.341248
-26.881409
-26.730347
-23.452759
-26.31836
-25.689697
-26.12915
-26.628113
-25.842285
-26.878357
-25.904846
-25.216675
-26.27716
-25.279236
-25.068665
-24.67804
-24.716187
-25.38147
-26.341248
-25.19226
-24.804688
-24.842834
-24.118042
-23.6557
-23.381042
-22.906494
-22.906494
-22.906494
-24.595642
-24.307251
-24.67041
-23.381042
-23.532104
-23.016357
-23.316956
-22.329712
-22.453308
-23.6557
-24.56665
-22.7417
-23.316956
-23.468018
-23.381042
-23.214722
-22.805786
-24.528503
-24.154663
-24.655151
-25.558472
-27.394104
-25.108337
-26.467896
-26.982117
-26.882935
-27.005005
-26.216125
-28.044128
-27.39563
-27.333069
-27.380371
-27.954102
-27.354431
-26.66626
-26.902771
-27.22931
-26.66626
-26.792908
-25.341797
-25.216675
-25.84076
-25.428772
-25.105286
-24.3042
-24.71466
-24.156189
-24.3042
-23.617554
-23.342896
-23.381042
-23.469543
-23.057556
-23.683167
-23.342896
-22.969055
-23.596191
-22.305298
-23.182678
-21.931458
-24.757385
-21.520996
-23.84491
-22.555542
-22.946167
-23.68164
-22.183228
-23.284912
-23.721313
-22.972107
-23.161316
-22.410583
-22.883606
-22.685242
-21.894836
-22.645569
-23.034668
-23.034668
-23.571777
-24.1333
-23.535156
-25.2594
-23.87085
-23.872375
-24.093628
-23.905945
-24.157715
-25.445557
-23.446655
-24.258423
-24.632263
-25.471497
-23.657227
-25.134277
-23.808289
-24.945068
-23.683167
-22.845459
-22.932434
-22.843933
-22.492981
-23.08197
-22.972107
-21.270752
-21.958923
-20.645142
-22.470093
-21.871948
-21.783447
-21.017456
-22.494507
-21.7453
-22.28241
-21.681213
-22.558594
-22.996521
-23.059082
-23.059082
-22.885132
-23.15979
-22.558594
-23.123169
-22.058105
-22.994995
-22.146606
-22.409058
-21.45996
-21.868896
-21.520996
-22.947693
-22.28241
-21.93451
-23.120117
-23.495483
-23.083496
-23.345947
-23.70758
-24.182129
-25.221252
-23.320007
-23.571777
-26.048279
-24.409485
-23.059082
-22.845459
-21.807861
-24.183655
-23.320007
-23.01941
-23.770142
-24.307251
-22.392273
-23.320007
-22.718811
-22.718811
-22.718811
-22.180176
-23.495483
-23.61908
-21.766663
-22.842407
-22.26715
-22.242737
-21.917725
-21.66748
-21.253967
-22.244263
-21.707153
-22.679138
-20.954895
-21.618652
-23.080444
-22.393799
-21.330261
-21.481323
-20.56427
-22.26715
-21.766663
-21.980286
-21.954346
-23.591614
-23.365784
-22.216797
-23.965454
-23.365784
-23.278809
-24.528503
-22.177124
-22.177124
-23.348999
-22.612
-22.615051
-23.362732
-24.46289
-23.449707
-25.590515
-23.988342
-23.362732
-24.337769
-23.73352
-23.451233
-24.589539
-24.337769
-23.413086
-23.713684
-24.339294
-24.334717
-23.80066
-23.674011
-24.77417
-23.199463
-24.838257
-23.32306
-25.335693
-25.048828
-24.485779
-25.073242
-24.485779
-25.009155
-24.298096
-24.861145
-24.513245
-24.986267
-24.583435
-25.54779
-23.258972
-23.6969
-24.923706
-26.1734
-22.610474
-22.59674
-25.898743
-25.898743
-25.898743
-23.950195
-24.362183
-23.513794
-26.211548
-23.988342
-24.450684
-25.938416
-26.087952
-23.30017
-24.861145
-24.552917
-24.450684
-24.14856
-26.341248
-24.363708
-24.337769
-24.212646
-24.68872
-24.31488
-24.1745
-23.986816
-26.063538
-25.201416
-23.825073
-23.112488
-25.175476
-24.23706
-23.484802
-24.14856
-23.413086
-23.94867
-25.17395
-24.050903
-24.864197
-23.738098
-24.273682
-24.275208
-24.362183
-22.801208
-25.689697
-25.027466
-24.40033
-24.076843
-24.490356
-24.653625
-24.589539
-24.900818
-25.003052
-25.740051
-24.653625
-24.551392
-23.713684
-23.86322
-22.763062
-23.48938
-24.839783
-24.238586
-23.301697
-25.115967
-23.739624
-24.926758
-26.664734
-24.589539
-23.213196
-24.751282
-24.876404
-24.31488
-24.87793
-25.239563
-23.988342
-23.80066
-24.464417
-23.114014
-25.437927
-24.214172
-24.401855
-24.401855
-24.401855
-23.901367
-23.324585
-23.675537
-26.065063
-24.94049
-23.301697
-23.866272
-24.679565
-26.065063
-23.1781
-22.138977
-23.675537
-24.34082
-23.965454
-24.377441
-24.926758
-23.390198
-25.004578
-23.802185
-23.34137
-23.112488
-23.025513
-23.175049
-23.364258
-23.176575
-25.065613
-23.802185
-26.06659
-25.027466
-23.80371
-24.238586
-24.015808
-24.838257
-24.589539
-25.003052
-23.80066
-24.276733
-24.653625
-25.27771
-23.825073
-24.34082
-24.815369
-24.775696
-23.86322
-23.901367
-23.239136
-23.364258
-25.502014
-24.653625
-23.927307
-26.27716
-24.87793
-24.71466
-24.339294
-24.589539
-24.751282
-23.51532
-23.901367
-24.551392
-24.31488
-24.360657
-24.179077
-24.777222
-25.500488
-25.13733
-25.502014
-25.500488
-25.590515
-24.685669
-25.13733
-24.23706
-24.86267
-26.339722
-25.39978
-25.802612
-23.950195
-23.950195
-25.135803
-23.387146
-26.026917
-23.649597
-24.612427
-24.05243
-24.925232
-24.77417
-25.801086
-24.513245
-25.674438
-24.421692
-25.11139
-24.513245
-26.713562
-23.80066
-25.524902
-25.650024
-25.39978
-24.861145
-25.964355
-26.176453
-25.900269
-26.11084
-24.900818
-26.126099
-24.687195
-25.524902
-26.564026
-26.473999
-26.023865
-26.750183
-26.524353
-27.18811
-25.13733
-25.964355
-24.337769
-24.88556
-25.900269
-26.148987
-25.575256
-25.175476
-26.373291
-25.361633
-25.613403
-26.751709
-24.88556
-25.938416
-27.18811
-26.213074
-24.77417
-27.12555
-26.750183
-26.126099
-26.063538
-26.086426
-25.37384
-26.625061
-25.460815
-26.524353
-26.174927
-26.2146
-26.501465
-26.399231
-26.548767
-25.900269
-26.150513
-25.51117
-26.93634
-26.712036
-25.447083
-27.33612
-27.33612
-26.5625
-26.399231
-27.12555
-26.748657
-26.748657
-25.572205
-27.085876
-25.234985
-27.33612
-25.959778
-25.611877
-25.898743
-26.625061
-26.213074
-26.023865
-28.263855
-26.67389
-26.776123
-26.278687
-26.174927
-26.174927
-25.650024
-25.715637
-27.000427
-26.237488
-25.437927
-24.864197
-25.201416
-25.900269
-24.987793
-26.127625
-25.175476
-26.190186
-24.925232
-25.401306
-26.339722
-26.023865
-26.152039
-24.925232
-26.777649
-25.875854
-23.764038
-25.714111
-25.566101
-25.938416
-26.565552
-25.590515
-25.465393
-25.61493
-25.650024
-24.711609
-25.488281
-26.27716
-25.938416
-27.124023
-25.465393
-26.27716
-24.198914
-25.58899
-26.626587
-26.02539
-24.813843
-24.737549
-26.539612
-26.541138
-24.77417
-26.374817
-24.713135
-26.565552
-25.462341
-25.112915
-24.902344
-26.026917
-26.689148
-26.777649
-26.152039
-27.064514
-25.590515
-25.611877
-25.526428
-25.57373
-25.57373
-25.57373
-25.027466
-23.387146
-25.39978
-25.502014
-26.089478
-25.964355
-24.876404
-25.39978
-25.502014
-25.027466
-25.437927
-26.127625
-24.864197
-25.239563
-23.387146
