-26.219177
-24.967957
-24.682617
-25.053406
-25.733948
-26.211548
-25.440979
-24.899292
-24.905396
-26.281738
-26.235962
-24.932861
-24.850464
-24.176025
-25.839233
-24.765015
-25.845337
-25.752258
-25.50354
-26.576233
-26.45111
-26.45111
-26.402283
-26.281738
-24.945068
-25.550842
-26.547241
-26.60675
-25.079346
-27.349854
-22.996521
-25.81482
-24.887085
-26.51062
-25.898743
-25.587463
-25.72937
-25.267029
-24.441528
-25.714111
-24.707031
-26.281738
-23.980713
-24.195862
-25.85144
-24.847412
-26.556396
-24.761963
-24.945068
-24.917603
-25.823975
-25.845337
-25.817871
-25.897217
-25.683594
-24.258423
-25.97351
-24.205017
-25.724792
-25.105286
-25.759888
-24.214172
-26.504517
-26.312256
-24.327087
-25.75531
-26.472473
-25.761414
-25.782776
-25.83313
-25.727844
-25.758362
-24.794006
-25.288391
-25.305176
-24.50409
-26.10321
-25.566101
-23.686218
-25.30365
-25.724792
-26.86615
-25.914001
-25.752258
-25.256348
-23.631287
-23.80371
-24.816895
-25.279236
-24.995422
-23.747253
-25.3479
-26.489258
-24.5224
-25.172424
-24.812317
-23.405457
-23.405457
-23.405457
-25.724792
-25.579834
-25.753784
-25.279236
-25.332642
-24.790955
-23.768616
-26.26648
-25.28534
-24.519348
-25.579834
-27.249146
-25.89569
-24.94812
-26.091003
-25.294495
-24.510193
-25.123596
-27.223206
-24.830627
-27.554321
-24.824524
-25.985718
-24.487305
-26.031494
-26.004028
-26.690674
-26.252747
-26.043701
-26.568604
-26.748657
-26.634216
-24.456787
-25.724792
-26.785278
-26.242065
-25.30365
-26.367188
-26.094055
-26.626587
-25.532532
-25.268555
-24.50409
-24.337769
-26.28479
-26.594543
-24.732971
-26.820374
-26.374817
-25.598145
-25.2182
-25.094604
-24.827576
-27.062988
-25.737
-26.651001
-25.650024
-26.44043
-26.315308
-26.309204
-25.6073
-25.979614
-26.608276
-26.71814
-25.83313
-25.862122
-25.093079
-25.500488
-25.22583
-25.823975
-26.300049
-26.037598
-26.608276
-27.200317
-26.446533
-26.446533
-26.446533
-26.23291
-25.81482
-25.582886
-25.041199
-25.759888
-25.92926
-24.746704
-26.63269
-25.804138
-25.253296
-27.053833
-24.771118
-25.753784
-25.067139
-27.102661
-25.549316
-26.727295
-27.546692
-25.900269
-25.558472
-26.017761
-25.865173
-25.540161
-24.786377
-25.074768
-24.902344
-26.300049
-25.75531
-24.777222
-25.83313
-24.983215
-26.628113
-26.28479
-25.234985
-26.248169
-26.37024
-25.094604
-25.982666
-26.589966
-24.014282
-25.24414
-25.518799
-25.845337
-25.712585
-25.598145
-25.88501
-26.486206
-25.857544
-27.114868
-26.557922
-26.657104
-26.289368
-26.58844
-25.50354
-26.031494
-25.848389
-25.878906
-26.547241
-25.100708
-26.24054
-26.533508
-28.617859
-26.220703
-25.813293
-25.801086
-27.955627
-27.453613
-28.327942
-25.524902
-26.608276
-26.737976
-25.950623
-26.757812
-28.736877
-25.860596
-25.860596
-25.860596
-27.856445
-26.412964
-25.265503
-27.534485
-26.757812
-26.313782
-27.08435
-27.078247
-25.518799
-24.983215
-25.970459
-26.022339
-25.12207
-25.479126
-25.62561
-26.776123
-25.90332
-25.698853
-25.842285
-26.646423
-25.58136
-25.549316
-25.01831
-25.668335
-26.64032
-25.53711
-24.342346
-25.816345
-25.123596
-25.744629
-26.681519
-24.816895
-25.273132
-25.854492
-25.724792
-25.845337
-25.744629
-24.925232
-25.87738
-27.035522
-24.5224
-25.274658
-26.26648
-25.241089
-25.941467
-25.611877
-25.241089
-25.309753
-25.85144
-26.351929
-26.454163
-24.786377
-25.289917
-26.06659
-25.982666
-24.964905
-25.845337
-25.842285
-25.105286
-24.441528
-25.819397
-26.50299
-26.309204
-26.47705
-25.856018
-25.868225
-24.519348
-25.694275
-25.708008
-26.339722
-25.091553
-26.365662
-26.64795
-26.05133
-25.965881
-25.965881
-26.67694
-25.019836
-25.886536
-26.048279
-24.531555
-25.737
-23.248291
-24.491882
-24.542236
-25.239563
-26.322937
-25.682068
-24.794006
-22.92633
-24.209595
-24.337769
-23.719788
-22.78595
-23.480225
-24.427795
-24.02649
-22.944641
-25.514221
-22.428894
-25.56305
-24.349976
-23.384094
-23.02246
-24.327087
-23.384094
-24.320984
-23.388672
-24.014282
-22.581482
-23.371887
-21.31195
-24.066162
-24.176025
-23.782349
-25.14801
-22.587585
-23.388672
-23.872375
-23.066711
-22.34497
-22.755432
-24.302673
-24.111938
-24.8703
-25.01831
-24.545288
-24.31488
-26.452637
-25.108337
-24.606323
-25.830078
-24.84436
-24.493408
-23.686218
-25.68512
-24.961853
-24.989319
-24.647522
-25.386047
-26.078796
-24.66278
-25.04425
-26.626587
-24.43695
-24.142456
-24.46289
-25.718689
-24.905396
-26.046753
-26.889038
-26.63269
-26.63269
-27.658081
-27.685547
-28.860474
-27.711487
-28.381348
-30.195618
-29.118347
-29.386902
-27.194214
-29.780579
-29.864502
-29.145813
-28.352356
-29.586792
-28.811646
-27.888489
-27.896118
-29.728699
-28.363037
-29.193115
-29.13208
-29.125977
-28.105164
-29.893494
-28.227234
-29.463196
-27.934265
-29.779053
-28.36914
-29.80957
-27.964783
-27.435303
-27.101135
-25.611877
-26.838684
-26.689148
-26.387024
-27.496338
-26.618958
-27.400208
-26.14441
-27.346802
-27.200317
-27.340698
-28.923035
-28.483582
-28.025818
-29.18396
-27.94342
-30.62439
-29.516602
-29.063416
-27.911377
-30.19867
-30.326843
-31.90918
-32.2052
-32.914734
-32.50122
-33.44879
-32.81555
-33.95233
-34.40857
-32.040405
-30.856323
-30.891418
-34.09729
-32.011414
-31.169128
-30.548096
-31.045532
-31.871033
-30.464172
-31.851196
-32.02362
-32.02362
-32.02362
-29.414368
-32.04193
-31.306458
-30.392456
-31.329346
-31.799316
-31.60553
-30.982971
-32.6416
-33.30841
-32.421875
-31.860352
-32.580566
-32.096863
-32.174683
-31.034851
-31.724548
-30.561829
-31.304932
-31.051636
-30.644226
-31.729126
-31.422424
-30.656433
-31.329346
-31.044006
-30.200195
-30.375671
-30.082703
-31.219482
-30.418396
-31.182861
-29.296875
-30.303955
-30.395508
-29.273987
-29.39148
-30.213928
-30.233765
-28.808594
-29.766846
-30.667114
-29.096985
-31.036377
-29.620361
-28.83606
-27.75879
-29.519653
-28.15857
-29.644775
-30.056763
-28.259277
-29.379272
-28.669739
-29.354858
-28.756714
-28.912354
-28.103638
-30.392456
-28.129578
-28.683472
-28.910828
-27.83966
-27.26593
-26.501465
-27.432251
-28.825378
-28.700256
-28.109741
-26.109314
-27.578735
-28.309631
-27.426147
-28.689575
-28.335571
-28.335571
-27.223206
-27.658081
-26.669312
-28.381348
-28.034973
-27.632141
-28.030396
-28.370667
-28.18451
-31.14624
-28.843689
-30.317688
-29.750061
-30.540466
-29.655457
-30.982971
-29.31366
-30.274963
-29.664612
-30.13916
-29.476929
-29.397583
-28.55835
-27.307129
-30.015564
-29.04358
-29.493713
-29.336548
-29.760742
-30.11322
-29.322815
-30.935669
-30.271912
-31.163025
-30.984497
-30.284119
-30.400085
-28.573608
-29.66919
-28.218079
-28.135681
-30.622864
-29.492188
-29.431152
-30.134583
-30.171204
-30.366516
-30.201721
-30.19867
-28.684998
-28.276062
-30.252075
-30.203247
-29.362488
-30.110168
-30.914307
-29.35791
-31.28357
-30.444336
-31.726074
-30.905151
-30.584717
-31.982422
-30.48706
-29.588318
-29.530334
-30.950928
-30.865479
-29.87976
-31.741333
-30.966187
-31.939697
-33.262634
-31.67572
-30.558777
-29.60968
-29.60968
-31.533813
-30.036926
-31.15387
-33.137512
-35.427856
-32.61261
-34.06067
-33.61969
-34.11255
-31.5094
-32.79419
-33.69751
-33.84552
-30.647278
-32.270813
-31.861877
-33.41217
-31.227112
-33.091736
-32.380676
-32.876587
-34.184265
-31.150818
-33.081055
-31.640625
-32.017517
-30.479431
-32.888794
-33.56781
-33.016968
-33.79059
-33.48236
-32.2052
-34.544373
-32.069397
-34.550476
-32.678223
-33.607483
-34.15985
-33.918762
-33.665466
-34.977722
-35.20813
-34.5459
-35.24933
-35.150146
-35.31494
-36.91101
-35.795593
-35.884094
-35.099792
-35.871887
-35.125732
-34.695435
-35.38513
-34.179688
-35.256958
-34.51233
-35.064697
-34.700012
-33.83026
-35.20813
-35.551453
-35.090637
-34.739685
-34.62372
-34.288025
-34.306335
-33.921814
-35.012817
-34.742737
-33.87909
-33.5907
-35.614014
-32.855225
-35.15625
-35.15625
-34.51538
-35.583496
-34.07898
-34.03473
-33.8974
-34.687805
-35.250854
-35.388184
-33.999634
-35.113525
-36.88965
-34.414673
-34.65576
-35.03418
-34.355164
-34.140015
-34.48181
-33.122253
-34.480286
-36.59668
-34.93042
-34.599304
-35.679626
-35.310364
-34.812927
-35.614014
-33.363342
-32.748413
-32.092285
-33.676147
-32.82776
-31.4682
-33.454895
-32.014465
-32.96051
-30.92804
-31.32019
-30.996704
-32.31201
-31.132507
-31.185913
-31.176758
-32.469177
-31.195068
-31.817627
-29.867554
-30.781555
-30.833435
-31.297302
-32.05719
-32.130432
-29.943848
-31.93512
-29.327393
-31.872559
-29.606628
-29.730225
-31.214905
-30.867004
-29.57611
-31.30951
-30.299377
-30.3833
-29.785156
-32.02362
-30.815125
-30.271912
-30.54657
-32.30133
-29.79889
-28.91388
-31.756592
-30.505371
-33.062744
-31.04248
-31.04248
-31.04248
-31.44226
-31.303406
-30.659485
-30.671692
-31.060791
-30.769348
-31.07605
-29.908752
-31.434631
-31.230164
-30.618286
-32.55005
-31.152344
-32.954407
-31.840515
-32.133484
-31.871033
-31.420898
-31.565857
-31.950378
-31.69403
-31.640625
-31.32782
-32.06482
-32.133484
-30.178833
-28.981018
-29.751587
-30.801392
-30.505371
-30.801392
-30.01709
-30.996704
-30.767822
-31.684875
-33.5907
-30.761719
-30.026245
-31.443787
-32.75299
-31.3797
-32.754517
-32.733154
-30.723572
-32.22809
-31.36139
-30.039978
-33.12378
-32.27539
-30.378723
-31.922913
-30.867004
-30.657959
-31.941223
-30.848694
-31.84967
-32.632446
-32.937622
-31.973267
-31.19812
-32.296753
-31.38733
-30.775452
-29.585266
-30.090332
-30.265808
-30.296326
-30.619812
-30.506897
-29.670715
-29.241943
-31.004333
-31.063843
-32.341003
-30.097961
-30.097961
-32.34253
-30.981445
-30.61676
-29.75769
-30.973816
-28.973389
-29.420471
-27.104187
-29.463196
-29.907227
-29.925537
-29.119873
-30.252075
-29.347229
-29.35028
-29.736328
-30.915833
-29.667664
-29.80957
-30.54657
-31.07605
-30.853271
-29.740906
-28.936768
-29.518127
-32.69806
-30.303955
-29.690552
-29.63562
-30.352783
-30.322266
-31.156921
-29.917908
-29.73175
-29.49524
-31.338501
-29.693604
-31.523132
-32.15332
-30.480957
-30.488586
-30.682373
-31.985474
-32.084656
-32.347107
-32.44629
-31.54602
-31.982422
-32.073975
-31.515503
-32.434082
-34.492493
-30.99823
-33.291626
-33.78601
-34.70764
-34.527588
-32.47528
-32.928467
-32.95746
-31.721497
-33.291626
-32.839966
-32.130432
-32.5943
-33.57849
-32.887268
-32.9834
-32.936096
-33.57544
-33.77533
-33.792114
-34.751892
-35.44464
-36.761475
-35.162354
-35.43091
-35.43091
-36.013794
-36.25183
-36.698914
-35.94513
-36.10077
-35.07538
-35.35614
-35.020447
-34.562683
-35.482788
-36.132812
-35.22339
-36.00769
-35.44922
-33.91266
-35.09369
-34.825134
-34.6817
-33.758545
-33.088684
-33.262634
-32.369995
-32.876587
-32.621765
-33.71277
-33.44879
-33.77838
-33.451843
-32.79724
-31.54602
-33.11615
-31.88324
-31.282043
-32.302856
-32.01294
-32.614136
-32.43103
-32.48291
-33.843994
-34.300232
-31.564331
-32.339478
-33.84552
-31.690979
-31.826782
-31.840515
-34.14917
-33.31299
-35.0708
-32.737732
-33.372498
-31.965637
-33.543396
-32.739258
-32.84607
-34.6756
-32.847595
-31.848145
-33.48236
-30.879211
-30.430603
-30.60608
-30.247498
-31.013489
-32.66754
-30.40924
-31.045532
-29.870605
-30.047607
-31.140137
-29.80957
-30.931091
-31.762695
-32.2052
-32.2052
-32.2052
-31.48346
-29.891968
-30.27649
-30.203247
-30.032349
-31.129456
-29.779053
-30.06897
-28.556824
-30.430603
-28.677368
-30.334473
-28.468323
-29.434204
-28.321838
-29.685974
-29.220581
-29.577637
-30.39093
-29.925537
-29.302979
-28.627014
-29.400635
-30.462646
-30.06134
-32.26471
-30.638123
-28.201294
-29.74701
-31.280518
-30.104065
-29.837036
-29.049683
-29.18396
-30.111694
-30.284119
-29.568481
-29.251099
-29.574585
-29.32434
-30.05066
-29.219055
-28.826904
-30.387878
-30.653381
-29.130554
-29.86908
-29.292297
-29.585266
-29.899597
-29.664612
-30.163574
-28.427124
-28.501892
-30.432129
-28.05481
-30.177307
-29.440308
-29.597473
-30.900574
-29.655457
-28.807068
-29.725647
-30.697632
-30.281067
-28.742981
-30.230713
-31.204224
-32.559204
-31.585693
-32.263184
-33.13446
-33.169556
-33.847046
-34.00421
-34.570312
-34.570312
-34.34143
-33.909607
-34.64203
-34.024048
-35.665894
-34.44214
-33.718872
-34.20105
-33.340454
-33.161926
-34.095764
-32.691956
-31.90918
-33.013916
-31.820679
-32.409668
-32.969666
-32.62329
-33.15277
-33.224487
-33.24585
-32.57904
-32.791138
-32.58972
-31.326294
-30.963135
-32.373047
-31.610107
-31.658936
-30.532837
-31.030273
-31.808472
-32.392883
-31.413269
-31.929016
-31.977844
-29.377747
-31.907654
-30.949402
-31.898499
-31.092834
-32.058716
-30.899048
-31.768799
-31.498718
-32.05719
-30.934143
-31.091309
-32.635498
-33.302307
-34.736633
-33.73413
-34.350586
-33.294678
-32.781982
-33.625793
-33.288574
-34.051514
-32.902527
-30.792236
-34.236145
-32.737732
-33.439636
-34.535217
-33.605957
-33.763123
-35.725403
-34.480286
-32.548523
-34.532166
-33.821106
-35.06775
-34.407043
-32.92389
-34.32312
-34.324646
-34.324646
-35.37903
-32.963562
-34.19342
-34.368896
-33.161926
-33.876038
-33.447266
-33.146667
-32.833862
-32.917786
-35.028076
-33.03528
-32.933044
-34.71222
-35.75592
-34.63745
-34.259033
-34.53369
-34.53064
-33.680725
-34.31549
-35.809326
-33.57544
-33.857727
-34.576416
-35.066223
-34.469604
-35.17914
-35.94055
-35.751343
-35.321045
-36.769104
-36.44867
-35.432434
-36.506653
-35.920715
-36.86371
-34.753418
-34.54895
-36.717224
-35.46295
-35.27527
-36.634827
-36.97815
-36.201477
-35.351562
-36.950684
-36.55243
-36.564636
-37.4588
-35.292053
-36.99341
-36.898804
-35.79712
-37.028503
-35.121155
-35.77118
-35.9787
-35.00824
-35.810852
-34.757996
-37.867737
-36.984253
-36.175537
-37.21924
-37.330627
-38.86566
-39.15558
-38.87787
-39.0213
-38.720703
-38.380432
-38.816833
-41.085815
-39.37683
-39.38141
-38.35144
-38.35144
-38.35144
-40.50598
-39.112854
-39.904785
-39.85901
-39.855957
-39.82086
-38.919067
-38.34381
-38.974
-38.580322
-39.431763
-38.882446
-38.302612
-39.39209
-38.053894
-36.894226
-36.723328
-37.875366
-37.374878
-37.547302
-36.743164
-36.749268
-36.065674
-37.17041
-35.849
-37.194824
-35.70404
-32.884216
-34.983826
-33.633423
-34.51996
-33.758545
-34.95941
-35.768127
-33.43048
-34.480286
-35.36682
-35.879517
-36.849976
-35.229492
-35.723877
-35.025024
-35.339355
-35.273743
-34.561157
-36.04126
-37.87079
-36.341858
-34.1568
-32.9422
-32.211304
-32.43103
-32.113647
-33.163452
-34.735107
-34.95636
-34.381104
-35.38513
-32.974243
-33.862305
-32.14569
-32.344055
-33.843994
-33.694458
-33.006287
-35.365295
-34.565735
-32.522583
-31.872559
-31.469727
-31.697083
-31.491089
-31.585693
-31.89087
-31.89087
-31.89087
-31.900024
-32.04956
-33.062744
-32.08008
-31.91986
-31.484985
-31.913757
-31.121826
-30.671692
-30.89447
-31.182861
-29.899597
-30.52063
-28.919983
-32.296753
-29.011536
-30.303955
-28.092957
-28.88031
-29.023743
-30.006409
-29.95758
-30.412292
-32.20215
-31.07605
-29.110718
-30.802917
-31.105042
-31.260681
-28.88031
-29.116821
-29.763794
-30.37262
-29.57611
-29.881287
-29.99878
-31.558228
-30.766296
-30.448914
-29.876709
-29.24347
-27.549744
-29.286194
-28.962708
-28.985596
-27.514648
-27.76184
-25.57373
-27.000427
-27.790833
-26.564026
-26.585388
-28.09906
-26.98059
-27.812195
-26.011658
-27.05841
-24.739075
-25.239563
-26.2146
-26.725769
-25.80719
-26.094055
-25.926208
-27.212524
-27.523804
-27.72522
-26.896667
-25.836182
-26.757812
-26.473999
-26.174927
-26.959229
-27.282715
-28.746033
-27.70691
-27.70691
-27.70691
-28.938293
-27.963257
-28.382874
-27.57721
-27.31018
-26.106262
-27.975464
-27.191162
-27.688599
-26.519775
-25.221252
-25.894165
-28.283691
-27.313232
-28.48053
-26.522827
-24.932861
-24.926758
-25.872803
-27.436829
-25.332642
-24.562073
-25.364685
-22.799683
-24.681091
-24.97406
-23.457336
-24.708557
-24.723816
-22.669983
-24.171448
-24.623108
-23.860168
-23.405457
-23.570251
-23.945618
-24.702454
-22.984314
-23.11554
-23.39325
-22.972107
-23.121643
-22.930908
-22.647095
-23.397827
-23.077393
-22.592163
-23.10791
-23.48938
-22.75238
-23.492432
-24.868774
-25.071716
-23.066711
-23.327637
-24.075317
-25.12207
-24.397278
-25.050354
-23.358154
-24.099731
-21.79718
-22.94159
-22.257996
-21.961975
-22.923279
-24.23706
-25.134277
-24.243164
-23.480225
-24.505615
-24.266052
-23.847961
-23.086548
-22.131348
-22.131348
-22.131348
-22.7417
-23.44513
-22.917175
-25.701904
-24.533081
-24.967957
-22.262573
-25.163269
-22.805786
-21.766663
-24.317932
-23.316956
-24.272156
-26.034546
-26.498413
-26.072693
-26.300049
-26.46637
-25.697327
-25.279236
-27.223206
-27.207947
-26.603699
-28.294373
-27.56958
-26.22528
-27.072144
-27.030945
-26.608276
-25.680542
-26.493835
-27.426147
-25.738525
-28.135681
-25.997925
-27.836609
-27.207947
-27.113342
-28.684998
-28.89862
-28.29132
-29.492188
-27.94342
-28.959656
-30.859375
-28.761292
-29.78363
-30.499268
-28.894043
-28.2547
-30.86853
-27.806091
-28.27301
-29.475403
-29.347229
-30.85785
-30.827332
-30.79834
-30.769348
-30.839539
-29.423523
-30.54657
-30.091858
-30.932617
-29.711914
-29.582214
-31.124878
-30.853271
-32.322693
-32.313538
-33.23822
-30.891418
-31.765747
-31.63147
-32.261658
-30.401611
-30.401611
-31.05774
-31.095886
-33.06732
-32.53174
-32.41577
-34.1568
-33.07953
-33.122253
-33.099365
-32.487488
-32.714844
-34.132385
-32.307434
-33.920288
-32.64923
-31.799316
-33.244324
-35.37445
-34.165955
-34.15222
-34.66339
-33.36792
-32.356262
-34.210205
-34.454346
-34.10492
-34.765625
-33.129883
-32.981873
-32.621765
-33.328247
-32.344055
-34.10034
-31.01654
-33.73413
-32.469177
-33.399963
-32.669067
-33.706665
-31.759644
-31.82373
-31.671143
-32.27234
-32.244873
-32.9834
-34.34601
-34.04236
-32.901
-31.611633
-33.166504
-31.314087
-32.858276
-33.721924
-32.237244
-31.640625
-33.90808
-32.922363
-32.048035
-32.530212
-33.56476
-32.022095
-32.548523
-32.087708
-32.746887
-31.074524
-32.362366
-32.814026
-32.21283
-32.144165
-32.16095
-34.77478
-33.66394
-33.08258
-33.45642
-33.859253
-33.22754
-33.22754
-33.22754
-32.14569
-32.409668
-34.368896
-34.428406
-30.812073
-32.23114
-32.44171
-31.251526
-31.420898
-32.925415
-31.97174
-31.269836
-30.451965
-31.575012
-29.336548
-29.467773
-30.874634
-29.742432
-27.600098
-29.722595
-31.486511
-29.641724
-29.792786
-29.55017
-28.883362
-27.029419
-30.337524
-30.001831
-30.603027
-30.56488
-28.347778
-28.430176
-26.623535
-27.482605
-27.53601
-27.859497
-26.539612
-27.816772
-27.359009
-28.381348
-28.405762
-28.988647
-27.609253
-27.581787
-27.438354
-27.76184
-28.356934
-26.249695
-27.320862
-28.147888
-27.018738
-26.239014
-27.297974
-27.737427
-28.26538
-27.999878
-27.966309
-28.36914
-26.989746
-27.450562
-27.789307
-26.11847
-27.267456
-26.158142
-26.51825
-26.96228
-26.657104
-26.748657
-27.597046
-26.01471
-26.85852
-26.089478
-27.470398
-26.707458
-25.172424
-23.797607
-23.797607
-24.85962
-24.868774
-23.831177
-25.134277
-24.993896
-23.973083
-23.751831
-24.034119
-22.789001
-24.002075
-24.006653
-24.12262
-23.213196
-23.124695
-24.177551
-22.561646
-23.11554
-22.415161
-22.77832
-23.770142
-21.186829
-24.01123
-22.348022
-23.989868
-22.897339
-23.625183
-22.10083
-23.085022
-23.718262
-22.937012
-22.683716
-24.308777
-23.054504
-22.843933
-21.4859
-21.80481
-21.313477
-20.58258
-20.930481
-20.167542
-21.643066
-20.855713
-20.13092
-19.648743
-20.031738
-20.205688
-18.984985
-20.38269
-18.978882
-18.21289
-18.624878
-18.795776
-17.703247
-17.790222
-18.022156
-18.55011
-18.904114
-17.82837
-18.600464
-18.658447
-17.330933
-18.824768
-15.6188965
-17.121887
-15.209961
-16.423035
-15.614319
-15.39917
-14.593506
-16.246033
-15.913391
-16.011047
-14.562988
-15.103149
-13.650513
-16.549683
-16.104126
-14.94751
-13.415527
-13.415527
-13.580322
-14.202881
-13.801575
-14.982605
-14.094543
-12.90741
-14.483643
-14.352417
-13.742065
-14.1067505
-12.750244
-13.920593
-13.319397
-11.647034
-12.496948
-13.406372
-12.789917
-12.046814
-12.460327
-12.435913
-11.62262
-12.301636
-11.514282
-11.798096
-12.602234
-10.163879
-11.451721
-10.760498
-11.122131
-11.738586
-10.063171
-11.567688
-10.850525
-11.579895
-11.495972
-12.191772
-10.198975
-11.888123
-11.630249
-9.326172
-11.099243
-9.326172
-10.76355
-11.282349
-12.034607
-10.823059
-11.820984
-11.611938
-9.716797
-10.035706
-10.694885
-10.043335
-8.169556
-9.162903
-8.636475
-8.9782715
-9.884644
-9.393311
-9.660339
-9.216309
-9.40094
-8.9904785
-9.072876
-9.317017
-8.618164
-9.751892
-9.208679
-9.170532
-8.265686
-9.344482
-8.074951
-8.921814
-8.625793
-8.477783
-6.9473267
-6.9473267
-7.3806763
-7.572937
-7.536316
-6.625366
-5.5130005
-7.144165
-8.390808
-5.3619385
-8.235168
-6.6604614
-6.765747
-6.756592
-5.0735474
-6.5811157
-7.536316
-5.091858
-5.873108
-6.826782
-8.145142
-3.9535522
-4.7058105
-4.524231
-5.4382324
-5.1208496
-3.7734985
-3.3966064
-3.9413452
-2.8549194
-2.2460938
-2.2872925
-2.0980835
-2.116394
-1.8447876
-1.5899658
0.050354004
-1.550293
0.8605957
-0.630188
0.39672852
-0.15563965
-2.156067
0.8331299
-0.13427734
-0.74157715
0.79956055
0.6072998
-0.6286621
-1.5808105
0.7385254
-1.1520386
-0.105285645
-0.6790161
-1.1627197
-0.10986328
0.8178711
-0.7537842
0.5065918
0.54016113
0.07324219
-1.6662598
0.45318604
0.7873535
-1.0650635
-0.33569336
1.5457153
1.9714355
-0.2456665
0.692749
1.05896
0.5844116
0.0
-1.0635376
-0.54626465
-0.6225586
1.2512207
0.15563965
-0.43029785
-0.43029785
0.69122314
0.69122314
0.41656494
1.3061523
-0.10681152
0.66833496
0.9262085
1.1413574
1.8508911
2.0370483
2.4627686
1.6708374
2.0980835
0.5508423
1.4007568
2.445984
1.3046265
2.7542114
1.1886597
1.1367798
0.970459
1.8936157
0.440979
0.9689331
0.4043579
-1.7944336
-0.28533936
-0.5355835
-1.1825562
1.0192871
0.8239746
0.9994507
0.5722046
0.09613037
1.0543823
0.07171631
0.28686523
0.49438477
0.09460449
-0.036621094
1.0131836
1.550293
1.7715454
0.7751465
1.4892578
0.75683594
0.17547607
1.9943237
0.8407593
-1.3580322
1.4755249
-0.5126953
-2.8900146
-0.024414062
-0.5004883
-2.9632568
-1.1550903
-0.36773682
-0.7965088
-1.3031006
-0.8590698
-1.1428833
-0.021362305
0.37994385
-0.89416504
-0.6439209
-0.43945312
-0.11444092
-0.15411377
0.22125244
-1.1611938
-0.58898926
0.9628296
0.7659912
-0.81329346
-0.8773804
-0.8972168
-0.8972168
-0.9567261
-1.2039185
-1.2680054
-2.0614624
-1.7654419
-1.3702393
-2.1255493
-1.1734009
-0.033569336
-0.79803467
-2.4612427
-1.9561768
-1.3931274
-0.8026123
-2.0935059
0.11138916
-3.779602
-1.6021729
-0.6576538
-2.3132324
-2.2476196
-2.5253296
-2.4169922
-2.4169922
-1.4343262
-3.6331177
-3.3065796
-3.086853
-3.944397
-1.7532349
-3.2699585
-4.1244507
-2.9708862
-3.3035278
-4.6447754
-2.3544312
-4.7836304
-2.9556274
-3.0349731
-3.3676147
-3.7216187
-3.1845093
-2.937317
-3.6224365
-3.9779663
-1.5075684
-3.1723022
-3.0929565
-3.2470703
-3.7094116
-3.7200928
-3.6560059
-2.6062012
-3.691101
-3.8162231
-4.853821
-4.4647217
-5.543518
-3.0593872
-3.352356
-4.1641235
-4.0359497
-3.5858154
-5.317688
-4.6051025
-3.3752441
-4.672241
-6.0165405
-4.6936035
-4.1793823
-4.147339
-3.1265259
-3.3706665
-3.8772583
-3.8406372
-4.475403
-4.475403
-4.475403
-3.753662
-4.0252686
-4.499817
-5.7281494
-3.9352417
-5.2230835
-5.5770874
-5.430603
-4.7439575
-5.366516
-5.2200317
-5.2261353
-4.8934937
-6.260681
-5.6991577
-6.175232
-4.4937134
-6.7276
-4.0283203
-6.3308716
-4.623413
-5.558777
-6.013489
-4.7561646
-4.803467
-5.3253174
-3.9215088
-6.07605
-4.776001
-6.1447144
-4.9713135
-5.6915283
-6.2973022
-6.163025
-7.862854
-7.875061
-6.1325073
-7.963562
-6.3217163
-6.965637
-8.268738
-6.919861
-6.7840576
-8.018494
-7.696533
-8.6883545
-8.032227
-8.305359
-10.121155
-9.812927
-8.4487915
-8.485413
-9.223938
-10.017395
-10.3012085
-10.681152
-10.751343
-10.751343
-10.664368
-10.629272
-12.097168
-11.764526
-12.197876
-12.0529175
-11.618042
-11.460876
-10.986328
-12.06665
-12.054443
-12.477112
-13.703918
-14.537048
-11.798096
-12.083435
-13.618469
-14.442444
-14.442444
-14.442444
-13.803101
-14.125061
-15.466309
-15.158081
-14.86969
-15.65094
-15.608215
-15.574646
-16.27655
-16.680908
-16.65039
-17.089844
-16.703796
-16.39862
-17.810059
-17.111206
-16.946411
-17.897034
-17.11731
-17.414856
-18.38684
-17.033386
-17.512512
-18.592834
-19.180298
-19.665527
-21.162415
-18.24646
-18.986511
-20.054626
-20.317078
-19.69757
-20.600891
-19.64264
-20.507812
-19.973755
-20.758057
-21.194458
-21.057129
-21.507263
-21.342468
-20.809937
-21.411133
-20.759583
-20.759583
-21.061707
-19.462585
-20.349121
-20.716858
-22.180176
-20.983887
-22.06726
-21.777344
-22.711182
-22.853088
-21.316528
-21.762085
-22.981262
-23.37799
-22.817993
-23.292542
-23.802185
-23.379517
-22.016907
-21.211243
-22.094727
-22.930908
-23.320007
-21.966553
-23.274231
-21.59729
-24.824524
-23.109436
-23.031616
-21.846008
-23.265076
-23.265076
-23.265076
-23.104858
-22.335815
-21.214294
-24.090576
-22.860718
-22.499084
-22.538757
-22.251892
-21.331787
-20.32013
-21.847534
-22.535706
-21.417236
-22.576904
-21.635437
-21.324158
-20.973206
-21.871948
-20.614624
-19.490051
-19.146729
-20.263672
-19.51294
-19.203186
-20.109558
-21.577454
-20.11261
-20.570374
-21.534729
-20.585632
-21.356201
-20.796204
-20.481873
-21.354675
-21.296692
-20.639038
-21.421814
-22.447205
-20.150757
-20.292664
-21.304321
-20.732117
-19.81659
-20.106506
-21.357727
-19.406128
-18.688965
-18.395996
-17.41333
-18.972778
-17.889404
-19.799805
-18.971252
-20.474243
-19.82727
-19.096375
-19.778442
-18.45398
-19.421387
-19.68689
-17.713928
-18.989563
-19.033813
-18.26477
-17.062378
-17.559814
-17.581177
-16.293335
-15.885925
-18.188477
-16.018677
-15.869141
-14.584351
-14.678955
-15.246582
-15.113831
-15.113831
-15.113831
-15.16571
-15.872192
-17.196655
-16.616821
-15.368652
-16.02478
-16.125488
-14.312744
-16.12854
-16.766357
-16.604614
-16.755676
-16.905212
-17.797852
-16.9693
-15.292358
-16.992188
-17.304993
-16.171265
-17.384338
-17.393494
-16.911316
-16.763306
-17.562866
-16.555786
-15.589905
-16.297913
-16.726685
-15.896606
-15.50293
-15.1474
-15.789795
-14.886475
-17.338562
-16.027832
-15.859985
-16.714478
-15.229797
-14.89563
-14.968872
-15.840149
-17.869568
-15.859985
-16.194153
-14.941406
-16.48407
-16.186523
-14.675903
-15.396118
-16.20636
-17.19513
-16.964722
-16.54358
-16.238403
-15.670776
-15.072632
-16.22467
-16.220093
-17.045593
-18.190002
-17.4469
-16.390991
-16.203308
-17.410278
-16.548157
-17.382812
-16.62445
-17.245483
-17.919922
-17.237854
-18.910217
-17.366028
-19.891357
-18.487549
-16.897583
-19.203186
-19.203186
-19.203186
-17.965698
-19.46106
-18.565369
-19.577026
-17.9245
-18.417358
-17.852783
-18.469238
-19.41986
-19.236755
-19.955444
-19.319153
-19.032288
-19.560242
-19.296265
-19.818115
-17.849731
-20.29419
-17.129517
-19.367981
-18.66455
-19.348145
-19.961548
-18.009949
-16.885376
-17.912292
-20.106506
-19.528198
-17.626953
-17.912292
-17.791748
-17.759705
-18.565369
-17.912292
-18.998718
-19.415283
-18.537903
-18.681335
-18.251038
-18.630981
-18.478394
-17.094421
-18.486023
-18.469238
-18.495178
-17.906189
-19.841003
-19.281006
-20.17212
-19.619751
-19.670105
-19.242859
-19.247437
-19.717407
-18.493652
-19.621277
-20.66803
-17.562866
-18.951416
-17.762756
-19.213867
-19.055176
-19.085693
-18.89038
-18.173218
-18.713379
-18.304443
-18.423462
-16.906738
-18.904114
-18.933105
-19.548035
-19.160461
-17.501831
-18.22052
-17.39502
-17.39502
-17.39502
-17.074585
-16.12091
-16.085815
-14.886475
-15.83252
-15.390015
-15.716553
-14.926147
-15.6311035
-16.615295
-15.937805
-15.943909
-17.440796
-17.32788
-16.734314
-17.597961
-16.152954
-16.841125
-15.5685425
-15.499878
-16.610718
-17.124939
-16.165161
-17.181396
-15.910339
-16.26587
-15.606689
-17.669678
-17.488098
-16.786194
-17.973328
-18.44635
-17.49878
-17.56134
-18.486023
-17.11731
-19.85321
-17.120361
-15.679932
-17.312622
-17.944336
-18.534851
-17.269897
-19.502258
-18.467712
-18.234253
-17.294312
-15.609741
-16.246033
-15.945435
-15.997314
-15.783691
-15.940857
-13.523865
-15.267944
-13.786316
-14.608765
-16.047668
-14.170837
-14.538574
-13.691711
-14.234924
-14.561462
-14.927673
-15.551758
-16.133118
-15.093994
-16.242981
-15.667725
-14.506531
-15.641785
-15.977478
-15.759277
-14.846802
-15.83252
-17.506409
-17.506409
-17.506409
-15.380859
-16.749573
-15.863037
-16.68396
-15.428162
-18.31665
-17.504883
-17.279053
-15.885925
-15.861511
-16.992188
-17.286682
-16.05072
-15.492249
-16.789246
-15.222168
-14.337158
-17.634583
-16.662598
-14.825439
-15.942383
-15.12146
-15.539551
-13.435364
-14.671326
-16.210938
-14.570618
-13.752747
-15.396118
-13.319397
-13.3255005
-13.822937
-12.094116
-13.990784
-12.037659
-13.378906
-11.13739
-10.984802
-10.61554
-13.687134
-12.956238
-14.247131
-12.988281
-13.180542
-12.963867
-13.459778
-12.329102
-12.863159
-12.860107
-11.985779
-11.480713
-12.483215
-13.78479
-13.554382
-13.059998
-12.290955
-12.287903
-12.341309
-11.294556
-10.266113
-10.157776
-11.521912
-12.008667
-12.013245
-11.190796
-12.120056
-10.47821
-10.946655
-13.192749
-10.984802
-13.548279
-12.211609
-12.496948
-12.483215
-12.908936
-13.194275
-13.194275
-13.194275
-13.520813
-14.205933
-14.524841
-12.449646
-13.017273
-15.211487
-15.856934
-15.834045
-13.063049
-13.647461
-16.088867
-14.294434
-13.032532
-14.472961
-12.940979
-13.868713
-13.320923
-13.899231
-12.226868
-12.197876
-12.945557
-13.032532
-13.568115
-13.883972
-13.790894
-14.830017
-13.101196
-13.833618
-13.7161255
-14.619446
-15.960693
-15.403748
-16.03241
-16.67633
-15.226746
-15.211487
-16.362
-16.007996
-15.226746
-16.59851
-16.07666
-16.722107
-15.783691
-15.542603
-15.797424
-16.809082
-15.859985
-15.093994
-13.601685
-16.18805
-15.393066
-17.433167
-15.072632
-15.292358
-15.222168
-13.552856
-13.552856
-13.993835
-13.6657715
-14.318848
-12.814331
-12.310791
-13.145447
-15.248108
-13.710022
-14.352417
-14.3966675
-13.145447
-13.891602
-13.609314
-14.578247
-15.010071
-15.151978
-14.039612
-14.784241
-15.235901
-15.235901
-15.505981
-14.6987915
-14.845276
-15.226746
-15.441895
-16.970825
-16.03241
-15.446472
-14.784241
-16.322327
-15.376282
-15.077209
-16.021729
-14.665222
-14.840698
-15.4953
-16.662598
-15.008545
-15.745544
-16.799927
-18.032837
-15.940857
-16.61377
-15.689087
-15.26947
-15.1901245
-15.072632
-16.168213
-15.785217
-16.773987
-16.459656
-15.661621
-16.886902
-16.137695
-15.048218
-16.073608
-17.311096
-16.131592
-16.566467
-17.922974
-16.564941
-16.755676
-15.765381
-16.148376
-14.498901
-15.863037
-15.298462
-14.990234
-13.859558
-13.105774
-14.044189
-12.507629
-13.572693
-12.8479
-12.791443
-14.768982
-14.0182495
-13.595581
-13.093567
-14.682007
-14.299011
-14.573669
-15.852356
-14.254761
-14.227295
-15.463257
-15.454102
-14.535522
-14.616394
-14.389038
-14.6698
-14.660645
-13.876343
-14.9002075
-13.667297
-13.777161
-13.777161
-13.777161
-12.811279
-12.954712
-12.794495
-13.667297
-12.753296
-14.285278
-15.208435
-13.796997
-15.638733
-14.442444
-15.8706665
-14.273071
-14.903259
-14.294434
-14.430237
-15.689087
-14.564514
-14.237976
-15.0894165
-14.208984
-12.854004
-13.723755
-11.471558
-13.710022
-12.940979
-11.437988
-14.347839
-13.5772705
-12.426758
-11.738586
-11.448669
-13.154602
-15.309143
-13.923645
-13.587952
-14.677429
-13.761902
-14.656067
-13.557434
-14.430237
-13.81073
-15.077209
-15.478516
-15.745544
-15.70282
-16.217041
-14.324951
-16.46576
-14.451599
-14.134216
-14.125061
-13.07373
-12.864685
-12.145996
-14.439392
-13.648987
-13.044739
-15.138245
-13.484192
-13.279724
-13.421631
-11.735535
-13.063049
-14.08844
-12.69989
-13.673401
-12.954712
-13.00354
-12.59613
-11.167908
-10.551453
-10.9939575
-11.952209
-11.31134
-12.52594
-12.083435
-12.22229
-12.22229
-10.760498
-12.614441
-11.036682
-12.199402
-12.294006
-11.224365
-12.049866
-11.140442
-11.273193
-12.689209
-11.820984
-13.08136
-10.704041
-12.225342
-12.609863
-11.465454
-12.307739
-13.569641
-12.910461
-11.196899
-12.130737
-13.02948
-13.339233
-13.049316
-12.236023
-11.717224
-10.525513
-11.404419
-13.002014
-10.661316
-11.138916
-13.417053
-14.216614
-11.911011
-12.548828
-12.689209
-11.035156
-10.5896
-10.002136
-11.338806
-10.424805
-9.979248
-10.272217
-11.018372
-11.151123
-11.810303
-11.436462
-12.062073
-10.33783
-12.837219
-11.277771
-11.479187
-11.328125
-10.22644
-11.514282
-11.541748
-11.5234375
-11.080933
-10.499573
-10.694885
-11.329651
-10.627747
-10.455322
-10.107422
-12.168884
-10.002136
-9.55658
-10.256958
-10.809326
-11.392212
-11.538696
-12.011719
-11.886597
-11.836243
-12.155151
-12.295532
-12.295532
-12.295532
-13.641357
-12.3046875
-12.619019
-13.623047
-12.915039
-13.50708
-14.390564
-13.015747
-11.81488
-12.864685
-12.557983
-12.225342
-13.830566
-12.667847
-11.941528
-15.034485
-13.478088
-13.725281
-12.812805
-14.0563965
-13.049316
-14.385986
-13.459778
-14.533997
-15.220642
-15.386963
-14.089966
-13.911438
-14.624023
-13.575745
-15.000916
-14.289856
-13.832092
-15.925598
-16.020203
-14.303589
-16.494751
-16.848755
-15.44342
-15.058899
-15.776062
-16.799927
-15.350342
-19.00177
-14.680481
-15.483093
-16.687012
-14.689636
-15.306091
-15.464783
-17.640686
-15.171814
-14.743042
-16.584778
-15.310669
-15.348816
-15.167236
-16.949463
-17.359924
-16.72821
-16.018677
-16.72821
-16.339111
-16.886902
-16.297913
-15.196228
-16.610718
-16.934204
-17.549133
-17.01355
-17.025757
-16.168213
-16.37268
-16.783142
-15.908813
-16.360474
-16.360474
-16.360474
-15.022278
-15.803528
-15.428162
-16.05835
-15.776062
-14.752197
-14.825439
-15.896606
-14.524841
-15.991211
-13.659668
-13.989258
-15.203857
-13.739014
-15.040588
-14.282227
-15.1901245
-13.093567
-13.945007
-14.73999
-16.081238
-16.78009
-15.531921
-15.470886
-15.446472
-15.538025
-16.252136
-15.359497
-15.966797
-15.452576
-17.311096
-16.300964
-15.30304
-13.702393
-15.757751
-15.823364
-15.4800415
-16.108704
-15.098572
-15.226746
-14.732361
-15.336609
-16.061401
-14.552307
-13.941956
-14.720154
-15.219116
-15.310669
-14.337158
-14.704895
-15.492249
-15.000916
-14.393616
-14.649963
-15.129089
-13.822937
-14.726257
-13.761902
-13.835144
-14.231873
-13.99231
-15.87677
-13.957214
-15.116882
-14.300537
-15.339661
-14.707947
-13.508606
-14.454651
-15.013123
-14.407349
-14.558411
-14.491272
-14.63623
-13.66272
-13.504028
-13.504028
-13.504028
-15.1474
-15.739441
-14.245605
-14.796448
-14.561462
-13.761902
-14.508057
-13.935852
-14.491272
-12.835693
-14.604187
-15.010071
-13.633728
-13.911438
-14.692688
-14.755249
-14.198303
-14.5477295
-14.979553
-14.630127
-13.919067
-14.2074585
-15.126038
-13.746643
-13.140869
-14.41803
-15.284729
-12.963867
-14.427185
-13.453674
-14.419556
-13.021851
-15.348816
-13.957214
-14.433289
-14.407349
-13.954163
-14.399719
-14.750671
-14.707947
-13.938904
-12.759399
-14.599609
-15.156555
-15.1474
-13.470459
-13.746643
-14.622498
-14.399719
-14.683533
-14.517212
-14.576721
-13.088989
-14.701843
-14.414978
-14.605713
-14.360046
-15.1474
-15.187073
-13.945007
-15.994263
-14.511108
-13.83667
-15.843201
-16.003418
-15.385437
-16.148376
-13.265991
-15.841675
-14.782715
-14.611816
-14.770508
-14.808655
-14.073181
-14.323425
-15.785217
-15.785217
-16.767883
-15.153503
-14.498901
-15.014648
-13.874817
-14.234924
-16.282654
-14.486694
-15.849304
-14.738464
-15.420532
-17.506409
-16.314697
-14.738464
-16.819763
-15.171814
-14.807129
-14.3585205
-15.866089
-15.991211
-14.51416
-13.777161
-15.292358
-16.082764
-13.998413
-14.666748
-14.620972
-14.501953
-14.678955
-15.9210205
-15.148926
-14.712524
-15.336609
-15.182495
-15.545654
-14.51416
-15.350342
-15.872192
-14.834595
-14.852905
-13.9175415
-15.538025
-15.486145
-14.082336
-15.245056
-13.949585
-15.109253
-13.757324
-15.182495
-14.532471
-14.486694
-15.197754
-15.170288
-15.887451
-14.682007
-16.201782
-16.635132
-14.855957
-15.585327
-14.115906
-15.609741
-13.310242
-14.389038
-15.4800415
-14.453125
-14.070129
-13.783264
-14.390564
-15.354919
-14.72168
-15.931702
-15.52887
-15.986633
-14.86969
-15.174866
-14.433289
-16.696167
-16.696167
-16.970825
-16.732788
-15.141296
-15.986633
-15.925598
-15.893555
-14.720154
-15.6188965
-14.532471
-16.217041
-15.542603
-15.492249
-14.401245
-12.533569
-14.846802
-14.846802
-15.12146
-12.359619
-14.578247
-16.052246
-16.163635
-13.702393
-14.46228
-15.292358
-14.321899
-13.903809
-15.231323
-14.346313
-14.337158
-13.119507
-14.503479
-15.148926
-14.660645
-13.877869
-13.638306
-14.076233
-13.195801
-14.343262
-14.607239
-14.520264
-12.8479
-12.960815
-13.562012
-13.259888
-15.12146
-15.377808
-14.053345
-14.517212
-13.757324
-17.028809
-13.562012
-14.517212
-13.551331
-14.028931
-13.787842
-14.691162
-15.049744
-12.968445
-13.616943
-12.089539
-15.249634
-14.41803
-14.309692
-13.153076
-14.057922
-13.720703
-13.235474
-14.804077
-14.535522
-13.638306
-13.592529
-14.105225
-12.960815
-15.130615
-13.28125
-15.138245
-15.138245
-15.138245
-13.549805
-15.458679
-15.408325
-15.080261
-13.607788
-14.0563965
-15.034485
-15.103149
-14.315796
-14.732361
-14.63623
-13.140869
-13.702393
-13.690186
-15.916443
