-0.22888184
-0.24006653
-0.019561768
0.13703918
0.09869385
0.0054626465
-0.030212402
0.0054779053
0.03742981
0.019317627
-0.018493652
-0.028625488
-0.01423645
-0.012634277
-0.017425537
-0.0259552
-0.044067383
-0.04673767
-0.024887085
1.373291E-4
-0.0025177002
-0.022766113
-0.017425537
0.0054779053
0.015594482
0.009735107
-9.3078613E-4
-0.013702393
-0.0030517578
0.047561646
0.08857727
0.07577515
0.0022735596
-0.09840393
-0.18095398
-0.21504211
-0.20704651
-0.17295837
-0.14100647
-0.11277771
-0.088272095
-0.08508301
-0.09147644
-0.08666992
-0.059509277
-0.0046539307
0.05607605
0.08590698
0.06993103
0.03477478
0.0028076172
-0.029678345
-0.054718018
-0.09466553
-0.14312744
-0.18200684
-0.18521118
-0.15751648
-0.11703491
-0.0770874
-0.03981018
-0.01423645
-0.008911133
-0.001449585
0.043289185
0.078445435
0.05821228
0.0054626465
-0.030212402
-0.013168335
0.05821228
0.12478638
0.10987854
0.010269165
-0.08880615
-0.09413147
-0.014770508
0.047561646
0.03263855
-0.026489258
-0.052581787
-0.01637268
0.028381348
0.0065307617
-0.06590271
-0.12289429
-0.1351471
-0.109573364
-0.07922363
-0.06271362
-0.046722412
-0.02809143
-0.03288269
-0.069107056
-0.08934021
-0.08560181
-0.078689575
-0.055786133
-0.029159546
-0.036071777
-0.060043335
-0.03981018
0.026779175
0.05393982
-0.0062561035
-0.06430054
-0.043533325
0.04168701
0.10508728
0.10507202
0.07206726
0.055541992
0.07312012
0.09069824
0.08164978
0.058746338
0.025177002
-0.008377075
-0.016906738
0.022506714
0.07951355
0.1104126
0.1104126
0.10560608
0.108810425
0.1146698
0.10295105
0.07472229
0.033172607
0.004928589
0.004928589
0.0054626465
0.0065307617
0.034240723
0.049682617
0.01133728
-0.041397095
-0.03288269
0.035842896
0.09390259
0.099746704
0.076309204
0.06619263
0.085372925
0.09655762
0.08111572
0.05340576
0.039031982
0.036895752
0.042770386
0.05128479
0.057144165
0.045425415
0.012390137
-0.02330017
-0.04460144
-0.050460815
-0.054718018
-0.05204773
-0.048858643
-0.05632019
-0.060043335
-0.049926758
-0.038208008
-0.021697998
-0.009979248
-0.0259552
-0.05418396
-0.048858643
-0.0046539307
0.032104492
0.031036377
0.00920105
-0.0030517578
0.015594482
0.035842896
0.034240723
0.021972656
0.025177002
0.05128479
0.07312012
0.083236694
0.08430481
0.08004761
0.07897949
0.078445435
0.08644104
0.097091675
0.104537964
0.0954895
0.080581665
0.07312012
0.054473877
0.024108887
-0.0062408447
-0.030212402
-0.05897522
-0.064834595
-0.02116394
0.027313232
0.029968262
0.010787964
0.012390137
0.06034851
0.104019165
0.0869751
0.032104492
0.017196655
0.05821228
0.0912323
0.07044983
0.02571106
0.013458252
0.023040771
0.008666992
-0.030212402
-0.053649902
-0.038742065
-9.1552734E-4
0.024108887
0.022506714
0.007598877
-3.8146973E-4
-9.1552734E-4
0.015594482
0.028381348
0.022506714
0.0012054443
-0.022232056
-0.017959595
0.0209198
0.053955078
0.031570435
-0.039794922
-0.08241272
-0.07229614
-0.06590271
-0.083480835
-0.1308899
-0.15219116
-0.07495117
0.026779175
0.071517944
0.0443573
-0.0030517578
-0.028625488
0.021987915
0.12904358
0.21000671
0.20095825
0.13438416
0.059280396
0.0049438477
-0.019561768
-0.033416748
-0.038742065
-0.031814575
-0.04032898
-0.06803894
-0.050979614
0.01133728
0.071517944
0.07418823
0.025177002
-0.007843018
-0.016906738
-0.014770508
0.010269165
0.03956604
0.031036377
0.02305603
0.024642944
0.011871338
-0.018508911
-0.047790527
-0.056854248
-0.036071777
-0.02168274
-0.031280518
-0.045135498
-0.041931152
-0.02116394
-3.8146973E-4
0.004928589
-0.013168335
-0.036605835
-0.03981018
-0.033935547
-0.03767395
-0.059509277
-0.073898315
-0.030212402
0.025177002
0.041168213
0.106155396
0.1892395
0.19403076
0.11627197
-0.0046539307
-0.12075806
-0.1905365
-0.20918274
-0.18148804
-0.13673401
-0.10319519
-0.116500854
-0.16497803
-0.20172119
-0.20492554
-0.18734741
-0.17828369
-0.19107056
-0.1947937
-0.14952087
-0.093063354
-0.08241272
-0.083480835
-0.027023315
0.043823242
0.039031982
-0.015304565
-0.017974854
0.016662598
-0.0025177002
-0.037139893
0.008132935
0.087509155
0.0954895
0.018249512
-0.06590271
-0.08666992
-0.081344604
-0.113845825
-0.16656494
-0.18360901
-0.13568115
-0.07922363
-0.07762146
-0.12236023
-0.19532776
-0.26298523
-0.3087921
-0.3284912
-0.3082428
-0.2336731
-0.1351471
-0.048324585
0.025177002
0.10720825
0.2131958
0.27552795
0.34370422
0.38630676
0.35647583
0.2046814
0.0028076172
-0.13035583
-0.12503052
-0.010513306
0.09815979
0.073654175
-0.07015991
-0.21611023
-0.30558777
-0.29812622
-0.14472961
0.05342102
0.19616699
0.26646423
0.2238617
0.080581665
-0.048858643
-0.10585022
-0.086135864
-0.050979614
-0.04725647
-0.039794922
-0.00944519
0.024108887
0.026779175
0.031036377
0.101882935
0.27127075
0.39483643
0.22758484
-0.16870117
-0.34339905
-0.09838867
0.19029236
0.09762573
-0.2581787
-0.47602844
-0.3988037
-0.09625244
0.12957764
0.16900635
0.11999512
0.09762573
0.118392944
0.14982605
0.19242859
0.22279358
0.20735168
0.16526794
0.13278198
0.12478638
0.0869751
-0.10266113
-0.3865509
-0.4611206
-0.20704651
-0.046188354
-0.37269592
-0.9340973
-1.1178436
-0.706131
-0.04460144
0.3527527
0.1578064
-0.436615
-0.8414154
-0.6272888
0.00440979
0.55888367
0.72932434
0.5929718
0.3980255
0.29789734
0.27445984
0.25260925
0.22865295
0.21321106
0.20947266
0.18017578
0.10987854
0.031036377
0.010787964
0.12745667
0.28404236
0.15727234
-0.19906616
-0.3231659
-0.09199524
0.09176636
-0.03553772
-0.3434143
-0.56710815
-0.5729675
-0.4019928
-0.19586182
-0.04460144
0.031036377
0.04914856
0.10934448
0.26167297
0.39588928
0.38311768
0.276062
0.23823547
0.3937683
0.55674744
0.4560852
0.16313171
-0.01637268
0.09390259
0.2749939
0.23023987
-0.046188354
-0.34446716
-0.4461975
-0.34446716
-0.15272522
-0.1750946
-0.47016907
-0.69866943
-0.6352844
-0.2459259
0.23344421
0.45394897
0.36340332
0.17645264
0.09869385
0.10028076
0.08163452
0.020385742
-0.001449585
0.045425415
0.11999512
0.23291016
0.33091736
0.36714172
0.33624268
0.17752075
-0.03981018
0.00440979
0.37086487
0.58924866
0.39430237
-0.039276123
-0.38334656
-0.46270752
-0.28694153
0.0054626465
0.17272949
0.087509155
-0.11703491
-0.24539185
-0.22888184
-0.13087463
-0.022766113
0.036376953
-0.001449585
-0.116500854
-0.21611023
-0.21130371
-0.09413147
0.031036377
0.104003906
0.18231201
0.1892395
0.05128479
-0.12501526
-0.12075806
0.05607605
0.22065735
0.2169342
-0.0051727295
-0.27256775
-0.35353088
-0.17881775
0.10507202
0.26220703
0.25527954
0.17059326
0.09815979
0.054473877
0.017715454
0.05342102
0.21800232
0.3841858
0.39855957
0.33570862
0.3058777
0.31652832
0.30162048
0.1343689
-0.17669678
-0.26989746
0.07472229
0.47633362
0.46566772
0.080581665
-0.34339905
-0.47496033
-0.32476807
-0.11329651
0.015594482
0.08483887
0.10560608
0.041168213
-0.04034424
-0.04032898
0.00920105
-0.015304565
-0.0967865
-0.13035583
-0.14154053
-0.18894958
-0.28961182
-0.371109
-0.34181213
-0.28215027
-0.38601685
-0.5607147
-0.49467468
-0.10105896
0.3106842
0.41506958
0.18444824
-0.20651245
-0.46910095
-0.38175964
-0.039260864
0.28457642
0.4129486
0.37672424
0.27285767
0.16899109
0.104019165
0.099746704
0.12371826
0.15194702
0.1343689
0.010269165
-0.08880615
-0.045135498
0.014526367
-0.049926758
-0.25125122
-0.38867188
-0.20758057
0.25102234
0.6068268
0.5572815
0.24409485
-0.0019836426
0.052886963
0.2957611
0.42997742
0.37565613
0.27339172
0.21586609
0.17059326
0.10134888
0.014526367
-0.10638428
-0.2459259
-0.32369995
-0.2805481
-0.17030334
-0.024353027
0.17912292
0.31654358
0.23823547
0.08111572
0.031570435
0.024642944
-0.057907104
-0.24752808
-0.48988342
-0.595871
-0.44940186
-0.2805481
-0.35139465
-0.53034973
-0.49893188
-0.1282196
0.31173706
0.500824
0.4129486
0.20574951
0.06565857
0.037963867
0.068862915
0.12106323
0.16101074
0.17538452
0.16633606
0.17326355
0.24249268
0.29257202
0.14982605
-0.14952087
-0.28907776
-0.10105896
0.1466217
0.19189453
0.05342102
-0.13674927
-0.18255615
-0.06376648
0.070999146
0.12745667
0.120529175
0.09069824
0.06086731
0.04649353
-0.00730896
-0.11703491
-0.21078491
-0.17616272
-0.081344604
-0.08773804
-0.17669678
-0.18946838
-0.08454895
0.05821228
0.15142822
0.12799072
-0.029159546
-0.16230774
-0.11810303
0.043823242
0.12478638
-0.01423645
-0.2416687
-0.36897278
-0.3109131
-0.11810303
0.08430481
0.22705078
0.27818298
0.26646423
0.24356079
0.19030762
0.108810425
0.055007935
0.08164978
0.13490295
0.10081482
0.076309204
0.2046814
0.44223022
0.6259918
0.5540924
0.15940857
-0.24859619
-0.2219696
0.18763733
0.5141449
0.43478394
0.07685852
-0.24113464
-0.31358337
-0.17349243
0.0065460205
0.08270264
0.06939697
0.024108887
-3.9672852E-4
-0.0030517578
-0.007843018
-0.0035858154
-0.015304565
-0.076553345
-0.11703491
-0.109573364
-0.11810303
-0.1282196
-0.06803894
0.057678223
0.16047668
0.11253357
-0.06376648
-0.24433899
-0.32209778
-0.29067993
-0.15377808
-0.0062561035
-0.038208008
-0.2182312
-0.37802124
-0.38601685
-0.2374115
-0.02116394
0.13970947
0.15673828
0.03477478
-0.13621521
-0.23368835
-0.20385742
-0.07229614
0.03263855
0.04914856
0.031036377
0.027832031
0.0954895
0.2829895
0.33944702
0.0012054443
-0.5372772
-0.72050476
-0.4099884
-0.034469604
0.061401367
-0.060043335
-0.1516571
-0.07015991
0.10295105
0.2169342
0.23770142
0.17219543
0.043823242
-0.0962677
-0.14952087
-0.118637085
0.0054779053
0.13757324
0.22972107
0.28137207
0.20681763
0.07632446
0.037963867
0.08430481
0.11679077
0.01878357
-0.26298523
-0.53674316
-0.5814972
-0.4185028
-0.12236023
0.16313171
0.23184204
0.082717896
-0.11543274
-0.16496277
-0.008911133
0.18817139
0.26486206
0.20947266
0.07632446
-0.022216797
-0.015304565
0.045425415
0.13224792
0.24302673
0.2861786
0.23291016
0.22012329
0.36286926
0.6009674
0.62280273
0.25421143
-0.2970581
-0.43608093
-0.023284912
0.32666016
0.2046814
-0.213974
-0.54367065
-0.55592346
-0.2874756
0.031036377
0.18070984
0.17112732
0.16047668
0.19137573
0.14076233
-0.010513306
-0.12661743
-0.16177368
-0.13728333
-0.06271362
-0.021697998
-0.095199585
-0.18095398
-0.13674927
0.054489136
0.18017578
0.044891357
-0.17616272
-0.22090149
-0.10638428
0.059799194
0.11199951
-0.019561768
-0.25498962
-0.4653778
-0.5207672
-0.30984497
0.092300415
0.43371582
0.51467896
0.374588
0.17752075
0.06993103
0.07312012
0.097091675
0.058746338
0.0054779053
0.03263855
0.2004242
0.482193
0.74583435
0.7911072
0.500824
0.005996704
-0.31784058
-0.17562866
0.23558044
0.4273224
0.23132324
-0.15751648
-0.41264343
-0.39933777
-0.15379333
0.16526794
0.32559204
0.21533203
-0.0728302
-0.27416992
-0.31463623
-0.29014587
-0.29866028
-0.30612183
-0.25445557
-0.15005493
-0.11917114
-0.23580933
-0.30133057
-0.17881775
0.021987915
0.10934448
0.024642944
-0.16070557
-0.3343506
-0.42436218
-0.40464783
-0.2640381
-0.14154053
-0.19374084
-0.34126282
-0.34979248
-0.14419556
0.14768982
0.35861206
0.38098145
0.2281189
0.029968262
-0.05897522
-0.00730896
0.07897949
0.10241699
0.029968262
-0.027023315
0.03263855
0.19989014
0.37246704
0.3607483
0.051818848
-0.32955933
-0.35671997
0.045425415
0.45236206
0.40335083
0.0443573
-0.15431213
-0.04460144
0.1578064
0.25846863
0.23504639
0.15621948
0.04914856
-0.039794922
-0.10105896
-0.14154053
-0.15379333
-0.17295837
-0.19267273
-0.16177368
-0.08081055
-0.04460144
-0.048324585
-0.025421143
0.026245117
0.028381348
-0.1394043
-0.4211731
-0.56710815
-0.40412903
-0.018508911
0.2861786
0.25634766
0.035842896
-0.049926758
0.047561646
0.18710327
0.29629517
0.35061646
0.3458252
0.2957611
0.18231201
0.042755127
-0.033416748
-0.090927124
-0.20118713
-0.2885437
-0.29066467
-0.21929932
-0.123428345
0.05393982
0.07684326
-0.26882935
-0.4808197
-0.24380493
0.08163452
0.14822388
-0.06803894
-0.32263184
-0.45684814
-0.4797516
-0.41104126
-0.3284912
-0.32582092
-0.36843872
-0.34925842
-0.2224884
-0.055252075
0.07685852
0.08270264
-0.0051727295
-0.059509277
-0.026489258
0.017181396
-0.023284912
-0.14579773
-0.23901367
-0.16656494
0.083236694
0.21958923
-0.033416748
-0.46591187
-0.5623169
-0.15112305
0.38471985
0.5200043
0.21479797
-0.28268433
-0.60173035
-0.5196991
-0.18946838
0.05821228
0.028366089
-0.14526367
-0.23208618
-0.16549683
-0.06536865
-0.03981018
-0.06430054
-0.06376648
0.008666992
0.13917542
0.23130798
0.22492981
0.2281189
0.31600952
0.23876953
-0.1793518
-0.45791626
-0.1820221
0.28723145
0.44117737
0.2861786
0.08483887
-0.0025177002
0.020385742
0.04914856
0.058746338
0.057678223
0.02784729
-0.022232056
-0.022232056
0.02571106
0.08430481
0.13331604
0.1466217
0.0954895
-0.013168335
-0.14100647
-0.17881775
-0.021697998
0.24516296
0.41506958
0.32984924
-0.040863037
-0.53941345
-0.7141113
-0.42063904
0.07258606
0.34370422
0.22598267
-0.014770508
-0.14312744
-0.13140869
-0.050460815
-0.011566162
-0.036605835
-0.032348633
0.015060425
-0.0046539307
-0.08720398
-0.15431213
-0.16604614
-0.08081055
0.025177002
0.07418823
0.06086731
0.07472229
0.17805481
0.22651672
0.018249512
-0.20385742
0.031570435
0.46887207
0.531723
0.311203
0.12852478
0.113601685
0.16314697
0.14289856
-0.0062408447
-0.21025085
-0.25871277
-0.07601929
0.15940857
0.20788574
0.076309204
-0.043533325
-0.0728302
-0.047790527
-0.008377075
-0.013168335
-0.0967865
-0.21557617
-0.25605774
-0.08294678
0.21853638
0.27764893
-0.013168335
-0.3908081
-0.44354248
-0.15272522
0.15834045
0.17326355
-0.059509277
-0.26031494
-0.21983337
0.034240723
0.24835205
0.2531433
0.106674194
-0.048324585
-0.120224
-0.10638428
-0.03074646
0.054489136
0.055541992
-0.0025177002
-0.04032898
-0.03767395
0.018249512
0.10241699
0.17059326
0.19616699
0.106674194
-0.15751648
-0.39985657
-0.2805481
0.1892395
0.5168152
0.40335083
0.025177002
-0.19213867
-0.11010742
-0.07922363
-0.13568115
-0.18467712
-0.21557617
-0.20439148
-0.12982178
-0.14312744
-0.15431213
-0.17721558
-0.28321838
-0.35139465
-0.2853546
-0.1559143
-0.034469604
0.042236328
0.045425415
0.071517944
0.1508789
0.15301514
-0.03553772
-0.3753662
-0.53248596
-0.35353088
-0.030212402
0.10774231
-0.046722412
-0.2416687
-0.29440308
-0.24752808
-0.15538025
-0.057907104
0.0028076172
0.020385742
0.0209198
0.016662598
-0.011581421
-0.026489258
0.017181396
0.08963013
0.11627197
0.080581665
0.01878357
0.024642944
0.15834045
0.32666016
0.3388977
0.037979126
-0.31837463
-0.33009338
0.054473877
0.3607483
0.29736328
0.017196655
-0.1394043
-0.050994873
0.165802
0.29310608
0.24356079
0.13757324
0.070999146
0.06726074
0.10028076
0.14129639
0.14875793
0.09335327
0.008132935
-0.0051879883
0.052352905
0.097091675
0.055541992
0.01612854
0.08377075
0.14343262
-0.017974854
-0.27256775
-0.29812622
-0.008911133
0.3037567
0.35328674
0.14982605
-0.102645874
-0.16177368
-0.045654297
0.08963013
0.099746704
0.006011963
-0.034469604
0.031036377
0.07577515
-0.023284912
-0.18147278
-0.26350403
-0.24433899
-0.167099
-0.08506775
-0.0062408447
0.118392944
0.26327515
0.28990173
0.1104126
-0.086135864
-0.08029175
0.15461731
0.31600952
0.15727234
-0.1585846
-0.29226685
-0.19000244
-0.018493652
0.032104492
-0.016906738
-0.06964111
-0.061645508
-0.020095825
-0.069625854
-0.20013428
-0.25338745
-0.16923523
-0.048858643
-0.009979248
-0.043533325
-0.05152893
0.026779175
0.10987854
0.1109314
0.087509155
0.07418823
0.033172607
-0.11917114
-0.39294434
-0.6246338
-0.49734497
0.057144165
0.580719
0.6648865
0.3527527
-0.059509277
-0.26722717
-0.27468872
-0.1862793
-0.09680176
-0.031280518
-0.017425537
0.014526367
0.1146698
0.18605042
0.13117981
0.035842896
0.057678223
0.17272949
0.23770142
0.22439575
0.2004242
0.20202637
0.22279358
0.27871704
0.14929199
-0.01423645
-0.015838623
0.097091675
0.16473389
0.118927
0.006011963
-0.24487305
-0.48188782
-0.39613342
-0.011047363
0.23770142
0.13330078
-0.15644836
-0.31144714
-0.30665588
-0.22836304
-0.16230774
-0.083480835
0.048080444
0.21214294
0.2984314
0.27020264
0.21214294
0.14982605
0.12585449
0.14503479
0.17485046
0.16740417
0.11413574
0.108810425
0.21907043
0.41293335
0.57806396
0.6531677
0.4491577
-0.37483215
-1.2105255
-1.0603333
-0.097854614
0.54397583
0.39163208
-0.119155884
-0.4877472
-0.56817627
-0.46910095
-0.34179688
-0.22888184
-0.099990845
0.066726685
0.23451233
0.30215454
0.2169342
0.07632446
6.713867E-4
0.038497925
0.14022827
0.1769867
0.080581665
-0.00730896
0.057678223
0.24888611
0.42092896
0.38417053
0.12106323
-0.23953247
-0.5154419
-0.47016907
-0.118637085
0.17272949
-0.026489258
-0.5335541
-0.79719543
-0.56178284
-0.116500854
0.11732483
0.0070648193
-0.23313904
-0.20918274
0.045425415
0.3293152
0.60469055
0.68937683
0.61587524
0.53012085
0.2446289
-0.2805481
-0.7375488
-0.7902832
-0.42382812
-0.050460815
0.009735107
-0.15112305
-0.22462463
-0.055786133
0.19935608
0.25741577
0.0874939
-0.1543274
-0.21716309
-0.069625854
0.13916016
0.22598267
0.15994263
0.07684326
0.07951355
0.1769867
0.30055237
0.31227112
0.24623108
0.27178955
0.41400146
0.5215912
0.5072174
0.36340332
0.14076233
-0.13194275
-0.513855
-0.74394226
-0.6246338
-0.32209778
-0.19213867
-0.36097717
-0.6011963
-0.6161041
-0.34553528
-0.033935547
0.12904358
0.12585449
0.061401367
0.050750732
0.11199951
0.14501953
0.1572876
0.212677
0.28457642
0.43797302
0.67926025
0.7325134
0.48805237
0.15994263
0.059814453
0.039031982
-0.29014587
-0.7199707
-0.708786
-0.42861938
-0.3663025
-0.55752563
-0.6358185
-0.37748718
-0.0019836426
0.18017578
0.11946106
-0.022750854
-0.035003662
0.12425232
0.2765808
0.2915039
0.22544861
0.26966858
0.44169617
0.59562683
0.62971497
0.49124146
0.19989014
-0.0690918
-0.11917114
0.061401367
0.28883362
0.41027832
0.25953674
-0.14047241
-0.49253845
-0.5942688
-0.43875122
-0.27468872
-0.27468872
-0.28907776
-0.17562866
0.019851685
0.1769867
0.19242859
0.1535492
0.22651672
0.34742737
0.29362488
0.06619263
-0.08294678
0.001739502
0.21426392
0.12532043
-0.1862793
-0.30825806
-0.20704651
-0.17723083
-0.16763306
-0.026489258
0.15461731
0.19989014
0.076309204
-0.097854614
-0.17828369
-0.20118713
-0.2262268
-0.20811462
-0.13461304
-0.073349
-0.038208008
0.024642944
0.07472229
0.07632446
0.07418823
0.10934448
0.18284607
0.27552795
0.39430237
0.4257202
0.19935608
-0.120224
-0.26031494
-0.19374084
-0.085617065
-0.054718018
-0.078689575
-0.1559143
-0.29652405
-0.45472717
-0.5735016
-0.56178284
-0.43449402
-0.2885437
-0.118637085
0.07791138
0.20201111
0.24569702
0.2723236
0.26167297
0.18444824
0.13171387
0.19242859
0.31654358
0.3468933
0.29255676
0.28457642
0.29629517
0.17219543
-0.08081055
-0.21504211
-0.14260864
-0.11117554
-0.29707336
-0.48454285
-0.3007965
0.07737732
0.21533203
-0.008911133
-0.37322998
-0.48347473
-0.23580933
0.09336853
0.1743164
0.017715454
-0.18148804
-0.22355652
-0.08508301
0.14022827
0.25476074
0.22492981
0.24143982
0.35168457
0.40653992
0.3000183
0.060333252
-0.16017151
-0.23634338
-0.1197052
0.10614014
0.23451233
0.13171387
-0.15963745
-0.30984497
-0.2416687
-0.22250366
-0.31037903
-0.3551178
-0.23048401
-0.017440796
0.104019165
0.108810425
0.10560608
0.18017578
0.3181305
0.35861206
0.22598267
0.06567383
0.03050232
0.11680603
0.16047668
0.113601685
0.11734009
0.22172546
0.36393738
0.4315796
0.22651672
-0.29226685
-0.75086975
-0.56285095
0.03477478
0.3138733
0.09336853
-0.25338745
-0.2816162
0.010787964
0.28404236
0.31973267
0.18443298
0.040100098
0.057678223
0.21640015
0.36021423
0.3527527
0.27392578
0.247818
0.2941742
0.33677673
0.29682922
0.13117981
-0.085617065
-0.14367676
-0.001449585
0.19509888
0.17965698
-0.08187866
-0.45365906
-0.6033325
-0.47335815
-0.35032654
-0.39027405
-0.4376831
-0.32955933
-0.10745239
0.053955078
0.0954895
0.08111572
0.11999512
0.20681763
0.27445984
0.31333923
0.2765808
0.15727234
0.04168701
-0.01902771
0.0049438477
0.062469482
-0.02116394
-0.25498962
-0.41583252
-0.3519287
-0.18095398
-0.11810303
-0.23954773
-0.32156372
-0.22409058
-0.047790527
0.019851685
-0.023284912
-0.0728302
-0.055252075
-0.013702393
0.047561646
0.14022827
0.24942017
0.33943176
0.37672424
0.37779236
0.35595703
0.37672424
0.41027832
0.39483643
0.3346405
0.18338013
-0.09094238
-0.39826965
-0.5015869
-0.23420715
0.24142456
0.44596863
0.15461731
-0.3854828
-0.7945404
-0.7380829
-0.3481903
-0.010498047
0.057678223
-0.06271362
-0.12982178
0.04914856
0.36021423
0.57273865
0.5706024
0.42520142
0.2877655
0.23077393
0.20201111
0.15408325
0.12745667
0.13331604
0.19509888
0.27711487
0.2712555
0.12159729
-0.08880615
-0.31251526
-0.38761902
-0.29919434
-0.24752808
-0.324234
-0.36097717
-0.25071716
-0.051513672
0.07258606
0.10134888
0.13064575
0.13383484
0.106155396
0.072052
0.017196655
-0.02861023
0.04168701
0.23184204
0.43371582
0.4672699
0.35754395
0.26913452
0.28297424
0.39909363
0.48857117
0.46087646
0.39537048
0.24676514
-0.027023315
-0.36897278
-0.6379547
-0.68055725
-0.6203766
-0.6379547
-0.7402191
-0.7769623
-0.6075897
-0.3316803
-0.1708374
-0.1394043
-0.14259338
-0.04725647
0.052352905
0.08004761
0.110946655
0.17805481
0.15089417
0.0635376
0.06086731
0.17752075
0.19136047
0.08963013
0.13757324
0.39855957
0.63238525
0.61213684
0.3341217
-9.3078613E-4
-0.07762146
0.10241699
0.28511047
0.247818
0.08218384
-0.014770508
-3.8146973E-4
0.042770386
0.064071655
0.03956604
0.010269165
0.038497925
0.087509155
0.10028076
0.12425232
0.22491455
0.3453064
0.3665924
0.34849548
0.37139893
0.38790894
0.28085327
0.09336853
0.09602356
0.34849548
0.43051147
0.13278198
-0.24006653
-0.32530212
-0.13301086
0.085372925
0.122665405
-0.0030517578
-0.079208374
0.024108887
0.24356079
0.37246704
0.3506317
0.26060486
0.19989014
0.20254517
0.19989014
0.11413574
-0.022766113
-0.06803894
0.037963867
0.12265015
-0.1282196
-0.53034973
-0.40838623
0.24357605
0.7820587
0.6808624
0.045425415
-0.5292969
-0.5564575
-0.12661743
0.34423828
0.4550171
0.22865295
-0.060577393
-0.15911865
0.015594482
0.27871704
0.4161377
0.41773987
0.39109802
0.4118805
0.44755554
0.5114746
0.5652771
0.5583496
0.56581116
0.59510803
0.45236206
0.09336853
0.007598877
0.3346405
0.5594177
0.3730011
0.060333252
-0.08187866
0.028381348
0.22065735
0.2994995
0.21107483
0.09655762
0.080581665
0.21907043
0.35221863
0.341568
0.2446289
0.17166138
0.14768982
0.14076233
0.12799072
0.17538452
0.24995422
0.27285767
0.2568817
0.19882202
-0.045654297
-0.38867188
-0.5053253
-0.2731018
0.085372925
0.26860046
0.25315857
0.21905518
0.31866455
0.47473145
0.5045471
0.36872864
0.19721985
0.09976196
0.13543701
0.25102234
0.3383789
0.3058777
0.19456482
0.16366577
0.27127075
0.4012146
0.43104553
0.39430237
0.4465027
0.6222687
0.723999
0.51786804
0.08590698
-0.16390991
-0.005722046
0.2472992
0.22865295
0.0070648193
-0.17349243
-0.1750946
-0.07122803
0.04914856
0.15194702
0.23876953
0.30322266
0.28511047
0.2281189
0.23025513
0.27339172
0.2915039
0.22546387
0.06619263
-0.07815552
-0.11810303
-0.059509277
0.064590454
0.1737976
0.17857361
-0.08508301
-0.57829285
-0.8499298
-0.6336975
-0.073898315
0.2957611
0.18710327
-0.16656494
-0.35404968
-0.20439148
0.050750732
0.10987854
0.0049438477
-0.106918335
-0.0962677
-0.017425537
0.026245117
0.059799194
0.1615448
0.14450073
0.212677
0.36235046
0.4715271
0.4550171
0.28884888
0.10720825
0.14022827
0.2723236
0.40016174
0.4006958
0.31652832
0.17752075
-0.08508301
-0.46591187
-0.6715088
-0.5053253
-0.18681335
-0.08027649
-0.24913025
-0.43022156
-0.41584778
-0.18786621
0.010803223
-0.061645508
-0.36257935
-0.55752563
-0.4461975
-0.1543274
0.09976196
0.23718262
0.34370422
0.35009766
0.057144165
-0.3620453
-0.5996094
-0.6368866
-0.59747314
-0.33648682
0.08325195
0.30215454
0.18870544
-0.06430054
-0.22676086
-0.26245117
-0.24380493
-0.21717834
-0.17295837
-0.10319519
-0.08187866
-0.09892273
-0.08081055
-0.027023315
0.027313232
0.09283447
0.1743164
0.2792511
0.33784485
0.34742737
0.40760803
0.4092102
0.25634766
0.035842896
-0.17616272
-0.31784058
-0.3316803
-0.14633179
0.1466217
0.25634766
0.052352905
-0.3093109
-0.5884094
-0.6022644
-0.42808533
-0.23687744
-0.12554932
-0.08401489
-0.033935547
0.08163452
0.2169342
0.2877655
0.21374512
0.07685852
-0.0067749023
0.0443573
0.28085327
0.4741974
0.28990173
-0.19320679
-0.469635
-0.46165466
-0.5884247
-0.91545105
-0.8195801
-0.22782898
0.2877655
0.34477234
0.10241699
-0.16923523
-0.22036743
0.0054779053
0.33570862
0.5460968
0.48857117
0.25634766
0.055541992
0.015594482
0.09976196
0.3000183
0.47633362
0.45874023
0.25260925
0.05340576
0.04649353
0.15408325
0.22332764
0.24942017
0.25474548
0.15887451
-0.07229614
-0.2651062
-0.3119812
-0.3146515
-0.34233093
-0.3977356
-0.4131775
-0.35939026
-0.32955933
-0.35565186
-0.33381653
-0.18041992
0.008132935
0.10134888
0.18391418
0.33251953
0.4491577
0.39909363
0.23451233
0.12159729
0.11413574
0.10348511
0.078445435
0.101882935
0.24623108
0.38630676
0.34902954
0.17591858
0.06832886
0.036376953
-0.016357422
-0.04032898
-0.012634277
-0.12768555
-0.45951843
-0.77430725
-0.7668457
-0.38813782
0.08164978
0.2957611
0.14343262
-0.14367676
-0.23527527
-0.07548523
0.13543701
0.2627411
0.25421143
0.16047668
0.078445435
0.10241699
0.2472992
0.43371582
0.44596863
0.26966858
0.20414734
0.32026672
0.35542297
0.19989014
0.021453857
-0.14846802
-0.29440308
-0.36843872
-0.33807373
-0.23634338
-0.18414307
-0.18734741
-0.1351471
0.008132935
0.15940857
0.2829895
0.33517456
0.27020264
0.20788574
0.22865295
0.24356079
0.14608765
0.017181396
0.10507202
0.3847046
0.48857117
0.2323761
-0.19586182
-0.5884094
-0.99694824
-1.1327667
-0.7364807
-0.12236023
0.26593018
0.21853638
-0.2571106
-0.8968048
-1.2318268
-1.009201
-0.3561859
0.33145142
0.59350586
0.43104553
0.16633606
0.101882935
0.29736328
0.5753937
0.6691437
0.58392334
0.55249023
0.6190796
0.64250183
0.44596863
0.0054779053
-0.4643097
-0.60440063
-0.44514465
-0.28961182
-0.19480896
0.0070648193
0.08909607
-0.15325928
-0.50213623
-0.63049316
-0.44407654
-0.14846802
-0.04032898
-0.15219116
-0.18521118
0.07525635
0.38523865
0.37139893
0.048095703
-0.14898682
-0.013702393
0.2984314
0.5205231
0.5929718
0.6105499
0.6121521
0.60736084
0.5029602
0.10934448
-0.579895
-1.0038605
-0.77963257
-0.2539215
0.06726074
0.018249512
-0.21131897
-0.33488464
-0.18467712
0.0912323
0.1934967
0.083236694
-0.106918335
-0.15805054
-0.014770508
0.1977539
0.27818298
0.23823547
0.21214294
0.19189453
0.22546387
0.39004517
0.5695343
0.578598
0.39590454
0.09069824
-0.24485779
-0.44779968
-0.46591187
-0.43714905
-0.4653778
-0.46270752
-0.35939026
-0.32476807
-0.39826965
-0.4888153
-0.4738922
-0.28108215
0.015594482
0.28404236
0.37405396
0.27871704
0.15248108
0.11306763
0.13491821
0.1892395
0.3037567
0.41667175
0.46939087
0.39057922
0.24674988
0.19242859
0.13864136
-0.16604614
-0.7189026
-1.058197
-0.7679138
-0.14579773
0.22492981
0.17645264
-0.093063354
-0.1862793
0.044891357
0.29736328
0.30747986
0.14768982
0.10028076
0.28404236
0.46087646
0.4411621
0.3804474
0.40441895
0.4465027
0.45661926
0.4203949
0.47792053
0.5791168
0.5082855
0.26486206
0.12371826
0.18070984
0.2515564
0.09976196
-0.32530212
-0.6246338
-0.40039062
-0.013168335
0.015060425
-0.30345154
-0.52822876
-0.46217346
-0.24273682
-0.036605835
0.05128479
0.045959473
0.06300354
0.18284607
0.36340332
0.4507599
0.30908203
0.0635376
-0.06855774
0.0209198
0.23876953
0.4449005
0.56632996
0.5791168
0.47898865
0.18710327
-0.3822937
-0.8456726
-0.78123474
-0.32156372
0.026245117
-0.0067749023
-0.22782898
-0.3631134
-0.19746399
0.10081482
0.25474548
0.19561768
0.055541992
0.0022735596
0.042770386
0.08430481
0.066726685
-0.0035858154
-0.0728302
-0.08454895
0.023040771
0.24942017
0.41560364
0.38365173
0.31015015
0.27871704
0.13117981
-0.16816711
-0.44354248
-0.52557373
-0.43341064
-0.3476715
-0.2842865
-0.2624359
-0.2848053
-0.2294159
-0.071762085
0.10934448
0.17219543
0.0954895
0.057144165
0.15461731
0.27711487
0.29736328
0.26753235
0.2600708
0.21640015
0.10134888
0.13491821
0.3223877
0.40655518
0.32292175
0.2515564
0.04170227
-0.53089905
-1.0928192
-1.0219727
-0.53408813
-0.24433899
-0.20385742
-0.12182617
0.0033416748
0.0209198
-0.0259552
-0.069625854
-0.11064148
-0.14952087
-0.16177368
-0.11756897
0.015594482
0.20735168
0.34051514
0.2861786
0.22918701
0.3527527
0.52319336
0.57806396
0.57167053
0.56474304
0.51094055
0.31440735
-0.066970825
-0.5239563
-0.57510376
-0.22569275
-0.07336426
-0.40945435
-0.7711029
-0.7423401
-0.42915344
-0.2677765
-0.4142456
-0.6177063
-0.54208374
-0.18095398
0.10562134
0.042236328
-0.20864868
-0.3439331
-0.27522278
-0.1665802
-0.11917114
0.01399231
-0.022766113
-0.35458374
-0.7018585
-0.6470032
-0.102127075
0.531723
0.73039246
0.41827393
0.064071655
-0.012634277
0.0443573
0.05342102
-0.058441162
-0.17456055
-0.12982178
0.03956604
0.19615173
0.19296265
0.08856201
0.012924194
0.013458252
0.036376953
0.018249512
-0.059509277
-0.1862793
-0.35032654
-0.3519287
-0.11277771
0.16313171
0.1381073
-0.22036743
-0.48135376
-0.30451965
0.24942017
0.6856537
0.580719
0.14076233
-0.1239624
0.015060425
0.3223877
0.45661926
0.33251953
0.19084167
0.17166138
0.21372986
0.24569702
0.21640015
0.10560608
-0.022216797
-0.093063354
-0.078689575
-0.013702393
-0.005706787
-0.10797119
-0.16230774
-0.076553345
0.01399231
-0.102645874
-0.38815308
-0.5804291
-0.4270172
0.036376953
0.46780396
0.5215912
0.11306763
-0.43608093
-0.59799194
-0.27949524
0.22544861
0.4715271
0.35488892
0.10827637
-0.0925293
-0.11064148
0.04170227
0.11946106
0.028381348
-0.08987427
-0.08666992
0.06939697
0.3138733
0.5429077
0.66007996
0.5706024
0.19882202
-0.21716309
-0.2720337
0.16952515
0.55249023
0.4118805
0.03477478
-0.19960022
-0.13407898
0.106155396
0.28085327
0.26487732
0.16633606
0.087509155
0.10614014
0.1572876
0.108810425
-0.020095825
-0.11064148
-0.1825409
-0.23527527
-0.20599365
-0.1159668
-0.07548523
-0.086135864
-0.045654297
0.10560608
0.29415894
0.2989502
0.078445435
-0.17669678
-0.22409058
-0.041397095
0.1146698
0.064071655
-0.10585022
-0.24327087
-0.2928009
-0.24859619
-0.13993835
-0.07229614
-0.07015991
-0.06750488
-0.049926758
-0.056854248
-0.09732056
-0.13887024
-0.16870117
-0.14526367
-0.05204773
0.082717896
0.23078918
0.37193298
0.45129395
0.36553955
0.058746338
-0.33328247
-0.49839783
-0.33009338
0.06565857
0.32826233
0.2558136
0.054473877
-0.10798645
-0.12608337
-0.0690918
-0.053649902
-0.0046539307
0.05821228
-0.023284912
-0.099990845
-0.038742065
-0.04725647
-0.17828369
-0.1985321
-0.12661743
-0.033416748
0.00440979
-0.022232056
-0.0062408447
0.06512451
0.1146698
0.16473389
0.16313171
-0.041397095
-0.36523438
-0.4968109
-0.2613678
0.12852478
0.30322266
0.21533203
0.0635376
0.073654175
0.19670105
0.21586609
0.09655762
-0.008911133
-0.02330017
0.050750732
0.13064575
0.15940857
0.15089417
0.13917542
0.13224792
0.12319946
0.11680603
0.15887451
0.26860046
0.37246704
0.38897705
0.3335724
0.1812439
-0.088272095
-0.2682953
-0.102127075
0.35861206
0.58818054
0.3069458
-0.21557617
-0.48988342
-0.31251526
0.087509155
0.2957611
0.061401367
-0.28482056
-0.33753967
-0.07601929
0.1615448
0.14929199
0.011871338
-0.07069397
-0.0030517578
0.15194702
0.23451233
0.21321106
0.15887451
0.16101074
0.16793823
1.373291E-4
-0.23580933
-0.2054596
0.14396667
0.48591614
0.4917755
0.21800232
6.713867E-4
0.0869751
0.28511047
0.30854797
0.14501953
-0.07336426
-0.08934021
0.13864136
0.3660736
0.36286926
0.21586609
0.10827637
0.113601685
0.19509888
0.26060486
0.25315857
0.21533203
0.23451233
0.3341217
0.44436646
0.3181305
-0.051513672
-0.16018677
0.13597107
0.3804474
0.20309448
-0.12928772
-0.22409058
-0.017440796
0.29789734
0.42945862
0.31706238
0.13650513
0.075790405
0.1700592
0.21000671
0.051818848
-0.12503052
-0.114364624
0.019317627
0.056610107
-0.038208008
-0.045135498
0.07951355
0.17272949
0.20361328
0.28245544
0.25846863
-0.17774963
-0.75245667
-0.77056885
-0.12715149
0.56314087
0.6180115
0.066726685
-0.47123718
-0.51278687
-0.20918274
0.09069824
0.19242859
0.13171387
0.03956604
0.008666992
0.058746338
0.15621948
0.2558136
0.32505798
0.31973267
0.25209045
0.22972107
0.2723236
0.28511047
0.2989502
0.38311768
0.45448303
0.29364014
-0.06376648
-0.20864868
0.10987854
0.42358398
0.19882202
-0.30877686
-0.563385
-0.41636658
-0.033950806
0.26539612
0.3223877
0.16952515
-0.0259552
-0.095199585
-0.02381897
0.05821228
-0.00730896
-0.20013428
-0.30612183
-0.22036743
-0.064834595
-0.015838623
-0.083480835
-0.08773804
0.075790405
0.22012329
0.06512451
-0.35939026
-0.74287415
-0.7247772
-0.31677246
0.106674194
0.27020264
0.15834045
-0.09413147
-0.16976929
-0.017425537
0.061401367
0.043289185
0.00920105
-0.0067749023
-0.017974854
-0.08987427
-0.2027893
-0.29440308
-0.22409058
-0.03767395
0.10241699
0.15621948
0.16740417
0.14556885
0.12850952
0.19989014
0.32878113
0.26167297
-0.047790527
-0.28001404
-0.19799805
0.00440979
0.023040771
-0.13461304
-0.2651062
-0.25924683
-0.1516571
-0.01423645
0.03050232
-0.015838623
-0.14207458
-0.28108215
-0.31356812
-0.23954773
-0.18734741
-0.19960022
-0.20811462
-0.16816711
-0.17669678
-0.19532776
-0.12768555
-0.024353027
0.039031982
0.06460571
-0.081344604
-0.48242188
-0.87657166
-0.8307648
-0.2294159
0.41667175
0.63345337
0.39642334
-0.0030517578
-0.21876526
-0.14846802
0.08218384
0.2281189
0.16366577
0.0443573
0.033706665
0.10934448
0.11253357
0.040634155
-0.005706787
0.03050232
0.1146698
0.15568542
0.0912323
0.028366089
0.11785889
0.41027832
0.62120056
0.3804474
-0.26457214
-0.62942505
-0.27470398
0.3660736
0.5439606
0.19082642
-0.19639587
-0.24539185
-0.08880615
-0.02809143
-0.1239624
-0.20332336
-0.10850525
0.08483887
0.21214294
0.19721985
0.07044983
-0.06323242
-0.06536865
0.08804321
0.20095825
0.14822388
0.009735107
-0.036605835
0.08164978
0.24835205
0.2281189
-0.09680176
-0.5292816
-0.64434814
-0.30877686
0.18284607
0.41400146
0.27764893
-0.03553772
-0.20013428
-0.086135864
0.14450073
0.22918701
0.12319946
0.019317627
0.040634155
0.0677948
-0.01423645
-0.11064148
-0.13035583
-0.046203613
0.083236694
0.14556885
0.14982605
0.25048828
0.48005676
0.611084
0.43585205
-0.033935547
-0.47177124
-0.46803284
-0.09466553
0.18019104
0.15727234
0.061935425
0.0677948
0.10081482
0.019317627
-0.13194275
-0.22036743
-0.25338745
-0.25178528
-0.21662903
-0.17616272
-0.16763306
-0.19586182
-0.1985321
-0.14633179
-0.062164307
0.029968262
0.099746704
0.12638855
0.17538452
0.2915039
0.31706238
0.10720825
-0.26031494
-0.44459534
-0.28533936
0.05128479
0.2792511
0.26913452
0.06086731
-0.15805054
-0.16603088
-0.055252075
0.051818848
0.15461731
0.18603516
0.090164185
-0.041397095
-0.10531616
-0.10317993
-0.05897522
0.05128479
0.16792297
0.26860046
0.44596863
0.6414337
0.707489
0.5684662
0.2281189
-0.04246521
0.055541992
0.39855957
0.5572815
0.37139893
0.038497925
-0.14845276
-0.0967865
-0.0121154785
-0.049926758
-0.18360901
-0.3146515
-0.31411743
-0.19586182
-0.09413147
-0.13142395
-0.25231934
-0.3007965
-0.24487305
-0.14047241
-0.05845642
-0.037139893
-0.10585022
-0.21450806
-0.26882935
-0.25073242
-0.29919434
-0.4254303
-0.44940186
-0.22994995
0.15782166
0.4715271
0.5018921
0.2238617
-0.106918335
-0.24913025
-0.16337585
0.059814453
0.22758484
0.19721985
-0.0019836426
-0.21769714
-0.26882935
-0.18681335
-0.14260864
-0.17402649
-0.16656494
-0.06536865
0.10934448
0.30801392
0.47206116
0.55036926
0.4273224
0.054473877
-0.21450806
-0.086135864
0.2089386
0.27764893
0.115737915
-0.050445557
0.022506714
0.2680664
0.42253113
0.341568
0.16845703
0.040100098
-0.03288269
-0.11756897
-0.20172119
-0.3039856
-0.4142456
-0.43022156
-0.34446716
-0.19746399
0.037963867
0.2366333
0.2403717
0.1146698
0.017730713
-0.060043335
-0.18041992
-0.21238708
0.03742981
0.39216614
0.5556793
0.42253113
0.010253906
-0.3908081
-0.40625
-0.093063354
0.18817139
0.21960449
0.08111572
-0.069107056
-0.10424805
-0.08666992
-0.102645874
-0.08401489
0.015594482
0.15194702
0.23451233
0.24942017
0.28564453
0.404953
0.56314087
0.50349426
0.1301117
-0.31784058
-0.46749878
-0.26724243
-0.045135498
-0.04032898
-0.15058899
-0.2027893
-0.17349243
-0.114364624
0.009735107
0.16687012
0.2472992
0.2211914
0.0677948
-0.10105896
-0.15379333
-0.05632019
0.06567383
0.10508728
0.14982605
0.24783325
0.3181305
0.3692627
0.42092896
0.30215454
0.011856079
-0.23420715
-0.37748718
-0.41371155
-0.21343994
0.11201477
0.28671265
0.2627411
0.052352905
-0.23262024
-0.3908081
-0.40464783
-0.33648682
-0.24220276
-0.1159668
-0.0110321045
0.018249512
0.039031982
0.16845703
0.37405396
0.28085327
0.041168213
-0.2688446
-0.30877686
-0.043533325
0.11946106
0.051818848
-0.058441162
-0.13195801
-0.19799805
-0.2677765
-0.22355652
-0.09840393
-0.0259552
0.037963867
0.10348511
0.115737915
0.078445435
6.713867E-4
-0.07548523
-0.061645508
0.034240723
0.09602356
0.03477478
-0.081344604
-0.14100647
-0.10531616
-0.010513306
0.057678223
0.062469482
0.06513977
0.062469482
-0.020095825
-0.13407898
-0.1516571
-0.081344604
-0.030212402
-0.055786133
-0.11489868
-0.15538025
-0.18521118
-0.16177368
-0.055786133
0.05393982
0.0635376
-0.020629883
-0.114364624
-0.15538025
-0.13993835
-0.11383057
-0.09573364
-0.055786133
0.021987915
0.083236694
0.04222107
-0.04512024
-0.06536865
-0.028076172
0.001739502
0.008132935
6.713867E-4
-0.015304565
-0.01210022
0.03263855
0.08909607
0.09815979
0.051818848
-0.0025177002
-3.9672852E-4
0.06460571
0.13490295
0.14129639
0.08270264
0.033706665
0.048095703
0.09176636
0.10774231
0.10827637
0.13064575
0.16952515
0.21214294
0.23451233
0.21107483
0.14022827
0.03477478
-0.03553772
-0.023284912
0.029968262
0.05128479
0.011856079
-0.036071777
-0.022750854
0.033706665
0.06300354
0.03263855
-0.017959595
-0.038742065
-0.019561768
0.0054779053
0.009735107
-0.011566162
-0.03288269
-0.03288269
0.0038757324
0.042755127
0.033172607
-0.0035858154
-0.027557373
-0.015838623
0.021987915
0.047027588
0.027297974
-9.1552734E-4
0.00440979
0.038497925
0.045425415
0.015594482
-0.0067749023
-0.026489258
-0.030212402
-0.013702393
-0.008377075
-0.013702393
-0.017425537
-0.016357422
-0.011047363
0.0065307617
0.019851685
0.00920105
-0.013168335
-0.029159546
-0.03074646
-0.0030517578
0.021972656
0.01399231
-0.020629883
-0.036071777
-0.012634277
0.013458252
0.0054779053
-0.017425537
-0.0259552
-0.00730896
0.012390137
0.0038757324
-0.017974854
-0.02809143
-0.050994873
-0.0925293
-0.11117554
-0.06378174
0.018249512
0.058746338
0.03956604
0.01399231
0.009735107
0.015060425
0.011856079
-3.9672852E-4
0.0038757324
0.02784729
0.043823242
0.024642944
-0.016906738
-0.034469604
-0.015838623
0.0043945312
0.0012054443
-0.013168335
-0.016906738
-0.0035858154
0.011856079
0.021453857
0.020385742
0.033172607
0.050216675
0.033706665
-0.0030517578
-0.008377075
0.029449463
0.062469482
0.05128479
0.010269165
-0.03074646
-0.0493927
-0.045669556
-0.024887085
-0.01637268
-0.0259552
-0.018493652
-0.0035858154
0.0033416748
0.0012054443
0.0012054443
0.0049438477
0.010803223
0.020385742
0.027313232
0.02571106
0.021453857
0.026245117
0.025177002
0.02784729
0.043289185
0.02571106
-9.1552734E-4
-0.02861023
-0.024353027
0.0054779053
0.021972656
0.026245117
0.02571106
0.024108887
0.03050232
0.034240723
0.029968262
0.024108887
0.02357483
0.01878357
0.0012054443
-0.00944519
-0.011566162
-0.007843018
0.00440979
0.024108887
0.035308838
0.031570435
0.021972656
0.023040771
0.042755127
0.06034851
0.0635376
0.059814453
0.041168213
0.012924194
0.0065307617
0.029968262
0.05128479
0.05128479
0.02571106
-0.007843018
-0.0067749023
0.03477478
0.0677948
0.06939697
0.047027588
0.02357483
0.015594482
0.01612854
0.010787964
-0.0025177002
-0.015304565
-0.029159546
-0.02809143
0.0070648193
0.040100098
0.06300354
0.085372925
0.09602356
0.099227905
0.10241699
0.06512451
-0.0030517578
-0.034484863
0.024642944
0.12957764
0.17858887
0.11680603
0.024108887
-3.8146973E-4
0.03477478
0.049682617
0.01399231
-0.041397095
-0.076553345
-0.06271362
-0.038208008
-0.0493927
-0.06855774
-0.046188354
-0.008911133
0.0049438477
-0.0067749023
-0.030212402
-0.04246521
-0.029144287
-0.008911133
-0.0067749023
-0.011047363
-0.03074646
-0.069625854
-0.09199524
-0.062179565
0.010269165
0.049682617
0.024108887
-0.045669556
-0.095199585
-0.074417114
-0.022766113
0.017196655
0.0028076172
-0.045669556
-0.039260864
0.028900146
0.10455322
0.13171387
0.09176636
0.0209198
-0.0062408447
0.010803223
0.043304443
0.06726074
0.08004761
0.064071655
0.0209198
-0.012634277
-0.01689148
-0.03074646
-0.048324585
-0.039276123
-0.001449585
0.040634155
0.07525635
0.13278198
0.08163452
-0.08506775
-0.15324402
-0.09838867
0.00920105
0.08377075
0.08644104
0.028900146
