0.0061035156
-0.043426514
-0.09295654
-0.12385559
-0.12545776
-0.11053467
-0.08656311
-0.057800293
-0.055145264
-0.075912476
-0.085510254
-0.06367493
-0.031173706
-0.012008667
-0.0040130615
-0.0072021484
-0.019454956
-0.025848389
-0.009338379
0.01676941
0.019439697
0.01676941
0.022628784
0.031677246
0.03753662
0.03807068
0.035949707
0.031677246
0.04020691
0.06629944
0.07962036
0.055648804
-0.010940552
-0.10681152
-0.20800781
-0.2607422
-0.25595093
-0.19894409
-0.1361084
-0.094558716
-0.071121216
-0.04714966
-0.004547119
0.0513916
0.109451294
0.15792847
0.17816162
0.17337036
0.15419006
0.12223816
0.07269287
0.01411438
-0.038101196
-0.08444214
-0.1211853
-0.14782715
-0.14782715
-0.122787476
-0.06951904
0.007171631
0.083343506
0.121170044
0.10891724
0.08441162
0.08174133
0.08174133
0.088150024
0.09080505
0.08229065
0.06790161
0.06097412
0.060440063
0.050323486
0.009841919
-0.03916931
-0.042892456
-0.021591187
-0.0040130615
0.011444092
0.014633179
0.0050354004
0.0013122559
7.7819824E-4
-0.023727417
-0.04182434
-0.057266235
-0.066329956
-0.06047058
-0.05088806
-0.033843994
-0.022109985
-0.029571533
-0.029571533
-0.031707764
-0.033828735
-0.028518677
-0.009338379
0.0034484863
0.0029144287
-0.0050811768
-0.0184021
-0.020523071
-0.0072021484
0.0061035156
0.005584717
0.007171631
0.0236969
0.04446411
0.04446411
0.037017822
0.015701294
-0.019454956
-0.05354309
-0.07911682
-0.08709717
-0.09082031
-0.08337402
-0.053009033
-0.015731812
0.019973755
0.054595947
0.09133911
0.1222229
0.1259613
0.10305786
0.07589722
0.062576294
0.074295044
0.08227539
0.08760071
0.08229065
0.07322693
0.05885315
0.04660034
0.037017822
0.012512207
-0.026382446
-0.053009033
-0.05567932
-0.047683716
-0.057800293
-0.08496094
-0.099349976
-0.09616089
-0.0977478
-0.10255432
-0.10520935
-0.09135437
-0.057266235
-0.014663696
0.008239746
0.01676941
0.008773804
-0.021591187
-0.05567932
-0.08337402
-0.10520935
-0.11532593
-0.115859985
-0.11213684
-0.09988403
-0.08016968
-0.054611206
-0.026916504
0.0013122559
0.027954102
0.030090332
0.01890564
0.011978149
0.011978149
0.010375977
0.0034484863
-0.019989014
-0.04182434
-0.040756226
-0.036499023
-0.034362793
-0.038635254
-0.03916931
-0.026916504
-0.019989014
-0.022659302
-0.023712158
-0.023712158
-0.039154053
-0.051940918
-0.046081543
-0.042892456
-0.05619812
-0.0700531
-0.0700531
-0.07911682
-0.104141235
-0.122787476
-0.12225342
-0.11000061
-0.10041809
-0.073791504
-0.022125244
0.030090332
0.046066284
0.026367188
0.011444092
0.024765015
0.025299072
0.0061187744
-0.014129639
-0.017852783
-0.013595581
-0.014663696
-0.017852783
-0.011474609
0.01676941
0.034347534
0.019958496
0.011978149
0.034347534
0.06629944
0.09080505
0.104660034
0.11050415
0.10359192
0.09133911
0.07696533
0.052459717
0.020492554
0.002380371
-0.03010559
-0.055145264
-0.035964966
-0.0055999756
0.005584717
-0.011459351
-0.03756714
-0.047683716
-0.038635254
-0.020523071
-0.008804321
-0.031707764
-0.066329956
-0.059936523
-0.038101196
-0.0072021484
0.007171631
-0.001876831
-0.02798462
-0.052474976
-0.05088806
-0.019454956
0.014099121
0.017303467
-0.006668091
-0.015197754
-0.0024108887
0.0034484863
0.01411438
0.027420044
0.022094727
0.0066375732
-0.019454956
-0.035964966
-0.031173706
-0.03437805
-0.038635254
-0.036499023
-0.017333984
0.021026611
0.030090332
0.017303467
0.021560669
0.045532227
0.06150818
0.0748291
0.074295044
0.05883789
0.041809082
0.04499817
0.05192566
0.04020691
0.019424438
0.010375977
0.020507812
0.02848816
0.03967285
0.04446411
0.039138794
0.04234314
0.059387207
0.06097412
0.041275024
0.030075073
0.03541565
0.039138794
0.060440063
0.11477661
0.14460754
0.13873291
0.10998535
0.07215881
0.03274536
-0.0050811768
-0.050872803
-0.09030151
-0.101486206
-0.087631226
-0.0700531
-0.071121216
-0.092422485
-0.09776306
-0.0700531
-0.030639648
-0.010406494
0.0018463135
0.02848816
0.07055664
0.10305786
0.11903381
0.1451416
0.1648407
0.16644287
0.15419006
0.15739441
0.16377258
0.16590881
0.17016602
0.17390442
0.19786072
0.23301697
0.23194885
0.20159912
0.17388916
0.14779663
0.11903381
0.07962036
0.06150818
0.05671692
0.05404663
0.053527832
0.03807068
0.021560669
0.03062439
0.040740967
0.01676941
-0.020523071
-0.033309937
-0.023712158
0.0050354004
0.019439697
-0.001876831
-0.0029449463
0.06097412
0.07269287
0.008239746
-0.07218933
-0.17658997
-0.28683472
-0.28204346
-0.21121216
-0.18563843
-0.2495575
-0.35873413
-0.40881348
-0.38963318
-0.33424377
-0.27192688
-0.20800781
-0.115859985
-0.024780273
0.005050659
-0.009338379
-0.049819946
-0.09509277
-0.12011719
-0.101486206
-0.046081543
0.04020691
0.12382507
0.17869568
0.22662354
0.25538635
0.2244873
0.15472412
0.12382507
0.19467163
0.31079102
0.3874817
0.44979858
0.4481964
0.39813232
0.32037354
0.21437073
0.15419006
0.18614197
0.3113098
0.4162445
0.42796326
0.36138916
0.27668762
0.19520569
0.1302185
0.090270996
0.081207275
0.07801819
0.041275024
-0.01838684
-0.06686401
-0.15475464
-0.29855347
-0.38058472
-0.30708313
-0.09402466
0.03274536
-0.0892334
-0.37898254
-0.5733948
-0.5361023
-0.31666565
-0.1211853
-0.111068726
-0.24156189
-0.3171997
-0.27671814
-0.13557434
0.029556274
0.13554382
0.15791321
0.09187317
0.011978149
-0.028518677
-0.06738281
-0.120666504
-0.16752625
-0.18830872
-0.18457031
-0.15847778
-0.108947754
-0.040237427
0.04446411
0.101989746
0.16323853
0.24580383
0.27349854
0.24526978
0.20692444
0.1493988
0.11264038
0.13128662
0.20478821
0.28840637
0.33155823
0.34381104
0.37683105
0.4439392
0.4950714
0.5158539
0.49772644
0.4082489
0.21383667
-0.036499023
-0.21812439
-0.3326416
-0.40667725
-0.49031067
-0.5249176
-0.44396973
-0.31987
-0.28044128
-0.37419128
-0.49562073
-0.4972229
-0.36993408
-0.22238159
-0.2303772
-0.2969513
-0.27671814
-0.18031311
0.0013122559
0.12063599
0.11264038
0.014099121
-0.11746216
-0.20960999
-0.2388916
-0.23144531
-0.21865845
-0.1835022
-0.13397217
-0.03916931
0.08973694
0.19520569
0.25698853
0.24899292
0.19892883
0.23887634
0.40559387
0.54940796
0.5877533
0.60798645
0.62609863
0.615448
0.5243683
0.41571045
0.376297
0.36671448
0.33421326
0.31079102
0.23994446
0.11956787
-0.016799927
-0.13557434
-0.20535278
-0.19309998
-0.17178345
-0.21173096
-0.30122375
-0.3587494
-0.31347656
-0.15420532
0.024765015
0.08760071
-0.015731812
-0.2111969
-0.33370972
-0.34436035
-0.33796692
-0.39549255
-0.46687317
-0.43971252
-0.32359314
-0.19309998
-0.13717651
-0.12651062
-0.10255432
-0.06472778
-0.03491211
-0.059402466
-0.11906433
-0.14196777
-0.124923706
-0.10946655
-0.07537842
7.7819824E-4
0.06311035
0.07536316
0.039138794
-0.008270264
-0.019989014
0.045532227
0.19786072
0.35713196
0.44340515
0.42263794
0.33848572
0.25752258
0.1967926
0.23461914
0.3209076
0.3406067
0.26870728
0.16377258
0.05618286
-0.07325745
-0.16645813
-0.17977905
-0.17604065
-0.195755
-0.2383728
-0.29322815
-0.34968567
-0.36460876
-0.34223938
-0.30973816
-0.3086853
-0.3645935
-0.36672974
-0.2815094
-0.16113281
-0.09030151
-0.1403656
-0.23197937
-0.26766968
-0.2234497
-0.1558075
-0.10946655
-0.07324219
-0.03543091
-0.0700531
-0.1872406
-0.3257141
-0.43011475
-0.43650818
-0.33317566
-0.18351746
-0.062072754
0.041793823
0.16590881
0.28788757
0.4189148
0.5307617
0.5712433
0.5078583
0.44180298
0.45832825
0.48016357
0.4508667
0.38961792
0.3443451
0.2830963
0.26124573
0.3086548
0.3651123
0.3954773
0.35446167
0.22236633
0.025283813
-0.15527344
-0.26446533
-0.29164124
-0.25860596
-0.19468689
-0.1084137
-0.025848389
0.030090332
0.1025238
0.18135071
0.18508911
0.12010193
-0.022125244
-0.23518372
-0.388031
-0.37046814
-0.27246094
-0.21598816
-0.20587158
-0.19789124
-0.13504028
-0.0029449463
0.10412598
0.12382507
0.07003784
-0.01838684
-0.0892334
-0.14143372
-0.16487122
-0.16593933
-0.20375061
-0.2772522
-0.31933594
-0.29003906
-0.19309998
-0.066329956
0.032211304
0.04232788
-0.046081543
-0.11532593
-0.029037476
0.19360352
0.37097168
0.4519348
0.43328857
0.30651855
0.23674011
0.2628479
0.27082825
0.2074585
0.08654785
-0.03756714
-0.13450623
-0.20108032
-0.23730469
-0.22398376
-0.21812439
-0.23997498
-0.2825775
-0.32785034
-0.29855347
-0.13343811
0.037002563
0.05885315
-0.087631226
-0.24102783
-0.29855347
-0.24848938
-0.17977905
-0.21014404
-0.32624817
-0.3821869
-0.24263
-0.024780273
0.08547974
0.0982666
0.06150818
0.043395996
0.04286194
-0.017333984
-0.13237
-0.20481873
-0.18296814
-0.13237
-0.08177185
0.019439697
0.1414032
0.2559204
0.3224945
0.29586792
0.20266724
0.13554382
0.16537476
0.35765076
0.53022766
0.5387573
0.40238953
0.24526978
0.15951538
0.14300537
0.15151978
0.14086914
0.13342285
0.14086914
0.14407349
0.057250977
-0.07751465
-0.15527344
-0.17605591
-0.19096375
-0.22612
-0.27885437
-0.32624817
-0.32305908
-0.26660156
-0.19628906
-0.18777466
-0.30654907
-0.4844513
-0.5851135
-0.528656
-0.35661316
-0.18670654
-0.16699219
-0.18403625
-0.12225342
-0.052474976
-0.040756226
-0.08496094
-0.115859985
-0.12490845
-0.12171936
-0.13450623
-0.15740967
-0.14675903
-0.10041809
-0.03224182
0.03967285
0.11903381
0.19306946
0.22502136
0.25271606
0.23728943
0.16218567
0.10092163
0.13447571
0.24261475
0.32569885
0.3885498
0.43540955
0.46844482
0.46844482
0.4343567
0.4316864
0.45991516
0.47270203
0.423172
0.30065918
0.13394165
0.010910034
-0.06846619
-0.16059875
-0.24316406
-0.21972656
-0.20002747
-0.23942566
-0.22772217
-0.19256592
-0.17445374
-0.16166687
-0.22665405
-0.37686157
-0.49136353
-0.5233307
-0.4306488
-0.22718811
-0.059936523
0.017837524
0.050323486
0.06896973
0.07748413
0.06843567
0.05671692
0.06896973
0.06790161
0.01890564
-0.061538696
-0.17765808
-0.2841797
-0.32305908
-0.3049469
-0.27938843
-0.22026062
-0.13822937
-0.05567932
0.019439697
0.048187256
0.021560669
0.04660034
0.20851135
0.38375854
0.47058105
0.45672607
0.35179138
0.29586792
0.31132507
0.41252136
0.49134827
0.48921204
0.39015198
0.22076416
0.05883789
-0.04182434
-0.09776306
-0.17764282
-0.27618408
-0.32466125
-0.3294525
-0.35447693
-0.39656067
-0.39390564
-0.31773376
-0.17658997
-0.07324219
-0.11213684
-0.26286316
-0.37738037
-0.36247253
-0.27352905
-0.25541687
-0.27778625
-0.23995972
-0.11479187
-0.0072021484
0.020492554
0.02848816
0.06736755
0.1025238
0.10998535
0.08494568
0.04446411
-0.035964966
-0.106277466
-0.13876343
-0.18829346
-0.24902344
-0.23304749
-0.12013245
0.027954102
0.13768005
0.19467163
0.22503662
0.28308105
0.41358948
0.56910706
0.6362152
0.62983704
0.59680176
0.5696411
0.52223206
0.505188
0.50839233
0.49720764
0.46258545
0.40026855
0.2894745
0.13342285
-0.014663696
-0.11904907
-0.19309998
-0.20161438
-0.16592407
-0.18296814
-0.28523254
-0.35768127
-0.29962158
-0.14727783
-0.04875183
-0.13130188
-0.34329224
-0.5302429
-0.5936432
-0.5249176
-0.39762878
-0.3022766
-0.23570251
-0.10253906
0.025299072
0.062042236
0.08973694
0.12702942
0.14619446
0.10305786
-0.007736206
-0.1254425
-0.1600647
-0.097229004
-0.05407715
-0.0934906
-0.11959839
-0.064193726
0.024230957
0.095062256
0.116378784
0.033813477
-0.0695343
-0.04875183
0.12809753
0.33262634
0.3885498
0.35765076
0.29586792
0.24473572
0.2862854
0.3640442
0.35179138
0.2601776
0.14886475
0.08920288
0.06311035
-0.030639648
-0.19096375
-0.28790283
-0.2580719
-0.19628906
-0.21546936
-0.306015
-0.3763275
-0.41200256
-0.38430786
-0.308136
-0.30122375
-0.3763275
-0.38484192
-0.3433075
-0.2580719
-0.20321655
-0.23677063
-0.2538147
-0.20054626
-0.12171936
-0.03703308
0.05883789
0.10412598
0.07322693
-0.0055999756
-0.10307312
-0.18989563
-0.289505
-0.40560913
-0.48017883
-0.50575256
-0.51161194
-0.512146
-0.5110779
-0.47166443
-0.37579346
-0.25434875
-0.26446533
-0.29588318
-0.30708313
-0.2388916
-0.097213745
-0.09136963
-0.25700378
-0.44822693
-0.5318451
-0.47964478
-0.35128784
-0.2692566
-0.2607422
-0.29216003
-0.35447693
-0.4418335
-0.5137329
-0.5164032
-0.47912598
-0.47964478
-0.5813751
-0.7097473
-0.7800598
-0.7832489
-0.7363739
-0.6202698
-0.5153351
-0.5414429
-0.68045044
-0.76834106
-0.71507263
-0.57232666
-0.47431946
-0.4929657
-0.6175995
-0.71932983
-0.73851013
-0.65914917
-0.54089355
-0.49456787
-0.4972229
-0.53131104
-0.5707245
-0.592041
-0.60002136
-0.6000366
-0.6186676
-0.638916
-0.6309204
-0.5979004
-0.545166
-0.42425537
-0.24049377
-0.13822937
-0.16592407
-0.15687561
-0.08390808
0.03967285
0.13768005
0.113708496
0.0013122559
-0.07751465
-0.12971497
-0.2106781
-0.32305908
-0.43437195
-0.50149536
-0.5110779
-0.51000977
-0.55474854
-0.6090851
-0.6362457
-0.687912
-0.8200073
-0.9462433
-1.0085449
-0.9915161
-0.9366455
-0.86953735
-0.751297
-0.7033539
-0.87805176
-1.18219
-1.3430481
-1.2897797
-1.0618134
-0.77952576
-0.56381226
-0.47911072
-0.49829102
-0.5717926
-0.60801697
-0.5877838
-0.55207825
-0.54888916
-0.5691376
-0.58032227
-0.5877838
-0.6090851
-0.64582825
-0.68896484
-0.737442
-0.7608795
-0.72465515
-0.6596832
-0.57392883
-0.47113037
-0.40242004
-0.33050537
-0.2218628
-0.06951904
0.11317444
0.24047852
0.17388916
0.05618286
0.048736572
0.05458069
-0.057281494
-0.2191925
-0.30441284
-0.31399536
-0.2841797
-0.26234436
-0.27885437
-0.33529663
-0.39656067
-0.42211914
-0.4232025
-0.4418335
-0.44662476
-0.41786194
-0.39868164
-0.3960266
-0.3992157
-0.44555664
-0.5329132
-0.641037
-0.68258667
-0.6202698
-0.5275879
-0.5052185
-0.49137878
-0.4221344
-0.2815094
-0.12971497
-0.075912476
-0.06472778
-0.08657837
-0.13343811
-0.17178345
-0.19363403
-0.20428467
-0.20161438
-0.15687561
-0.066329956
-0.006149292
0.03488159
0.07962036
0.13182068
0.1962738
0.27296448
0.35499573
0.30332947
0.13182068
0.123306274
0.3336792
0.53182983
0.6207733
0.4940033
0.20265198
0.03488159
0.104660034
0.12649536
0.03967285
-0.035964966
0.017303467
0.15898132
0.2202301
0.113708496
-0.08656311
-0.26339722
-0.36886597
-0.3837738
-0.3017578
-0.17073059
-0.066329956
-0.02319336
-0.034362793
-0.04182434
-0.03756714
-0.14941406
-0.33424377
-0.38804626
-0.2703247
-0.07644653
-0.026916504
-0.10362244
-0.14994812
-0.12332153
-0.04182434
-0.021591187
-0.08177185
-0.16113281
-0.22398376
-0.26979065
-0.3006897
-0.34329224
-0.37312317
-0.35447693
-0.29855347
-0.19522095
-0.07432556
0.02583313
0.14086914
0.23568726
0.27668762
0.26657104
0.18241882
0.15844727
0.24101257
0.43063354
0.5286255
0.46365356
0.32569885
0.2671051
0.3262329
0.39920044
0.38641357
0.31877136
0.24473572
0.17176819
0.12915039
0.09080505
0.019958496
-0.06739807
-0.1361084
-0.16699219
-0.14622498
-0.13557434
-0.18243408
-0.2538147
-0.3049469
-0.31399536
-0.2926941
-0.3326416
-0.43118286
-0.47538757
-0.38484192
-0.22238159
-0.15208435
-0.19203186
-0.29003906
-0.30441284
-0.19203186
-0.022659302
0.074295044
0.09187317
0.064712524
-0.0029449463
-0.087631226
-0.13504028
-0.14196777
-0.16166687
-0.18617249
-0.16326904
-0.057800293
0.08280945
0.20532227
0.2985382
0.35339355
0.37309265
0.37469482
0.4013214
0.46418762
0.5286255
0.52915955
0.46098328
0.36351013
0.27189636
0.25964355
0.2974701
0.3363495
0.34220886
0.3017273
0.19573975
0.06790161
-0.010925293
-0.029571533
-0.029037476
-0.040756226
-0.06526184
-0.087631226
-0.09562683
-0.12171936
-0.17124939
-0.25009155
-0.31134033
-0.31134033
-0.31027222
-0.38005066
-0.56806946
-0.7667389
-0.6863098
-0.2926941
0.088134766
0.1925354
0.03541565
-0.19309998
-0.26818848
-0.21333313
-0.12651062
-0.07698059
-0.014129639
0.11424255
0.2713623
0.3581848
0.33900452
0.25006104
0.1728363
0.14086914
0.17016602
0.25325012
0.31344604
0.32888794
0.32250977
0.30545044
0.26498413
0.25378418
0.28414917
0.22982788
0.16963196
0.20106506
0.24313354
0.22769165
0.14193726
0.019439697
-0.010940552
0.019973755
0.12489319
0.24687195
0.20265198
0.08547974
0.043930054
0.07589722
0.10624695
0.13128662
0.113708496
0.0748291
0.06311035
0.06524658
-0.010406494
-0.21865845
-0.42478943
-0.48657227
-0.4263916
-0.37686157
-0.38111877
-0.34329224
-0.20161438
-0.014663696
0.118499756
0.21224976
0.23301697
-0.1211853
-0.5180054
-0.3795166
0.26445007
0.91477966
1.1528778
0.8780365
0.3454132
-0.12011719
-0.39762878
-0.42318726
-0.26446533
-0.104141235
-0.017333984
0.097732544
0.27349854
0.44340515
0.49613953
0.37948608
0.17442322
0.022628784
-0.042892456
-0.010940552
0.10092163
0.20744324
0.28681946
0.35499573
0.44340515
0.5786896
0.6330261
0.392807
0.060440063
-0.05140686
0.043930054
0.10998535
-0.003479004
-0.21759033
-0.35928345
-0.3592682
-0.2772522
-0.26286316
-0.33158875
-0.37739563
-0.26446533
-0.19947815
-0.06526184
-0.03277588
-0.08496094
-0.17285156
-0.36512756
-0.5813904
-0.7001648
-0.7070923
-0.5606079
-0.24635315
0.05458069
0.1845398
0.247406
0.31877136
0.3581848
0.28308105
0.08280945
-0.13929749
-0.2069397
-0.13343811
-0.045562744
-0.082839966
-0.19415283
-0.2511444
-0.1872406
-0.033843994
0.11531067
0.20957947
0.2585907
0.27189636
0.22769165
0.17816162
0.1802826
0.21064758
0.23355103
0.19946289
0.01411438
-0.19361877
-0.24209595
0.0034484863
0.29640198
0.3363495
0.15631104
-0.09190369
-0.22558594
-0.18830872
-0.08656311
-0.09030151
-0.21173096
-0.37153625
-0.43917847
-0.4109497
-0.3630066
-0.3645935
-0.35447693
-0.2799225
-0.17764282
-0.15687561
-0.19470215
-0.22772217
-0.1638031
-0.12971497
-0.26660156
-0.42160034
-0.43330383
-0.2580719
0.013046265
0.137146
0.052459717
-0.062057495
-0.05407715
0.046066284
0.07803345
0.014633179
-0.012527466
0.048736572
0.17123413
0.28256226
0.32676697
0.33688354
0.3555298
0.40238953
0.4205017
0.37416077
0.30119324
0.29000854
0.4439392
0.6932068
0.8130646
0.7272949
0.42263794
0.0050354004
-0.2580719
-0.31399536
-0.18190002
-0.08869934
-0.12757874
-0.19522095
-0.17710876
-0.0743103
0.015167236
0.009307861
-0.07858276
-0.16540527
-0.21386719
-0.28364563
-0.37045288
-0.42692566
-0.4152069
-0.35768127
-0.36566162
-0.37739563
-0.3257141
-0.2538147
-0.25541687
-0.22877502
-0.043426514
0.24794006
0.42263794
0.3842926
0.16537476
-0.057281494
-0.15101624
-0.13076782
-0.11160278
-0.14408875
-0.16540527
-0.1126709
-0.014663696
0.08441162
0.15951538
0.1925354
0.17390442
0.1451416
0.15258789
0.19094849
0.19839478
0.12968445
0.048202515
0.035949707
0.11477661
0.2740326
0.36457825
0.33102417
0.24208069
0.14460754
0.06843567
0.022094727
0.008773804
0.007171631
0.018371582
0.08175659
0.16004944
0.18560791
0.14086914
7.9345703E-4
-0.2106781
-0.42797852
-0.5584717
-0.559021
-0.4902954
-0.44822693
-0.4306488
-0.399765
-0.3251953
-0.26660156
-0.22718811
-0.15208435
-0.048217773
0.026367188
-0.025848389
-0.09562683
-0.019454956
0.21438599
0.4274292
0.39813232
0.12968445
-0.15740967
-0.27352905
-0.20161438
-0.08709717
-0.057800293
-0.11427307
-0.11425781
0.013046265
0.20265198
0.329422
0.35179138
0.32463074
0.32836914
0.30918884
0.21969604
0.06736755
-0.09295654
-0.18191528
-0.080703735
0.19999695
0.36032104
0.29161072
0.06843567
-0.082839966
-0.101486206
-0.03489685
-0.026382446
-0.13076782
-0.1914978
-0.13504028
-0.038101196
0.030090332
0.025299072
-0.07751465
-0.2149353
-0.2975006
-0.30815125
-0.30973816
-0.3406372
-0.38591003
-0.399765
-0.36140442
-0.34223938
-0.32731628
-0.22718811
-0.06365967
0.011978149
-0.087631226
-0.2580719
-0.19468689
0.057785034
0.2836151
0.2836151
0.09559631
-0.006668091
0.03327942
0.0945282
0.07376099
-0.015731812
-0.07644653
-0.03224182
0.10624695
0.26071167
0.3219757
0.30918884
0.26390076
0.23568726
0.2516632
0.28149414
0.24580383
0.1217041
-0.04396057
-0.14408875
-0.009338379
0.22076416
0.26550293
0.12916565
2.593994E-4
-0.016799927
0.13182068
0.22450256
0.13981628
0.036468506
-0.008804321
-0.042892456
-0.08656311
-0.14888
-0.22718811
-0.2926941
-0.31559753
-0.29055786
-0.2964325
-0.36035156
-0.41467285
-0.4194641
-0.36779785
-0.27990723
-0.25541687
-0.3022766
-0.35394287
-0.28790283
-0.08602905
0.076431274
0.013046265
-0.030639648
0.11956787
0.32463074
0.3965454
0.29693604
0.10038757
-0.026382446
-0.061538696
-0.033843994
0.043395996
0.14460754
0.23408508
0.26445007
0.28468323
0.32302856
0.37364197
0.3965454
0.34646606
0.22822571
0.064712524
-0.08390808
-0.17338562
-0.21279907
-0.17445374
0.05671692
0.35179138
0.40559387
0.17070007
-0.12385559
-0.16592407
0.09133911
0.38375854
0.47802734
0.41783142
0.3017273
0.27668762
0.35658264
0.39920044
0.3017273
0.04925537
-0.23677063
-0.43437195
-0.48924255
-0.4338379
-0.3784485
-0.32359314
-0.20960999
-0.0977478
-0.05354309
-0.027450562
-0.07537842
-0.22291565
-0.23144531
-0.08390808
0.17762756
0.3912201
0.41996765
0.35925293
0.3416748
0.34806824
0.34539795
0.29161072
0.20266724
0.14726257
0.13554382
0.17442322
0.2585907
0.38641357
0.52064514
0.6197052
0.66711426
0.7038727
0.7320862
0.7667084
0.81251526
0.8226471
0.8237152
0.887619
0.9414215
0.9446106
0.8284912
0.6473999
0.52064514
0.45140076
0.48335266
0.5350189
0.53022766
0.54460144
0.6074524
0.68096924
0.7246399
0.7177124
0.73368835
0.774704
0.8327637
0.7981415
0.7097168
0.6735077
0.70066833
0.854599
0.95314026
0.87431335
0.7858887
0.8103943
0.9446106
1.0601959
1.02771
0.8599243
0.72143555
0.75286865
0.8588562
0.9579315
0.9925537
0.99894714
1.0170593
1.0170593
0.9803009
0.9169159
0.84820557
0.8034668
0.7992096
0.84020996
0.92970276
1.0346375
1.1161194
1.1645966
1.1811066
1.1885681
1.1821747
1.1193237
1.011734
0.96751404
1.1528778
1.522522
1.7776489
1.810669
1.6386414
1.4239807
1.3281097
1.3643341
1.4335785
1.379776
1.2247772
1.1001434
1.0554047
1.0431519
0.9803009
0.824234
0.6473999
0.54248047
0.5233002
0.48602295
0.40559387
0.37097168
0.38269043
0.3347473
0.14886475
-0.0098724365
0.09559631
0.35339355
0.596817
0.65486145
0.5131836
0.38375854
0.38908386
0.4897461
0.6277008
0.67030334
0.6330261
0.6058655
0.56378174
0.5265045
0.5227661
0.5547333
0.58348083
0.61331177
0.662323
0.74061584
0.8838959
1.0735168
1.2274475
1.3099976
1.3009491
1.1992035
1.1006775
1.2008057
1.4628754
1.745697
1.9097443
1.8165283
1.5235901
1.3376923
1.3148041
1.3414307
1.3153381
1.2135925
1.07724
0.98083496
0.92170715
0.8721771
0.80026245
0.678833
0.51797485
0.39813232
0.39227295
0.44979858
0.4593811
0.41038513
0.35020447
0.2505951
0.06150818
-0.1531372
-0.2623291
-0.14941406
0.16271973
0.42529297
0.5286255
0.5541992
0.615448
0.6980133
0.6745758
0.53715515
0.37948608
0.3139801
0.36244202
0.41996765
0.43807983
0.4519348
0.48016357
0.53234863
0.56217957
0.5973358
0.63142395
0.631958
0.63941956
0.68629456
0.7230377
0.69374084
0.62342834
0.5467377
0.505188
0.62023926
0.8332977
0.9680481
0.94833374
0.8476715
0.7949524
0.8258362
0.8668518
0.87324524
0.80825806
0.66604614
0.5275574
0.45458984
0.44075012
0.39866638
0.28788757
0.1882782
0.14672852
0.123306274
0.05831909
-0.03916931
-0.075912476
-0.024246216
-0.06686401
-0.2649994
-0.40242004
-0.34542847
-0.08337402
0.10838318
0.069503784
-0.059936523
-0.11053467
-0.07432556
0.024749756
0.078552246
0.078552246
0.07269287
0.09880066
0.16537476
0.2394104
0.25645447
0.2159729
0.21278381
0.27349854
0.3528595
0.45832825
0.5078583
0.5009308
0.46472168
0.44181824
0.57336426
0.6234436
0.43754578
0.21330261
0.17070007
0.28201294
0.24153137
0.015701294
-0.13717651
-0.042892456
0.24899292
0.38908386
0.23780823
-0.019989014
-0.14408875
-0.21652222
-0.4056244
-0.67245483
-0.9313202
-1.168869
-1.2269287
-1.037857
-0.7869873
-0.5467682
-0.36886597
-0.32359314
-0.2969513
-0.19522095
0.009841919
0.26231384
0.57336426
0.84980774
0.95739746
0.8391571
0.5265045
0.22236633
0.05618286
-0.008804321
-0.014663696
0.01676941
-0.0029449463
-0.08018494
-0.06314087
0.113708496
0.28681946
0.28414917
0.18988037
0.12382507
0.14567566
0.19467163
0.200531
0.13874817
0.008239746
-0.059402466
-0.018920898
0.06736755
0.10145569
0.03967285
0.0061035156
0.13075256
0.35020447
0.44126892
0.3059845
0.045532227
-0.14834595
-0.1717987
-0.07751465
-0.0098724365
-0.03916931
-0.14195251
-0.2346344
-0.2692566
-0.3326416
-0.4998932
-0.67033386
-0.73158264
-0.6564789
-0.50575256
-0.33850098
-0.21972656
-0.08869934
0.10838318
0.22769165
0.066833496
-0.3560791
-0.5574188
-0.39337158
0.09666443
0.5408783
0.5877533
0.3571167
0.13128662
0.07695007
0.2117157
0.3251648
0.25964355
0.08068848
-0.08337402
-0.113723755
-0.015197754
0.11582947
0.20213318
0.24845886
0.25645447
0.24208069
0.23248291
0.25112915
0.34913635
0.44340515
0.44447327
0.37576294
0.2793579
0.22343445
0.1605835
-0.06314087
-0.2969513
-0.32891846
-0.046081543
0.28894043
0.29214478
0.07269287
-0.13929749
-0.18084717
-0.0934906
-0.03010559
-0.06047058
-0.17977905
-0.32305908
-0.4333191
-0.48284912
-0.5195923
-0.5819092
-0.63357544
-0.6431732
-0.5813904
-0.40934753
-0.19042969
0.0513916
0.26124573
0.36457825
0.2793579
0.10624695
0.023162842
0.03755188
0.14086914
0.25431824
0.19041443
-0.03489685
-0.21707153
-0.20161438
-0.036499023
0.0471344
-0.015731812
-0.12597656
-0.19309998
-0.17124939
-0.09135437
-0.040237427
-0.013061523
0.034347534
0.14033508
0.23994446
0.2628479
0.21969604
0.21810913
0.25486755
0.30386353
0.34432983
0.34327698
0.24154663
0.05618286
-0.092422485
-0.10681152
0.03541565
0.18667603
0.20213318
0.14779663
0.116378784
0.15472412
0.22769165
0.26231384
0.19148254
-0.009338379
-0.21279907
-0.34329224
-0.42585754
-0.47431946
-0.48391724
-0.45515442
-0.38858032
-0.32359314
-0.27511597
-0.22291565
-0.26341248
-0.47859192
-0.594162
-0.38591003
0.16963196
0.69799805
0.8492737
0.58509827
0.06523132
-0.34170532
-0.40934753
-0.256485
-0.07325745
0.030090332
0.032211304
-8.087158E-4
0.03274536
0.1770935
0.35446167
0.3874817
0.28894043
0.1648407
0.1174469
0.22236633
0.31983948
0.24259949
-0.009338379
-0.1723175
-0.14248657
-0.14089966
-0.19735718
-0.11160278
0.08387756
0.20478821
0.12968445
-0.11904907
-0.25167847
-0.15475464
0.018371582
0.12435913
0.13607788
0.074295044
-0.07325745
-0.2303772
-0.3134613
-0.35928345
-0.40934753
-0.3907013
-0.30973816
-0.22877502
-0.20535278
-0.18403625
-0.10467529
0.002380371
-0.018920898
-0.3241272
-0.57925415
-0.50094604
-0.050354004
0.43702698
0.582428
0.40931702
0.16644287
0.11477661
0.16217041
0.13128662
0.04499817
-0.069000244
-0.12171936
-0.06951904
0.027420044
0.08973694
0.12863159
0.14300537
0.13182068
0.11105347
0.07215881
0.07696533
0.10038757
0.10784912
0.06576538
-0.06100464
-0.18296814
-0.25860596
-0.21279907
-0.007736206
0.10784912
0.104660034
0.0061035156
-0.14675903
-0.24848938
-0.2575531
-0.2026825
-0.13504028
-0.08602905
-0.10574341
-0.15847778
-0.21066284
-0.30548096
-0.38591003
-0.4098816
-0.40242004
-0.34596252
-0.21279907
-0.16485596
-0.23995972
-0.34117126
-0.33743286
-0.32092285
-0.44822693
-0.5297241
-0.33370972
0.17869568
0.68681335
0.8119812
0.5611267
0.34381104
0.33955383
0.33262634
0.23248291
0.0705719
-0.04875183
-0.031173706
0.03060913
0.09347534
0.12861633
0.15100098
0.18348694
0.18934631
0.17974854
0.23727417
0.2671051
0.21650696
0.14779663
0.1493988
0.2079773
0.2751007
0.26763916
0.14567566
0.07376099
0.10092163
0.20318604
0.3219757
0.2628479
0.064712524
-0.027450562
0.04286194
0.14033508
0.15258789
0.08920288
0.020492554
0.038604736
0.017837524
-0.15794373
-0.38909912
-0.49829102
-0.48657227
-0.39816284
-0.18457031
0.13554382
0.33848572
0.31930542
0.111587524
-0.19522095
-0.65808105
-0.9920349
-0.83917236
-0.36567688
0.18667603
0.52648926
0.5003967
0.30545044
0.2351532
0.27882385
0.26124573
0.11051941
-0.08604431
-0.18670654
-0.16752625
-0.09667969
-0.066329956
-0.09881592
-0.12332153
-0.069000244
0.06896973
0.22183228
0.32836914
0.39601135
0.44926453
0.44554138
0.38801575
0.31079102
0.15100098
-0.0657959
-0.14888
-0.07751465
0.06097412
0.12435913
0.0513916
-0.07965088
-0.16113281
-0.14143372
-0.108947754
-0.11425781
-0.16326904
-0.23677063
-0.30548096
-0.34169006
-0.34968567
-0.33796692
-0.31932068
-0.26713562
-0.14569092
-0.052490234
-0.003479004
0.055648804
0.09719849
0.025283813
-0.17977905
-0.29322815
-0.21333313
-0.0098724365
0.23568726
0.33421326
0.24580383
0.13926697
0.04286194
-0.08816528
-0.21279907
-0.26286316
-0.20907593
-0.10308838
-0.0013427734
0.11264038
0.24580383
0.329422
0.32144165
0.2793579
0.25538635
0.2836151
0.3581848
0.406662
0.3816223
0.312912
0.27882385
0.17602539
-0.052474976
-0.14303589
-0.0849762
0.13182068
0.30918884
0.25857544
0.14035034
0.11956787
0.13235474
0.13661194
0.11743164
0.11584473
0.12010193
0.10998535
0.07962036
0.011978149
-0.113723755
-0.17977905
-0.14941406
-0.10574341
-0.14196777
-0.28416443
-0.4929657
-0.5686035
-0.36886597
-0.064193726
0.14779663
0.14353943
-0.029571533
-0.2506256
-0.41893005
-0.5329132
-0.5595398
-0.5440979
-0.49136353
-0.36193848
-0.2026825
-0.08123779
-0.07218933
-0.14515686
-0.24156189
-0.324646
-0.35714722
-0.31399536
-0.2623291
-0.2857666
-0.31826782
-0.2495575
-0.06845093
0.14460754
0.21969604
0.1302185
0.0471344
0.1217041
0.376297
0.6335602
0.7033386
0.58135986
0.423172
0.36564636
0.39068604
0.39653015
0.3725586
0.3539276
0.3486023
0.3486023
0.3017273
0.18881226
0.026885986
-0.10255432
-0.13876343
-0.111068726
-0.08177185
-0.12704468
-0.2538147
-0.33584595
-0.31347656
-0.21812439
-0.19363403
-0.3326416
-0.5430298
-0.62506104
-0.44396973
-0.092422485
0.153656
0.11903381
-0.062072754
-0.1835022
-0.19735718
-0.0934906
0.05937195
0.1685791
0.19467163
0.11050415
-0.008270264
-0.1281128
-0.19949341
-0.19789124
-0.1531372
-0.0466156
0.11424255
0.27243042
0.39653015
0.4300995
0.3304901
0.13980103
0.043395996
0.12010193
0.34327698
0.51690674
0.5265045
0.39813232
0.24526978
0.20213318
0.2159729
0.23780823
0.24101257
0.22236633
0.17816162
0.14672852
0.076431274
-0.05142212
-0.18243408
-0.2772522
-0.31399536
-0.28897095
-0.25967407
-0.24635315
-0.23890686
-0.20108032
-0.12651062
-0.036499023
0.052459717
0.05192566
-0.08016968
-0.256485
-0.34329224
-0.31292725
-0.21440125
-0.17391968
-0.21865845
-0.27618408
-0.2623291
-0.16592407
-0.07644653
-0.030639648
-0.021057129
-0.06100464
-0.1403656
-0.18777466
-0.17126465
-0.16007996
-0.16220093
-0.07058716
0.12809753
0.3320923
0.46151733
0.5105133
0.5036011
0.4343567
0.28042603
0.08920288
0.036483765
0.14726257
0.41145325
0.742218
0.98509216
1.0878906
0.9936218
0.7784271
0.6085205
0.55685425
0.566452
0.5547333
0.5270386
0.51904297
0.47535706
0.40878296
0.38641357
0.32463074
0.25752258
0.22555542
0.25431824
0.392807
0.55952454
0.678833
0.7230377
0.69374084
0.6255646
0.5233002
0.3959961
0.35765076
0.4854889
0.7054596
0.8567352
0.88124084
0.8365021
0.8444824
0.89933777
0.9094696
0.8647156
0.8434143
0.8812256
0.9515381
0.97869873
0.9526062
0.89294434
0.8338318
0.7880249
0.7534027
0.7400818
0.79067993
0.88282776
0.9233093
0.9030762
0.8588562
0.78855896
0.7235718
0.7288971
0.857254
1.094284
1.2460785
1.23703
1.0202484
0.7661743
0.69055176
0.76672363
0.887619
0.871109
0.7502136
0.6266327
0.58561707
0.60214233
0.58135986
0.49401855
0.40345764
0.37576294
0.38269043
0.40238953
0.39440918
0.29533386
0.18241882
0.101989746
-0.015197754
-0.1126709
-0.078048706
0.12968445
0.3816223
0.47377014
0.41304016
0.38908386
0.48867798
0.5920105
0.59947205
0.53608704
0.41571045
0.36457825
0.4082489
0.486557
0.53715515
0.52116394
0.46524048
0.4359436
0.4508667
0.47909546
0.49134827
0.48814392
0.4753723
0.44714355
0.40133667
0.33422852
0.29533386
0.40878296
0.61491394
0.7342224
0.74061584
0.6745758
0.6335602
0.678833
0.7933502
0.8727112
0.8860321
0.7965393
0.64686584
0.54034424
0.45033264
0.35446167
0.26445007
0.20851135
0.1648407
0.11689758
0.0790863
0.06843567
0.07696533
0.08760071
0.06524658
0.021560669
-0.09188843
-0.34649658
-0.55049133
-0.5345154
-0.29855347
7.7819824E-4
0.095062256
-0.008804321
-0.10574341
-0.07963562
0.011444092
0.10412598
0.1414032
0.16217041
0.15098572
0.14672852
0.16430664
0.20318604
0.24685669
0.24633789
0.23674011
0.26231384
0.3304901
0.39920044
0.42582703
0.42422485
0.37043762
0.24580383
0.137146
0.13821411
0.25378418
0.40187073
0.4908142
0.44607544
0.31504822
0.18988037
0.18508911
0.3070526
0.39068604
0.40133667
0.40133667
0.41358948
0.4082489
0.37683105
0.31025696
0.15100098
-0.040771484
-0.16113281
-0.17977905
-0.18243408
-0.21012878
-0.20907593
-0.19203186
-0.20375061
-0.25221252
-0.35395813
-0.58032227
-0.77420044
-0.70388794
-0.38856506
-0.05407715
0.08761597
-0.024246216
-0.23623657
-0.3821869
-0.44450378
-0.42318726
-0.3960266
-0.42266846
-0.4418335
-0.4061432
-0.30867004
-0.22132874
-0.16220093
-0.11213684
-0.08816528
-0.0098724365
0.08654785
0.12702942
0.13128662
0.121170044
0.12489319
0.090270996
-0.012527466
-0.08869934
-0.08337402
0.021026611
0.22290039
0.3555298
0.34327698
0.27349854
0.25698853
0.31504822
0.3773651
0.37150574
0.33421326
0.25964355
0.15100098
0.048721313
0.0066375732
-0.0040130615
-0.019454956
-0.064193726
-0.13290405
-0.19947815
-0.21279907
-0.18777466
-0.16007996
-0.14889526
-0.14089966
-0.19895935
-0.371521
-0.5254669
-0.49668884
-0.22451782
0.11903381
0.30065918
0.20478821
-0.06365967
-0.21014404
-0.17552185
-0.08604431
-0.05567932
-0.092422485
-0.12704468
-0.16592407
-0.20321655
-0.22665405
-0.23677063
-0.22930908
-0.1952362
-0.11000061
-0.023712158
0.027420044
0.08760071
0.1770935
0.32781982
0.46258545
0.4753723
0.34700012
0.15951538
0.048736572
0.14353943
0.29107666
0.30812073
0.23196411
0.18934631
0.22502136
0.27189636
0.2702942
0.23834229
0.2271576
0.23408508
0.18508911
0.033813477
-0.13343811
-0.20214844
-0.19470215
-0.20907593
-0.28311157
-0.33210754
-0.34861755
-0.3645935
-0.3294525
-0.23197937
-0.2111969
-0.38484192
-0.6564789
-0.7576904
-0.5717926
-0.21546936
0.031143188
0.071640015
-0.014663696
-0.05088806
-0.012527466
0.008239746
-0.015731812
-0.03703308
-0.09083557
-0.1835022
-0.23570251
-0.23944092
-0.2218628
-0.18243408
-0.08390808
0.04499817
0.15579224
0.25379944
0.33847046
0.3885498
0.41571045
0.41358948
0.36457825
0.30012512
0.25431824
0.3406067
0.50572205
0.6053314
0.57922363
0.45352173
0.35499573
0.33795166
0.329422
0.2617798
0.17123413
0.1451416
0.16323853
0.12861633
0.060440063
0.024765015
0.021560669
-0.013061523
-0.12918091
-0.27778625
-0.34436035
-0.30921936
-0.2548828
-0.2468872
-0.3006897
-0.40402222
-0.5952301
-0.7187958
-0.68844604
-0.5217285
-0.37046814
-0.30441284
-0.26660156
-0.21279907
-0.19096375
-0.23570251
-0.28204346
-0.28897095
-0.2964325
-0.2926941
-0.32466125
-0.40135193
-0.39814758
-0.28097534
-0.13290405
-0.019454956
0.10092163
0.26124573
0.3874817
0.39866638
0.34114075
0.2894745
0.29426575
0.31663513
0.36883545
0.45777893
0.5376892
0.5627136
0.5286255
0.47109985
0.37683105
0.25912476
0.13449097
0.022628784
-0.026916504
-0.021591187
-0.026916504
-0.05833435
-0.078048706
-0.071121216
-0.055145264
-0.059402466
-0.09776306
-0.15634155
-0.19363403
-0.18563843
-0.1638031
-0.16059875
-0.22505188
-0.36940002
-0.46899414
-0.37046814
-0.11427307
0.06736755
0.034347534
-0.16326904
-0.2980194
-0.27990723
-0.11958313
0.06097412
0.1179657
0.097732544
0.07376099
0.026351929
-0.047683716
-0.09083557
-0.057266235
0.026351929
0.12010193
0.19520569
0.27723694
0.3954773
0.47377014
0.42263794
0.2697754
0.090270996
0.027954102
0.111572266
0.3102417
0.4151764
0.3832245
0.3320923
0.3773651
0.42636108
0.42689514
0.3720398
0.3097229
0.24580383
0.14086914
0.008773804
-0.09881592
-0.19416809
-0.2468872
-0.27565002
-0.33477783
-0.37738037
-0.39337158
-0.39762878
-0.37153625
-0.33584595
-0.30441284
-0.32359314
-0.44076538
-0.5164032
-0.36672974
-0.12757874
0.03967285
0.0077056885
-0.21226501
-0.41200256
-0.44023132
-0.2852478
-0.0977478
-0.007736206
-0.02798462
-0.10839844
-0.16166687
-0.20056152
-0.21972656
-0.20375061
-0.16859436
-0.05833435
0.12382507
0.3070526
0.4359436
0.49240112
0.47962952
0.40238953
0.34381104
0.28468323
0.25431824
0.26870728
0.30332947
0.3406067
0.3320923
0.2782898
0.20957947
0.14086914
0.11264038
0.12863159
0.16802979
0.17762756
0.12063599
0.024230957
-0.10787964
-0.18989563
-0.15687561
-0.11213684
-0.14408875
-0.21121216
-0.2191925
-0.124923706
0.019424438
0.101989746
0.003982544
-0.2191925
-0.36672974
-0.27511597
0.010375977
0.21011353
0.16270447
-0.051940918
-0.21653748
-0.27511597
-0.3518219
-0.44662476
-0.46792603
-0.41307068
-0.3203888
-0.18777466
-0.06846619
-0.055145264
-0.1211853
-0.1403656
-0.010406494
-0.023727417
-0.13876343
-0.1169281
0.11956787
0.36297607
0.3773651
0.21757507
-0.0029449463
-0.16487122
-0.14195251
0.010910034
0.19413757
0.3251648
0.30012512
0.18188477
0.1025238
0.066833496
0.041793823
0.031143188
0.038604736
0.048187256
0.052993774
0.06150818
0.03967285
-0.024246216
-0.1126709
-0.1914978
-0.22026062
-0.19468689
-0.14250183
-0.08709717
-0.03277588
0.021026611
0.062042236
0.076416016
0.07589722
0.064712524
0.03755188
0.0034484863
-0.010391235
-0.0013427734
0.01676941
0.04020691
0.05192566
0.027954102
-0.03916931
-0.09030151
-0.08390808
-0.05407715
-0.026382446
-0.008804321
-0.003479004
-0.006668091
-0.006134033
-0.010940552
-0.026382446
-0.040756226
-0.043426514
-0.024261475
-0.004547119
-0.031707764
-0.059936523
-0.038635254
0.0045166016
0.009841919
-0.033309937
-0.092422485
-0.10307312
-0.06686401
-0.015731812
0.016235352
0.013580322
0.011978149
0.036468506
0.09933472
0.1728363
0.21437073
0.21917725
0.20585632
0.19306946
0.16644287
0.12382507
0.06417847
0.0066375732
-0.03916931
-0.073776245
-0.06312561
-0.008804321
0.024230957
0.015167236
0.0029144287
0.015701294
0.03541565
0.026885986
-2.746582E-4
-0.009338379
0.003982544
0.017837524
0.024230957
0.030090332
0.03060913
0.026885986
0.026885986
0.03967285
0.04234314
0.024765015
-0.004547119
-0.013595581
0.010375977
0.026885986
0.024765015
0.017303467
0.027420044
0.041275024
0.027420044
0.015701294
0.026885986
0.024230957
-0.012527466
-0.045028687
-0.033843994
-0.006149292
-0.013595581
-0.040222168
-0.057800293
-0.056747437
-0.043426514
-0.026382446
-0.027450562
-0.03489685
-0.024780273
-0.008270264
-0.003479004
-0.022659302
-0.05354309
-0.07058716
-0.062072754
-0.038635254
-0.031173706
-0.03277588
-0.03010559
-0.0056152344
0.026351929
0.025299072
-0.011474609
-0.02796936
-0.031707764
-0.043426514
-0.041290283
-0.006668091
0.045532227
0.0705719
0.06364441
0.039138794
0.015701294
-8.087158E-4
-0.023712158
-0.040222168
-0.03437805
-0.013061523
0.0066375732
0.01890564
0.026885986
0.037002563
0.036483765
0.029556274
0.027420044
0.030090332
0.029556274
0.017837524
0.010375977
0.02104187
0.026885986
0.04286194
0.036483765
-0.0029449463
-0.024246216
-0.014129639
0.0146484375
0.039138794
0.036468506
0.0066375732
-0.01626587
-0.01626587
-0.006149292
0.0061035156
0.010910034
0.0013122559
-0.0098724365
-0.023727417
-0.03277588
-0.04396057
-0.048217773
-0.048217773
-0.048217773
-0.04449463
-0.031707764
-0.016799927
-0.013595581
-0.004547119
0.0013122559
0.003982544
0.008773804
-0.0072021484
-0.038635254
-0.05886841
-0.04928589
-0.022659302
0.018371582
0.050857544
0.057785034
0.0471344
0.027420044
0.0034484863
-0.012527466
-0.012008667
0.0018463135
0.010375977
0.014633179
0.022094727
0.037002563
0.054595947
0.06523132
0.064712524
0.04978943
0.021026611
-0.006668091
-0.02319336
-0.024246216
-0.026382446
-0.025314331
-0.006134033
-0.006134033
-0.022659302
-0.018920898
0.011978149
0.031677246
0.0045166016
-0.031173706
-0.040756226
-0.03437805
-0.027450562
-0.017333984
-0.018920898
-0.04182434
-0.05886841
-0.06472778
-0.06526184
-0.07058716
-0.08656311
-0.10041809
-0.094558716
-0.08444214
-0.07325745
-0.05140686
-0.029586792
-0.033843994
-0.057266235
-0.061538696
-0.025314331
-0.0055999756
-0.031173706
-0.07911682
-0.08709717
-0.04182434
-0.006149292
-0.025314331
-0.057800293
-0.061538696
-0.045547485
-0.015731812
-0.0013427734
-0.018920898
-0.025848389
2.4414062E-4
0.022628784
0.019973755
0.007171631
-0.001876831
0.008773804
0.019424438
0.010375977
-0.0029449463
-0.009338379
-0.008270264
-0.011993408
-0.0029449463
0.025283813
0.024749756
-0.0024108887
0.007171631
0.064697266
0.11210632
0.0982666
0.06417847
0.04232788
0.027420044
0.022094727
0.052993774
0.09719849
0.08441162
0.047668457
0.038085938
0.05618286
0.0790863
0.08015442
0.050857544
0.011978149
-0.015197754
-0.009338379
0.014633179
0.026885986
0.035949707
0.022628784
0.014099121
0.012512207
-0.029571533
-0.073776245
-0.06739807
-0.036499023
-0.025314331
-0.03968811
-0.04714966
-0.030639648
-0.024246216
-0.05142212
-0.07058716
-0.03968811
-0.0024108887
0.007171631
0.0066375732
0.0018463135
