23.80371
23.265076
23.638916
25.242615
24.302673
24.34082
23.365784
25.028992
24.679565
22.789001
23.60382
24.575806
24.528503
23.539734
23.605347
23.953247
23.391724
23.953247
23.365784
23.88916
22.514343
23.60382
22.827148
22.29004
24.017334
23.301697
23.991394
24.07837
24.34082
24.59259
23.454285
23.266602
24.07837
23.866272
23.365784
25.756836
22.416687
23.516846
21.891785
22.866821
21.01593
21.203613
22.053528
24.11499
24.505615
23.080444
21.916199
22.991943
24.617004
23.14148
22.976685
23.539734
22.766113
23.60382
23.60382
23.60382
23.768616
23.016357
23.602295
22.20459
23.05603
21.81549
22.71576
24.092102
22.843933
21.664429
23.205566
22.828674
22.843933
23.301697
23.989868
23.36731
23.539734
24.180603
23.405457
23.016357
23.426819
23.454285
22.615051
23.802185
24.467468
24.055481
23.991394
23.143005
21.638489
22.26715
23.329163
21.813965
22.99347
23.553467
25.030518
24.267578
22.91565
22.866821
22.891235
23.928833
20.628357
24.055481
22.866821
22.802734
23.490906
24.656677
23.22998
24.279785
22.7417
23.05603
21.678162
25.003052
23.054504
23.805237
23.078918
22.717285
23.14148
23.678589
22.517395
22.677612
22.392273
23.016357
23.805237
23.365784
22.517395
22.454834
23.61908
22.227478
22.717285
22.930908
23.96698
23.365784
24.59259
24.427795
23.104858
22.764587
22.91565
23.516846
22.142029
23.490906
23.678589
23.602295
22.991943
24.053955
22.615051
23.468018
23.468018
23.468018
24.70398
23.744202
23.165894
22.613525
23.88916
22.740173
22.853088
22.91565
24.554443
23.468018
22.789001
23.866272
22.738647
24.427795
23.017883
21.78955
22.991943
23.454285
23.104858
22.26715
21.253967
23.42987
22.453308
21.664429
23.016357
21.165466
21.704102
22.991943
21.792603
22.164917
21.730042
22.717285
22.265625
22.71576
21.188354
22.077942
22.453308
22.116089
22.116089
22.265625
21.206665
22.329712
21.791077
20.47882
21.917725
22.392273
22.142029
23.168945
20.541382
22.679138
21.203613
20.913696
20.95642
21.226501
22.517395
20.951843
21.04187
22.805786
22.367859
21.292114
21.20514
23.054504
21.577454
21.203613
22.180176
21.817017
21.891785
21.252441
20.887756
21.679688
21.290588
21.315002
21.292114
21.316528
21.57898
21.75293
21.81549
20.265198
21.253967
22.114563
22.053528
21.002197
21.252441
23.040771
21.603394
21.702576
21.702576
21.702576
21.765137
22.99347
23.492432
21.72699
21.891785
22.077942
21.812439
21.414185
22.828674
21.955872
22.29004
23.516846
21.417236
21.354675
22.180176
22.203064
22.454834
22.116089
22.892761
21.81549
23.329163
22.953796
21.514893
22.392273
21.228027
22.229004
21.81549
21.768188
23.80371
23.265076
21.601868
22.077942
21.679688
22.616577
21.64154
21.35315
20.414734
21.226501
20.97931
21.080017
22.55249
20.565796
21.514893
22.679138
22.227478
22.3526
23.991394
23.301697
21.89331
22.640991
23.904419
23.840332
23.928833
23.469543
23.867798
22.416687
24.467468
22.917175
23.953247
23.426819
22.764587
23.57788
22.766113
22.975159
24.053955
24.59259
25.091553
23.57788
22.976685
23.51532
24.528503
23.840332
23.866272
23.641968
22.95227
24.655151
23.078918
24.653625
24.780273
22.891235
23.40393
23.742676
23.014832
23.579407
24.90387
24.90387
22.990417
24.464417
22.288513
23.678589
24.154663
24.681091
24.243164
24.50409
24.465942
23.365784
24.842834
23.576355
24.554443
23.60382
24.490356
24.94049
23.51532
24.179077
23.51532
25.819397
24.21875
24.67804
24.031067
24.615479
23.965454
24.177551
23.181152
26.881409
23.016357
23.617554
24.867249
24.568176
23.680115
23.704529
23.76709
23.40393
23.641968
22.117615
22.8302
23.492432
23.431396
23.744202
23.080444
22.543335
22.807312
22.268677
20.753479
20.755005
21.266174
20.755005
23.3078
20.230103
21.48285
21.055603
21.330261
21.705627
21.080017
21.832275
22.970581
21.20514
21.166992
20.579529
21.679688
21.394348
22.842407
24.307251
24.632263
24.568176
23.231506
23.468018
23.864746
23.077393
23.452759
25.494385
22.99347
24.156189
24.902344
23.329163
24.243164
25.491333
23.777771
24.615479
25.654602
25.52948
25.241089
22.854614
22.854614
22.854614
25.267029
24.177551
24.3042
25.531006
22.01538
23.51532
22.491455
23.20404
23.266602
23.579407
22.831726
22.930908
22.244263
22.117615
22.680664
22.306824
21.444702
21.144104
21.121216
22.146606
22.207642
21.295166
21.77124
21.646118
21.769714
20.480347
20.695496
20.417786
20.831299
20.568848
22.080994
20.030212
21.170044
22.016907
21.131897
20.52002
21.31958
21.257019
21.455383
21.192932
22.60437
20.892334
21.794128
22.831726
23.47107
23.843384
22.744751
24.368286
24.533081
24.08142
23.353577
24.55597
23.330688
23.391724
23.231506
22.54181
22.479248
22.065735
23.330688
22.43042
20.880127
21.466064
21.542358
21.542358
21.003723
19.717407
22.492981
21.504211
21.392822
20.544434
20.358276
20.381165
20.381165
22.120667
21.130371
21.891785
21.066284
21.731567
21.066284
21.166992
20.480347
19.943237
21.09375
21.995544
21.064758
21.064758
21.064758
21.539307
22.016907
22.129822
21.829224
23.538208
22.599792
23.348999
23.426819
23.28949
21.878052
23.014832
21.148682
23.287964
24.890137
24.075317
24.012756
24.038696
24.450684
24.67804
24.05243
23.887634
23.451233
24.591064
22.937012
24.639893
23.452759
23.291016
24.111938
22.911072
22.789001
22.436523
22.413635
23.20404
21.975708
22.564697
21.890259
21.440125
20.915222
21.478271
21.916199
20.188904
22.451782
22.288513
20.941162
22.790527
21.026611
20.47882
21.41571
20.750427
19.526672
21.066284
21.95282
20.600891
20.838928
20.93811
20.539856
20.93811
22.001648
21.287537
21.534729
20.08667
21.662903
19.337463
20.063782
20.814514
22.328186
21.273804
21.913147
22.66388
21.084595
21.852112
20.90149
21.376038
20.753479
20.436096
21.97876
21.852112
21.977234
21.226501
21.192932
21.540833
20.87555
22.105408
19.85321
18.86444
20.954895
20.954895
21.542358
19.966125
18.278503
21.66748
18.177795
21.817017
19.230652
19.60144
19.128418
19.293213
18.630981
16.340637
18.193054
16.844177
17.468262
16.966248
18.504333
18.02826
16.992188
18.243408
20.266724
21.516418
19.378662
20.005798
20.70465
19.715881
19.540405
21.005249
18.965149
19.567871
18.652344
17.76123
19.088745
19.613647
19.215393
18.901062
18.814087
19.692993
18.678284
18.615723
19.755554
18.67981
19.841003
17.990112
18.94226
19.154358
19.503784
19.281006
19.543457
18.940735
17.23938
17.279053
19.02771
17.242432
18.132019
18.067932
18.132019
17.430115
18.50586
18.093872
18.507385
19.969177
18.907166
18.09082
16.9693
15.55481
16.867065
16.844177
17.944336
16.931152
17.51709
16.905212
18.318176
15.991211
16.630554
18.069458
17.619324
17.817688
17.593384
17.619324
16.592407
17.367554
16.43219
18.528748
18.528748
18.528748
17.492676
18.093872
17.240906
18.118286
18.318176
16.905212
17.495728
17.945862
16.719055
16.9693
16.946411
17.970276
16.906738
17.120361
18.545532
18.56842
18.070984
19.107056
18.244934
16.43219
16.241455
15.744019
17.28363
15.396118
14.958191
15.768433
15.957642
16.944885
16.282654
15.74707
15.245056
16.870117
16.220093
14.558411
14.730835
14.518738
15.72113
15.531921
15.6188965
15.167236
16.369629
16.74347
16.081238
15.040588
16.870117
17.242432
13.790894
16.679382
17.053223
16.790771
16.592407
17.178345
17.367554
16.63971
17.866516
17.80243
18.34259
18.492126
18.215942
17.715454
16.827393
16.616821
17.616272
17.741394
17.218018
16.804504
16.703796
17.454529
16.117859
15.888977
16.828918
16.679382
15.0177
15.5303955
15.490723
15.142822
13.391113
15.141296
16.719055
15.679932
15.527344
16.366577
15.991211
16.531372
15.994263
15.994263
15.994263
15.742493
16.343689
16.993713
16.557312
16.430664
17.529297
16.825867
17.3172
17.84668
18.54248
17.529297
19.006348
18.382263
19.418335
17.616272
17.341614
18.415833
17.71698
20.292664
19.129944
18.904114
20.005798
19.818115
19.215393
19.755554
18.777466
19.380188
19.882202
19.50531
18.566895
19.02771
18.818665
17.842102
18.50586
18.443298
17.74292
17.74292
16.52832
17.593384
17.407227
16.983032
17.407227
16.529846
17.181396
17.219543
16.9693
17.434692
18.258667
17.781067
18.296814
18.984985
16.967773
18.508911
17.869568
17.120361
17.132568
19.508362
17.759705
19.69757
17.59491
18.321228
18.10913
17.03186
18.44635
18.632507
18.821716
19.358826
16.946411
19.53125
19.070435
19.007874
18.730164
21.20819
19.633484
19.532776
20.99762
20.794678
20.933533
18.545532
18.844604
19.294739
20.297241
19.110107
18.234253
19.52362
17.697144
17.697144
17.697144
18.572998
17.347717
18.44635
19.798279
17.448425
17.886353
16.247559
16.035461
16.285706
18.07251
17.95044
17.597961
19.08722
16.82434
19.049072
19.174194
19.049072
17.362976
19.325256
18.32428
18.486023
18.637085
18.988037
17.9245
18.489075
16.612244
18.600464
18.035889
18.29834
18.385315
19.525146
20.71228
20.048523
20.562744
21.173096
20.648193
22.02301
22.549438
22.372437
22.721863
22.645569
22.485352
22.209167
22.521973
22.810364
22.723389
22.43805
21.937561
21.08612
22.085571
22.064209
20.361328
21.838379
21.376038
21.899414
22.276306
20.553589
20.489502
20.96405
19.050598
21.629333
20.428467
19.900513
21.478271
19.615173
19.77539
22.062683
21.089172
20.487976
21.878052
20.402527
20.277405
20.36438
20.187378
22.75238
21.051025
21.754456
21.414185
20.401001
21.002197
21.313477
21.154785
19.865417
19.865417
19.52362
20.19043
20.362854
20.239258
19.224548
19.200134
19.161987
20.114136
19.985962
21.174622
21.774292
20.422363
21.025085
20.524597
20.524597
19.075012
19.5755
20.42389
19.5755
18.510437
17.764282
17.074585
17.637634
17.697144
17.05017
17.912292
17.32483
17.80243
17.074585
17.388916
17.474365
16.725159
17.500305
18.011475
18.013
18.199158
18.362427
17.597961
18.3609
17.825317
16.947937
17.723083
17.95044
17.596436
18.60199
17.349243
18.099976
17.736816
18.94989
20.339966
19.822693
18.486023
20.736694
18.136597
19.010925
18.763733
18.162537
16.13617
17.5766
17.03949
16.85028
17.340088
15.725708
17.427063
16.888428
15.82489
14.978027
14.724731
14.102173
14.289856
14.312744
15.2404785
13.563538
14.14032
14.376831
13.015747
12.440491
12.527466
12.0651245
9.889221
9.501648
10.089111
7.989502
8.139038
8.613586
8.613586
8.766174
7.3013306
5.7006836
5.5755615
6.67572
5.6396484
5.252075
4.88739
3.312683
3.09906
3.3752441
2.3620605
2.1865845
0.9613037
1.1489868
2.7740479
-0.22583008
1.0498047
0.7110596
1.0482788
0.51116943
-1.0787964
0.21057129
0.14648438
0.2593994
0.1083374
-0.076293945
-0.6149292
-1.4266968
-2.4902344
-1.6403198
-2.4658203
-2.027893
-3.3416748
-2.055359
-3.2791138
-4.4174194
-3.981018
-6.1676025
-4.8553467
-5.8181763
-7.8704834
-6.7092896
-7.8063965
-8.24585
-8.494568
-8.335876
-9.27124
-9.309387
-11.445618
-13.299561
-12.82196
-12.712097
-13.612366
-14.437866
-15.000916
-16.003418
-15.664673
-15.2786255
-16.629028
-16.090393
-17.51709
-18.441772
-18.893433
-18.76831
-18.354797
-20.083618
-18.418884
-19.621277
-19.770813
-20.033264
-22.633362
-22.122192
-22.283936
-22.07489
-21.022034
-22.384644
-20.521545
-20.809937
-19.784546
-21.661377
-22.137451
-20.97168
-23.173523
-22.911072
-22.911072
-22.911072
-22.63794
-22.447205
-21.812439
-21.723938
-22.261047
-22.862244
-22.947693
-23.428345
-24.298096
-23.963928
-24.176025
-23.927307
-23.764038
-24.50409
-26.916504
-25.402832
-25.967407
-25.46997
-26.879883
-27.104187
-27.217102
-27.981567
-28.269958
-26.004028
-27.194214
-26.654053
-26.693726
-28.54309
-26.605225
-25.782776
-27.209473
-26.257324
-26.15509
-26.319885
-26.3443
-25.915527
-24.427795
-25.653076
-24.465942
-23.88916
-23.240662
-24.339294
-23.890686
-22.92633
-21.51184
-23.588562
-22.036743
-23.225403
-21.974182
-22.07489
-22.923279
-23.762512
-23.07434
-22.511292
-24.198914
-23.986816
-23.98529
-22.711182
-25.987244
-25.213623
-25.465393
-26.525879
-26.252747
-26.124573
-26.837158
-26.852417
-25.274658
-25.650024
-27.438354
-27.090454
-27.000427
-29.164124
-27.398682
-28.642273
-27.978516
-29.353333
-28.474426
-26.937866
-28.726196
-29.138184
-28.689575
-30.32837
-29.478455
-29.315186
-29.315186
-29.315186
-30.6427
-31.039429
-31.054688
-29.789734
-29.164124
-31.10199
-29.501343
-29.06189
-29.312134
-30.325317
-30.064392
-29.28772
-29.786682
-28.723145
-29.225159
-28.559875
-29.533386
-29.187012
-31.36139
-27.998352
-29.121399
-28.81012
-28.434753
-28.684998
-29.09851
-29.872131
-28.582764
-29.248047
-29.43573
-27.93274
-29.699707
-29.034424
-29.785156
-30.158997
-31.660461
-31.161499
-31.552124
-32.525635
-32.151794
-31.92749
-31.738281
-32.32422
-33.139038
-34.091187
-33.677673
-34.60388
-33.052063
-33.714294
-32.94983
-33.026123
-33.638
-34.088135
-35.12726
-34.651184
-35.102844
-33.615112
-34.877014
-34.34143
-35.227966
-31.159973
-32.862854
-32.711792
-32.489014
-32.814026
-33.137512
-33.71277
-33.461
-33.322144
-33.714294
-31.82373
-33.050537
-33.172607
-32.885742
-32.887268
-33.010864
-32.73468
-33.424377
-31.76117
-32.60956
-32.60956
-32.159424
-32.736206
-33.673096
-34.11255
-34.11255
-35.60028
-34.439087
-34.127808
-34.088135
-34.976196
-35.038757
-35.591125
-35.528564
-36.131287
-36.60431
-35.38208
-36.567688
-37.87079
-37.33368
-38.645935
-38.645935
-37.921143
-38.497925
-37.547302
-37.269592
-36.668396
-36.105347
-38.146973
-37.356567
-37.83264
-36.01837
-37.18109
-36.29608
-35.484314
-36.268616
-34.355164
-34.35669
-34.918213
-35.06775
-35.191345
-34.1568
-33.40454
-33.966064
-31.703186
-34.40399
-32.80487
-33.467102
-34.854126
-33.943176
-35.09369
-32.115173
-35.691833
-35.668945
-34.568787
-34.895325
-35.029602
-34.127808
-33.09021
-33.129883
-33.17871
-34.031677
-33.779907
-34.095764
-36.85913
-35.0708
-36.447144
-34.658813
-35.736084
-36.073303
-36.549377
-37.275696
-35.939026
-36.52649
-37.0636
-35.250854
-37.023926
-35.749817
-35.90088
-35.13336
-35.108948
-32.93152
-32.632446
-33.57086
-34.817505
-34.5459
-33.784485
-35.32257
-35.646057
-34.736633
-34.736633
-34.736633
-33.63495
-34.00879
-35.235596
-34.547424
-36.42273
-35.08606
-35.798645
-35.38513
-36.860657
-35.673523
-36.083984
-36.90033
-36.750793
-36.85913
-36.387634
-36.709595
-38.43689
-37.27417
-37.83722
-36.672974
-37.747192
-36.824036
-36.886597
-36.323547
-35.699463
-35.762024
-36.798096
-36.21521
-36.964417
-37.651062
-36.46393
-35.450745
-34.701538
-37.239075
-35.253906
-35.842896
-37.69226
-38.56964
-39.52179
-38.168335
-38.81836
-40.020752
-39.544678
-39.793396
-39.108276
-38.194275
-38.667297
-39.00757
-37.817383
-37.069702
-38.894653
-39.170837
-39.04724
-37.90741
-39.857483
-38.461304
-39.022827
-39.486694
-39.172363
-39.933777
-39.735413
-40.211487
-37.82196
-38.511658
-38.635254
-40.45105
-40.89966
-39.961243
-38.38501
-39.29596
-38.50708
-38.00659
-37.243652
-37.96997
-37.069702
-37.7594
-38.360596
-37.384033
-37.132263
-38.51013
-37.773132
-37.28485
-37.600708
-38.864136
-38.864136
-38.864136
-38.328552
-38.027954
-38.11493
-37.425232
-37.3291
-37.013245
-38.77716
-38.217163
-38.26599
-38.391113
-36.79962
-37.600708
-37.423706
-38.58795
-37.576294
-35.536194
-35.612488
-36.04889
-36.949158
-36.13739
-36.299133
-35.67505
-35.850525
-36.009216
-36.927795
-35.28595
-36.801147
-37.677002
-34.277344
-35.473633
-35.598755
-36.058044
-35.472107
-36.761475
-36.161804
-37.287903
-35.386658
-35.94818
-37.261963
-36.3739
-34.957886
-34.27124
-34.77173
-35.282898
-36.099243
-33.5968
-34.562683
-35.88562
-33.146667
-35.70099
-35.98633
-35.513306
-34.43756
-33.224487
-34.213257
-34.51233
-35.728455
-33.87451
-35.16388
-34.94873
-34.062195
-33.436584
-33.74939
-32.585144
-33.872986
-32.710266
-34.12323
-32.733154
-32.998657
-32.31201
-32.833862
-32.4234
-32.83539
-32.296753
-31.394958
-31.111145
-33.120728
-32.522583
-33.02307
-32.270813
-31.91986
-31.547546
-33.021545
-31.770325
-31.770325
-31.770325
-33.296204
-32.670593
-33.08258
-31.443787
-32.51953
-31.517029
-31.768799
-31.080627
-32.39441
-30.065918
-30.441284
-31.604004
-30.130005
-30.667114
-29.006958
-31.730652
-30.541992
-29.50592
-29.942322
-31.26831
-30.66864
-32.170105
-30.856323
-32.64618
-30.482483
-30.381775
-30.770874
-31.047058
-31.91986
-32.481384
-32.10907
-32.16858
-30.755615
-30.880737
-31.66504
-30.067444
-29.980469
-30.693054
-30.880737
-31.20575
-30.041504
-30.66864
-31.169128
-29.818726
-29.753113
-30.854797
-30.317688
-30.13153
-30.10559
-31.144714
-31.292725
-31.230164
-30.003357
-30.253601
-30.92041
-31.640625
-32.521057
-30.81665
-32.66754
-31.89392
-31.077576
-31.680298
-31.793213
-30.230713
-29.226685
-30.853271
-30.001831
-31.877136
-31.854248
-31.478882
-30.444336
-31.06842
-31.140137
-30.830383
-31.08368
-30.52063
-31.582642
-31.52008
-31.582642
-32.05719
-30.670166
-31.085205
-30.79834
-30.83191
-31.082153
-31.082153
-30.932617
-29.483032
-30.195618
-28.942871
-29.168701
-28.7323
-30.708313
-28.334045
-29.354858
-28.144836
-29.133606
-28.356934
-29.133606
-27.88086
-27.757263
-28.294373
-28.445435
-28.42102
-27.320862
-29.545593
-30.06134
-29.197693
-29.560852
-28.921509
-29.397583
-29.54712
-30.358887
-30.021667
-30.558777
-30.621338
-29.333496
-28.857422
-29.292297
-28.320312
-29.570007
-28.79486
-29.496765
-31.048584
-30.085754
-29.237366
-30.360413
-29.15039
-28.710938
-28.649902
-29.71344
-27.638245
-28.613281
-29.466248
-30.50232
-30.589294
-29.377747
-29.838562
-29.40216
-29.3396
-27.738953
-29.37622
-29.838562
-28.001404
-28.926086
-28.651428
-29.589844
-29.362488
-28.71399
-28.15094
-27.464294
-29.464722
-26.963806
-27.801514
-28.62854
-26.742554
-27.326965
-27.139282
-27.392578
-29.466248
-30.757141
-28.565979
-27.116394
-27.45514
-27.677917
-28.31726
-28.240967
-28.840637
-28.001404
-28.001404
-28.001404
-25.950623
-27.700806
-25.912476
-27.676392
-27.552795
-28.614807
-26.641846
-28.28064
-29.61731
-28.494263
-27.931213
-26.679993
-26.679993
-26.683044
-25.968933
-26.660156
-28.007507
-26.245117
-26.870728
-27.28424
-28.057861
-26.660156
-26.59607
-26.870728
-27.36969
-26.14441
-26.080322
-27.281189
-27.281189
-25.906372
-26.705933
-26.182556
-25.242615
-25.431824
-26.59607
-25.579834
-24.491882
-24.015808
-24.642944
-26.119995
-25.141907
-26.391602
-24.517822
-24.604797
-24.453735
-23.503113
-24.015808
-25.350952
-25.927734
-26.679993
-25.413513
-24.273682
-23.934937
-24.68872
-23.335266
-23.310852
-23.41919
-23.934937
-21.980286
-21.63086
-20.404053
-20.968628
-20.404053
-20.66803
-18.777466
-20.779419
-20.240784
-19.342041
-20.005798
-18.952942
-19.300842
-16.964722
-17.23938
-16.01715
-16.474915
-16.160583
-15.223694
-14.059448
-13.623047
-13.623047
-12.171936
-12.733459
-9.796143
-9.796143
-9.796143
-9.344482
-10.421753
-8.720398
-9.542847
-8.055115
-6.1782837
-6.741333
-7.368469
-4.4540405
-2.6031494
-2.229309
-3.2043457
-2.230835
-2.6412964
-1.4770508
-0.41809082
0.3463745
0.80718994
2.922058
2.357483
2.8839111
3.8238525
3.0960083
5.3970337
5.2078247
4.7958374
6.3064575
7.9071045
5.357361
7.8674316
8.580017
7.9681396
9.306335
7.5164795
7.991028
8.529663
9.089661
9.841919
8.364868
10.404968
10.191345
10.554504
11.427307
12.6297
11.528015
12.026978
11.251831
11.354065
12.915039
13.101196
13.076782
12.150574
13.540649
14.891052
14.825439
14.227295
14.764404
16.163635
14.225769
15.951538
16.012573
15.100098
16.574097
17.36145
17.50946
17.549133
17.637634
17.25769
18.032837
18.98346
19.918823
19.918823
19.752502
19.380188
18.217468
19.378662
19.33899
20.87555
21.539307
23.077393
19.837952
21.890259
21.59729
21.414185
21.414185
20.874023
20.898438
20.835876
21.186829
21.621704
21.45996
21.936035
21.211243
21.913147
20.661926
21.748352
20.796204
22.096252
22.158813
21.743774
21.659851
21.170044
20.669556
20.30487
21.206665
23.19336
21.57898
21.679688
21.304321
21.777344
21.954346
22.640991
21.476746
22.32666
22.615051
22.236633
22.325134
21.611023
20.724487
21.070862
21.03424
22.447205
20.596313
21.333313
21.45691
19.844055
19.41681
20.666504
20.127869
19.11621
19.026184
18.463135
19.438171
17.649841
17.025757
17.861938
17.759705
16.947937
16.511536
17.30194
17.13562
17.300415
17.459106
16.096497
16.548157
15.823364
17.396545
15.661621
17.526245
16.511536
16.360474
16.262817
16.462708
16.098022
16.300964
15.823364
17.774963
16.636658
15.298462
16.986084
16.358948
15.235901
15.19928
14.758301
15.359497
14.697266
14.506531
15.197754
15.470886
15.470886
15.470886
14.884949
13.404846
14.607239
13.156128
12.742615
12.904358
13.618469
13.253784
11.743164
12.969971
12.34436
11.680603
12.5564575
11.354065
12.6449585
11.956787
12.307739
11.141968
10.896301
12.083435
12.580872
12.033081
10.359192
11.560059
13.374329
11.645508
13.310242
13.246155
12.623596
13.461304
12.182617
12.171936
10.997009
11.459351
10.456848
11.3723755
10.183716
11.459351
9.947205
10.447693
10.119629
10.383606
10.423279
11.135864
10.572815
10.697937
9.257507
8.932495
10.03418
8.221436
9.385681
9.584045
9.735107
10.108948
9.320068
9.983826
8.094788
9.573364
9.985352
8.798218
9.385681
8.796692
8.860779
8.070374
9.107971
8.973694
7.722473
8.135986
9.298706
8.837891
7.698059
8.699036
8.047485
8.361816
7.598877
8.200073
8.361816
9.463501
8.926392
8.076477
9.239197
7.762146
7.1990967
7.1990967
7.3883057
7.2021484
7.675171
6.7001343
6.614685
7.952881
7.5408936
6.663513
7.1136475
7.89032
6.225586
7.2265625
7.8414917
6.25
6.314087
6.251526
5.6640625
7.1151733
5.975342
6.22406
6.07605
5.4748535
6.126404
5.126953
3.7750244
6.0775757
4.3533325
4.0634155
4.975891
5.6015015
6.378174
5.001831
3.8757324
4.5394897
5.227661
4.0893555
3.0639648
2.7145386
4.0634155
6.0775757
5.19104
5.3512573
4.525757
5.065918
4.725647
4.0893555
4.5654297
4.5669556
3.340149
3.9016724
5.04303
4.0893555
4.1290283
5.255127
4.1534424
5.227661
4.890442
3.8772583
4.978943
3.338623
3.767395
4.5272827
4.005432
4.1290283
4.1549683
5.319214
2.8671265
5.128479
3.6026
3.2791138
2.6916504
4.005432
3.1661987
4.4174194
5.230713
5.580139
3.8162231
4.5043945
2.2399902
3.2791138
3.829956
1.7654419
1.6769409
1.7654419
1.7654419
2.8427124
2.8640747
2.7542114
1.1520386
1.0528564
1.2756348
1.701355
3.5064697
0.90179443
3.7902832
3.4423828
1.4907837
2.3422241
1.902771
0.8026123
3.1280518
1.2771606
2.3025513
2.6290894
1.3626099
1.8417358
1.550293
2.3666382
2.7786255
1.612854
1.965332
2.5283813
1.5533447
0.77667236
1.0559082
2.6306152
1.6799927
1.6403198
1.7654419
1.8417358
1.0787964
2.6306152
2.192688
2.06604
2.9434204
2.154541
2.7328491
2.7557373
2.430725
3.817749
3.2318115
3.767395
2.0690918
1.7181396
2.7572632
2.9083252
1.6311646
1.9332886
1.1566162
0.117492676
2.1942139
1.5945435
1.7822266
2.406311
2.3208618
3.944397
3.4194946
3.3584595
3.5110474
3.3996582
2.319336
2.7801514
2.5375366
2.2216797
1.6586304
3.9230347
3.4210205
4.0496826
2.2598267
2.2979736
4.324341
3.012085
3.010559
3.8360596
2.798462
2.1835327
3.9489746
2.4368286
2.4368286
2.4368286
2.972412
1.8722534
2.3483276
2.2232056
1.7868042
2.6733398
2.0980835
3.5751343
3.3615112
3.7750244
2.5741577
4.385376
2.7877808
2.5009155
3.4759521
3.4118652
3.413391
3.2867432
2.5360107
3.137207
3.07312
3.6376953
3.010559
3.010559
1.53656
2.1636963
1.1260986
2.5375366
3.138733
1.9744873
3.112793
1.663208
3.8269043
4.1397095
3.263855
2.1011353
1.4129639
3.201294
3.250122
4.3014526
3.352356
2.6367188
3.251648
3.5766602
2.6870728
1.3122559
3.4240723
3.8742065
3.2836914
4.1992188
3.451538
4.888916
3.4759521
5.39093
4.2251587
4.4525146
4.0374756
4.0756226
5.012512
3.4759521
3.6621094
3.5629272
4.0985107
3.8848877
5.1742554
3.718567
4.623413
4.348755
5.3344727
5.3085327
4.4067383
4.4067383
4.3807983
5.354309
4.7790527
4.01001
3.3065796
3.378296
5.143738
4.6066284
3.9413452
2.8564453
4.2175293
4.2175293
4.2175293
5.0811768
4.8568726
3.5934448
3.68042
4.6447754
5.2948
5.319214
3.9794922
3.527832
3.5263062
3.9016724
5.6900024
6.164551
5.152893
5.6640625
6.7245483
4.875183
7.348633
6.036377
5.332947
7.1228027
7.1365356
8.351135
6.6619873
9.100342
8.450317
9.8602295
6.349182
6.6619873
7.3760986
7.0755005
7.1609497
8.221436
8.659363
8.822632
8.972168
8.009338
6.9992065
8.221436
6.6207886
7.510376
6.8710327
8.221436
6.744385
7.058716
6.1187744
7.032776
6.3690186
4.3304443
6.1431885
5.168152
3.7948608
5.6427
5.517578
5.26886
5.2719116
6.121826
5.7922363
6.0531616
6.781006
7.08313
6.718445
6.2683105
6.6818237
6.1019897
7.432556
7.3669434
7.4279785
8.703613
7.6156616
7.1151733
8.34198
7.3028564
8.401489
8.215332
7.9299927
6.890869
6.716919
7.9925537
7.8445435
6.1813354
6.35376
7.2021484
7.2021484
7.2021484
7.1792603
7.9940796
8.61969
9.693909
8.616638
8.705139
9.718323
8.879089
8.96759
9.565735
8.427429
9.440613
8.401489
8.053589
7.673645
7.3623657
7.0114136
7.775879
7.0495605
6.036377
6.8496704
6.8511963
7.3638916
7.2402954
7.6782227
7.7804565
7.2647095
9.178162
8.255005
7.3043823
8.529663
8.364868
8.216858
8.680725
10.569763
10.38208
10.7925415
11.421204
11.31897
10.858154
10.569763
11.669922
10.922241
11.395264
11.695862
13.044739
12.045288
11.958313
11.895752
13.772583
13.685608
15.187073
15.812683
15.39917
15.625
15.336609
17.599487
15.786743
17.225647
16.699219
17.41333
18.611145
18.652344
17.790222
17.601013
17.762756
19.490051
19.889832
18.927002
19.64264
17.614746
19.67926
18.765259
18.789673
18.911743
19.514465
18.97583
19.137573
17.98706
18.449402
20.773315
17.060852
16.934204
16.934204
16.934204
16.911316
19.07196
19.197083
19.847107
19.0094
19.200134
19.824219
21.739197
19.94934
21.174622
21.3974
21.264648
20.300293
21.266174
22.819519
22.317505
21.77887
22.68982
21.865845
22.628784
22.79358
23.091125
23.464966
24.517822
23.580933
24.754333
25.204468
24.040222
24.539185
22.816467
25.204468
24.041748
25.117493
25.645447
25.70343
25.704956
24.325562
24.951172
23.951721
25.053406
25.979614
24.62616
25.726318
24.249268
23.399353
24.499512
24.82605
22.735596
24.00055
22.737122
23.936462
24.787903
25.624084
25.665283
23.29712
24.250793
27.349854
25.540161
24.874878
25.852966
25.576782
26.187134
27.326965
26.351929
26.351929
25.726318
27.57721
28.42865
26.577759
27.705383
26.512146
27.415466
27.514648
26.953125
27.70691
27.73285
29.86908
27.330017
28.596497
29.156494
28.242493
29.244995
28.204346
29.84314
29.84314
29.84314
29.780579
29.968262
29.891968
30.430603
28.42865
30.264282
30.651855
29.11377
28.199768
29.490662
27.738953
27.612305
27.287292
26.885986
27.445984
26.222229
26.307678
24.707031
24.868774
22.817993
23.442078
23.957825
22.918701
21.980286
21.876526
21.188354
22.753906
22.001648
21.376038
20.314026
22.441101
18.901062
19.447327
20.17212
20.17517
18.86139
18.13507
16.622925
15.783691
17.385864
14.596558
14.431763
15.12146
13.371277
13.993835
12.1032715
12.641907
10.292053
10.316467
10.316467
10.003662
8.714294
7.2113037
5.163574
4.638672
5.5114746
4.3884277
3.3493042
3.010559
3.8238525
3.0090332
1.9088745
-1.7059326
0.52337646
0.33416748
-1.3671875
-2.166748
-3.1829834
-3.4942627
-3.617859
-4.2175293
-6.629944
-6.7199707
-7.7713013
-8.444214
-9.770203
-11.244202
-10.142517
-10.768127
-10.517883
-10.517883
-10.517883
-10.9939575
-11.016846
-10.081482
-12.156677
-14.259338
-12.719727
-12.869263
-13.241577
-13.319397
-14.694214
-12.519836
-14.181519
-11.856079
-13.644409
-14.096069
-15.534973
-14.15863
-15.533447
-17.086792
-14.595032
-15.008545
-15.782166
-17.547607
-16.984558
-18.673706
-18.070984
-18.64624
-19.98291
-18.171692
-18.545532
-17.547607
-19.769287
-19.107056
-21.157837
-19.685364
-19.895935
-20.80841
-21.807861
-21.28601
-21.710205
-23.222351
-23.510742
-24.032593
-24.1333
-25.344849
-24.505615
-26.034546
-26.919556
-25.932312
-25.343323
-26.278687
-26.008606
-25.842285
-26.667786
-26.23291
-25.367737
-27.656555
-26.104736
-26.506042
-26.942444
-27.03247
-26.443481
-26.00708
-25.30365
-26.922607
-26.321411
-27.03247
-26.83258
-26.3443
-26.23291
-26.467896
-25.40741
-25.694275
-24.967957
-26.72882
-26.193237
-26.3443
-26.507568
-26.257324
-25.968933
-26.405334
-26.792908
-27.54364
-27.54364
-26.945496
-27.482605
-28.167725
-30.084229
-27.380371
-28.482056
-29.130554
-29.418945
-27.503967
-27.856445
-29.743958
-29.208374
-28.457642
-29.580688
-29.01764
-29.64325
-28.892517
-29.19159
-30.329895
-29.151917
-29.22821
-30.32837
-29.978943
-30.0766
-31.240845
-28.437805
-31.178284
-29.753113
-29.499817
-29.730225
-28.001404
-29.040527
-29.040527
-28.852844
-28.440857
-27.940369
-27.688599
-25.613403
-27.401733
-26.38092
-26.651001
-27.441406
-26.252747
-26.216125
-25.590515
-24.813843
-24.615479
-24.653625
-25.842285
-25.592041
-23.86322
-24.279785
-24.528503
-25.004578
-24.7406
-24.906921
-24.554443
-24.053955
-24.717712
-25.38147
-25.068665
-25.30365
-25.730896
-24.96643
-26.57013
-23.965454
-25.154114
-25.84076
-26.467896
-25.779724
-27.030945
-28.10669
-27.592468
-26.753235
-27.441406
-26.965332
-26.193237
-27.127075
-27.37732
-26.940918
-26.811218
-26.664734
-26.965332
-26.965332
-27.227783
-26.06659
-25.302124
-26.2146
-26.403809
-25.715637
-25.613403
-24.676514
-24.511719
-24.337769
-26.278687
-25.1297
-26.91803
-26.46637
-26.403809
-24.96643
-24.6521
-24.613953
-24.67804
-24.716187
-25.177002
-23.390198
-24.531555
-24.34082
-25.402832
-24.241638
-24.742126
-24.028015
-24.868774
-24.092102
-23.617554
-25.343323
-25.842285
-25.093079
-26.626587
-26.255798
-27.069092
-25.842285
-26.304626
-26.966858
-27.230835
-24.378967
-25.691223
-27.316284
-27.227783
-28.503418
-27.89154
-27.978516
-28.541565
-27.877808
-26.966858
-26.879883
-26.005554
-25.904846
-25.84076
-25.865173
-26.228333
-25.1297
-25.756836
-25.19226
-25.106812
-25.46997
-24.632263
-23.742676
-24.154663
-23.016357
-23.406982
-21.917725
-24.243164
-24.441528
-24.783325
-24.305725
-24.7818
-24.69635
-22.779846
-22.554016
-23.2193
-21.742249
-22.529602
-21.955872
-23.6557
-23.867798
-22.644043
-22.644043
-22.618103
-23.6557
-24.220276
-23.443604
-23.278809
-23.318481
-24.653625
-25.131226
-25.566101
-26.342773
-24.179077
-25.195312
-25.341797
-27.65503
-26.12915
-25.92926
-26.191711
-26.852417
-25.715637
-26.940918
-25.463867
-27.627563
-27.127075
-27.314758
-27.938843
-26.127625
-25.653076
-26.341248
-25.689697
-26.38092
-24.031067
-25.692749
-24.465942
-23.42987
-23.96698
-24.156189
-24.028015
-23.59314
-25.906372
-23.406982
-25.256348
-22.470093
-23.744202
-24.157715
-22.779846
-22.369385
-21.09375
-21.09375
-21.49353
-21.954346
-21.931458
-21.80481
-22.096252
-20.89386
-22.946167
-22.532654
-22.28241
-22.645569
-22.994995
-22.709656
-23.808289
-22.685242
-24.67041
-25.07019
-26.159668
-25.88501
-24.21875
-24.758911
-25.131226
-25.131226
-25.169373
-22.991943
-25.732422
-24.006653
-25.1297
-25.004578
-25.042725
-25.468445
-24.403381
-24.441528
-24.005127
-24.569702
-24.569702
-24.569702
-23.554993
-22.929382
-23.452759
-23.316956
-23.34137
-22.265625
-23.452759
-25.256348
-23.316956
-22.303772
-22.866821
-24.630737
-24.069214
-23.405457
-23.080444
-23.34137
-24.243164
-24.305725
-22.717285
-23.381042
-24.679565
-23.942566
-23.492432
-25.431824
-24.84436
-25.382996
-25.006104
-25.38147
-25.494385
-25.004578
-25.028992
-24.14093
-25.154114
-25.842285
-26.75476
-27.893066
-26.731873
-27.31781
-27.21405
-28.581238
-27.592468
-26.818848
-26.153564
-26.855469
-26.716614
-26.104736
-26.10321
-25.1297
-24.378967
-25.904846
-25.30365
-25.430298
-24.554443
-24.653625
-23.57788
-24.092102
-24.656677
-24.568176
-23.217773
-24.057007
-22.116089
-21.228027
-21.266174
-21.80481
-21.980286
-21.702576
-22.555542
-21.1792
-20.129395
-20.428467
-19.82727
-21.118164
-21.180725
-22.367859
-20.889282
-21.290588
-21.955872
-23.344421
-22.842407
-23.452759
-23.777771
-23.840332
-23.840332
-23.840332
-24.179077
-25.028992
-24.90387
-25.654602
-24.87793
-24.317932
-25.152588
-24.015808
-25.402832
-26.443481
-25.466919
-25.805664
-27.168274
-25.692749
-26.94397
-25.805664
-25.369263
-26.281738
-25.471497
-25.654602
-24.720764
-24.468994
-25.068665
-24.378967
-23.36731
-24.467468
-24.679565
-24.53003
-23.1781
-23.643494
-22.865295
-22.01233
-22.389221
-21.826172
-21.202087
-20.451355
-19.223022
-19.91272
-21.289062
-20.388794
-18.060303
-19.398499
-19.37561
-19.438171
-19.537354
-19.352722
-19.537354
-20.825195
-20.44983
-19.82727
-22.366333
-22.427368
-21.487427
-21.662903
-22.738647
-22.764587
-23.388672
-21.76361
-23.840332
-22.138977
-22.865295
-23.452759
-23.739624
-23.214722
-24.012756
-23.454285
-24.591064
-23.278809
-24.015808
-22.929382
-23.942566
-23.841858
-22.113037
-22.702026
-24.490356
-23.153687
-23.579407
-22.677612
-23.55194
-22.2641
-23.864746
-24.281311
-24.281311
-21.725464
-24.505615
-23.36731
-24.96643
-24.615479
-22.52655
-23.138428
-22.013855
-22.827148
-23.239136
-22.63794
-23.927307
-21.188354
-22.590637
-22.138977
-23.739624
-23.214722
-22.88971
-23.614502
-23.390198
-23.15216
-24.179077
-23.866272
-24.177551
-23.641968
-22.615051
-22.3526
-22.698975
-22.955322
-22.590637
-22.764587
-23.55194
-22.802734
-23.513794
-22.740173
-23.277283
-23.55194
-24.491882
-24.34082
-24.07837
-24.591064
-23.616028
-23.176575
-22.454834
-23.240662
-23.968506
-24.50409
-23.153687
-22.866821
-23.96698
-23.240662
-23.867798
-24.815369
-23.052979
-23.451233
-23.641968
-22.865295
-24.943542
-23.777771
-23.0896
-23.342896
-24.378967
-23.866272
-24.07837
-23.153687
-25.279236
-23.554993
-25.202942
-22.589111
-23.278809
-24.339294
-23.927307
-23.454285
-23.365784
-24.528503
-24.777222
-23.327637
-24.591064
-24.879456
-23.327637
-22.86377
-24.942017
-24.942017
-24.942017
-23.928833
-23.390198
-24.029541
-23.777771
-24.656677
-25.15564
-24.378967
-24.53003
-24.217224
-23.927307
-23.96698
-23.34137
-23.927307
-26.12915
-23.641968
-23.841858
-24.34082
-24.179077
-23.365784
-24.34082
-23.364258
-24.615479
-24.116516
-24.179077
-22.677612
-24.742126
-23.239136
-22.802734
-24.716187
-24.679565
-23.365784
-23.617554
-24.630737
-22.615051
-23.928833
-23.454285
-24.594116
-25.592041
-25.216675
-25.282288
-23.968506
-23.80371
-24.630737
-24.964905
-23.390198
-23.904419
-23.777771
-23.99292
-23.428345
-22.828674
-25.028992
-25.093079
-24.942017
-24.615479
-23.927307
-24.742126
-23.80371
-23.216248
-25.065613
-23.80371
-23.51532
-24.142456
-24.717712
-23.989868
-24.653625
-23.942566
-24.467468
-24.528503
-25.154114
-23.214722
-23.242188
-23.927307
-23.965454
-23.777771
-25.344849
-24.055481
-22.590637
-23.48938
-23.529053
-24.59259
-23.48938
-23.179626
-23.179626
-23.179626
-24.655151
-23.278809
-24.243164
-24.404907
-24.180603
-23.904419
-24.467468
-24.90387
-24.655151
-24.90387
-24.55597
-22.892761
-25.027466
-23.492432
-22.116089
-23.776245
-25.131226
-24.90387
-23.364258
-23.327637
-24.719238
-24.630737
-23.904419
-23.240662
-24.969482
-24.14093
-24.656677
-24.879456
-24.467468
-24.116516
-25.657654
-24.34082
-25.320435
-24.079895
-23.680115
-24.84436
-22.766113
-23.428345
-25.028992
-24.630737
-24.029541
-23.944092
-23.594666
-23.495483
-23.61908
-24.571228
-23.179626
-23.493958
-24.142456
-22.781372
-23.368835
-24.157715
-23.155212
-22.654724
-22.392273
-23.179626
-23.155212
-23.556519
-22.331238
-21.981812
-23.493958
-23.90747
-22.65625
-22.331238
-21.89331
-22.492981
-22.43042
-22.51892
-23.057556
-22.244263
-22.843933
-22.369385
-23.530579
-22.331238
-22.782898
-23.342896
-23.179626
-23.25592
-21.855164
-21.870422
-21.955872
-21.955872
-21.955872
-23.05603
-23.057556
-22.991943
-22.454834
-22.392273
-22.24121
-23.280334
-23.556519
-22.840881
-23.744202
-23.928833
-23.11554
-22.843933
-24.055481
-23.428345
-23.052979
-22.265625
-23.57788
-22.331238
-22.265625
-22.29004
-24.632263
-23.841858
-21.891785
-22.306824
-22.743225
-22.743225
-23.320007
-23.11554
-23.928833
-23.36731
-22.904968
-23.36731
-22.930908
-23.927307
-22.43042
-21.742249
-23.490906
-22.927856
-23.254395
