21.531677
21.603394
19.63501
22.436523
21.018982
21.45996
21.188354
23.12622
22.218323
20.817566
22.367859
21.04187
22.058105
21.635437
22.373962
21.688843
21.479797
21.696472
21.18988
20.957947
20.783997
22.367859
21.257019
21.330261
22.42279
22.033691
22.128296
21.569824
21.452332
22.790527
22.206116
21.606445
21.56372
22.253418
21.185303
23.666382
22.79358
22.937012
23.01178
23.278809
22.317505
22.918701
21.736145
21.995544
23.355103
24.171448
23.294067
23.150635
23.07434
23.310852
21.418762
21.635437
22.117615
22.364807
22.364807
22.364807
24.263
23.440552
22.361755
23.480225
23.88153
22.1344
23.10791
23.294067
24.572754
21.963501
24.0448
22.842407
24.577332
22.03064
22.125244
22.773743
21.635437
24.313354
23.208618
23.442078
21.907043
22.206116
21.943665
21.5271
22.909546
22.860718
22.128296
23.316956
21.673584
22.63031
22.329712
22.12677
24.737549
23.364258
23.136902
23.747253
22.271729
23.283386
23.568726
22.98584
22.554016
24.440002
23.277283
22.543335
22.640991
25.093079
24.33014
25.471497
23.405457
25.463867
23.693848
22.8302
23.875427
24.693298
22.583008
23.118591
23.310852
23.234558
23.950195
22.67456
24.082947
23.440552
24.694824
22.764587
23.950195
23.226929
24.099731
22.184753
23.120117
24.009705
23.422241
22.766113
22.784424
22.470093
22.880554
22.10846
22.27478
22.930908
22.755432
22.640991
23.23761
22.361755
23.147583
22.857666
21.94519
23.93341
23.93341
23.93341
22.505188
23.973083
23.599243
21.940613
20.95642
21.82312
21.55304
22.276306
22.34497
23.93341
20.819092
22.253418
21.813965
22.470093
23.446655
21.842957
23.155212
22.203064
22.88208
22.628784
21.925354
23.49701
23.222351
21.968079
23.434448
22.479248
22.410583
23.15216
23.431396
21.455383
22.706604
23.11554
22.62268
23.114014
21.180725
22.026062
23.220825
22.46399
22.459412
22.624207
24.508667
23.353577
21.847534
22.393799
23.306274
22.503662
22.758484
23.612976
23.12622
22.683716
22.918701
21.148682
23.188782
21.621704
23.956299
21.591187
22.615051
24.136353
23.797607
23.939514
22.92633
23.876953
22.531128
22.920227
23.194885
22.140503
23.01178
21.917725
20.851135
23.704529
22.3526
22.639465
22.36023
22.647095
22.540283
21.411133
22.131348
21.50116
21.923828
22.457886
21.73462
20.594788
21.911621
22.14508
21.247864
22.407532
22.407532
22.407532
23.130798
23.158264
22.644043
21.118164
23.01178
22.026062
22.11914
20.64209
22.842407
23.74115
21.336365
22.935486
23.814392
23.085022
23.196411
21.897888
23.22998
22.46399
21.995544
22.132874
22.332764
22.717285
21.80481
22.50061
21.627808
22.189331
22.131348
23.144531
21.533203
21.603394
21.243286
22.019958
23.701477
21.955872
21.684265
23.083496
21.66748
21.618652
21.890259
23.051453
21.224976
21.832275
21.803284
22.677612
22.18628
22.058105
22.131348
22.033691
23.016357
22.244263
22.698975
21.961975
22.982788
23.942566
22.262573
22.790527
22.914124
22.28241
21.688843
21.902466
22.10846
22.070312
22.113037
21.406555
22.854614
22.782898
22.268677
22.070312
21.420288
21.343994
22.052002
21.961975
22.254944
22.802734
21.12732
23.510742
24.165344
23.506165
23.38562
23.5672
23.200989
23.96698
23.42987
23.652649
24.829102
24.829102
23.146057
22.90039
21.321106
23.233032
24.017334
23.805237
23.460388
23.344421
22.906494
22.763062
24.110413
22.06726
22.346497
22.37091
21.620178
22.105408
21.34552
22.731018
21.343994
24.383545
24.749756
22.21222
24.153137
23.068237
23.414612
22.718811
25.335693
24.085999
23.442078
24.090576
24.398804
24.075317
23.242188
23.526001
24.256897
23.205566
22.802734
22.467041
22.84851
22.642517
23.504639
23.973083
24.171448
24.25232
24.145508
24.214172
24.008179
24.014282
23.648071
24.014282
25.213623
24.234009
26.130676
24.343872
24.378967
23.999023
24.632263
25.456238
26.03302
24.505615
24.064636
25.14038
23.699951
25.112915
24.571228
24.19281
24.815369
24.075317
24.342346
23.934937
22.251892
22.581482
22.201538
23.771667
23.158264
24.029541
21.66748
22.33429
23.46344
20.603943
21.24176
21.484375
22.492981
21.043396
20.858765
21.559143
21.559143
21.559143
21.15326
19.569397
21.026611
21.047974
19.721985
21.348572
20.507812
20.883179
21.612549
22.084045
22.857666
24.015808
23.930359
22.468567
22.685242
23.075867
24.11499
25.36621
25.08545
25.93689
23.498535
23.953247
24.7406
23.287964
23.158264
22.410583
23.312378
21.679688
21.740723
21.847534
22.047424
21.922302
22.50824
21.308899
22.073364
22.851562
22.671509
21.94519
21.102905
21.209717
20.237732
20.877075
21.864319
22.862244
23.950195
21.980286
23.426819
21.762085
22.077942
21.585083
19.47174
20.78247
20.770264
19.911194
19.610596
19.51294
18.786621
18.730164
19.190979
19.795227
19.166565
18.08014
18.960571
18.95752
19.030762
19.86847
20.518494
18.519592
20.37201
21.56372
22.55249
21.250916
21.252441
22.494507
22.064209
19.86084
19.754028
21.14563
19.754028
20.918274
20.828247
20.904541
20.0531
21.037292
19.744873
19.744873
19.744873
18.937683
19.732666
19.462585
19.134521
16.900635
17.062378
16.29486
17.176819
15.583801
18.136597
17.123413
16.009521
15.576172
16.793823
16.82129
16.09497
16.38794
16.441345
17.48352
18.12439
16.227722
17.463684
18.051147
16.242981
17.045593
17.469788
18.74237
17.254639
15.945435
19.242859
16.751099
18.045044
19.306946
17.700195
18.209839
19.854736
19.363403
19.586182
19.804382
20.14618
19.050598
18.484497
18.16864
19.876099
19.248962
19.30542
20.822144
19.076538
17.684937
17.680359
19.750977
19.000244
17.526245
17.126465
18.287659
18.388367
18.287659
17.996216
17.610168
15.760803
16.304016
17.234802
17.07611
17.601013
16.842651
18.621826
15.878296
16.978455
17.793274
15.272522
17.834473
17.855835
18.629456
19.27948
17.210388
19.291687
17.83905
19.285583
18.467712
21.20514
20.529175
19.136047
20.748901
21.458435
21.035767
21.609497
21.609497
22.114563
21.180725
22.114563
21.987915
20.950317
22.14508
22.103882
20.126343
20.932007
22.833252
21.463013
21.722412
22.691345
22.807312
22.167969
21.090698
21.577454
20.794678
21.380615
21.690369
21.516418
21.81549
20.67871
21.633911
20.27893
19.865417
19.406128
20.614624
19.050598
19.71283
18.574524
16.151428
17.338562
17.115784
18.79425
16.740417
17.306519
19.586182
18.867493
18.145752
20.307922
18.876648
19.737244
18.774414
18.769836
19.650269
18.980408
19.532776
19.429016
18.760681
17.967224
19.987488
18.199158
19.552612
21.977234
21.243286
21.974182
20.149231
21.585083
21.531677
21.594238
21.20819
21.50116
19.94629
21.105957
20.484924
19.934082
21.237183
21.376038
20.66803
19.592285
20.378113
19.40918
19.244385
20.33844
21.253967
20.759583
19.914246
20.466614
20.76416
19.906616
19.425964
21.180725
18.714905
18.714905
18.714905
19.300842
19.95697
19.54956
20.248413
19.40918
20.378113
20.898438
21.386719
21.365356
21.105957
22.406006
21.669006
20.38269
21.27533
22.036743
20.733643
21.257019
20.666504
21.707153
21.185303
20.5719
21.092224
23.164368
23.355103
23.010254
21.380615
21.983337
22.398376
22.598267
22.688293
21.607971
21.528625
21.876526
21.522522
20.384216
21.081543
22.395325
20.207214
19.641113
19.146729
20.46051
20.072937
18.696594
17.689514
19.952393
17.982483
17.384338
17.765808
17.378235
17.481995
18.325806
17.251587
17.85431
17.314148
17.337036
16.601562
18.122864
18.276978
18.241882
17.167664
17.91687
18.61267
17.590332
17.46521
19.268799
19.212341
18.045044
18.862915
19.125366
16.496277
19.493103
19.33899
18.98346
20.19806
19.754028
20.433044
20.632935
20.428467
21.357727
21.93451
20.184326
20.4422
19.244385
22.341919
22.413635
22.413635
22.413635
21.081543
21.73767
21.38977
22.63031
21.174622
21.307373
19.47937
20.42389
23.37799
22.016907
21.310425
22.653198
23.292542
22.706604
20.744324
20.706177
20.561218
21.90094
20.231628
20.944214
21.4859
21.632385
21.032715
20.37201
21.884155
20.025635
22.270203
21.765137
22.138977
20.722961
19.77539
22.05658
20.199585
21.582031
20.855713
22.201538
22.19696
22.322083
23.61908
24.60785
24.414062
24.604797
22.332764
23.565674
24.002075
22.683716
24.906921
23.428345
22.63794
25.447083
25.535583
22.679138
24.75586
23.660278
22.84851
24.571228
23.731995
23.947144
24.339294
22.047424
24.15924
23.269653
23.41156
24.034119
23.04535
23.651123
23.57788
23.986816
22.43805
23.384094
24.240112
22.613525
22.946167
23.609924
22.441101
23.646545
21.308899
22.912598
22.03064
22.351074
22.842407
24.990845
25.413513
24.723816
25.473022
24.794006
24.794006
24.794006
25.488281
25.473022
24.034119
25.502014
26.634216
26.98059
25.32959
26.019287
25.769043
25.993347
27.711487
26.797485
26.708984
27.276611
26.275635
26.145935
26.272583
27.21405
26.309204
25.74768
26.05133
26.219177
27.13623
27.418518
27.648926
26.391602
25.790405
25.569153
25.457764
24.893188
25.4776
25.05951
23.669434
24.893188
24.102783
24.320984
24.494934
24.281311
23.825073
23.150635
22.270203
23.553467
23.513794
23.979187
24.171448
23.153687
26.142883
25.068665
24.66278
25.222778
26.525879
25.72174
25.489807
26.44043
24.630737
27.409363
27.919006
27.186584
27.964783
27.857971
29.35028
28.04718
28.250122
29.182434
29.66156
26.799011
26.51825
27.835083
27.183533
29.092407
27.755737
27.879333
27.314758
26.853943
28.19519
27.397156
29.225159
28.450012
27.748108
28.40271
25.71106
28.578186
27.82898
27.82898
25.473022
26.86615
25.730896
25.863647
25.154114
24.861145
24.423218
25.993347
22.946167
24.10736
24.75586
23.283386
23.950195
24.458313
24.456787
24.990845
24.481201
23.294067
24.484253
24.76654
25.550842
23.873901
24.087524
23.226929
25.163269
25.698853
26.773071
25.984192
25.448608
25.930786
25.357056
26.121521
25.65155
25.27771
25.288391
24.29657
24.6109
23.648071
24.603271
24.691772
23.991394
23.516846
24.565125
23.635864
25.801086
25.48523
26.300049
25.248718
25.115967
27.026367
25.793457
26.054382
25.343323
26.730347
25.836182
27.68097
27.026367
27.18811
28.102112
28.17688
27.572632
28.504944
28.718567
29.522705
29.589844
28.300476
31.077576
28.153992
30.3833
30.97992
29.685974
30.960083
30.448914
30.819702
30.415344
31.970215
31.611633
31.047058
31.988525
31.993103
32.23114
31.15387
32.0343
32.196045
31.394958
31.394958
33.148193
31.941223
33.888245
32.43866
32.57904
33.166504
33.406067
32.34253
33.00171
32.115173
33.7265
33.02307
32.565308
32.5531
33.151245
33.07495
32.974243
31.993103
31.227112
31.987
32.061768
30.989075
31.738281
31.00586
30.734253
30.566406
33.139038
31.628418
31.671143
31.954956
30.776978
30.66864
31.011963
29.975891
30.71289
30.703735
30.122375
28.883362
30.32837
29.777527
29.650879
29.524231
28.807068
30.252075
28.32489
28.591919
27.2995
29.052734
28.616333
29.060364
26.51062
28.877258
27.012634
27.619934
27.51007
27.293396
25.13733
25.906372
25.663757
25.778198
25.709534
24.942017
25.25177
23.181152
24.63379
24.685669
23.590088
23.954773
22.640991
22.483826
22.590637
22.399902
22.033691
23.30017
21.022034
22.174072
22.143555
21.669006
21.4859
20.759583
21.081543
20.297241
21.177673
20.889282
20.773315
20.773315
20.773315
19.223022
21.417236
19.335938
20.355225
20.428467
18.19458
20.350647
17.965698
20.455933
18.045044
18.736267
18.478394
17.210388
18.10913
16.937256
17.13562
16.912842
14.813232
17.367554
16.337585
16.610718
15.640259
15.457153
16.477966
15.313721
16.83197
14.808655
15.431213
15.821838
14.343262
13.575745
15.144348
14.735413
14.416504
14.13269
15.924072
15.829468
15.818787
15.391541
15.762329
15.411377
15.272522
15.756226
15.888977
16.513062
16.090393
16.732788
17.147827
17.453003
16.293335
17.478943
17.222595
17.311096
17.532349
18.466187
17.771912
19.355774
18.365479
18.22815
17.74292
16.41388
18.293762
18.32428
19.792175
19.406128
17.67273
18.60199
20.56427
18.75
18.070984
19.096375
19.242859
20.779419
17.433167
18.811035
18.634033
20.915222
19.818115
19.592285
19.535828
18.441772
18.373108
18.765259
19.078064
19.078064
19.078064
17.89093
19.578552
17.840576
18.29834
19.24591
18.852234
18.489075
20.417786
19.088745
18.382263
18.269348
19.377136
19.892883
19.610596
20.106506
19.915771
22.807312
20.54596
20.55664
20.13092
21.287537
20.169067
21.37146
20.040894
19.987488
20.466614
21.21582
19.82727
19.226074
20.872498
19.33136
20.721436
19.900513
20.289612
20.23468
19.72351
18.363953
19.683838
17.710876
17.170715
17.77649
18.850708
17.303467
17.314148
17.376709
16.098022
16.738892
16.940308
17.90924
17.037964
17.819214
17.332458
16.32843
17.10968
16.618347
16.51764
16.07666
15.991211
16.746521
18.15033
17.346191
17.514038
16.958618
16.34674
17.314148
16.952515
18.284607
19.883728
16.940308
18.347168
18.327332
20.043945
18.641663
18.63861
18.769836
18.812561
18.71643
19.075012
20.265198
20.259094
20.751953
18.80188
20.552063
18.618774
18.618774
18.713379
17.99469
16.886902
17.32788
18.077087
17.349243
15.687561
16.410828
15.748596
16.56189
14.982605
15.41748
12.93335
12.860107
13.407898
13.406372
13.9328
11.984253
11.965942
13.592529
14.248657
14.463806
12.895203
14.161682
13.371277
13.903809
13.034058
12.278748
12.236023
12.57782
12.686157
12.680054
14.044189
12.309265
12.440491
11.845398
12.666321
14.038086
13.468933
13.68866
13.317871
13.523865
14.778137
12.733459
13.586426
14.993286
14.527893
13.226318
13.372803
12.7456665
14.323425
15.309143
14.726257
14.277649
15.286255
13.288879
14.622498
12.561035
12.057495
12.289429
12.1032715
12.339783
10.900879
10.147095
9.359741
8.828735
8.570862
8.061218
8.13446
8.662415
10.1623535
9.17511
9.00116
11.569214
10.281372
11.860657
12.182617
10.762024
13.62915
10.493469
9.869385
10.960388
11.927795
9.877014
9.877014
9.877014
10.03418
10.418701
11.973572
10.484314
10.81543
10.5529785
10.173035
10.232544
12.049866
11.627197
13.156128
11.604309
11.759949
13.62915
12.812805
13.790894
12.696838
13.562012
13.35144
14.221191
14.373779
14.054871
13.330078
13.549805
12.908936
13.760376
14.344788
11.677551
10.865784
12.364197
10.357666
9.489441
10.3012085
9.257507
8.642578
8.128357
8.752441
8.056641
6.4834595
9.542847
9.890747
8.580017
7.788086
9.6206665
8.123779
9.249878
10.055542
9.284973
8.876038
8.097839
7.437134
7.395935
5.685425
7.8460693
8.891296
6.1798096
5.9692383
6.906128
7.3898315
8.010864
7.167053
6.3827515
7.2784424
7.1746826
7.307434
6.776428
7.8720093
7.710266
8.634949
9.094238
8.773804
8.267212
9.22699
8.700562
9.680176
8.001709
7.347107
7.6202393
8.94928
7.183838
6.2698364
7.197571
5.131531
4.6813965
4.6813965
4.6813965
3.022766
3.35083
3.9123535
4.01001
1.9958496
4.057312
4.1122437
2.7435303
3.7460327
3.8726807
4.954529
5.1376343
5.596924
4.722595
3.8452148
5.404663
4.533386
5.7769775
4.7973633
4.751587
4.446411
3.8085938
4.927063
6.2179565
3.4881592
5.152893
4.942322
4.2556763
4.2633057
6.134033
6.262207
8.796692
7.7148438
6.970215
7.6187134
7.183838
7.1411133
8.511353
7.475281
6.729126
8.938599
9.022522
9.529114
8.323669
6.765747
7.3898315
7.244873
7.661438
7.8720093
5.0872803
6.4987183
5.6869507
5.543518
5.4107666
4.9957275
4.673767
4.786682
5.757141
5.0094604
5.9158325
5.1605225
6.1065674
5.635071
6.512451
5.7662964
6.6345215
6.0195923
7.9299927
4.875183
4.9560547
6.765747
5.232239
6.7626953
6.690979
7.676697
6.262207
8.169556
7.234192
7.7438354
6.9854736
7.8948975
7.5027466
7.748413
8.055115
8.055115
8.055115
7.711792
8.656311
8.605957
8.677673
8.822632
10.974121
9.645081
9.735107
8.700562
10.453796
10.827637
9.959412
9.713745
9.790039
8.557129
10.083008
9.666443
9.077454
7.1609497
9.133911
8.21228
6.5719604
7.609558
7.373047
7.2250366
6.806946
7.0404053
6.9976807
7.899475
9.269714
7.293701
8.1588745
8.769226
8.901978
10.820007
8.866882
9.875488
9.501648
8.901978
8.283997
9.162903
8.2092285
8.718872
8.607483
9.346008
9.197998
9.115601
8.135986
8.432007
9.005737
8.848572
9.577942
9.596252
9.855652
6.880188
11.112976
7.2418213
9.635925
8.676147
8.195496
9.750366
9.085083
9.361267
8.557129
10.71167
9.205627
9.608459
9.944153
8.641052
8.261108
6.085205
6.729126
9.025574
6.32782
4.9942017
5.2093506
5.508423
4.6539307
3.9260864
4.7286987
5.052185
3.401184
3.5842896
6.3217163
4.9972534
4.9972534
5.1589966
3.048706
4.2510986
4.563904
5.105591
3.868103
3.036499
2.191162
4.5150757
2.7938843
2.3757935
3.491211
2.3742676
2.6916504
2.5604248
2.6367188
2.470398
1.1749268
1.3153076
2.3254395
1.095581
1.6418457
0.5844116
1.6830444
2.4795532
2.3147583
2.3605347
3.1158447
3.1982422
2.468872
3.213501
3.9901733
3.6621094
3.9154053
3.6148071
3.1448364
1.3183594
0.6881714
0.8087158
-0.3829956
0.77667236
-0.94299316
-0.5935669
-1.4541626
-1.1627197
-0.7507324
-1.020813
-3.0075073
-2.4230957
-1.8585205
-1.9943237
-1.0421753
-2.281189
-1.5533447
-1.9180298
-1.9836426
-1.0375977
-1.8081665
-1.4984131
-1.4663696
-2.8793335
-0.25482178
-2.1896362
-1.9683838
-1.8890381
-3.0014038
-2.3925781
-2.645874
-2.7557373
-4.5303345
-3.439331
-2.848816
-4.182434
-3.0090332
-3.7658691
-2.0339966
-4.1488647
-4.9087524
-2.7770996
-3.8757324
-2.9953003
-2.0706177
-1.8035889
-1.8035889
-1.8035889
-1.689148
-1.4755249
-1.2435913
-1.1917114
-1.3259888
-1.0299683
-3.3752441
-3.440857
-3.1814575
-4.333496
-4.1152954
-3.8085938
-3.8085938
-5.4000854
-5.0186157
-6.7001343
-6.5689087
-6.6375732
-6.0058594
-6.062317
-5.580139
-6.703186
-5.970764
-6.0028076
-3.9123535
-3.8955688
-3.161621
-4.4692993
-4.4692993
-4.286194
-4.10614
-4.3289185
-2.9129028
-3.515625
-4.3930054
-3.6697388
-2.0965576
-1.3076782
-2.2598267
-3.6056519
-1.7456055
-2.0523071
-2.3880005
-1.8280029
-1.6601562
-0.09613037
-1.3122559
2.1148682
1.7440796
0.92163086
2.9663086
3.5507202
5.89447
3.489685
4.966736
5.255127
7.1243286
5.897522
8.032227
7.36084
8.959961
8.735657
8.963013
9.057617
10.462952
9.336853
10.845947
10.240173
10.435486
11.585999
12.271118
10.9817505
10.952759
10.952759
11.91864
13.981628
13.809204
14.685059
13.442993
13.444519
14.49585
15.861511
13.652039
13.652039
13.652039
15.731812
14.289856
15.084839
16.571045
16.47644
16.151428
17.510986
16.56189
17.233276
16.610718
16.221619
15.95459
14.639282
16.171265
17.04712
15.158081
16.12854
15.1779175
16.033936
15.805054
15.589905
17.015076
14.898682
16.351318
15.742493
14.112854
14.294434
13.926697
14.321899
13.48877
12.287903
13.072205
12.817383
12.571716
11.77063
13.284302
11.904907
12.730408
11.381531
12.95166
12.054443
13.104248
10.624695
11.940002
11.78894
11.280823
11.74469
12.922668
10.53009
11.122131
12.414551
11.140442
11.4730835
12.944031
10.626221
11.558533
9.909058
10.369873
9.971619
9.480286
10.198975
9.077454
8.834839
8.502197
7.081604
9.103394
8.547974
5.747986
5.2749634
5.252075
3.501892
3.5003662
1.5975952
3.5690308
2.7008057
1.9866943
-0.04425049
-1.1383057
0.2456665
-0.84381104
-0.55389404
-0.4257202
-3.7887573
-1.210022
-1.210022
-2.722168
-2.4368286
-3.1646729
-2.256775
-3.4988403
-2.2262573
-3.0166626
-3.5446167
-1.7227173
-2.0324707
-3.6193848
-3.6056519
-4.3060303
-3.5751343
-5.2200317
-3.0670166
-5.57251
-5.064392
-6.1279297
-5.1467896
-5.7510376
-7.118225
-5.9539795
-7.1517944
-7.962036
-7.499695
-7.409668
-8.287048
-9.472656
-7.713318
-10.498047
-9.477234
-9.866333
-10.6918335
-11.380005
-11.81488
-11.198425
-12.161255
-13.070679
-13.20343
-12.986755
-14.772034
-14.466858
-14.399719
-15.100098
-16.125488
-16.34674
-16.075134
-16.308594
-15.670776
-17.004395
-18.17627
-18.13507
-16.894531
-15.629578
-17.536926
-15.632629
-18.501282
-16.955566
-16.45813
-16.986084
-17.648315
-15.707397
-16.18042
-16.894531
-17.060852
-15.055847
-15.890503
-16.950989
-14.61792
-16.97998
-16.435242
-15.438843
-16.764832
-17.697144
-17.068481
-15.910339
-16.343689
-16.700745
-16.049194
-15.847778
-18.034363
-16.34674
-16.32843
-16.32843
-16.32843
-16.822815
-18.183899
-16.874695
-16.34674
-17.985535
-17.68341
-17.292786
-18.351746
-16.958618
-15.362549
-16.305542
-17.689514
-16.993713
-18.30597
-15.975952
-17.643738
-16.737366
-17.62085
-15.763855
-16.189575
-16.711426
-15.188599
-15.686035
-14.382935
-13.853455
-14.958191
-14.590454
-13.74054
-13.098145
-12.843323
-15.031433
-13.587952
-14.601135
-13.972473
-14.538574
-13.401794
-14.562988
-13.970947
-14.163208
-13.093567
-15.30304
-13.829041
-13.3758545
-12.998962
-13.221741
-11.769104
-14.263916
-14.872742
-13.15155
-13.670349
-12.7960205
-13.638306
-11.894226
-12.286377
-13.53302
-12.1521
-13.552856
-10.617065
-12.149048
-11.726379
-11.21521
-11.732483
-10.9939575
-12.263489
-12.844849
-11.265564
-11.5737915
-11.520386
-12.229919
-9.69696
-11.8637085
-11.305237
-12.539673
-10.484314
-11.447144
-10.78949
-10.487366
-8.753967
-8.682251
-9.075928
-8.2092285
-9.559631
-9.770203
-9.770203
-9.170532
-8.180237
-8.9904785
-9.257507
-8.682251
-8.94165
-7.409668
-9.689331
-9.197998
-8.088684
-10.029602
-9.465027
-7.084656
-9.745789
-9.013367
-9.739685
-8.662415
-9.191895
-9.779358
-10.041809
-8.615112
-9.269714
-9.614563
-8.589172
-10.066223
-8.607483
-8.111572
-8.2977295
-8.755493
-9.394836
-8.280945
-8.467102
-8.903503
-7.5195312
-7.4249268
-8.0078125
-8.857727
-8.183289
-8.299255
-8.609009
-7.8582764
-9.133911
-9.243774
-7.7285767
-10.07843
-8.006287
-8.796692
-7.217407
-8.816528
-8.5998535
-6.4315796
-8.001709
-7.562256
-7.1228027
-7.267761
-7.4264526
-8.187866
-8.888245
-8.740234
-8.81958
-7.029724
-9.236145
-7.421875
-7.5561523
-7.2662354
-6.390381
-8.004761
-8.580017
-8.9279175
-7.9559326
-8.460999
-7.420349
-7.6797485
-7.369995
-7.4127197
-8.087158
-8.032227
-7.9345703
-8.952332
-7.952881
-6.300354
-8.154297
-9.173584
-8.157349
-8.157349
-6.715393
-8.018494
-7.7301025
-7.3760986
-8.531189
-9.089661
-8.888245
-6.9091797
-8.702087
-8.323669
-7.6416016
-8.18634
-7.78656
-9.715271
-8.276367
-8.122253
-9.083557
-8.232117
-7.6049805
-9.651184
-7.2784424
-9.05304
-7.4935913
-9.022522
-9.902954
-8.992004
-8.770752
-9.0408325
-8.570862
-6.9381714
-7.598877
-7.5820923
-9.60083
-8.148193
-7.2769165
-8.236694
-7.597351
-6.365967
-7.824707
-7.121277
-8.378601
-6.4300537
-7.727051
-6.7596436
-8.021545
-6.942749
-7.0236206
-7.8063965
-7.1365356
-6.138611
-5.973816
-6.5734863
-6.237793
-7.348633
-6.7749023
-6.35376
-7.0098877
-6.4056396
-7.0526123
-6.474304
-6.562805
-6.338501
-7.0602417
-5.302429
-5.027771
-6.4804077
-7.434082
-3.9916992
-6.0516357
-6.272888
-5.252075
-6.3323975
-5.3741455
-5.6121826
-5.1757812
-5.342102
-4.7927856
-6.376648
-6.2683105
-5.685425
-8.065796
-6.5338135
-6.729126
-6.729126
-6.729126
-6.8084717
-6.9519043
-7.749939
-7.621765
-6.3842773
-7.1273804
-7.4935913
-6.1431885
-7.0404053
-6.980896
-8.287048
-9.347534
-7.3913574
-5.995178
-7.3043823
-8.036804
-8.026123
-7.9086304
-8.72345
-8.06427
-8.796692
-8.576965
-9.527588
-9.52301
-9.2803955
-6.7489624
-7.7438354
-8.712769
-8.053589
-8.929443
-8.352661
-7.823181
-7.963562
-7.498169
-8.184814
-7.472229
-9.140015
-8.903503
-9.915161
-8.7677
-8.7387085
-9.135437
-9.906006
-9.289551
-10.125732
-10.3012085
-11.036682
-10.549927
-12.649536
-11.509705
-10.73761
-9.837341
-12.028503
-10.336304
-11.216736
-10.171509
-11.8133545
-11.375427
-13.127136
-12.0224
-13.015747
-12.591553
-14.256287
-15.145874
-12.820435
-17.048645
-14.472961
-14.506531
-15.679932
-15.9713745
-16.958618
-16.963196
-17.253113
-18.569946
-18.928528
-15.274048
-17.098999
-19.398499
-17.869568
-17.791748
-19.18335
-17.591858
-19.145203
-19.145203
-19.145203
-18.595886
-18.051147
-18.496704
-19.068909
-17.359924
-17.701721
-18.992615
-18.74237
-20.819092
-20.826721
-21.203613
-20.97168
-21.775818
-20.90149
-21.269226
-23.149109
-22.521973
-23.791504
-23.240662
-25.073242
-24.827576
-23.098755
-23.222351
-23.878479
-23.99292
-23.638916
-24.61853
-24.346924
-23.873901
-23.490906
-23.817444
-24.389648
-26.275635
-25.927734
-25.613403
-25.45166
-25.58136
-24.69635
-26.271057
-25.906372
-25.061035
-26.158142
-26.274109
-27.622986
-27.140808
-26.985168
-25.854492
-27.238464
-27.218628
-28.277588
-28.546143
-27.133179
-27.766418
-27.642822
-27.381897
-25.790405
-26.971436
-27.606201
-29.301453
-27.191162
-26.850891
-27.915955
-28.405762
-28.347778
-30.305481
-27.528381
-28.271484
-29.127502
-28.529358
-30.107117
-29.605103
-29.580688
-28.999329
-28.866577
-29.460144
-28.048706
-29.052734
-27.923584
-28.901672
-27.48108
-27.836609
-28.97644
-30.1651
-30.1651
-30.1651
-28.871155
-27.320862
-27.949524
-28.10669
-29.53949
-28.523254
-27.82135
-29.658508
-28.63617
-29.57306
-30.154419
-29.447937
-28.866577
-28.186035
-30.984497
-29.875183
-30.784607
-29.8172
-30.342102
-31.047058
-29.512024
-29.504395
-29.859924
-29.733276
-29.386902
-28.21045
-29.44336
-29.336548
-29.01001
-28.993225
-28.982544
-29.299927
-29.45404
-28.811646
-27.416992
-28.015137
-27.96936
-27.011108
-28.181458
-27.226257
-27.410889
-27.27356
-26.49231
-27.308655
-26.972961
-28.678894
-27.648926
-27.090454
-27.807617
-26.560974
-27.56958
-25.935364
-24.995422
-25.056458
-25.595093
-25.775146
-24.768066
-25.291443
-24.380493
-25.74768
-25.361633
-25.646973
-23.612976
-24.151611
-24.760437
-24.458313
-23.364258
-25.035095
-23.582458
-23.190308
-23.031616
-22.753906
-23.887634
-25.178528
-25.317383
-24.6521
-24.58496
-25.862122
-25.006104
-25.953674
-25.79956
-26.278687
-26.16272
-26.16272
-26.16272
-26.437378
-26.600647
-26.724243
-27.070618
-27.330017
-25.135803
-25.778198
-25.663757
-25.904846
-25.88501
-28.022766
-24.861145
-24.990845
-24.850464
-22.628784
-23.709106
-23.638916
-24.099731
-24.20044
-24.821472
-22.921753
-24.188232
-24.577332
-23.423767
-21.673584
-23.8266
-23.34137
-24.21112
-24.728394
-24.221802
-23.34137
-24.208069
-22.773743
-21.40503
-23.851013
-23.847961
-25.621033
-24.682617
-23.6557
-23.509216
-23.815918
-25.291443
-25.154114
-26.496887
-26.89209
-26.748657
-26.132202
-26.696777
-26.237488
-26.690674
-26.974487
-26.565552
-26.324463
-25.868225
-28.063965
-26.49231
-26.811218
-25.743103
-27.134705
-25.268555
-25.314331
-27.685547
-25.514221
-25.78125
-25.785828
-26.730347
-25.765991
-25.36316
-26.32904
-24.302673
-27.067566
-26.069641
-26.496887
-25.131226
-24.295044
-23.999023
-24.449158
-25.497437
-23.454285
-24.830627
-24.377441
-23.806763
-24.81842
-24.743652
-24.743652
-24.743652
-25.465393
-24.868774
-25.750732
-25.817871
-25.36621
-27.719116
-26.377869
-26.867676
-27.993774
-27.243042
-27.038574
-28.501892
-29.116821
-29.02832
-30.404663
-30.413818
-30.986023
-32.19452
-33.473206
-33.5968
-32.658386
-33.006287
-32.429504
-33.850098
-35.02655
-35.12268
-34.329224
-35.150146
-34.516907
-34.222412
-34.799194
-34.835815
-37.937927
-37.41455
-37.405396
-36.860657
-37.390137
-37.582397
-37.84027
-38.197327
-37.41455
-39.31122
-39.216614
-37.431335
-39.660645
-41.067505
-39.553833
-39.996338
-41.288757
-39.711
-40.18402
-40.9317
-42.5766
-41.10565
-40.888977
-41.786194
-40.631104
-41.63513
-42.401123
-40.859985
-42.41333
-42.547607
-43.458557
-41.288757
-41.89453
-42.69104
-42.50641
-43.225098
-43.69507
-41.97693
-41.046143
-42.219543
-41.6687
-42.811584
-41.174316
-42.349243
-42.105103
-40.37628
-41.3208
-41.575623
-41.575623
-41.575623
-40.78064
-39.476013
-41.233826
-40.06653
-42.356873
-40.28778
-40.45105
-38.47809
-40.93933
-41.11328
-41.12549
-39.894104
-39.73999
-39.971924
-42.048645
-41.381836
-41.194153
-41.375732
-42.018127
-39.959717
-40.013123
-39.535522
-41.064453
-40.85083
-39.923096
-39.25934
-39.624023
-39.35852
-40.42816
-38.456726
-39.48517
-38.464355
-37.095642
-37.21466
-39.045715
-38.352966
-37.893677
-36.87439
-38.68103
-38.87787
-37.49237
-37.675476
-35.85968
-37.028503
-35.310364
-35.050964
-35.41107
-34.658813
-34.240723
-33.728027
-31.973267
-35.11505
-33.216858
-33.32672
-34.568787
-34.017944
-33.740234
-33.10547
-34.596252
-33.354187
-34.379578
-33.872986
-35.112
-33.285522
-36.2442
-35.588074
-34.381104
-35.22339
-34.295654
-34.57489
-34.15985
-34.458923
-34.643555
-34.11255
-34.040833
-34.12628
-34.28955
-34.60083
-34.85565
-34.67102
-33.432007
-33.19397
-34.014893
-34.014893
-34.94873
-34.872437
-33.374023
-35.07538
-33.70056
-33.850098
-31.918335
-33.6792
-31.993103
-32.90558
-34.298706
-34.37805
-33.56476
-32.409668
-32.18689
-31.555176
-32.318115
-31.056213
-31.64215
-30.615234
-31.491089
-31.632996
-30.726624
-30.30243
-31.176758
-30.226135
-32.026672
-31.26831
-29.93164
-32.565308
-31.469727
-30.891418
-30.888367
-31.871033
-31.816101
-32.328796
-30.992126
-30.581665
-32.39746
-34.71985
-31.573486
-32.83539
-33.258057
-32.821655
-33.45642
-32.344055
-33.187866
-35.20813
-34.786987
-33.46405
-33.943176
-35.595703
-33.753967
-34.53369
-34.64203
-36.540222
-34.046936
-34.55963
-35.942078
-35.739136
-35.269165
-33.277893
-35.066223
-34.103394
-35.324097
-33.535767
-34.701538
-33.20465
-34.1568
-34.06372
-34.376526
-34.23004
-33.006287
-32.75299
-32.83539
-33.63495
-34.121704
-32.362366
-32.102966
-33.34503
-31.874084
-33.306885
-33.63037
-33.63037
-33.52356
-32.662964
-33.273315
-32.82013
-33.424377
-33.328247
-32.159424
-33.90808
-32.01294
-33.140564
-33.5495
-34.41162
-34.643555
-34.14612
-33.421326
-34.095764
-33.61969
-33.180237
-33.909607
-34.355164
-33.40149
-33.172607
-35.346985
-33.154297
-34.43756
-35.154724
-34.64966
-34.26361
-36.1084
-34.999084
-35.79712
-35.307312
-34.79309
-33.9859
-32.86743
-34.84955
-34.8114
-33.215332
-32.266235
-33.644104
-33.537292
-33.59375
-33.042908
-32.966614
-31.9458
-32.543945
-33.32367
-32.76062
-32.98645
-31.5979
-33.644104
-34.205627
-35.10437
-33.9386
-33.203125
-33.494568
-34.547424
-34.413147
-35.35919
-35.139465
-35.707092
-36.761475
-36.50818
-35.66742
-35.7193
-35.139465
-36.497498
-35.003662
-35.1593
-34.321594
-36.679077
-35.88562
-36.6745
-37.242126
-35.5484
-36.08551
-37.47711
-36.131287
-37.374878
-37.020874
-36.235046
-37.121582
-37.112427
-37.112427
-36.819458
-36.23352
-36.460876
-36.923218
-35.029602
-35.47516
-35.206604
-35.990906
-33.166504
-34.28192
-34.432983
-35.1532
-33.71582
-33.73413
-33.38623
-34.228516
-34.117126
-33.903503
-31.752014
-33.34503
-31.996155
-33.42743
-32.356262
-32.955933
-32.31201
-33.3786
-32.60498
-34.27887
-33.032227
-34.721375
-35.85205
-34.62677
-34.609985
-35.195923
-35.12268
-35.72693
-34.26361
-35.507202
-35.523987
-36.497498
-35.87036
-36.668396
-35.681152
-37.309265
-35.546875
-37.078857
-36.479187
-36.48529
-37.96997
-37.013245
-36.730957
-36.85608
-38.632202
-37.321472
-37.449646
-37.394714
-36.0672
-37.123108
-36.450195
-37.85553
-36.41205
-37.571716
-36.95221
-35.281372
-36.868286
-36.83014
-34.880066
-36.395264
-34.41925
-34.420776
-36.434937
-34.857178
-35.073853
-35.565186
-34.41162
-34.53827
-34.977722
-35.17914
-33.885193
-34.318542
-35.560608
-35.787964
-35.787964
-35.787964
-35.072327
-35.705566
-33.89435
-35.466003
-35.751343
-34.32007
-33.898926
-35.87036
-35.47058
-34.75952
-34.980774
-34.92737
-36.29303
-34.90753
-35.873413
-34.181213
-35.1593
-35.88562
-34.817505
-36.201477
-33.921814
-34.829712
-34.34601
-34.744263
-35.824585
-35.751343
-34.547424
-35.74524
-35.473633
-34.53827
-33.244324
-33.99048
-33.120728
-33.215332
-32.75757
-33.34198
-34.06067
-32.972717
-30.21698
-35.00824
-33.007812
-33.48999
-32.099915
-33.920288
-32.31659
-33.10089
-33.09326
-34.41162
-33.592224
-33.937073
-33.28247
-34.74121
-34.046936
-33.63037
-33.773804
-34.999084
-35.217285
-35.77881
-34.31244
-34.573364
-34.16443
-34.909058
-35.346985
-35.273743
-35.72693
-34.10492
-36.097717
-35.90851
-34.773254
-35.090637
-34.440613
-36.77063
-35.916138
-35.494995
-34.143066
-34.051514
-35.447693
-35.77118
-34.69391
-33.901978
-32.939148
-33.662415
-33.662415
-33.662415
-34.42993
-33.2489
-33.372498
-34.19342
-33.078003
-32.876587
-33.117676
-32.543945
-31.286621
-33.87451
-32.01599
-32.78656
-32.814026
-33.05359
-33.366394
-32.780457
-34.0271
-33.56781
-35.19745
-31.039429
-34.37805
-33.044434
-33.699036
-33.5968
-32.901
-33.03528
-33.92334
-33.76007
-33.86841
-34.513855
-33.395386
-32.9834
-34.187317
-33.970642
-34.61151
-35.368347
-33.763123
-33.86383
-35.62317
-34.643555
-32.894897
-32.640076
-33.940125
-34.661865
-34.239197
-35.232544
-34.240723
-33.40912
-33.789062
-34.432983
-35.481262
-34.62677
-33.20465
-33.66089
-33.51593
-33.807373
-33.16803
-33.241272
-33.659363
-32.86438
-33.39081
-33.89435
-32.496643
-32.71942
-32.525635
-33.906555
-32.902527
-33.451843
-32.543945
-34.129333
-34.838867
-33.668518
-32.57141
-33.085632
-33.317566
-33.576965
-33.77838
-32.79724
-33.48236
-32.737732
-33.950806
-35.601807
-35.601807
-32.80945
-35.050964
-34.47113
-34.103394
-33.190918
-32.63092
-31.843567
-32.992554
-32.954407
-33.006287
-32.35321
-33.10089
-32.881165
-33.358765
-32.86438
-32.49817
-34.29718
-33.683777
-34.2041
-33.17108
-33.57086
-34.43451
-32.37915
-34.425354
-34.501648
-33.64868
-33.758545
-31.488037
-34.420776
-33.358765
-33.81195
-33.480835
-34.246826
-33.042908
-33.520508
-33.44879
-33.48236
-33.32367
-33.1604
-33.268738
-32.902527
-34.214783
-32.281494
-34.93042
-33.01239
-35.125732
-35.047913
-33.576965
-33.399963
-33.54187
-33.013916
-33.96454
-32.351685
-32.414246
-32.315063
-34.509277
-33.395386
-33.824158
-32.937622
-32.847595
-34.18274
-33.592224
-32.380676
-33.270264
-33.581543
-34.573364
-33.491516
-32.1167
-33.355713
-33.45642
-33.151245
-33.10089
-33.906555
-32.885742
-33.75702
-31.913757
-32.44629
-32.899475
-33.09326
-32.44629
-33.387756
-33.810425
-33.810425
-33.810425
-33.103943
-33.17566
-34.26819
-32.9422
-35.220337
-34.703064
-33.598328
-33.76465
-34.86328
-33.102417
-33.5495
-34.179688
-33.096313
-33.389282
-34.506226
-33.67462
-33.15277
-34.43451
-32.887268
-33.158875
-32.878113
-33.192444
-33.70056
-34.43451
-32.79419
-34.64966
-33.006287
-32.666016
-34.355164
-33.927917
-32.891846
-34.222412
-34.924316
-33.650208
-33.110046
-33.90808
-34.49402
-33.468628
-33.850098
-34.58557
-33.551025
-33.229065
-34.924316
-32.51648
-33.172607
-34.39789
-32.937622
-33.839417
-33.615112
-32.962036
-33.244324
-33.979797
-33.810425
-33.190918
-33.09784
-34.646606
-33.233643
-34.30481
-33.6792
-33.23517
-33.050537
-33.999634
-34.365845
-33.825684
-33.631897
-34.838867
-34.61914
-33.758545
-33.1192
-32.724
-33.02002
-33.102417
-33.53882
-32.93457
-35.31189
-34.568787
-33.358765
-32.75299
-34.777832
-34.490967
-32.756042
-33.876038
-33.876038
-33.876038
-35.214233
-33.45337
-35.16388
-33.888245
-34.436035
-34.39789
-34.614563
-33.37097
-33.633423
-33.374023
-34.05609
-33.695984
-33.239746
-34.34601
-34.16748
-32.929993
-34.417725
-33.372498
-32.881165
-32.45392
-34.36737
-34.928894
-32.818604
-33.016968
-34.114075
-33.995056
-35.22339
-33.08716
-34.61914
-33.706665
-34.20868
-33.158875
-35.0235
-33.273315
-34.947205
-35.820007
-33.821106
-33.613586
-33.2489
-34.925842
-34.269714
-34.840393
-35.51483
-35.942078
-35.803223
-35.79712
-33.87909
-34.353638
-33.999634
-35.55603
-34.47876
-35.73456
-33.5907
-34.095764
-34.207153
-33.87451
-33.592224
-35.079956
-35.06775
-35.739136
-34.355164
-34.413147
-34.101868
-35.069275
-34.721375
-35.3714
-34.64203
-35.665894
-35.59265
-35.6308
-34.703064
-35.502625
-34.78546
-35.06317
-35.560608
-34.19037
-33.87909
-34.753418
-34.28192
-36.016846
-35.44922
-35.44922
-35.44922
-35.588074
-35.594177
-34.857178
-34.93347
-34.202576
-34.039307
-35.035706
-35.076904
-34.68628
-35.676575
-33.110046
-33.137512
-34.700012
-34.565735
-33.60901
-32.418823
-34.32617
-33.770752
-35.06317
-34.32617
-33.029175
-34.936523
-33.67157
-34.70764
-36.351013
-35.110474
-35.11505
-35.487366
-33.140564
-33.110046
-34.475708
-35.420227
-34.474182
-34.13391
-33.096313
-34.64203
-34.54895
-34.339905
-34.121704
-34.74579
