-27.482605
-27.052307
-27.444458
-26.672363
-27.293396
-28.06549
-27.952576
-25.93689
-26.541138
-26.597595
-27.053833
-24.687195
-27.156067
-26.27716
-28.123474
-26.25885
-27.95868
-27.784729
-28.257751
-25.785828
-27.067566
-27.053833
-27.064514
-26.786804
-27.035522
-25.534058
-26.571655
-27.928162
-26.539612
-27.934265
-27.209473
-27.815247
-26.707458
-25.970459
-27.494812
-28.204346
-27.578735
-27.529907
-27.456665
-26.501465
-26.870728
-26.724243
-27.571106
-25.646973
-27.798462
-26.359558
-25.630188
-26.339722
-26.412964
-25.724792
-26.45111
-26.27716
-27.546692
-26.290894
-26.290894
-26.290894
-26.634216
-25.886536
-25.83313
-26.53656
-26.65863
-27.133179
-25.1297
-26.290894
-26.38092
-25.76294
-26.50299
-26.797485
-27.14386
-25.076294
-25.808716
-27.838135
-26.27716
-25.852966
-27.08435
-26.345825
-25.982666
-27.209473
-25.564575
-26.719666
-26.263428
-27.044678
-26.571655
-26.794434
-26.062012
-27.886963
-26.608276
-25.6073
-26.530457
-25.708008
-27.920532
-25.682068
-25.558472
-27.264404
-26.048279
-26.443481
-26.589966
-25.709534
-26.043701
-25.265503
-26.760864
-25.086975
-25.288391
-24.0448
-26.358032
-25.78125
-25.193787
-25.167847
-25.590515
-25.117493
-26.016235
-27.114868
-25.724792
-25.086975
-25.770569
-25.88501
-26.695251
-25.886536
-25.575256
-25.854492
-25.770569
-26.824951
-26.789856
-26.351929
-27.420044
-26.820374
-26.452637
-26.312256
-26.712036
-25.796509
-27.243042
-25.714111
-26.321411
-26.461792
-27.285767
-26.760864
-25.85144
-25.83313
-25.881958
-26.586914
-25.869751
-26.335144
-26.335144
-26.335144
-25.479126
-27.087402
-24.967957
-25.106812
-25.480652
-27.235413
-27.833557
-26.626587
-26.397705
-26.335144
-27.055359
-25.970459
-25.250244
-25.796509
-27.108765
-27.127075
-27.407837
-26.751709
-27.548218
-27.4292
-28.834534
-26.63269
-26.062012
-26.525879
-24.81842
-26.409912
-27.60315
-26.644897
-27.319336
-26.33667
-28.372192
-26.657104
-26.361084
-26.351929
-25.765991
-27.270508
-25.75531
-27.279663
-26.516724
-26.66626
-27.372742
-26.681519
-27.89154
-27.508545
-27.920532
-28.030396
-28.048706
-27.563477
-27.981567
-27.868652
-26.724243
-26.541138
-29.489136
-26.538086
-26.838684
-27.619934
-28.097534
-26.371765
-27.911377
-26.74408
-28.250122
-25.89569
-25.933838
-27.182007
-27.600098
-28.20282
-27.456665
-27.307129
-25.314331
-27.17743
-26.85852
-25.796509
-28.079224
-27.322388
-27.91748
-28.187561
-26.37024
-27.648926
-28.37677
-26.05896
-27.26593
-28.96576
-26.086426
-26.00708
-28.3432
-26.84021
-26.84021
-26.84021
-25.785828
-27.8656
-27.523804
-27.876282
-27.456665
-27.270508
-24.079895
-27.42157
-26.797485
-27.471924
-28.007507
-27.224731
-27.345276
-27.331543
-28.057861
-27.415466
-27.58789
-27.279663
-28.910828
-26.675415
-27.06604
-27.398682
-26.681519
-27.572632
-27.607727
-27.114868
-26.37024
-28.381348
-27.940369
-27.052307
-27.580261
-26.049805
-26.719666
-28.160095
-28.04718
-26.87378
-27.95105
-25.775146
-28.84674
-27.648926
-27.83966
-28.100586
-26.376343
-26.64795
-26.657104
-26.495361
-27.030945
-25.534058
-28.219604
-27.401733
-27.505493
-25.964355
-25.985718
-28.167725
-27.955627
-27.27356
-27.026367
-27.848816
-26.25885
-24.91455
-25.714111
-25.827026
-26.782227
-24.160767
-25.823975
-26.40686
-25.759888
-25.827026
-26.756287
-26.271057
-25.933838
-25.964355
-26.428223
-26.300049
-26.750183
-25.964355
-25.138855
-25.19989
-26.565552
-25.743103
-25.558472
-25.865173
-24.055481
-24.949646
-23.54126
-23.54126
-25.576782
-24.279785
-24.954224
-24.7818
-25.083923
-26.428223
-26.745605
-25.509644
-25.500488
-25.549316
-25.816345
-25.064087
-26.70288
-27.359009
-27.146912
-25.915527
-26.576233
-26.730347
-26.271057
-25.92926
-25.556946
-25.473022
-26.771545
-25.19226
-24.925232
-24.441528
-25.619507
-25.108337
-26.345825
-24.958801
-25.05951
-25.828552
-26.61438
-25.093079
-25.566101
-26.626587
-26.300049
-28.042603
-28.018188
-27.218628
-28.15857
-27.087402
-26.359558
-27.607727
-28.204346
-27.314758
-25.856018
-26.924133
-26.737976
-26.924133
-26.83258
-26.802063
-27.246094
-27.223206
-27.210999
-27.946472
-26.46637
-27.519226
-26.409912
-26.914978
-26.142883
-25.891113
-26.41449
-27.989197
-25.923157
-27.218628
-27.827454
-25.828552
-27.57721
-26.64032
-25.665283
-25.71106
-26.446533
-27.304077
-27.8656
-27.374268
-25.907898
-27.371216
-27.508545
-28.601074
-27.934265
-25.764465
-27.113342
-28.915405
-28.466797
-28.901672
-28.901672
-28.901672
-28.778076
-29.248047
-28.8208
-29.678345
-29.660034
-27.339172
-30.114746
-28.869629
-28.883362
-28.575134
-29.850769
-28.042603
-28.83606
-28.347778
-28.173828
-29.421997
-28.878784
-27.549744
-29.527283
-28.736877
-29.89502
-29.492188
-30.252075
-31.291199
-31.129456
-30.561829
-32.252502
-30.241394
-31.748962
-31.15387
-31.391907
-31.333923
-32.05719
-29.850769
-32.8125
-31.333923
-31.90155
-32.650757
-32.009888
-31.414795
-31.018066
-30.657959
-31.248474
-30.613708
-29.693604
-29.780579
-30.479431
-30.056763
-31.277466
-30.981445
-31.117249
-31.091309
-31.759644
-31.584167
-33.262634
-31.767273
-32.514954
-32.0755
-33.40149
-33.457947
-34.73816
-33.15735
-33.9386
-33.47931
-33.354187
-32.673645
-32.40509
-33.47168
-31.689453
-32.67517
-33.470154
-32.06482
-32.522583
-33.38623
-30.97992
-31.806946
-32.148743
-33.52356
-32.148743
-31.408691
-31.439209
-32.077026
-33.680725
-33.66089
-30.316162
-30.316162
-30.316162
-29.664612
-31.950378
-32.548523
-32.554626
-31.503296
-30.484009
-30.429077
-31.973267
-34.231567
-33.444214
-31.991577
-30.984497
-32.704163
-32.200623
-30.407715
-30.851746
-31.163025
-31.144714
-31.463623
-31.814575
-31.776428
-30.911255
-31.939697
-30.905151
-31.454468
-31.97937
-31.10199
-29.348755
-29.678345
-29.000854
-30.33142
-30.210876
-30.967712
-30.223083
-30.360413
-30.584717
-30.595398
-31.234741
-31.365967
-30.59082
-29.730225
-30.525208
-29.304504
-30.935669
-30.223083
-29.849243
-30.371094
-31.809998
-30.433655
-32.629395
-31.384277
-31.17218
-31.35376
-31.790161
-30.592346
-32.444763
-30.592346
-30.992126
-30.253601
-28.97644
-31.347656
-31.75354
-32.01294
-31.686401
-33.309937
-32.365417
-30.36499
-31.73523
-30.957031
-29.44336
-31.607056
-31.80542
-29.8172
-31.846619
-30.13153
-31.178284
-32.369995
-30.110168
-30.430603
-30.651855
-30.618286
-28.936768
-30.9021
-29.652405
-28.773499
-31.129456
-31.129456
-30.19867
-29.029846
-29.13208
-30.342102
-29.566956
-28.96576
-30.766296
-29.47998
-29.978943
-30.78003
-33.6792
-30.130005
-31.286621
-32.1167
-32.07245
-31.611633
-31.245422
-31.248474
-31.312561
-31.871033
-30.397034
-28.666687
-30.418396
-32.09076
-31.262207
-31.90918
-31.295776
-32.781982
-32.99408
-34.355164
-32.539368
-32.82776
-33.40454
-32.76367
-32.97577
-34.00879
-34.179688
-34.498596
-32.850647
-34.362793
-32.98645
-34.376526
-32.052612
-32.118225
-34.973145
-32.54242
-33.576965
-34.516907
-35.876465
-33.44574
-34.42383
-33.554077
-34.039307
-34.309387
-34.32617
-33.547974
-33.561707
-33.398438
-32.7713
-32.78961
-34.298706
-34.37195
-34.124756
-32.904053
-34.664917
-33.953857
-33.877563
-35.284424
-34.472656
-34.65576
-35.06012
-35.10742
-35.017395
-34.20868
-34.35669
-35.37903
-35.083008
-33.6792
-34.61914
-35.847473
-35.417175
-34.45282
-34.99756
-34.991455
-34.991455
-34.991455
-35.054016
-35.194397
-33.546448
-35.2005
-35.017395
-35.10742
-37.22992
-36.4563
-35.446167
-34.664917
-35.7666
-34.47876
-35.871887
-35.72998
-35.375977
-33.66394
-36.141968
-35.01129
-34.924316
-35.760498
-33.618164
-35.333252
-34.24225
-35.25238
-35.569763
-34.576416
-34.73358
-34.239197
-33.818054
-37.05139
-35.980225
-35.290527
-35.3302
-36.77368
-35.516357
-36.306763
-36.740112
-36.69586
-36.83014
-36.076355
-36.81488
-36.024475
-37.701416
-36.505127
-37.38861
-37.475586
-37.01477
-37.649536
-36.85913
-35.653687
-36.75232
-37.156677
-37.313843
-35.046387
-36.361694
-35.12726
-36.66382
-34.9823
-34.994507
-35.29663
-35.20508
-35.68878
-35.92224
-36.523438
-35.829163
-35.38971
-35.36682
-35.04486
-35.87799
-35.36682
-33.10547
-34.9411
-36.231995
-35.168457
-33.9386
-34.42993
-33.753967
-33.666992
-33.920288
-32.151794
-32.421875
-32.998657
-34.20868
-33.799744
-33.216858
-33.216858
-33.216858
-33.042908
-33.18329
-33.143616
-33.042908
-33.776855
-31.437683
-30.511475
-33.563232
-33.610535
-31.559753
-32.200623
-31.095886
-31.140137
-31.077576
-32.03125
-31.584167
-31.988525
-30.06897
-32.50122
-32.269287
-31.071472
-31.785583
-31.933594
-31.030273
-31.040955
-31.04248
-31.373596
-32.711792
-30.75409
-31.832886
-31.939697
-32.310486
-32.617188
-32.00836
-32.75757
-31.602478
-30.839539
-29.98352
-30.575562
-31.217957
-32.455444
-30.760193
-31.968689
-30.593872
-30.601501
-33.024597
-32.751465
-32.82776
-31.304932
-31.50177
-31.471252
-31.954956
-31.933594
-31.63147
-33.174133
-31.230164
-31.860352
-34.23767
-33.08716
-33.436584
-33.148193
-33.747864
-32.733154
-33.444214
-32.80182
-33.72345
-33.84857
-34.42993
-32.28607
-31.414795
-31.286621
-30.648804
-32.066345
-33.073425
-32.743835
-33.61969
-32.80945
-32.536316
-34.30786
-32.774353
-32.765198
-32.159424
-32.377625
-32.70874
-33.581543
-32.12433
-32.12433
-32.12433
-32.710266
-32.920837
-33.444214
-32.04193
-31.723022
-31.710815
-32.969666
-32.23419
-33.283997
-31.373596
-32.183838
-31.567383
-32.71637
-32.226562
-33.470154
-33.155823
-32.707214
-34.336853
-33.000183
-33.491516
-32.118225
-33.0307
-33.95233
-31.71997
-34.29413
-33.89435
-34.54895
-33.95996
-33.792114
-33.92639
-34.344482
-35.194397
-34.275818
-34.58557
-33.77533
-33.346558
-32.06482
-33.40912
-33.25348
-33.525085
-32.440186
-33.699036
-32.948303
-31.417847
-33.241272
-33.984375
-33.459473
-33.761597
-32.57141
-31.774902
-33.48694
-32.632446
-34.08203
-34.280396
-33.753967
-31.36139
-34.202576
-33.729553
-32.65686
-32.440186
-32.8125
-34.36432
-31.188965
-31.900024
-32.304382
-32.685852
-31.959534
-32.34253
-32.966614
-32.336426
-34.358215
-33.451843
-33.891296
-32.66754
-31.814575
-32.3349
-33.413696
-31.427002
-32.832336
-32.666016
-34.265137
-35.105896
-34.233093
-34.233093
-33.581543
-35.26306
-34.4635
-35.388184
-35.266113
-34.954834
-34.947205
-35.702515
-35.3302
-34.53827
-33.303833
-33.79059
-35.91461
-35.34088
-35.035706
-35.421753
-35.691833
-35.775757
-36.454773
-34.222412
-37.48169
-37.626648
-36.68976
-36.054993
-36.2854
-34.274292
-33.869934
-36.727905
-35.22339
-36.746216
-35.04944
-34.492493
-35.81848
-33.953857
-36.242676
-34.98993
-35.905457
-36.22284
-34.37805
-37.306213
-35.499573
-35.75592
-37.449646
-33.93402
-36.83777
-35.21118
-34.431458
-35.491943
-34.973145
-34.342957
-32.048035
-32.881165
-33.673096
-32.914734
-33.003235
-33.517456
-33.683777
-32.562256
-33.27942
-33.61206
-32.995605
-33.758545
-32.16095
-33.01544
-31.669617
-32.29828
-33.169556
-31.889343
-32.58362
-31.674194
-31.793213
-31.47583
-30.932617
-32.287598
-31.808472
-32.063293
-33.14972
-33.285522
-31.956482
-32.058716
-31.930542
-32.182312
-32.302856
-31.842041
-32.258606
-32.258606
-32.751465
-31.570435
-30.166626
-32.122803
-31.311035
-31.678772
-32.16095
-30.931091
-30.870056
-32.23114
-29.815674
-31.06842
-30.607605
-31.581116
-30.975342
-30.744934
-31.49414
-32.478333
-32.476807
-31.410217
-31.590271
-31.791687
-32.359314
-31.886292
-32.180786
-31.573486
-31.643677
-31.938171
-33.04596
-31.118774
-32.730103
-32.765198
-32.447815
-32.63855
-30.915833
-32.347107
-32.38678
-32.79419
-32.780457
-32.398987
-32.44171
-31.925964
-31.24237
-31.48346
-32.678223
-34.832764
-31.89392
-31.980896
-32.276917
-32.847595
-32.720947
-32.14569
-31.330872
-32.151794
-31.730652
-32.05719
-30.984497
-31.445312
-30.657959
-31.028748
-32.070923
-31.5094
-31.10199
-32.447815
-31.408691
-30.932617
-30.072021
-30.612183
-30.178833
-31.556702
-30.961609
-31.996155
-31.809998
-29.711914
-30.104065
-30.99823
-31.672668
-32.3349
-32.191467
-33.19397
-31.15387
-31.158447
-32.34558
-32.44171
-31.053162
-31.053162
-31.053162
-31.155396
-32.42035
-32.339478
-31.903076
-31.777954
-33.277893
-34.09729
-31.163025
-32.791138
-32.258606
-31.826782
-31.503296
-33.143616
-30.453491
-32.37152
-32.304382
-31.25763
-31.182861
-30.853271
-32.518005
-32.377625
-31.626892
-31.330872
-32.011414
-32.040405
-33.27179
-33.377075
-33.328247
-31.871033
-31.948853
-31.082153
-31.533813
-33.502197
-31.82373
-33.34503
-34.13086
-34.057617
-35.031128
-34.048462
-35.40497
-34.602356
-35.7193
-34.18274
-35.362244
-36.683655
-35.398865
-36.86676
-35.559082
-34.89685
-36.39984
-36.010742
-35.739136
-35.403442
-35.99243
-36.094666
-36.068726
-35.49652
-34.648132
-35.41107
-33.53119
-33.81653
-33.607483
-32.525635
-34.387207
-33.64868
-33.454895
-33.86078
-32.09381
-33.5083
-32.711792
-33.496094
-32.83844
-34.47113
-32.4646
-31.092834
-31.459045
-32.237244
-31.983948
-33.5907
-33.302307
-33.407593
-33.636475
-32.078552
-32.688904
-32.688904
-32.688904
-32.113647
-33.851624
-32.894897
-33.45642
-33.602905
-34.295654
-35.125732
-34.388733
-34.979248
-35.620117
-34.994507
-34.222412
-35.17456
-37.405396
-34.236145
-36.48987
-34.469604
-34.550476
-35.87494
-35.858154
-36.854553
-35.74524
-35.75592
-35.88867
-35.906982
-36.566162
-37.438965
-36.520386
-36.66687
-38.16223
-35.7666
-36.68518
-36.395264
-37.490845
-36.950684
-37.21924
-35.06775
-35.90851
-35.690308
-36.888123
-37.96234
-37.252808
-37.55951
-35.925293
-37.434387
-36.683655
-37.693787
-37.730408
-38.48114
-39.227295
-38.511658
-39.283752
-38.85193
-38.389587
-38.398743
-37.257385
-39.749146
-37.278748
-38.560486
-39.927673
-38.768005
-39.682007
-38.282776
-39.657593
-39.544678
-40.020752
-40.345764
-39.157104
-37.730408
-38.89618
-38.038635
-38.5437
-38.954163
-38.4964
-39.115906
-40.3244
-39.134216
-38.453674
-39.13269
-38.064575
-38.053894
-38.339233
-37.66327
-37.63733
-37.63733
-37.71057
-36.7218
-37.74872
-38.520813
-38.42926
-38.871765
-38.24768
-37.04071
-35.832214
-37.553406
-35.92987
-38.43994
-37.373352
-37.498474
-37.11548
-36.810303
-36.78894
-37.07428
-37.33368
-38.276672
-38.11035
-37.783813
-36.92627
-38.90381
-37.38098
-38.835144
-39.631653
-38.502502
-37.547302
-39.730835
-40.252686
-39.031982
-38.023376
-41.04004
-41.96472
-39.916992
-40.359497
-40.724182
-40.908813
-39.97345
-39.431763
-40.231323
-39.105225
-39.01367
-37.71515
-39.134216
-39.75067
-38.34381
-38.752747
-37.379456
-39.256287
-39.541626
-40.242004
-37.94403
-38.885498
-36.894226
-37.524414
-37.33673
-37.608337
-37.223816
-36.064148
-36.442566
-36.61194
-38.89923
-38.139343
-37.397766
-37.327576
-37.495422
-37.3703
-37.602234
-38.027954
-37.94403
-36.116028
-39.041138
-40.382385
-39.70642
-38.632202
-38.79547
-38.923645
-39.445496
-38.935852
-37.661743
-37.701416
-36.538696
-36.538696
-36.538696
-39.08539
-39.112854
-36.1557
-37.460327
-37.405396
-36.572266
-36.901855
-38.105774
-36.08246
-35.862732
-35.308838
-34.547424
-33.169556
-34.747314
-32.263184
-34.2865
-33.73108
-32.170105
-33.56476
-32.76825
-33.891296
-32.466125
-33.213806
-33.80432
-33.45337
-32.102966
-32.167053
-31.463623
-33.006287
-33.22754
-33.580017
-35.342407
-33.80127
-35.879517
-33.78601
-32.885742
-33.14209
-32.250977
-31.188965
-30.436707
-30.474854
-30.80597
-32.901
-30.97229
-30.903625
-30.430603
-30.929565
-29.858398
-32.23419
-30.04303
-32.403564
-31.347656
-32.063293
-30.688477
-30.958557
-29.147339
-30.541992
-28.144836
-30.125427
-29.872131
-29.231262
-28.930664
-30.059814
-27.494812
-28.419495
-27.424622
-27.624512
-28.340149
-27.82898
-28.189087
-29.975891
-30.854797
-29.774475
-30.101013
-29.16565
-29.005432
-29.170227
-29.283142
-28.84674
-29.325867
-29.116821
-28.811646
-27.70691
-28.366089
-28.366089
-28.366089
-28.759766
-28.752136
-28.160095
-29.655457
-28.22876
-28.416443
-27.738953
-27.677917
-27.552795
-27.409363
-29.039001
-28.929138
-29.542542
-29.57611
-29.50592
-28.379822
-29.12445
-29.481506
-30.415344
-28.697205
-29.612732
-29.873657
-27.619934
-30.253601
-27.482605
-28.971863
-26.748657
-27.690125
-26.612854
-28.393555
-28.250122
-28.02887
-27.210999
-27.406311
-26.020813
-26.063538
-25.361633
-25.878906
-26.069641
-26.618958
-27.522278
-26.42212
-25.390625
-28.437805
-26.911926
-28.335571
-24.562073
-27.22931
-26.493835
-26.69983
-27.96936
-26.553345
-27.261353
-26.591492
-27.391052
-28.312683
-25.167847
-26.324463
-26.062012
-28.669739
-27.540588
-27.075195
-27.537537
-28.26538
-28.157043
-27.359009
-27.868652
-27.238464
-29.008484
-27.146912
-27.978516
-27.76947
-27.215576
-27.798462
-28.237915
-26.358032
-27.568054
-26.75476
-26.332092
-28.109741
-27.810669
-26.257324
-27.401733
-27.19574
-27.19574
-27.19574
-27.107239
-26.79596
-27.272034
-27.806091
-27.098083
-27.255249
-27.845764
-27.815247
-28.309631
-29.463196
-27.505493
-28.761292
-27.464294
-27.796936
-26.46637
-27.85492
-28.703308
-28.182983
-31.208801
-27.961731
-29.742432
-29.4693
-29.58374
-28.900146
-29.252625
-29.69513
-28.651428
-27.441406
-28.878784
-28.938293
-27.957153
-29.354858
-28.08075
-29.006958
-29.396057
-29.577637
-27.003479
-28.553772
-29.006958
-29.312134
-30.34668
-28.979492
-28.863525
-28.948975
-30.490112
-29.776001
-28.068542
-29.257202
-30.026245
-27.799988
-29.025269
-29.039001
-29.592896
-30.067444
-29.570007
-29.400635
-28.28064
-29.78363
-30.612183
-29.647827
-30.86853
-28.742981
-29.36554
-29.425049
-30.345154
-31.30188
-31.881714
-32.58972
-31.182861
-31.91986
-31.207275
-32.01599
-31.61621
-31.994629
-31.515503
-31.188965
-32.009888
-32.59735
-33.039856
-32.777405
-32.261658
-30.40924
-30.705261
-30.924988
-32.278442
-32.278442
-31.66504
-33.224487
-32.676697
-33.692932
-32.64923
-33.20923
-34.197998
-33.76007
-34.780884
-33.918762
-33.955383
-34.70764
-33.650208
-35.276794
-34.657288
-35.295105
-34.687805
-34.501648
-33.995056
-34.431458
-32.899475
-32.87201
-33.01544
-33.927917
-32.595825
-32.44629
-33.859253
-31.878662
-33.737183
-33.721924
-33.374023
-32.30133
-35.671997
-32.121277
-33.395386
-34.414673
-33.79364
-34.76715
-33.65631
-32.977295
-34.431458
-33.87451
-34.625244
-33.992004
-33.743286
-32.739258
-33.236694
-33.229065
-32.987976
-32.852173
-31.723022
-32.073975
-32.481384
-32.18994
-32.71637
-33.70819
-33.14209
-32.884216
-32.476807
-31.70166
-33.085632
-32.833862
-32.90863
-33.49762
-31.481934
-34.449768
-33.125305
-33.006287
-32.737732
-32.299805
-35.10132
-32.969666
-32.339478
-32.92389
-30.525208
-31.225586
-32.022095
-33.08716
-32.38678
-31.474304
-32.255554
-31.237793
-33.647156
-33.647156
-33.647156
-31.874084
-33.79364
-33.40912
-32.27234
-30.889893
-31.40564
-30.033875
-30.72052
-31.248474
-30.8609
-31.144714
-30.787659
-30.787659
-29.833984
-29.80957
-28.884888
-32.76825
-30.699158
-29.21753
-28.4729
-29.89502
-28.427124
-28.900146
-29.675293
-28.224182
-28.318787
-29.096985
-29.884338
-29.884338
-30.282593
-29.71344
-29.07257
-28.146362
-27.989197
-27.259827
-29.670715
-27.368164
-28.433228
-27.523804
-28.019714
-28.170776
-28.375244
-27.667236
-26.464844
-27.37732
-26.60675
-27.670288
-26.901245
-25.544739
-24.797058
-25.550842
-26.274109
-24.635315
-24.765015
-25.3479
-24.591064
-26.167297
-25.093079
-25.816345
-26.850891
-26.068115
-24.716187
-26.527405
-23.641968
-24.34845
-24.569702
-23.817444
-23.454285
-22.270203
-22.859192
-24.723816
-23.054504
-24.287415
-21.330261
-24.580383
-24.920654
-23.80371
-24.227905
-24.024963
-24.33014
-23.52295
-22.819519
-23.390198
-23.390198
-23.390198
-23.571777
-23.129272
-22.000122
-23.448181
-23.376465
-24.6521
-22.727966
-22.583008
-22.918701
-22.96753
-21.71936
-22.828674
-22.749329
-22.50061
-22.924805
-21.455383
-22.206116
-22.007751
-22.538757
-20.42389
-21.308899
-22.215271
-21.740723
-21.20819
-19.828796
-21.946716
-18.826294
-18.893433
-20.245361
-18.580627
-19.432068
-19.17572
-19.86847
-17.658997
-18.074036
-18.086243
-16.194153
-17.24701
-16.978455
-17.835999
-17.21344
-15.69519
-16.357422
-17.095947
-15.617371
-16.192627
-14.103699
-16.111755
-15.979004
-14.305115
-13.7283325
-13.74054
-15.057373
-14.41803
-14.212036
-14.26239
-16.487122
-14.4470215
-14.376831
-15.046692
-13.076782
-14.466858
-13.780212
-13.42926
-13.693237
-13.282776
-15.249634
-13.215637
-13.624573
-13.121033
-13.796997
-13.339233
-12.232971
-12.451172
-13.247681
-13.328552
-11.907959
-12.419128
-12.268066
-13.847351
-12.176514
-12.998962
-11.709595
-13.002014
-13.002014
-12.991333
-11.7752075
-12.219238
-11.613464
-11.410522
-10.533142
-12.93335
-12.954712
-12.812805
-12.2543335
-12.774658
-11.447144
-10.4522705
-10.772705
-10.140991
-10.197449
-12.297058
-11.416626
-10.188293
-10.015869
-10.06012
-9.797668
-9.057617
-10.115051
-8.851624
-10.076904
-10.046387
-9.317017
-9.553528
-7.749939
-8.769226
-8.7890625
-7.2875977
-9.599304
-7.2769165
-7.572937
-7.521057
-7.585144
-8.291626
-7.3669434
-6.5322876
-6.814575
-6.1523438
-4.9591064
-6.668091
-5.885315
-5.2948
-5.102539
-5.181885
-4.7698975
-4.698181
-3.9108276
-4.560852
-4.458618
-5.9783936
-3.956604
-5.215454
-4.374695
-2.9510498
-4.01001
-4.031372
-3.4835815
-4.374695
-5.343628
-4.458618
-3.8513184
-3.7521362
-4.638672
-4.019165
-3.7612915
-5.252075
-5.3253174
-3.7246704
-4.3670654
-4.5700073
-2.3254395
-3.779602
-4.534912
-2.5619507
-1.6342163
-1.6708374
-2.0843506
-4.0771484
-0.70648193
-0.70648193
-0.70648193
-3.6224365
-0.9124756
-0.58135986
0.10070801
-0.18463135
1.1886597
-0.31280518
0.0015258789
-1.020813
0.52490234
-0.39672852
-0.7003784
-1.5914917
-1.1581421
-0.8483887
-2.519226
-1.6098022
0.340271
-2.4627686
-1.7868042
0.38757324
-1.2023926
-3.100586
-1.5487671
-2.2399902
0.30059814
-1.0040283
0.6515503
-0.15716553
-0.27618408
0.022888184
-0.47149658
-1.7242432
0.2670288
0.69122314
-0.819397
-1.6098022
-0.19073486
-1.3259888
-0.2593994
0.38909912
0.9765625
-2.0858765
-0.99334717
-0.09765625
1.0940552
0.9338379
-1.3565063
0.4852295
-0.6561279
-1.0803223
-0.43945312
1.0513306
2.4520874
0.46081543
1.3748169
1.3183594
0.8590698
0.61187744
0.39215088
0.25482178
1.612854
0.07171631
2.3544312
1.6555786
-0.5264282
-0.4257202
-0.40740967
-0.9460449
-0.5706787
-0.7247925
0.2243042
-0.692749
0.18920898
-0.2822876
-0.72784424
0.95214844
0.35095215
0.93536377
-0.3173828
0.9384155
1.663208
0.2685547
0.2685547
0.41503906
-0.37994385
1.0360718
0.0793457
-2.0751953
-1.5472412
-1.4511108
-1.1322021
-1.1230469
-0.65460205
-2.2140503
-2.331543
-0.83465576
-0.692749
-1.1657715
-1.9134521
-1.9683838
-2.191162
-1.1627197
0.076293945
-0.72784424
-0.89416504
-1.3122559
-1.689148
-1.5655518
-2.255249
-2.3483276
-1.4419556
-1.234436
-1.4953613
-1.9439697
-0.7827759
-0.5203247
-0.2166748
-1.4083862
-0.9902954
-2.2384644
-1.81427
-0.9841919
-1.9500732
-2.1621704
-2.2766113
-2.0080566
-2.3239136
-2.8930664
-1.4480591
-3.8482666
-2.5131226
-2.9907227
-2.8167725
-2.9678345
-2.2109985
-2.5253296
-3.2455444
-2.9891968
-0.95062256
-1.7105103
-3.5736084
-4.2877197
-2.532959
-3.1661987
-3.5339355
-5.130005
-3.7460327
-3.2943726
-3.718567
-4.711914
-3.6743164
-2.822876
-3.6239624
-4.5562744
-5.4351807
-4.093933
-4.652405
-3.6972046
-3.970337
-3.2913208
-4.788208
-4.8706055
-4.3884277
-3.1799316
-3.691101
-3.9764404
-3.2333374
-3.2333374
-3.8284302
-2.116394
-4.875183
-2.2125244
-4.7851562
-2.6229858
-2.9129028
-5.317688
-3.413391
-3.2867432
-4.5394897
-4.4662476
-4.588318
-5.3253174
-4.496765
-3.3218384
-3.8452148
-3.0532837
-4.4265747
-3.2165527
-3.7094116
-2.6107788
-4.5944214
-5.453491
-3.9611816
-4.119873
-4.7088623
-4.901123
-4.032898
-5.7388306
-5.496216
-4.9301147
-6.2576294
-4.7592163
-4.0145874
-5.2490234
-5.9539795
-4.171753
-4.142761
-6.2545776
-6.262207
-5.9768677
-5.6396484
-5.6777954
-5.2764893
-5.635071
-4.386902
-7.6538086
-6.465149
-5.982971
-6.1325073
-6.025696
-7.545471
-7.5561523
-5.329895
-6.462097
-6.3217163
-6.9381714
-5.366516
-7.826233
-5.305481
-6.251526
-7.763672
-9.01947
-9.184265
-6.7581177
-5.644226
-8.334351
-8.451843
-7.862854
-8.543396
-7.472229
-9.451294
-8.766174
-8.470154
-8.674622
-8.750916
-9.32312
-9.286499
-9.043884
-10.542297
-10.954285
-11.479187
-11.479187
-11.479187
-10.534668
-10.583496
-11.7630005
-11.619568
-11.05957
-12.373352
-11.781311
-12.507629
-11.579895
-12.782288
-13.571167
-13.9175415
-14.041138
-12.561035
-13.705444
-12.927246
-15.216064
-13.088989
-13.8671875
-14.770508
-13.99231
-14.581299
-13.673401
-14.741516
-15.275574
-14.848328
-15.942383
-16.157532
-16.755676
-16.331482
-15.222168
-14.846802
-16.725159
-15.194702
-16.13617
-16.055298
-17.726135
-18.104553
-16.705322
-16.529846
-18.25409
-15.531921
-18.231201
-17.62085
-18.099976
-18.92395
-18.348694
-17.422485
-16.789246
-18.910217
-19.880676
-18.00232
-20.76416
-20.40863
-19.221497
-20.30487
-20.285034
-20.292664
-20.51239
-21.984863
-20.425415
-21.051025
-20.527649
-21.12732
-19.900513
-19.866943
-21.107483
-21.424866
-20.587158
-20.581055
-19.836426
-19.073486
-19.525146
-18.989563
-20.075989
-20.965576
-20.648193
-20.437622
-20.237732
-21.180725
-19.804382
-20.506287
-20.251465
-20.251465
-20.251465
-20.986938
-20.399475
-22.128296
-20.889282
-20.121765
-21.150208
-22.033691
-20.576477
-20.852661
-19.326782
-20.826721
-20.289612
-20.0943
-19.7052
-19.215393
-19.27185
-19.984436
-18.76831
-18.844604
-17.15393
-19.36493
-18.4906
-19.802856
-19.256592
-19.1391
-20.246887
-18.32428
-20.329285
-20.324707
-20.300293
-20.765686
-19.374084
-18.3609
-18.65387
-19.721985
-19.108582
-18.388367
-19.984436
-19.125366
-18.598938
-20.103455
-19.496155
-18.666077
-18.399048
-19.921875
-17.985535
-18.275452
-18.426514
-18.06488
-18.563843
-19.213867
-20.230103
-18.447876
-17.541504
-18.475342
-19.429016
-20.733643
-17.529297
-17.781067
-17.185974
-19.470215
-17.93518
-18.4021
-19.146729
-17.906189
-19.13147
-16.369629
-16.65039
-16.299438
-17.83905
-15.890503
-17.512512
-16.812134
-14.474487
-16.148376
-17.416382
-16.830444
-16.409302
-18.309021
-17.892456
-19.030762
-17.468262
-17.094421
-17.094421
-17.094421
-16.973877
-16.973877
-19.218445
-17.330933
-18.56842
-17.520142
-16.116333
-16.874695
-16.894531
-15.776062
-16.12091
-15.4800415
-14.474487
-15.576172
-13.847351
-13.12561
-13.5772705
-13.870239
-14.349365
-15.296936
-12.547302
-14.074707
-16.178894
-16.033936
-16.021729
-17.877197
-15.582275
-15.800476
-18.44635
-17.881775
-16.908264
-15.533447
-17.36908
-18.278503
-17.001343
-17.60559
-16.061401
-18.191528
-17.710876
-18.823242
-18.222046
-16.952515
-19.60144
-16.964722
-18.484497
-17.311096
-18.452454
-17.248535
-19.52362
-17.938232
-20.207214
-19.413757
-18.032837
-16.523743
-18.179321
-18.798828
-16.732788
-17.263794
-17.523193
-17.36145
-18.099976
-16.357422
-18.084717
-19.638062
-18.258667
-16.578674
-17.134094
-18.754578
-17.002869
-19.268799
-17.384338
-18.818665
-17.919922
-18.803406
-16.656494
-18.475342
-17.129517
-17.243958
-16.708374
-16.967773
-15.792847
-17.178345
-14.746094
-14.746094
-14.746094
-18.09845
-15.396118
-16.304016
-16.569519
-15.382385
-16.494751
-16.143799
-17.73529
-16.287231
-16.841125
-16.3208
-17.623901
-16.903687
-19.456482
-19.284058
-18.518066
-17.630005
-16.964722
-18.527222
-18.476868
-19.277954
-17.858887
-16.763306
-17.962646
-17.286682
-17.636108
-16.40625
-17.202759
-15.945435
-18.330383
-16.40625
-17.662048
-16.729736
-17.19513
-16.674805
-17.43927
-16.087341
-14.401245
-15.237427
-15.493774
-16.662598
-16.386414
-15.26947
-16.06903
-16.864014
-16.815186
-16.203308
-15.678406
-16.697693
-16.899109
-15.156555
-16.958618
-14.482117
-18.307495
-16.07666
-16.833496
-16.220093
-17.706299
-16.329956
-17.701721
-15.882874
-16.253662
-16.557312
-17.514038
-16.751099
-17.367554
-17.303467
-18.035889
-17.642212
-18.400574
-15.795898
-18.52417
-17.288208
-16.584778
-19.927979
-20.697021
-19.058228
-19.915771
-20.36438
-19.082642
-18.22052
-19.561768
-17.448425
-18.289185
-18.289185
-18.289185
-19.80133
-18.89038
-17.651367
-18.998718
-17.578125
-18.196106
-16.531372
-16.592407
-17.219543
-18.092346
-18.180847
-17.38739
-18.304443
-17.715454
-16.12854
-17.559814
-16.168213
-18.504333
-18.008423
-18.25409
-16.569519
-20.046997
-18.278503
-18.441772
-16.586304
-15.394592
-17.782593
-17.492676
-16.011047
-16.374207
-18.243408
-17.189026
-16.93573
-16.151428
-18.13507
-16.989136
-16.705322
-17.840576
-16.958618
-19.010925
-17.941284
-17.903137
-18.63556
-17.84668
-17.152405
-16.139221
-16.151428
-17.930603
-18.508911
-16.714478
-17.024231
-16.456604
-15.266418
-16.925049
-16.497803
-15.82489
-16.82129
-16.235352
-16.233826
-14.704895
-13.638306
-15.518188
-14.599609
-15.309143
-14.387512
-14.907837
-15.255737
-13.453674
-14.221191
-14.878845
-14.624023
-16.389465
-13.50708
-14.14032
-13.294983
-15.008545
-15.847778
-15.226746
-15.844727
-16.131592
-16.131592
-16.131592
-14.494324
-16.20636
-15.356445
-14.720154
-15.374756
-13.824463
-13.981628
-14.657593
-14.753723
-16.035461
-14.405823
-15.582275
-14.254761
-14.639282
-15.222168
-13.168335
-14.634705
-14.390564
-12.921143
-13.311768
-13.330078
-13.684082
-13.882446
-12.945557
-11.827087
-13.493347
-13.35907
-14.955139
-13.165283
-13.381958
-12.242126
-15.119934
-11.915588
-12.92572
-11.895752
-11.923218
-12.130737
-11.439514
-11.37085
-11.99646
-11.491394
-11.042786
-12.942505
-12.614441
-13.018799
-13.900757
-10.758972
-11.430359
-11.546326
-12.141418
-12.533569
-11.528015
-12.023926
-11.602783
-11.399841
-12.440491
-12.402344
-12.191772
-12.937927
-13.140869
-12.358093
-11.730957
-12.290955
-12.913513
-11.5448
-11.683655
-12.0529175
-11.564636
-11.25946
-10.177612
-12.9470825
-11.668396
-11.219788
-11.961365
-14.640808
-12.171936
-12.327576
-12.174988
-12.461853
-12.757874
-12.503052
-12.527466
-12.237549
-12.237549
-11.729431
-12.062073
-12.588501
-10.806274
-13.154602
-12.133789
-11.601257
-12.945557
-11.6744995
-11.517334
-13.09967
-12.155151
-10.919189
-11.610413
-12.504578
-11.024475
-11.885071
-12.541199
-11.512756
-13.008118
-12.989807
-13.343811
-12.585449
-13.21106
-13.246155
-14.5095825
-14.595032
-13.478088
-14.567566
-13.293457
-14.154053
-12.690735
-13.148499
-13.879395
-13.861084
-13.671875
-14.91394
-13.60321
-14.865112
-13.844299
-15.612793
-14.550781
-14.332581
-14.341736
-15.058899
-15.354919
-14.4088745
-15.2771
-15.19165
-13.53302
-16.796875
-14.486694
-14.237976
-15.005493
-15.447998
-15.104675
-14.231873
-13.891602
-14.498901
-14.535522
-13.769531
-14.439392
-14.263916
-13.792419
-13.22937
-14.369202
-14.398193
-14.31427
-13.252258
-13.98468
-13.121033
-12.870789
-13.180542
-13.299561
-14.550781
-15.42511
-13.240051
-14.5477295
-15.3289795
-15.126038
-17.445374
-15.419006
-16.18805
-16.18805
-15.592957
-13.269043
-15.507507
-14.646912
-14.030457
-15.220642
-15.550232
-16.226196
-15.9591675
-16.687012
-14.631653
-13.945007
-14.482117
-15.542603
-14.48822
-15.014648
-15.46936
-15.934753
-15.9210205
-14.385986
-15.345764
-14.198303
-13.131714
-13.938904
-15.942383
-15.258789
-13.922119
-14.660645
-13.891602
-13.5772705
-14.451599
-13.4765625
-13.970947
-11.665344
-15.885925
-13.682556
-13.569641
-12.329102
-12.22229
-13.594055
-12.997437
-13.624573
-14.0060425
-13.931274
-13.952637
-14.151001
-15.324402
-14.730835
-13.378906
-13.99231
-13.594055
-14.491272
-13.818359
-13.536072
-14.619446
-14.613342
-15.52124
-13.639832
-13.800049
-14.389038
-13.760376
-14.515686
-14.329529
-15.071106
-15.394592
-15.048218
-13.356018
-13.473511
-14.190674
-13.916016
-12.957764
-14.93988
-13.722229
-13.551331
-13.500977
-15.614319
-14.237976
-14.201355
-16.802979
-14.801025
-14.442444
-15.805054
-14.372253
-14.372253
-14.836121
-14.9002075
-13.088989
-15.635681
-14.910889
-13.3758545
-15.734863
-15.281677
-14.607239
-13.853455
-13.748169
-11.64093
-14.430237
-13.624573
-14.476013
-13.835144
-14.002991
-16.329956
-13.122559
-15.126038
-15.394592
-16.682434
-15.617371
-16.221619
-17.030334
-16.001892
-14.013672
-14.616394
-15.989685
-13.539124
-14.46991
-14.578247
-14.672852
-14.608765
-14.483643
-13.8671875
-14.660645
-14.151001
-13.650513
-13.356018
-13.916016
-12.239075
-12.322998
-14.897156
-13.806152
-14.054871
-14.161682
-12.940979
-14.907837
-16.326904
-14.347839
-14.950562
-13.546753
-13.522339
-12.69989
-12.986755
-12.091064
-12.541199
-11.810303
-11.7630005
-12.002563
-10.243225
-13.09967
-11.479187
-11.187744
-11.480713
-11.906433
-11.437988
-12.419128
-12.113953
-14.204407
-13.070679
-12.736511
-13.406372
-13.945007
-14.242554
-13.775635
-13.638306
-13.618469
-14.678955
-14.474487
-12.359619
-12.359619
-12.359619
-13.702393
-14.878845
-15.710449
-15.208435
-16.423035
-15.032959
-14.94751
-13.916016
-14.44397
-14.56604
-14.129639
-12.994385
-13.697815
-13.851929
-14.271545
-13.102722
-14.190674
-14.93988
-13.821411
-14.125061
-13.630676
-14.489746
-12.953186
-12.882996
-12.371826
-12.246704
-12.257385
-13.467407
-12.869263
-14.242554
-13.969421
-14.520264
-13.063049
-12.329102
-12.231445
-11.8133545
-10.824585
-12.863159
-13.078308
-13.941956
-12.875366
-11.758423
-12.82959
-13.276672
-13.00354
-13.259888
-14.482117
-13.945007
-13.929749
-13.841248
-13.676453
-13.647461
-14.231873
-13.63678
-14.344788
-13.5772705
-13.446045
-14.343262
-12.635803
-11.296082
-13.35144
-14.205933
-14.198303
-14.071655
-14.527893
-14.401245
-13.3255005
-15.09552
-12.631226
-14.775085
-13.693237
-14.155579
-13.569641
-13.482666
-14.51416
-14.382935
-12.243652
-12.606812
-12.915039
-14.18457
-13.459778
-14.512634
-14.512634
-14.512634
-14.205933
-13.206482
-13.807678
-13.517761
-14.576721
-11.349487
-13.825989
-12.258911
-11.592102
-11.425781
-11.578369
-10.507202
-11.791992
-11.715698
-10.852051
-11.575317
-10.60791
-10.81543
-9.8220825
-9.779358
-9.805298
-10.437012
-10.601807
-13.166809
-10.388184
-12.268066
-13.172913
-13.017273
-13.713074
-12.345886
-13.557434
-15.969849
-15.957642
-15.783691
-15.281677
-17.364502
-17.80243
-15.847778
-17.245483
-16.615295
-17.00592
-16.311646
-15.209961
-16.722107
-17.347717
-15.788269
-17.042542
-15.292358
-16.027832
-15.220642
-16.078186
-15.643311
-15.786743
-15.6311035
-15.2282715
-15.222168
-15.266418
-15.79895
-15.2771
-14.299011
-14.625549
-15.710449
-14.537048
-13.896179
-15.7699585
-13.420105
-13.194275
-13.117981
-12.258911
-12.779236
-12.963867
-13.444519
-14.610291
-13.710022
-14.247131
-13.719177
-13.581848
-12.953186
-14.350891
-14.155579
-15.270996
-13.418579
-13.418579
-14.585876
-13.900757
-13.555908
-13.792419
-13.951111
-13.560486
-13.912964
-14.442444
-14.329529
-14.653015
-14.183044
-13.920593
-14.865112
-13.850403
-14.299011
-14.231873
-15.689087
-14.315796
-15.863037
-14.503479
-14.941406
-13.442993
-12.408447
-15.274048
-14.63623
-14.303589
-14.135742
-15.885925
-12.774658
-13.850403
-14.4592285
-14.656067
-14.907837
-14.665222
-14.15863
-13.88092
-14.350891
-13.026428
-12.870789
-13.008118
-13.194275
-13.574219
-13.905334
-13.348389
-13.5849
-13.720703
-14.663696
-13.719177
-12.794495
-13.148499
-13.127136
-12.675476
-13.827515
-12.980652
-14.375305
-13.110352
-13.557434
-11.204529
-13.764954
-13.734436
-12.797546
-13.929749
-12.1032715
-12.702942
-12.956238
-14.254761
-12.367249
-13.241577
-14.3081665
-12.3550415
-14.701843
-13.920593
-13.420105
-13.441467
-13.780212
-13.83667
-13.755798
-13.652039
-11.5234375
-13.755798
-15.084839
-13.798523
-13.798523
-13.798523
-13.157654
-13.74054
-13.897705
-12.696838
-12.988281
-13.94043
-12.861633
-12.2543335
-14.959717
-13.6154175
-11.62262
-13.562012
-14.683533
-13.713074
-13.873291
-12.223816
-14.3966675
-13.442993
-12.983704
-13.175964
-14.967346
-13.645935
-14.219666
-13.442993
-13.7161255
-13.922119
-14.653015
-13.572693
-14.385986
-12.409973
-12.220764
-12.35199
-13.757324
-13.844299
-12.089539
-12.962341
-12.239075
-12.770081
-13.047791
-11.9644165
-11.317444
-13.75885
-13.757324
-13.6779785
-14.198303
-13.430786
-13.764954
-12.07428
-13.4262085
-12.80365
-13.969421
-12.886047
-13.798523
-13.951111
-14.378357
-14.379883
-12.995911
-14.163208
-14.41803
-12.690735
-13.139343
-12.687683
-12.400818
-14.6698
-13.179016
-12.963867
-12.840271
-13.475037
-13.520813
-12.828064
-12.059021
-13.6154175
-13.911438
-14.222717
-12.713623
-12.059021
-13.850403
-14.36615
-14.16626
-13.002014
-13.60321
-12.187195
-12.187195
-12.187195
-14.208984
-12.812805
-13.427734
-13.160706
-12.983704
-13.430786
-13.604736
-14.265442
-12.87384
-13.502502
-12.24823
-12.025452
-14.732361
-12.953186
-12.893677
-15.2908325
-12.876892
-13.807678
-14.204407
-12.228394
-12.095642
-12.689209
-12.094116
-12.82196
-11.503601
-13.755798
-12.225342
-12.7456665
-12.840271
-12.998962
-10.771179
-13.175964
-11.955261
-12.245178
-13.101196
-13.134766
-12.626648
-13.731384
-13.206482
-13.452148
-13.591003
-12.658691
-12.625122
-11.236572
-13.381958
-10.83374
-11.882019
-11.427307
-12.687683
-11.975098
-12.028503
-12.341309
-11.125183
-12.309265
-12.141418
-12.6449585
-10.667419
-12.176514
-11.508179
-12.237549
-11.122131
-10.377502
-11.24115
-11.203003
-11.495972
-12.576294
-12.591553
-12.112427
-11.987305
-11.795044
-11.0824585
-11.956787
-12.640381
-12.271118
-11.212158
-11.576843
-11.882019
-11.8637085
-11.961365
-11.309814
-11.938477
-11.938477
-11.938477
-12.750244
-11.529541
-13.070679
-12.585449
-12.905884
-12.748718
-13.690186
-12.634277
-14.440918
-13.0859375
-12.089539
-14.186096
-11.845398
-12.82196
-14.494324
-11.911011
-13.812256
-15.109253
-12.271118
-13.812256
-14.149475
-11.46698
-12.986755
-14.242554
-13.612366
-13.510132
-12.747192
-11.087036
-13.423157
-12.089539
-12.792969
-13.66272
-13.098145
-12.016296
-14.683533
-12.591553
-13.323975
-14.175415
-14.306641
-13.391113
