-1.0315552
-1.1404877
-1.2877197
-1.7641754
-1.466095
-0.90226746
-0.5970001
-0.8076935
-0.85676575
-0.62931824
-0.12654114
0.41934204
0.41455078
0.1272583
0.5833435
1.3913879
1.9540253
2.0569763
2.0258484
2.0964813
1.6715088
0.71502686
0.11528015
-0.34440613
-0.048736572
0.44088745
0.7162323
0.90057373
1.126831
0.93888855
0.9927521
1.4332886
1.8031921
1.7648773
1.7337646
1.652359
1.509903
1.4859619
1.5937042
1.4332886
1.2166138
0.77249146
-0.06430054
-0.8256531
-1.1345062
-0.9058533
-0.22351074
0.46243286
0.6288452
0.2589264
0.029083252
0.14161682
0.3259735
0.30801392
0.14161682
-0.15527344
-0.55270386
-0.8136749
-0.52996826
-0.1816101
-0.12174988
0.07217407
0.5677948
0.92930603
1.0358582
1.2285767
1.9719849
2.5801086
2.356247
1.7636871
1.4835663
1.9384613
2.4412384
2.5561676
2.467575
2.3323212
1.9181061
1.375824
1.0597839
1.0334625
1.0968933
1.2034454
1.3219604
1.2836456
1.2190094
1.1819
1.1160583
0.9652252
0.7892456
0.6384125
0.57377625
0.68989563
0.90896606
0.75453186
0.5019531
0.3882141
0.06260681
-0.39230347
-0.8902893
-1.1345062
-1.1752014
-0.98965454
-0.35758972
0.22779846
0.27330017
0.03387451
-0.16125488
-0.27737427
-0.27018738
-0.23069763
-0.34561157
-0.4964447
-0.5910187
-0.5622864
-0.50123596
-0.42581177
-0.44737244
-0.49165344
-0.47010803
-0.34202576
0.030273438
0.40856934
0.5258789
0.76290894
1.3315277
1.8403015
1.6870728
1.1507721
0.85150146
0.87423706
0.82995605
0.70783997
0.56539917
0.47201538
0.6815033
0.9544525
0.88742065
0.34991455
-0.33483887
-0.25224304
0.5977173
1.4284973
1.1076813
0.5725708
0.68989563
1.0035248
0.99993896
0.6156616
0.18231201
-0.12774658
-0.35159302
-0.39707947
-0.37075806
-0.43658447
-0.12174988
-0.13731384
-0.9573364
-1.4756775
-1.5929871
-1.4445496
-1.0363464
-0.73347473
-0.8507843
-0.96092224
-0.8424072
-0.59820557
-0.32765198
-0.13491821
0.024291992
0.039855957
-0.23667908
-0.53834534
-0.6484833
-0.59580994
-0.5359497
-0.63171387
-0.7562256
-0.6185608
-0.47129822
-0.25582886
-0.023590088
0.69348145
1.5877075
1.0550079
0.1452179
0.13563538
0.6707306
1.4584198
2.2449188
2.4831543
2.3347015
1.7170105
0.70306396
0.12605286
0.048233032
-0.0032348633
-0.08943176
0.03387451
0.5043335
0.9568329
1.2872467
1.2345734
0.9532471
0.7102356
0.63243103
0.7700958
0.9532471
0.99035645
0.71383667
0.3331604
0.51631165
0.5797577
-0.28575134
-1.2206879
-1.5714417
-1.4529266
-0.7095337
0.047042847
0.17034912
0.1715393
0.36547852
0.5498352
0.6707306
0.57855225
0.4205475
0.37504578
0.23738098
0.20266724
0.03147888
-0.11576843
0.14759827
0.4636383
0.5941162
0.6803131
0.6419983
0.41575623
0.49595642
0.74375916
1.5996857
2.6627045
2.4328766
1.5637665
1.1148682
1.2537231
1.8965759
2.4963226
2.2616882
1.3650513
0.5761566
0.13682556
0.14880371
0.36427307
0.46722412
0.52948
0.54504395
0.5115204
0.48876953
0.51272583
0.34991455
0.13922119
-0.27018738
-0.8435974
-0.9513397
-0.28935242
0.5606079
0.65756226
-0.272583
-1.8826904
-1.6743927
-1.232666
-2.1616058
-2.9217682
-2.5051727
-1.7641754
-0.92500305
-0.6305237
-0.70474243
-0.9992218
-1.2446289
-1.2051239
-0.8723297
-0.7322693
-0.7418518
-0.7011566
-0.738266
-0.48208618
-0.3982849
-0.7143097
-1.0064087
-0.956131
-0.525177
-0.0798645
0.07098389
0.07337952
0.74375916
1.715805
1.9815521
1.7409515
1.6032715
1.6978455
2.0665588
2.5908813
2.7129822
2.2772522
1.4979248
0.78326416
0.34751892
0.25054932
0.4420929
0.72340393
0.8562927
0.7964325
0.5617981
0.37625122
0.34153748
0.16555786
-0.22351074
-0.3982849
0.011123657
0.51989746
0.6779175
0.7186279
0.5426483
-0.15167236
-0.9764862
-1.411026
-1.4828491
-1.114151
-0.19117737
0.6635437
1.3099823
1.4093475
1.0035248
0.6120758
0.43849182
0.32836914
0.049438477
-0.49765015
-1.2398529
-1.7869263
-1.852768
-1.3392029
-0.60058594
-0.07626343
0.3594818
0.46961975
0.2290039
0.12365723
0.6910858
1.305191
1.2106323
0.9532471
1.0621796
1.4715881
2.0342255
2.155136
1.7924194
1.1747131
0.48997498
0.06021118
-0.03794861
-0.03315735
0.06738281
0.26371765
0.43011475
0.42771912
0.5079193
0.69467163
0.70066833
0.51750183
0.355896
0.31878662
0.6838989
1.0538025
1.0933075
0.71144104
0.19668579
-0.38990784
-0.7406616
-0.8603668
-0.9058533
-0.53234863
0.19548035
0.77130127
0.95803833
0.94247437
0.9305115
0.8443146
0.70425415
0.63601685
0.67552185
0.4121704
-0.10499573
-0.38990784
-0.57785034
-0.56947327
-0.272583
0.054214478
0.28167725
0.18470764
-0.188797
-0.08584595
0.6563721
1.3171692
1.1938782
0.60728455
0.6216583
1.063385
1.2154083
1.4069519
1.9827576
1.5901031
-0.42103577
-2.1017609
-1.3332214
