1.6947327
1.4158173
1.68396
1.6983337
1.4253845
1.1057587
0.9046478
0.6951599
0.59339905
0.67959595
0.89627075
0.9896393
0.6580353
0.237854
-0.104522705
-0.05543518
0.40664673
0.7214813
0.5514984
-0.092544556
-0.5055542
-0.30203247
0.34799194
0.95732117
1.395462
1.5594635
1.8240204
2.0502777
1.5834045
0.9130249
0.7550049
0.9824524
1.1727905
1.0877991
0.8124695
0.5730438
0.5778351
0.85317993
1.1069641
1.2182922
1.2206879
0.97766113
0.3455963
-0.18951416
-0.061416626
0.8112793
1.5438995
1.4600983
0.69155884
0.2163086
0.32525635
0.7107086
1.1763916
1.6660004
1.9293671
1.8778839
1.6121368
1.4744568
1.4074249
1.3894806
1.4852448
1.4732666
1.3703156
1.3691254
1.4589081
1.4888306
1.387085
1.1356812
0.743042
0.07505798
-0.35591125
-0.17036438
0.45933533
1.019577
1.1883545
1.0925903
1.0231628
1.0063934
1.0686493
1.2709656
1.7330322
2.055069
2.0802002
2.0466766
2.110138
1.9856262
1.8443756
1.7797241
1.8491669
1.980835
2.1424408
2.264557
2.3076477
2.3938446
2.173584
1.6025543
1.2039185
0.8040924
0.4724884
0.48686218
0.86154175
1.2111053
1.281723
1.0854034
0.98605347
0.9525299
0.80888367
0.78852844
1.1261139
1.5079803
1.7773285
1.9042206
1.901825
1.8707123
1.8838806
1.9497223
2.0694275
1.960495
1.7198639
1.6300812
1.7689514
1.9772491
2.0658417
2.2825165
2.3974304
1.7485962
0.6017761
-0.39660645
-0.76890564
-0.17274475
0.60058594
0.70832825
0.3013153
0.27018738
0.5311432
1.0471039
1.4026337
1.5953674
1.5079803
1.470871
1.7665558
1.9173889
1.5295258
1.1596222
1.2841187
1.6097412
1.865921
1.9580994
1.9676666
2.0825958
2.1496277
2.1173096
2.1041412
2.2609558
2.305252
1.881485
0.86872864
0.017578125
-0.0075531006
0.48924255
0.8136749
0.73106384
0.5395355
0.48446655
0.6628418
0.9333801
1.2194824
1.4421387
1.4385529
1.3104553
1.2422333
1.2494049
1.332016
1.5881958
1.7342377
1.5714264
1.387085
1.3858795
1.4086304
1.4804535
1.3906708
1.2948914
0.9393616
0.002029419
-1.3698578
-2.2868347
-1.6463776
-0.25775146
0.67840576
0.9166107
0.7454376
0.45573425
0.17680359
0.13490295
0.3360138
0.72029114
1.0566864
1.221878
1.4205933
1.7174835
1.8695068
1.68396
1.3798981
1.352356
1.6672058
2.1640015
2.5135498
2.59375
2.2753296
1.8874664
1.5965729
1.4636841
1.1500549
0.27737427
-0.3008423
0.008010864
0.4030609
0.24624634
-0.025497437
-0.17993164
-0.04824829
0.490448
0.9932251
1.1799774
1.1752014
1.2087097
1.2984924
1.4074249
1.4170074
1.4636841
1.6181183
1.8742981
1.9425354
1.7785339
1.6971283
1.7090912
1.52594
1.4134064
1.4002533
1.3942566
0.89627075
-0.25175476
-1.3506927
-1.3842163
-0.44329834
0.49523926
0.8986664
0.56108093
-0.017120361
-0.28886414
0.17202759
0.88668823
1.4229889
1.7486115
1.8982391
1.9329529
1.8838806
1.8096619
1.7904968
1.8467712
1.818039
1.802475
1.92099
2.0251312
2.17836
2.2322388
2.0287323
2.4129944
1.7881012
1.3583527
0.8052826
0.83880615
1.3751068
1.7210693
1.3451843
0.66282654
0.04032898
-0.2469635
0.07984924
0.8136749
1.5546722
1.9066162
1.8084564
1.6492462
1.7641602
1.9712677
2.011963
1.6157227
1.1500549
1.3140564
1.8695068
2.1927338
1.6755829
1.094986
0.8591614
0.8747101
0.61135864
0.087020874
-0.34872437
-0.05064392
0.71551514
1.221878
1.2937012
1.1093445
0.98365784
0.8878937
0.90704346
1.2326508
1.7162781
2.037094
2.0454865
1.7749329
1.4648895
1.411026
1.4780579
1.5834045
1.58461
1.4301758
1.3392029
1.6480408
2.092163
1.9497223
1.5355225
1.142868
0.68318176
0.01638794
-0.3223877
-0.50315857
-0.52949524
-0.2361908
0.07266235
0.28694153
0.6424866
1.0423126
1.5630493
2.075409
2.1580048
1.7521973
1.2266693
0.8148651
0.61135864
0.61494446
0.7502289
0.8807068
0.96569824
0.9525299
0.6341095
0.37672424
0.14927673
0.12773132
0.16004944
-0.078186035
-0.2601471
0.18399048
0.8005066
1.1775818
1.2075195
1.0626678
1.0111847
1.1560364
1.4469299
1.826416
2.1436462
2.2142792
2.0969543
1.9114075
1.7330475
1.6947327
1.7689514
1.8551483
1.8922577
2.0263367
2.1987152
2.4620667
2.6380463
2.533905
2.2202606
1.7917023
1.2494049
0.6257324
0.5443268
0.9202118
1.2039185
1.213501
1.1093597
0.9668884
1.0997772
1.5905914
2.1089325
2.2837067
2.2250519
2.1508331
2.0275269
1.7306366
1.6408539
1.9533081
2.1879425
2.052658
1.9090118
2.032318
2.2597656
2.4165802
2.1879425
1.7162781
1.5798035
1.3667297
0.9118347
0.7681732
1.0710449
1.5858002
2.0263214
2.233429
2.1137085
2.1640015
1.6696014
