8.640198
7.905182
8.17572
9.016083
9.836105
9.9713745
10.769836
11.504852
11.656891
10.835678
9.63739
9.168121
9.702026
11.036789
11.591049
10.730331
9.262695
8.503738
9.643372
11.292984
11.43782
10.100662
8.423523
6.815811
6.747589
7.5316772
8.276276
8.727585
8.783844
8.819763
9.119034
9.481766
10.31015
10.603455
9.916306
9.406342
9.427887
9.650558
9.552383
9.360855
9.105881
9.374023
10.651321
11.191223
10.447815
8.972992
8.3517
9.250717
10.647736
11.196014
10.475357
9.140579
8.020096
7.450287
7.447891
7.748352
8.186493
8.741959
9.133408
9.4207
9.943848
10.434662
10.324524
9.93306
10.210785
10.894333
11.000885
10.681259
10.713577
11.531204
11.828079
10.772232
8.934692
7.5209045
7.2204437
8.030869
9.357269
10.0108795
9.565552
8.4965515
7.711258
7.6705475
8.0177
8.387604
8.76709
8.920319
9.044815
9.247131
9.481766
9.5954895
9.389587
9.232758
9.528442
9.858856
9.840897
9.540421
9.660126
10.675278
11.368393
10.796173
9.536835
8.744354
8.950241
9.948624
10.781815
10.944611
10.341278
9.323746
8.550415
7.913559
7.5173187
7.4215546
7.7567444
8.403168
8.929901
9.08313
9.001724
9.309387
10.007294
10.575912
10.617813
10.522049
10.511261
10.44902
10.245514
11.166077
12.642105
13.27179
11.662888
9.393173
8.061996
8.215225
9.187271
10.17009
10.695618
10.059967
8.862869
7.293457
6.936722
7.6142883
8.769485
9.466202
8.633026
8.185303
8.443878
8.582733
8.603088
8.343323
7.9542694
7.882431
8.158966
9.168121
10.136581
9.791809
8.603088
9.068756
12.057922
14.268967
13.317276
10.756668
9.351273
9.3979645
9.868423
9.7738495
9.146576
8.407959
8.103897
8.458237
9.029251
9.369232
9.358459
8.8880005
8.424728
8.287064
8.436691
8.623444
8.661743
8.818573
9.426697
10.069534
10.689636
11.198395
11.963348
13.444168
14.948914
14.710693
12.764206
10.088684
8.19368
8.093124
9.210022
9.994125
9.986938
8.940674
7.489792
6.6278687
6.423172
6.8912354
7.4431
7.795044
7.901581
7.991379
8.386414
9.115448
9.500916
9.162125
8.700058
8.885605
10.286209
11.715546
11.144531
10.182068
11.31691
13.19278
12.757034
10.74231
9.664917
10.063553
10.767456
10.74231
9.676895
8.190079
7.10672
6.700897
6.9379272
7.371277
7.9710236
8.223618
8.180511
8.346909
8.58992
8.68808
8.68689
8.652176
8.755127
9.429092
10.614227
11.5407715
11.616196
11.641327
12.70076
14.016373
13.882309
12.110596
9.97496
8.180511
7.5903473
8.819763
10.598663
11.075104
9.889969
7.9674225
6.787094
6.5644226
6.763138
7.1366425
7.6118927
7.984192
8.279861
8.989761
9.7966
10.009674
9.777451
10.255096
11.385147
12.138123
9.968979
7.83934
10.721954
12.656479
10.796173
7.640625
6.6901245
8.57077
11.0308075
12.508041
12.072296
10.044388
7.9710236
6.655411
6.371689
6.7021027
7.410782
7.664566
7.6705475
7.7651215
8.17453
8.903564
9.907928
10.039612
9.644562
9.765472
10.70639
11.5204315
11.574295
11.290588
12.024399
13.283752
13.022781
11.146927
8.932297
7.54245
7.483795
8.416336
9.466202
9.666122
8.655762
7.091156
6.303467
6.3860626
7.312622
8.321777
8.751526
9.071152
9.368042
9.625412
10.086304
10.567535
11.014053
11.349243
10.945816
10.162918
9.846878
10.514862
11.55394
11.35643
10.24791
9.551193
10.0264435
10.924271
11.425858
10.883575
9.426697
7.77948
6.6661835
6.2603607
6.641037
7.455063
8.303818
8.788635
8.929901
9.202835
9.662521
9.99173
10.119812
10.30777
10.662094
11.207977
11.588669
11.8771515
12.3871155
12.5056305
11.593445
10.312546
9.233963
8.738358
8.860474
9.213608
9.237549
8.606674
7.684906
7.013336
6.9546814
7.3533173
7.905182
8.49176
9.030457
9.825333
10.392761
10.417892
9.978561
9.685272
10.073135
10.780609
10.480148
9.466202
9.152557
10.3628235
11.694
11.439026
9.934265
8.861664
8.795822
9.621826
10.501694
10.287415
9.040039
7.6909027
7.0671997
7.1809387
7.5197144
7.743576
8.059616
8.179321
8.120651
8.439087
8.896378
9.327332
9.878006
10.031235
10.298187
10.78421
10.860825
10.879974
10.929047
11.95018
12.707947
12.18721
10.411911
8.84729
8.990952
9.063965
6.328598
7.297043
10.047989
