31.332397
32.244873
31.996155
30.895996
31.14624
29.736328
30.923462
32.687378
31.462097
30.549622
31.523132
30.796814
32.214355
29.862976
30.027771
31.628418
30.33905
28.929138
30.06897
28.219604
30.433655
29.98352
31.5094
30.696106
29.507446
32.04651
30.433655
30.3833
30.111694
28.660583
27.975464
29.32434
26.68457
27.024841
26.934814
27.346802
27.346802
27.93274
27.432251
27.157593
26.808167
26.872253
28.405762
28.305054
28.492737
28.213501
28.23944
28.326416
27.464294
26.826477
27.09961
27.464294
26.223755
26.498413
26.84784
26.799011
25.76294
26.84784
25.827026
26.016235
26.600647
24.536133
25.439453
24.47052
24.212646
25.05951
24.275208
24.43695
24.43695
26.126099
26.301575
25.888062
25.436401
24.687195
25.91095
25.500488
25.500488
25.500488
26.100159
25.849915
24.913025
25.912476
25.761414
25.074768
25.698853
26.664734
26.126099
26.164246
27.400208
26.473999
27.400208
27.011108
26.408386
26.408386
26.470947
27.383423
27.444458
26.19629
25.24414
26.945496
25.430298
25.405884
23.641968
23.20404
21.954346
22.2641
21.504211
21.377563
20.71228
19.40155
20.536804
19.650269
20.561218
20.08667
20.021057
18.586731
20.046997
19.337463
17.697144
18.148804
17.196655
18.92395
17.134094
18.196106
16.3208
16.882324
15.757751
16.171265
15.882874
16.130066
15.629578
15.092468
14.491272
14.678955
13.17749
12.637329
12.602234
14.305115
13.050842
12.890625
11.740112
10.888672
11.326599
10.350037
9.997559
9.559631
9.886169
9.973145
7.746887
8.522034
6.4208984
6.994629
6.956482
6.956482
6.956482
4.1549683
4.2175293
2.34375
2.34375
1.7425537
-0.07019043
-1.1306763
-0.63323975
-2.4551392
-3.1814575
-3.2424927
-3.3065796
-4.6432495
-6.5689087
-6.5948486
-6.845093
-7.4691772
-8.569336
-8.569336
-8.984375
-9.6710205
-9.4192505
-9.95636
-10.557556
-10.418701
-10.708618
-9.317017
-11.29303
-10.542297
-10.7925415
-11.204529
-11.642456
-12.519836
-11.29303
-13.581848
-13.517761
-12.831116
-14.909363
-14.346313
-15.533447
-14.634705
-14.0563965
-14.595032
-14.932251
-15.8203125
-16.409302
-14.530945
-17.132568
-16.569519
-17.03186
-18.258667
-17.630005
-16.447449
-17.219543
-18.257141
-18.797302
-19.485474
-19.334412
-19.073486
-18.859863
-19.296265
-19.795227
-21.73462
-23.02246
-23.086548
-23.822021
-22.659302
-23.184204
-24.259949
-24.931335
-24.995422
-26.84784
-26.420593
-26.158142
-26.672363
-26.908875
-26.908875
-25.40741
-25.621033
-26.220703
-26.119995
-26.074219
-26.80664
-26.8219
-25.256348
-25.019836
-24.783325
-25.509644
-23.269653
-24.821472
-23.432922
-25.723267
-24.510193
-25.31128
-22.810364
-23.246765
-23.55957
-24.92218
-22.808838
-22.39685
-23.435974
-22.660828
-23.886108
-23.348999
-21.14563
-20.957947
-21.595764
-21.272278
-21.795654
-22.33429
-22.183228
-20.870972
-20.497131
-22.033691
-20.996094
-22.621155
-21.23108
-20.89386
-22.055054
-21.06781
-22.958374
-24.882507
-22.93396
-23.49701
-24.369812
-24.559021
-25.683594
-24.758911
-23.895264
-23.846436
-24.559021
-24.720764
-26.672363
-24.783325
-24.720764
-25.621033
-25.135803
-24.861145
-24.761963
-25.012207
-24.824524
-24.786377
-23.937988
-23.684692
-23.562622
-23.350525
-23.564148
-22.724915
-22.961426
-23.626709
-22.898865
-22.662354
-22.662354
-22.662354
-21.598816
-20.91217
-21.148682
-20.336914
-20.08667
-20.399475
-19.960022
-20.149231
-19.146729
-19.172668
-19.273376
-21.276855
-20.439148
-19.5755
-21.061707
-20.336914
-19.084167
-20.999146
-21.148682
-22.662354
-21.45996
-22.148132
-20.959473
-22.247314
-23.460388
-22.834778
-21.894836
-21.24176
-22.479248
-21.354675
-20.207214
-20.729065
-21.517944
-21.520996
-21.420288
-22.247314
-19.979858
-21.330261
-20.106506
-20.108032
-20.043945
-19.281006
-19.233704
-18.417358
-20.1828
-20.20874
-19.882202
-19.19403
-19.258118
-18.59436
-19.081116
-18.630981
-18.292236
-17.0578
-18.482971
-18.844604
-17.85736
-18.61267
-17.47284
-17.8833
-19.358826
-18.07251
-17.700195
-18.460083
-18.63556
-19.673157
-19.448853
-19.836426
-19.325256
-18.595886
-19.610596
-19.836426
-20.93811
-19.734192
-21.873474
-21.873474
-21.873474
-22.148132
-21.777344
-21.958923
-20.960999
-22.587585
-22.111511
-20.94574
-20.645142
-22.434998
-19.984436
-20.858765
-21.458435
-21.524048
-20.23468
-18.98346
-19.670105
-18.382263
-19.07196
-18.507385
-17.907715
-19.544983
-18.359375
-16.842651
-17.468262
-16.9693
-16.217041
-16.218567
-14.517212
-13.227844
