-28.492737
-28.947449
-27.108765
-27.252197
-27.502441
-26.524353
-26.953125
-25.42572
-25.442505
-24.986267
-26.298523
-26.835632
-24.617004
-25.07019
-23.170471
-23.539734
-24.284363
-23.306274
-21.139526
-22.090149
-20.072937
-20.561218
-20.223999
-20.187378
-21.350098
-18.719482
-20.080566
-19.07959
-19.0979
-18.56842
-17.07306
-17.189026
-19.404602
-18.632507
-19.66095
-19.607544
-19.607544
-20.690918
-20.1828
-20.21637
-19.540405
-18.80951
-21.496582
-21.083069
-20.48645
-22.122192
-23.408508
-22.393799
-22.93396
-24.017334
-23.989868
-22.927856
-24.684143
-24.6521
-25.32196
-24.319458
-23.725891
-25.32196
-22.998047
-22.389221
-23.475647
-25.32959
-22.763062
-26.071167
-24.362183
-25.561523
-23.62976
-24.908447
-24.909973
-22.67456
-23.797607
-23.860168
-24.35608
-23.587036
-25.158691
-23.620605
-23.620605
-23.620605
-22.969055
-24.295044
-22.54486
-23.568726
-23.738098
-23.823547
-24.467468
-22.744751
-22.676086
-22.239685
-23.664856
-23.356628
-23.669434
-23.439026
-25.675964
-24.101257
-24.951172
-25.413513
-26.26648
-24.986267
-26.550293
-25.752258
-27.54364
-27.830505
-27.7771
-28.115845
-28.424072
-29.541016
-28.912354
-28.79181
-30.177307
-29.623413
-30.639648
-29.881287
-30.348206
-31.1203
-31.863403
-31.176758
-31.568909
-30.355835
-32.01599
-31.518555
-31.507874
-31.993103
-32.23114
-32.528687
-32.200623
-33.561707
-32.41272
-32.359314
-32.543945
-34.391785
-33.883667
-33.80432
-34.461975
-33.862305
-35.502625
-35.43701
-35.85663
-35.055542
-35.380554
-34.098816
-36.401367
-35.224915
-34.87854
-35.1593
-37.652588
-37.99591
-37.373352
-36.366272
-36.943054
-37.41455
-38.119507
-37.76703
-38.201904
-38.201904
-38.201904
-39.146423
-38.420105
-38.08136
-38.08136
-38.735962
-39.260864
-37.37793
-37.895203
-36.968994
-37.5
-36.636353
-37.368774
-37.10785
-37.361145
-36.073303
-37.397766
-36.758423
-36.895752
-35.321045
-36.96747
-37.054443
-35.71472
-35.646057
-36.294556
-34.698486
-36.465454
-34.542847
-35.37903
-34.561157
-35.88257
-34.358215
-34.706116
-35.403442
-35.380554
-35.10742
-34.36737
-34.288025
-36.288452
-36.076355
-35.653687
-36.25641
-34.30481
-35.813904
-34.99298
-34.25598
-34.761047
-35.081482
-35.276794
-35.061646
-34.11255
-34.14154
-33.177185
-35.2005
-34.71222
-34.127808
-34.066772
-35.736084
-35.56671
-35.687256
-34.79309
-33.55255
-33.03833
-33.439636
-34.18274
-34.91516
-33.998108
-33.128357
-32.911682
-32.762146
-31.10962
-31.843567
-32.810974
-31.02417
-31.132507
-32.351685
-31.950378
-31.950378
-31.896973
-31.213379
-31.855774
-30.693054
-33.2901
-30.778503
-32.51648
-30.14679
-30.555725
-32.53479
-33.068848
-32.3349
-32.974243
-32.64923
-33.963013
-34.08661
-33.906555
-33.29315
-32.05414
-34.10797
-34.140015
-33.288574
-34.81598
-34.239197
-34.710693
-34.725952
-34.802246
-32.92694
-33.90503
-34.994507
-34.38263
-34.158325
-34.092712
-33.921814
-34.46808
-34.858704
-33.76007
-34.344482
-34.265137
-33.932495
-33.17566
-32.45392
-32.043457
-33.451843
-32.1167
-33.158875
-33.38318
-30.903625
-33.081055
-31.932068
-32.252502
-31.700134
-32.702637
-33.084106
-31.81305
-32.351685
-32.536316
-31.81305
-31.211853
-33.457947
-33.42285
-32.263184
-35.169983
-32.991028
-32.5531
-33.740234
-32.400513
-34.118652
-34.81598
-34.127808
-33.869934
-33.468628
-34.8526
-34.318542
-34.724426
-34.724426
-34.724426
-35.012817
-34.928894
-34.52301
-34.56421
-34.81598
-35.292053
-34.939575
-35.54077
-33.39386
-33.68683
-34.854126
-35.98633
-35.73761
-35.188293
-35.08606
-34.56726
-32.669067
-34.361267
-34.521484
-34.71985
-33.41217
-33.502197
-32.341003
-33.07953
-32.948303
-32.006836
-32.164
-30.915833
-29.493713
-30.6427
-33.091736
-29.699707
-30.957031
-32.551575
-31.382751
-33.081055
-30.46875
-31.93512
-31.925964
-31.932068
-31.204224
-31.814575
-32.82776
-31.269836
-32.80487
-33.09784
-32.476807
-32.38678
-33.120728
-31.732178
-32.655334
-32.165527
-31.402588
-32.833862
-33.587646
-33.059692
-32.650757
-35.069275
-32.89795
-32.946777
-32.70874
-33.54492
-35.523987
-33.314514
-33.7677
-33.18634
-33.737183
-33.493042
-33.866882
-31.74591
-32.461548
-33.499146
-33.64868
-32.32727
-31.89392
-31.89392
-31.89392
-31.92749
-33.90808
-31.321716
-32.348633
-32.28302
-31.492615
-30.61676
-30.284119
-30.523682
-30.493164
-31.176758
-31.828308
-32.566833
-31.814575
-31.506348
-31.591797
-30.851746
-30.950928
-30.725098
-31.652832
-31.716919
-32.15027
-30.355835
-31.303406
-31.817627
-30.989075
-32.574463
-31.777954
-31.025696
