-1.6947479
-2.4273682
-2.3028717
-2.0682373
-1.6827698
-1.366745
-1.5103912
-1.6588287
-1.466095
-1.0004272
-0.7633972
-0.84480286
-0.4569397
0.22302246
0.78326416
1.3052063
1.265686
0.9652252
1.0035248
1.4979248
1.7948151
1.6774902
1.138794
0.37145996
-0.13612366
-0.2869568
-0.1313324
0.2756958
0.6515808
0.6384125
0.40977478
0.09132385
-0.018798828
0.1954956
0.32357788
0.22302246
-0.025985718
-0.07745361
0.19548035
0.18470764
-0.029571533
-0.09182739
-0.008026123
-0.21751404
-0.79811096
-1.3990631
-1.6169281
-1.2362518
-0.3695526
0.2756958
0.43969727
0.34272766
0.28048706
0.2685089
0.24217224
0.14880371
0.2074585
0.017105103
-0.5263672
-0.62931824
-0.12414551
0.67433167
1.2094269
1.6080627
1.5865173
1.375824
1.3937836
1.9624023
2.6220093
3.0206451
3.2720337
3.4168854
3.6622925
3.4851227
3.2085876
2.972763
2.6651154
1.6966553
0.7138214
0.41096497
0.48039246
0.8826294
1.2621002
1.221405
0.9233246
0.8072052
0.8012085
0.89219666
0.9364929
0.64320374
0.37983704
0.46961975
0.5641937
0.5797577
0.5007477
0.19668579
-0.24984741
-0.7131195
-1.0890045
-1.1105652
-0.877121
-0.36715698
0.22302246
0.727005
1.0274658
0.87423706
0.45526123
0.08892822
0.16316223
-0.009231567
-0.031967163
-0.051116943
-0.20075989
-0.30371094
-0.2905426
-0.21392822
0.07577515
0.51631165
0.7988281
0.81318665
1.0346527
1.9037476
3.008667
3.4779358
3.3618164
2.9524078
2.265274
1.6044769
0.8646698
0.37025452
0.75453186
1.5685577
1.6439819
0.9305115
0.33554077
-0.051116943
-0.18759155
0.21464539
0.8443146
1.1471863
1.0574036
0.90657043
0.9700165
0.8287506
0.69706726
0.8838196
1.1004944
1.0131073
0.7760773
0.53067017
0.474411
0.33554077
0.3056183
0.48518372
1.0262756
1.7146149
2.0462036
2.122818
1.8678436
1.5302582
1.1998444
0.9077606
0.7533417
0.6563721
0.53067017
0.42771912
0.55581665
0.67193604
0.46124268
0.3056183
0.19668579
0.053024292
0.15718079
0.2936554
0.27209473
0.79522705
1.494339
1.8774109
2.3897705
2.8805847
3.0026855
2.6926422
1.9707794
0.98677063
0.31759644
0.4600525
0.8443146
0.7928314
0.45884705
0.27928162
0.5629883
1.1208496
1.7433319
2.0102844
1.7588959
1.7217865
2.2473145
2.7285614
2.4101257
1.802002
1.430893
0.979599
0.3666687
-0.38032532
-1.0267639
-1.3248444
-1.1644287
-0.8364258
-0.4641266
0.311615
1.1208496
1.4751892
1.4524384
1.3722382
1.2190094
1.0921173
0.9736023
0.9412842
0.9137573
0.7641144
0.70066833
0.72340393
0.88500977
1.1615448
1.4680023
1.8271332
1.949234
1.8450928
2.2209778
3.1523285
3.3498535
3.3259125
3.5737
3.7843933
3.8274841
3.2588654
2.6196136
2.1204224
1.6080627
1.375824
1.142395
1.0226746
1.1591492
1.1723175
1.1064758
1.3195648
1.4117432
1.1292267
1.0059204
1.1052856
1.1004944
1.1088715
1.1471863
1.384201
1.4955292
1.3279419
1.5410309
1.7098083
1.0514069
0.34272766
0.2002716
0.28526306
0.42173767
0.9305115
1.166336
1.0250854
0.8957977
0.85150146
0.91973877
0.8909912
0.87065125
1.0107117
1.0849304
1.0406494
0.87065125
0.8323364
0.6491852
0.39660645
0.15718079
1.0310669
1.078949
0.3271637
-0.46173096
-0.30371094
0.850296
2.3155518
2.7500916
2.2042236
1.8319244
1.9719849
2.2030334
2.3095703
2.4424438
2.2556915
1.8163605
1.4919434
1.3195648
1.1292267
0.93888855
0.86586
0.91374207
1.1160583
1.118454
0.8934021
0.5426483
0.3259735
0.33914185
0.45884705
0.3918152
0.025482178
-0.36236572
-0.525177
-0.5239868
-0.29293823
0.2182312
0.67074585
0.44088745
-0.059509277
-0.1708374
0.17393494
0.5390625
0.5869446
0.45884705
0.27809143
0.28886414
0.41575623
0.53785706
0.7964325
0.80122375
0.47799683
0.03147888
-0.40068054
-0.5395355
-0.42222595
-0.13012695
-0.0068359375
0.13563538
0.28048706
0.28886414
0.3259735
0.38342285
0.70306396
1.4524384
2.5166626
2.972763
2.5513763
2.086914
1.9863586
2.1814728
2.7656708
3.2241516
2.7764435
1.3052063
-0.09182739
-0.66404724
-0.36836243
0.25294495
0.8036194
1.1004944
1.2896423
1.5170898
1.573349
1.3542786
1.0095215
0.91973877
0.89338684
0.76530457
0.5546112
0.6276398
0.6491852
0.4995575
0.31878662
0.5941162
1.0550079
0.9125519
0.34272766
0.09373474
0.4492798
1.2118225
1.6188354
1.6379852
1.2249908
0.66833496
0.31280518
0.27090454
0.39900208
0.55581665
0.5713806
0.3379364
-0.0738678
-0.24145508
0.011123657
0.2469635
0.32237244
0.46003723
0.4971466
0.5653839
0.58454895
0.43850708
0.3774414
0.95684814
1.592514
1.4009705
0.46124268
0.07696533
0.7413635
1.4428711
1.430893
0.6408081
0.4025879
0.49595642
0.3343506
0.14042664
-0.5443268
-0.6077728
0.40977478
0.6408081
0.36787415
0.18470764
0.3259735
0.17993164
-0.18519592
-0.51919556
-0.5754547
-0.5622864
-0.76579285
-0.94177246
-0.92500305
-0.9441681
-0.80171204
-0.77656555
-1.0710449
-1.4361725
-1.8036804
-1.8515625
-1.351181
-0.37194824
1.1555634
1.9588165
1.3183594
0.43730164
-0.048736572
-0.18040466
-0.4270172
-0.7119293
-0.7322693
-0.8292389
-1.0794373
-1.1273193
-0.8328247
-0.3994751
-0.20794678
-0.014007568
0.09373474
0.019500732
-0.23428345
-0.20913696
0.9831848
2.422104
2.680664
1.909729
1.375824
1.3818054
1.6691132
1.7433472
1.157959
0.42892456
0.19189453
0.37145996
0.4756012
0.434906
0.20985413
0.026687622
0.27090454
0.53427124
0.26132202
0.024291992
0.21583557
0.29125977
0.19787598
-0.031967163
0.16914368
0.7126312
0.5366516
0.011123657
-0.55270386
-1.2099152
-1.4924316
-1.4888458
-1.5594635
-1.4960175
-1.0698547
-0.39588928
0.09013367
0.3331604
0.23738098
0.14640808
0.10092163
-0.04034424
-0.5431366
-1.3308258
-0.93577576
-0.81248474
-1.0854187
