-31.974792
-32.78656
-31.987
-32.92694
-30.932617
-31.446838
-30.87616
-30.662537
-30.740356
-29.380798
-30.880737
-29.9057
-30.2948
-30.66101
-30.21698
-30.567932
-30.091858
-30.989075
-27.886963
-29.534912
-30.177307
-32.21283
-28.71399
-30.264282
-31.051636
-31.09436
-31.158447
-31.658936
-30.882263
-31.045532
-30.459595
-31.066895
-31.558228
-31.726074
-30.827332
-31.170654
-31.02417
-32.495117
-31.266785
-31.207275
-31.674194
-29.438782
-30.426025
-30.966187
-31.143188
-31.155396
-31.912231
-30.555725
-31.21643
-30.415344
-30.459595
-30.070496
-29.472351
-29.574585
-28.041077
-29.533386
-29.385376
-29.214478
-28.831482
-28.918457
-30.50232
-29.423523
-29.338074
-29.56543
-29.762268
-29.658508
-27.545166
-29.748535
-28.120422
-29.341125
-28.186035
-28.186035
-28.186035
-29.808044
-31.22406
-28.904724
-31.378174
-28.025818
-28.022766
-28.660583
-29.136658
-28.233337
-29.4693
-29.716492
-29.899597
-29.553223
-30.303955
-30.909729
-29.751587
-30.529785
-30.241394
-30.262756
-30.316162
-30.126953
-30.995178
-29.597473
-30.258179
-27.92511
-30.110168
-30.845642
-29.692078
-30.924988
-30.799866
-29.61731
-30.33905
-29.438782
-32.455444
-29.388428
-28.045654
-27.580261
-26.84021
-27.127075
-26.541138
-26.901245
-27.961731
-26.351929
-28.453064
-28.797913
-27.24762
-28.050232
-28.51715
-29.62799
-29.924011
-29.710388
-29.988098
-30.809021
-30.319214
-29.592896
-30.513
-31.025696
-29.090881
-28.082275
-28.35846
-27.885437
-27.2995
-27.397156
-27.6474
-28.379822
-27.127075
-27.174377
-29.690552
-29.173279
-30.563354
-29.13208
-29.66919
-29.725647
-31.736755
-31.736755
-31.736755
-31.671143
-31.712341
-31.471252
-30.940247
-32.49054
-30.751038
-31.752014
-31.733704
-32.5531
-32.403564
-31.124878
-32.60498
-32.03125
-30.143738
-31.593323
-31.648254
-31.349182
-30.566406
-32.82776
-31.192017
-31.825256
-31.06842
-30.25055
-30.821228
-28.614807
-29.80194
-30.046082
-28.912354
-30.871582
-29.055786
-30.197144
-29.699707
-28.686523
-30.517578
-30.944824
-30.93872
-30.384827
-29.963684
-29.432678
-28.860474
-30.01709
-29.50592
-30.589294
-30.923462
-30.976868
-30.531311
-30.484009
-30.535889
-31.208801
-30.978394
-31.491089
-31.159973
-32.029724
-31.420898
-30.92804
-32.121277
-31.373596
-31.201172
-30.89447
-31.796265
-31.732178
-33.006287
-32.888794
-32.5058
-33.270264
-35.690308
-33.433533
-32.014465
-32.421875
-33.555603
-34.391785
-32.139587
-32.78961
-34.13086
-34.92737
-34.92737
-33.976746
-33.659363
-32.987976
-33.657837
-33.688354
-32.97882
-30.71289
-31.590271
-32.807922
-32.04651
-32.206726
-32.77893
-33.044434
-32.736206
-32.870483
-31.976318
-34.217834
-31.161499
-32.661438
-32.7713
-31.903076
-32.862854
-32.969666
-31.33545
-32.920837
-33.259583
-31.323242
-31.243896
-31.671143
-33.37097
-31.86493
-31.866455
-32.829285
-33.424377
-32.489014
-30.535889
-31.762695
-31.329346
-31.906128
-33.247375
-34.30786
-32.894897
-33.35724
-31.298828
-32.08008
-32.06787
-32.03125
-32.040405
-31.289673
-31.610107
-33.399963
-34.6756
-32.322693
-33.494568
-31.803894
-32.774353
-31.001282
-30.545044
-31.105042
-32.019043
-33.329773
-31.866455
-31.987
-31.538391
-31.596375
-31.09436
-31.123352
-31.542969
-30.052185
-30.215454
-28.907776
-29.682922
-28.19519
-30.33905
-29.689026
-29.689026
-29.689026
-31.019592
-28.88031
-30.41687
-29.818726
-29.815674
-29.789734
-31.336975
-30.500793
-30.097961
-30.291748
-31.208801
-31.718445
-31.640625
-32.070923
-31.181335
-30.91278
-31.358337
-31.736755
-32.05414
-32.75299
-30.638123
-31.471252
-31.385803
-31.872559
-32.063293
-32.97577
-32.850647
-32.12738
-32.261658
-30.79071
-33.1192
-32.817078
-31.608582
-31.964111
-33.04596
-30.917358
-32.90863
-31.443787
-32.31964
-32.199097
-32.546997
-31.591797
-31.677246
-33.200073
-31.593323
-30.722046
-30.78003
-30.125427
-31.933594
-30.166626
-31.069946
-32.06482
-29.753113
-29.22821
-29.737854
-29.541016
-29.55017
-29.756165
-29.249573
-31.21643
-30.603027
-29.507446
-30.458069
-32.341003
-33.540344
-31.987
-31.834412
-31.065369
-31.933594
-32.25708
-33.03833
-32.83081
-32.55005
-31.536865
-32.1167
-32.1167
-30.760193
-30.769348
-30.052185
-31.440735
-31.237793
-31.1203
-31.17218
-31.373596
-32.029724
-30.010986
-30.769348
-30.648804
-31.439209
-29.589844
-31.280518
-32.36084
-30.532837
-32.66449
-31.404114
-30.404663
-33.164978
-31.608582
-32.670593
-31.60553
-32.208252
-32.19452
-31.625366
-31.207275
-31.469727
-31.140137
-31.434631
-32.585144
-33.062744
-32.928467
-32.992554
-33.403015
-34.225464
-33.04901
-33.769226
-34.91211
-33.155823
-34.362793
-33.40912
-32.850647
-33.43048
-31.840515
-34.492493
-35.247803
-33.862305
-34.500122
-32.26013
-34.405518
-34.692383
-34.484863
-34.643555
-33.631897
-32.94983
-33.076477
-33.195496
-33.10547
-33.10089
-33.58307
-33.172607
-34.09729
-32.826233
-32.844543
-33.883667
-31.532288
-33.753967
-33.09784
-32.972717
-33.355713
-33.06427
-31.781006
-33.07953
-33.07953
-33.07953
-32.655334
-32.12738
-32.180786
-34.77173
-32.406616
-32.901
-32.974243
-33.096313
-33.714294
-34.977722
-35.502625
-34.770203
-33.273315
-35.255432
-35.246277
-35.21576
-34.17511
-35.377502
-34.81903
-36.054993
-36.09314
-34.858704
-37.564087
-38.180542
-37.43286
-38.305664
-37.020874
-38.47046
-38.500977
-39.665222
-38.427734
-39.201355
-38.92212
-38.131714
-39.356995
-40.46631
-39.37378
-38.98163
-40.57007
-38.450623
-39.70337
-39.642334
-40.768433
-40.699768
-41.192627
-40.499878
-41.87317
-40.750122
-41.986084
-40.220642
