1624764489035
1624764489035
1624764489040
1624764489077
1624764489086
1624764489100
1624764489120
1624764489140
1624764489160
1624764489181
1624764489201
1624764489221
1624764489240
1624764489263
1624764489280
1624764489301
1624764489321
1624764489341
1624764489360
1624764489380
1624764489400
1624764489420
1624764489442
1624764489461
1624764489482
1624764489501
1624764489522
1624764489542
1624764489561
1624764489583
1624764489601
1624764489621
1624764489640
1624764489660
1624764489681
1624764489701
1624764489721
1624764489740
1624764489760
1624764489780
1624764489800
1624764489820
1624764489840
1624764489860
1624764489880
1624764489900
1624764489920
1624764489941
1624764489961
1624764489981
1624764490002
1624764490021
1624764490042
1624764490062
1624764490082
1624764490102
1624764490122
1624764490143
1624764490162
1624764490182
1624764490202
1624764490222
1624764490242
1624764490262
1624764490282
1624764490302
1624764490322
1624764490341
1624764490361
1624764490381
1624764490401
1624764490421
1624764490441
1624764490461
1624764490481
1624764490501
1624764490521
1624764490541
1624764490562
1624764490582
1624764490601
1624764490622
1624764490642
1624764490661
1624764490682
1624764490702
1624764490723
1624764490742
1624764490762
1624764490782
1624764490802
1624764490822
1624764490843
1624764490863
1624764490882
1624764490903
1624764490923
1624764490942
1624764490963
1624764490983
1624764491001
1624764491023
1624764491059
1624764491061
1624764491082
1624764491102
1624764491122
1624764491142
1624764491163
1624764491182
1624764491201
1624764491222
1624764491242
1624764491262
1624764491282
1624764491303
1624764491322
1624764491342
1624764491363
1624764491382
1624764491401
1624764491421
1624764491443
1624764491462
1624764491482
1624764491502
1624764491522
1624764491542
1624764491562
1624764491582
1624764491602
1624764491622
1624764491642
1624764491663
1624764491682
1624764491703
1624764491722
1624764491743
1624764491763
1624764491783
1624764491803
1624764491823
1624764491843
1624764491863
1624764491882
1624764491903
1624764491923
1624764491943
1624764491962
1624764491983
1624764492002
1624764492022
1624764492042
1624764492062
1624764492082
1624764492102
1624764492122
1624764492143
1624764492163
1624764492183
1624764492202
1624764492222
1624764492242
1624764492262
1624764492282
1624764492302
1624764492323
1624764492342
1624764492363
1624764492382
1624764492401
1624764492422
1624764492444
1624764492462
1624764492482
1624764492502
1624764492523
1624764492543
1624764492563
1624764492582
1624764492602
1624764492622
1624764492642
1624764492662
1624764492682
1624764492703
1624764492723
1624764492744
1624764492763
1624764492784
1624764492802
1624764492824
1624764492842
1624764492863
1624764492882
1624764492903
1624764492922
1624764492942
1624764492962
1624764492982
1624764493002
1624764493023
1624764493043
1624764493061
1624764493082
1624764493102
1624764493121
1624764493142
1624764493163
1624764493182
1624764493202
1624764493222
1624764493242
1624764493262
1624764493282
1624764493302
1624764493322
1624764493343
1624764493362
1624764493383
1624764493402
1624764493422
1624764493442
1624764493462
1624764493483
1624764493502
1624764493523
1624764493543
1624764493564
1624764493583
1624764493603
1624764493623
1624764493642
1624764493663
1624764493683
1624764493703
1624764493722
1624764493742
1624764493763
1624764493782
1624764493804
1624764493824
1624764493842
1624764493864
1624764493883
1624764493903
1624764493923
1624764493943
1624764493963
1624764493983
1624764494003
1624764494023
1624764494043
1624764494063
1624764494083
1624764494103
1624764494123
1624764494143
1624764494163
1624764494184
1624764494204
1624764494224
1624764494243
1624764494264
1624764494284
1624764494304
1624764494324
1624764494343
1624764494363
1624764494383
1624764494405
1624764494423
1624764494443
1624764494464
1624764494484
1624764494504
1624764494523
1624764494556
1624764494562
1624764494582
1624764494603
1624764494625
1624764494644
1624764494663
1624764494683
1624764494703
1624764494723
1624764494743
1624764494765
1624764494783
1624764494804
1624764494822
1624764494843
1624764494864
1624764494884
1624764494903
1624764494923
1624764494943
1624764494964
1624764494983
1624764495003
1624764495024
1624764495044
1624764495063
1624764495082
1624764495103
1624764495123
1624764495143
1624764495163
1624764495184
1624764495203
1624764495223
1624764495244
1624764495263
1624764495284
1624764495304
1624764495323
1624764495343
1624764495364
1624764495384
1624764495403
1624764495424
1624764495444
1624764495463
1624764495483
1624764495503
1624764495524
1624764495543
1624764495564
1624764495584
1624764495603
1624764495624
1624764495644
1624764495663
1624764495684
1624764495704
1624764495723
1624764495743
1624764495764
1624764495784
1624764495804
1624764495823
1624764495844
1624764495863
1624764495884
1624764495903
1624764495927
1624764495943
1624764495964
1624764495983
1624764496003
1624764496025
1624764496044
1624764496067
1624764496083
1624764496104
1624764496125
1624764496145
1624764496164
1624764496185
1624764496204
1624764496225
1624764496245
1624764496264
1624764496284
1624764496304
1624764496324
1624764496344
1624764496364
1624764496384
1624764496404
1624764496424
1624764496444
1624764496464
1624764496484
1624764496503
1624764496524
1624764496544
1624764496564
1624764496584
1624764496604
1624764496624
1624764496644
1624764496664
1624764496684
1624764496704
1624764496724
1624764496744
1624764496764
1624764496784
1624764496804
1624764496824
1624764496844
1624764496864
1624764496884
1624764496904
1624764496924
1624764496944
1624764496965
1624764496985
1624764497005
1624764497024
1624764497044
1624764497064
1624764497084
1624764497104
1624764497124
1624764497144
1624764497164
1624764497184
1624764497204
1624764497224
1624764497244
1624764497267
1624764497283
1624764497310
1624764497327
1624764497348
1624764497368
1624764497383
1624764497410
1624764497424
1624764497444
1624764497464
1624764497484
1624764497507
1624764497524
1624764497543
1624764497564
1624764497584
1624764497605
1624764497624
1624764497645
1624764497664
1624764497684
1624764497705
1624764497725
1624764497745
1624764497765
1624764497784
1624764497804
1624764497825
1624764497845
1624764497865
1624764497885
1624764497905
1624764497926
1624764497946
1624764497965
1624764497985
1624764498005
1624764498026
1624764498045
1624764498065
1624764498085
1624764498107
1624764498124
1624764498146
1624764498165
1624764498185
1624764498204
1624764498225
1624764498245
1624764498264
1624764498284
1624764498304
1624764498325
1624764498345
1624764498365
1624764498385
1624764498405
1624764498425
1624764498445
1624764498465
1624764498485
1624764498505
1624764498525
1624764498545
1624764498565
1624764498585
1624764498605
1624764498625
1624764498645
1624764498665
1624764498685
1624764498705
1624764498726
1624764498745
1624764498765
1624764498786
1624764498806
1624764498827
1624764498845
1624764498866
1624764498886
1624764498906
1624764498926
1624764498947
1624764498965
1624764498984
1624764499005
1624764499026
1624764499046
1624764499065
