2.023941
2.2394104
2.956482
3.0618134
2.585373
1.9161987
1.5067902
1.6061401
1.7964935
1.9928131
2.3315887
2.581787
2.4800415
2.1316833
1.9688721
1.9676666
2.0251312
1.8742981
1.4936218
1.1273041
1.0614624
1.3547516
1.6073456
1.6995239
1.707901
1.5810089
1.4122162
1.336792
1.3715057
1.3930664
1.3571472
1.1177368
0.9597168
0.9680939
1.1632233
1.4385529
1.7665558
1.3930664
0.59698486
0.26419067
0.46650696
0.74902344
0.84957886
0.7897186
0.82684326
0.90345764
1.0818176
1.2027283
1.1955414
1.1596222
1.2721558
1.5319366
1.7677612
1.8371887
1.7641754
1.7091064
1.7665558
1.9090118
1.9174042
1.7821198
1.6492462
1.4134064
1.2158966
1.5175629
1.826416
1.5307312
1.1895599
1.2506104
1.7354279
2.0933685
1.9557037
1.6157227
1.2793427
1.1967316
1.4624939
1.7210693
1.7928925
1.68396
1.490036
1.3655396
1.2254639
0.94055176
0.585022
0.5012207
0.7574005
1.221878
1.4684753
1.2841339
1.0566864
1.1931458
1.5510864
1.8132477
1.5642548
0.86035156
0.33961487
0.40426636
0.6604309
0.8543701
0.9740753
0.97288513
1.063858
1.4217987
1.6468506
1.6827698
1.6504364
1.4613037
1.3978577
1.565445
1.8467712
1.9197845
1.731842
1.439743
1.455307
1.6372681
1.5941772
1.2482147
1.2518005
1.8144379
2.1963196
1.8790894
1.1141357
0.6137543
0.6305084
0.88668823
1.1129456
1.1883545
1.0458984
0.85076904
0.9513397
1.2075195
1.3631439
1.3092651
1.1320953
1.0758362
1.237442
1.4529114
1.3296204
1.0458984
0.9896393
1.2338562
1.4613037
1.2937012
1.0303497
1.0363312
1.2266693
1.3332062
1.0890045
0.73825073
0.6819916
1.0064087
1.2482147
1.1009674
0.7394409
0.5802307
0.9106293
1.3798981
1.5415039
1.4876404
1.4936218
1.6911469
1.9664764
1.9832306
1.6947327
1.4409485
1.4804535
1.6193085
1.7186737
1.7306519
1.3810883
0.6532593
0.6412811
1.3547516
1.6995239
1.5462952
1.355957
1.336792
1.2901154
1.2087097
1.2063141
1.1464539
0.94654846
0.8292389
0.9034424
1.079422
1.0518951
0.7286682
0.42581177
0.44735718
0.58981323
0.6783905
0.5012207
0.4497528
0.6077728
0.74183655
0.67959595
0.72029114
1.0506897
1.387085
1.3487701
0.7550049
0.3060913
0.39468384
0.7502289
1.173996
1.2122955
0.9226074
0.86395264
1.1213226
1.4134064
1.4385529
1.2984924
1.1955414
1.3751068
1.66362
1.7414246
1.6648102
1.4924164
1.1620331
0.9740753
1.1632233
1.5127716
1.3368073
0.6137543
0.027160645
0.21151733
0.8986664
1.3691254
1.2051239
0.8160553
0.6759949
0.6269226
0.69155884
0.8842926
1.0063934
0.9094391
0.7861328
0.8519745
1.0973816
1.2410278
1.0830078
0.7633972
0.70114136
0.8112793
0.84239197
0.83522034
0.7322693
0.78015137
1.0255585
1.1153259
0.9704895
0.81726074
0.96928406
0.9932251
0.8304291
0.9118347
1.2146912
1.450531
0.97288513
0.2510376
-0.10092163
0.16244507
0.7933197
0.94654846
0.82084656
1.0363312
1.4373627
1.6396637
1.5666504
1.352356
1.3439789
1.4864349
1.6456451
1.518753
1.1668091
0.82084656
0.6281128
1.1380768
1.4996033
1.292511
1.0123901
1.1285095
1.3643341
1.4373627
1.332016
1.134491
1.0063934
0.9381714
0.9273834
0.93696594
1.0351257
1.2494049
1.4828491
1.6672058
1.7115021
1.7893066
1.9868317
2.1173096
2.0933685
2.0861816
1.8048706
1.4888306
0.96209717
0.91781616
1.2254639
1.3284149
1.4086304
1.2829285
0.8112793
0.450943
0.41383362
0.6281128
0.901062
1.0303497
0.8986511
0.9561157
1.2182922
1.4146118
1.573822
1.6791687
1.5391083
1.3499756
1.3739166
1.4577026
1.5426941
1.613327
1.6157227
1.5989685
1.6432648
1.9281769
2.2142792
2.047882
1.6097412
1.2853241
1.1644135
1.0758362
0.94654846
1.079422
1.3236389
1.3152466
0.95732117
0.7071228
0.608963
0.69755554
0.78134155
0.65086365
0.48207092
0.57902527
0.86872864
1.2039185
1.4780579
1.5977631
1.5714264
1.6061401
1.8707123
2.126892
2.0718231
1.7557831
1.4194031
1.434967
1.7055054
1.8515472
1.7091064
1.42659
1.2937012
1.26857
1.3499756
1.4014435
0.90823364
0.4677124
0.51438904
0.9166107
1.26857
1.1153412
0.8196564
0.85676575
1.1464539
1.273346
1.292511
1.3882751
1.4469299
1.4194031
1.5546722
1.8132477
1.94133
1.9125977
1.8036804
1.7043152
1.7701569
1.92099
2.0251312
1.9832306
1.8647156
1.6540375
1.3463745
1.1536407
1.3739166
1.5474854
1.5031891
1.4804535
1.5067902
1.6540375
1.7270508
1.5869904
1.3427887
1.1452637
0.9812622
0.8842926
0.90104675
1.0842133
1.3128662
1.3810883
1.2721558
1.2075195
1.3894653
1.5079803
1.4325714
1.4373474
1.6588135
1.92099
1.9724579
1.2937012
1.4301758
1.4816437
1.1476593
1.0542755
0.5874176
-0.073394775
-0.29605103
-3.6621094E-4
0.31088257
0.3420105
0.38989258
0.62931824
0.8543701
1.0219727
1.0925903
1.0914001
1.098587
1.2625885
1.4217987
1.6277008
1.7904968
1.8635254
1.9820404
2.0861816
2.1795654
2.217865
2.1532288
2.0371094
2.075409
2.1687927
2.2872925
2.1233063
1.6492462
1.1081543
0.6855774
0.7286682
0.78852844
0.9716797
1.2649689
1.4289703
1.118927
0.61854553
0.29891968
0.3994751
0.6676178
0.91900635
1.1201172
1.2996979
1.5235443
1.6492462
1.5989685
1.5462952
1.549881
1.5462952
1.439743
1.2697601
1.273346
1.2721558
1.1057587
1.0255585
1.0806122
1.0566864
0.727478
0.10018921
-0.44329834
-0.2996521
0.50361633
1.2266693
1.3619385
0.8831024
0.22828674
0.115753174
0.48565674
0.95851135
1.3332062
1.6097412
1.7126923
1.818039
1.9533081
1.9928131
2.0766144
2.0706177
1.9892273
1.9078217
2.0969543
2.2214508
1.8192291
1.6779785
1.9078217
2.0215454
1.8922577
1.4672852
1.1153412
0.747818
0.8364105
1.197937
1.2960968
1.1680145
0.9896393
0.87112427
0.9812622
1.2949066
1.5175629
1.6264954
1.6588135
1.6648102
1.589386
1.5642548
1.7498016
1.8778839
1.8096619
1.8204346
2.0023804
2.1508331
2.0849915
1.7378235
1.4469299
1.4409485
1.3308105
0.8771057
0.5263672
0.16842651
0.3132782
1.0830078
1.6253052
1.553482
1.1668091
0.8651428
0.7657776
0.94415283
1.237442
1.5522766
1.9437256
2.3974304
2.5530548
2.4740448
2.3866577
2.4572906
2.6356506
2.4920044
2.3483582
2.2717438
2.1604004
2.2286377
2.304062
2.4058075
2.41539
2.0682373
1.6600189
1.5618591
1.7102966
1.7258606
1.6408691
1.5271301
1.4325714
1.6755829
1.9257812
2.0179443
2.0897827
2.1987152
2.1807556
2.0023956
1.8276062
1.7988892
1.9126129
2.0023804
2.068222
2.2070923
2.1209106
1.8802795
1.723465
1.7450104
1.7964783
1.9700623
2.1137238
1.8288116
1.3727112
0.9776764
0.82684326
1.0734406
1.5091858
1.5666351
1.2338562
0.87472534
0.8112793
1.103363
1.6253052
2.130478
2.3651123
2.3232117
2.2513885
2.3303986
2.3172302
2.3663025
2.3303986
2.4082031
2.6548157
2.6117096
2.640442
2.7625427
2.624878
2.4896088
2.269333
