-0.4152069
-0.2846985
-0.124923706
-0.11853027
-0.12971497
-0.082839966
0.024765015
0.21916199
0.45140076
0.618103
0.6197052
0.48016357
0.3097229
0.16644287
0.08387756
0.022628784
-0.07965088
-0.20800781
-0.2937622
-0.24156189
-0.062072754
0.12861633
0.23780823
0.25752258
0.23408508
0.20106506
0.17495728
0.18988037
0.1962738
0.137146
0.048202515
-0.04714966
-0.059402466
0.011444092
0.08175659
0.008773804
-0.2468872
-0.50894165
-0.61920166
-0.594162
-0.5137329
-0.4775238
-0.47431946
-0.43276978
-0.3560791
-0.2745819
-0.24316406
-0.26393127
-0.2548828
-0.20481873
-0.12971497
-0.06314087
-0.066329956
-0.111068726
-0.13450623
-0.1084137
-0.05833435
-0.04928589
-0.080718994
-0.10467529
-0.08337402
0.045532227
0.1967926
0.24794006
0.25112915
0.25752258
0.31504822
0.42636108
0.4870758
0.40559387
0.2239685
0.05831909
0.015182495
0.10891724
0.22875977
0.2585907
0.21757507
0.17762756
0.19892883
0.23194885
0.21011353
0.19146729
0.22076416
0.30491638
0.3651123
0.3251648
0.1648407
-0.0029449463
-0.045547485
-0.003479004
-0.06047058
-0.28790283
-0.5387726
-0.6596832
-0.6101532
-0.4498291
-0.3171997
-0.2303772
-0.14622498
-0.07911682
-0.008804321
0.071640015
0.057250977
-0.04714966
-0.14143372
-0.19256592
-0.15687561
-0.08230591
-0.07432556
-0.14355469
-0.22718811
-0.25860596
-0.21546936
-0.17124939
-0.16273499
-0.071121216
0.14407349
0.30065918
0.23034668
0.026885986
-0.085510254
-0.045547485
0.099853516
0.21278381
0.20211792
0.11743164
0.04925537
0.07269287
0.15258789
0.22450256
0.22875977
0.1568451
0.09559631
0.10145569
0.11477661
0.074295044
0.0061035156
-0.021591187
0.022094727
0.06150818
0.002380371
-0.11053467
-0.16113281
-0.15740967
-0.20854187
-0.34170532
-0.44023132
-0.4221344
-0.32305908
-0.28630066
-0.3917694
-0.5190582
-0.53930664
-0.41467285
-0.24635315
-0.16912842
-0.17817688
-0.15847778
-0.07272339
0.005584717
0.008773804
-0.040756226
-0.06100464
-0.013061523
0.09133911
0.153656
0.097732544
-0.03224182
-0.122787476
-0.040222168
0.2159729
0.48228455
0.5765686
0.52116394
0.43008423
0.34327698
0.25538635
0.17230225
0.0982666
0.024230957
-0.011459351
0.041809082
0.15951538
0.24633789
0.25645447
0.2505951
0.28735352
0.34539795
0.37416077
0.3374176
0.26657104
0.24313354
0.230896
0.18188477
0.15205383
0.18881226
0.17123413
-0.015197754
-0.28630066
-0.46580505
-0.45674133
-0.3315735
-0.2740631
-0.3310547
-0.38591003
-0.3875122
-0.3214569
-0.23516846
-0.21812439
-0.25169373
-0.25967407
-0.20960999
-0.13504028
-0.1169281
-0.16485596
-0.23410034
-0.26818848
-0.21173096
-0.06100464
0.08227539
0.086013794
-0.03277588
-0.0657959
0.1493988
0.5019989
0.7400818
0.7342224
0.5744324
0.4247589
0.33581543
0.28468323
0.24313354
0.16590881
0.055114746
-0.03224182
-0.055145264
-0.0098724365
0.039138794
0.031692505
-0.01626587
-0.030639648
0.033813477
0.09080505
0.06311035
-8.239746E-4
-0.041290283
-0.04714966
-0.061538696
-0.12864685
-0.22772217
-0.3491516
-0.49882507
-0.56806946
-0.48124695
-0.31559753
-0.2580719
-0.3784485
-0.5313263
-0.52012634
-0.2964325
-0.015197754
0.16590881
0.2202301
0.2559204
0.3086548
0.31451416
0.22503662
0.11051941
0.07322693
0.09559631
0.07536316
-0.03916931
-0.18243408
-0.2346344
-0.1515503
0.0066375732
0.101989746
0.11691284
0.17974854
0.29640198
0.3486023
0.32783508
0.22929382
0.090270996
-0.014663696
-0.05142212
-0.05567932
-0.06312561
-0.011474609
0.121170044
0.24047852
0.28149414
0.29107666
0.27775574
0.25431824
0.22875977
0.15844727
0.055648804
-0.06047058
-0.18457031
-0.23995972
-0.24742126
-0.15368652
0.002380371
0.006652832
-0.16166687
-0.33743286
-0.37419128
-0.26339722
-0.12918091
-0.06845093
-0.073776245
-0.08656311
-0.099349976
-0.108932495
-0.092422485
-0.075912476
-0.0849762
-0.13397217
-0.1723175
-0.14941406
-0.0977478
-0.07432556
-0.06259155
-0.06951904
-0.06100464
-0.004547119
0.06417847
0.09240723
0.04020691
-0.029052734
-0.04928589
-0.029571533
-0.008270264
0.08441162
0.266037
0.42689514
0.43222046
0.30651855
0.200531
0.16537476
0.15579224
0.11051941
0.027420044
-0.015197754
0.034347534
0.15312195
0.2671051
0.31983948
0.3251648
0.31237793
0.31504822
0.3486023
0.35020447
0.28042603
0.14035034
0.033813477
0.040740967
0.11743164
0.15844727
0.12382507
0.042877197
0.003982544
0.022094727
0.021026611
-0.11160278
-0.32626343
-0.43650818
-0.3710022
-0.19096375
-0.09188843
-0.12864685
-0.22877502
-0.28736877
-0.27565002
-0.25860596
-0.27246094
-0.26020813
-0.22612
-0.2064209
-0.17391968
-0.11532593
-0.10307312
-0.15687561
-0.23570251
-0.2926941
-0.30122375
-0.26712036
-0.22238159
-0.19416809
-0.18936157
-0.16485596
-0.10839844
-2.746582E-4
0.14779663
0.28308105
0.3800354
0.44233704
0.47695923
0.48709106
0.43754578
0.3224945
0.16751099
0.0045166016
-0.097229004
-0.1211853
-0.09295654
-0.027450562
0.042877197
0.083343506
0.08866882
0.09346008
0.13502502
0.17868042
0.17816162
0.16218567
0.16430664
0.18667603
0.16804504
0.07962036
0.0013122559
0.011978149
-0.05354309
-0.13822937
-0.37419128
-0.5989685
-0.6341095
-0.43969727
-0.23303223
-0.16273499
-0.14622498
-0.1318512
-0.1126709
-0.07432556
-0.07432556
-0.12171936
-0.13450623
-0.101486206
-0.056747437
-0.038635254
-0.054611206
-0.06686401
-0.07485962
-0.09828186
-0.13290405
-0.16487122
-0.19256592
-0.20428467
-0.1749878
-0.09030151
0.029556274
0.11691284
0.15312195
0.18507385
0.25112915
0.2974701
0.34646606
0.46365356
0.5478058
0.5158539
0.39440918
0.22662354
0.12915039
0.16323853
0.266037
0.32888794
0.32409668
0.30332947
0.28042603
0.21969604
0.10838318
-0.0098724365
-0.08444214
-0.11639404
-0.15315247
-0.19682312
-0.21386719
-0.1914978
-0.18617249
-0.19096375
-0.17817688
-0.17178345
-0.27778625
-0.4844513
-0.5851135
-0.42158508
-0.08230591
0.16270447
0.1302185
-0.19096375
-0.5217285
-0.6064148
-0.448761
-0.2453003
-0.11479187
-0.039154053
-0.024780273
-0.024780273
0.018371582
0.030090332
-0.027450562
-0.06314087
-0.06793213
-0.033843994
0.045532227
0.14193726
0.24261475
0.34114075
0.43807983
0.4785614
0.42530823
0.33795166
0.27882385
0.31077576
0.40878296
0.5201111
0.5781555
0.50679016
0.36192322
0.2516632
0.20957947
0.22929382
0.23622131
0.17869568
0.10891724
0.06097412
0.008239746
-0.045547485
-0.064193726
-0.068984985
-0.117996216
-0.17817688
-0.17977905
-0.17178345
-0.2383728
-0.38005066
-0.49084473
-0.48710632
-0.45141602
-0.5009613
-0.5968323
-0.56967163
-0.341156
-0.0423584
0.12915039
0.039138794
-0.20907593
-0.3864441
-0.45941162
-0.42425537
-0.3076172
-0.19682312
-0.08230591
0.011444092
0.03755188
0.0066375732
-0.05354309
-0.10839844
-0.14782715
-0.18936157
-0.20321655
-0.1169281
0.055648804
0.22183228
0.35232544
0.43914795
0.47323608
0.4481964
0.42263794
0.44926453
0.5105133
0.5467377
0.49613953
0.3917389
0.29959106
0.29267883
0.31770325
0.26817322
0.18667603
0.12649536
0.048202515
-0.049819946
-0.10520935
-0.12704468
-0.11373901
-0.07272339
-0.05619812
-0.05354309
-0.05886841
-0.0892334
-0.10946655
-0.092437744
-0.050354004
0.0045166016
0.014099121
-0.06951904
-0.21812439
-0.3640747
-0.3645935
-0.2341156
-0.12651062
-0.13504028
-0.26660156
-0.37312317
-0.35768127
-0.21865845
0.0066375732
0.17816162
0.23301697
0.200531
0.1563263
0.14247131
0.12382507
0.106781006
0.10838318
0.1259613
0.18507385
0.24739075
0.2655182
0.3166504
0.3528595
0.3251648
0.2505951
0.21330261
