0.14608765
-0.0962677
-0.14898682
0.027313232
0.1269226
-0.019561768
-0.31410217
-0.51651
-0.42703247
-0.102127075
0.14555359
0.15142822
0.058746338
-0.055252075
-0.15751648
-0.2294159
-0.2816162
-0.30291748
-0.27416992
-0.21769714
-0.18414307
-0.1324768
-0.034469604
0.056610107
0.057144165
-0.011047363
-0.1005249
-0.1713562
-0.20918274
-0.24806213
-0.23899841
-0.18788147
-0.12768555
-0.028625488
0.10241699
0.1386261
-0.022232056
-0.19267273
-0.213974
-0.13833618
-0.07601929
-0.09413147
-0.16816711
-0.21611023
-0.18681335
-0.097335815
-0.045135498
-0.08880615
-0.083480835
0.04916382
0.20788574
0.2526245
0.18070984
0.110946655
0.13543701
0.28137207
0.4092102
0.3234558
0.08483887
-0.050460815
0.023040771
0.2515564
0.41453552
0.22599792
-0.10371399
-0.18574524
-0.034469604
0.056610107
-0.044067383
-0.17456055
-0.19532776
-0.18414307
-0.20225525
-0.19160461
-0.11277771
-0.022766113
0.027313232
0.03477478
0.029434204
0.007598877
-0.024353027
-0.00730896
0.06565857
0.123184204
0.08483887
-0.028625488
-0.15005493
-0.18733215
-0.050994873
0.15194702
0.18391418
-0.028076172
-0.29759216
-0.39134216
-0.29013062
-0.14207458
-0.09413147
-0.12715149
-0.104782104
-0.015304565
0.06300354
0.05128479
-0.06643677
-0.17028809
-0.064834595
0.20787048
0.3495636
0.2046814
0.0124053955
-0.008377075
0.06086731
0.085372925
-0.01637268
-0.14845276
-0.14633179
0.013458252
0.17858887
0.29257202
0.31866455
0.17271423
-0.027557373
-0.13035583
-0.1282196
-0.08506775
-0.052581787
-0.038742065
-0.0259552
-0.0035858154
0.0028076172
0.008666992
0.08590698
0.19882202
0.24942017
0.17378235
0.020385742
-0.066970825
-0.008377075
0.14982605
0.22918701
0.15515137
0.0038757324
-0.12661743
-0.1905365
-0.1985321
-0.2374115
-0.2885437
-0.23368835
-0.0770874
0.03956604
-0.01902771
-0.19265747
-0.25924683
-0.16123962
-0.029678345
0.0012054443
-0.0259552
0.010787964
0.12850952
0.25209045
0.28883362
0.21107483
0.09442139
0.057678223
0.115737915
0.20947266
0.22225952
0.043823242
-0.20011902
-0.27949524
-0.25498962
-0.2731018
-0.22515869
0.012390137
0.25209045
0.24249268
0.027313232
-0.13301086
-0.1708374
-0.19000244
-0.22676086
-0.24806213
-0.23155212
-0.15005493
-0.054718018
0.037979126
0.14022827
0.18017578
0.11999512
0.020385742
0.0028076172
0.0209198
-0.05418396
-0.16976929
-0.20225525
-0.1585846
-0.07495117
-0.0259552
-0.15484619
-0.3577881
-0.33914185
-0.07975769
0.15194702
0.15089417
-0.06430054
-0.19319153
-0.09413147
0.056610107
0.053955078
-0.05630493
-0.076553345
0.03050232
0.19136047
0.2904358
0.24835205
0.09762573
-0.047790527
-0.078689575
0.026245117
0.17378235
0.1769867
0.013458252
-0.13407898
-0.17668152
-0.15379333
-0.11224365
-0.008911133
0.16952515
0.27127075
0.18017578
0.0022735596
-0.07548523
-0.036071777
0.0043945312
-9.1552734E-4
-0.021697998
-0.05418396
-0.06750488
-0.024353027
0.06832886
0.14822388
0.16738892
0.16792297
0.17166138
0.1743164
0.16740417
0.14343262
0.058746338
-0.083480835
-0.1990509
-0.213974
-0.2336731
-0.32955933
-0.37483215
-0.34339905
-0.2922821
-0.30665588
-0.34658813
-0.26617432
-0.07495117
0.068862915
0.08164978
0.117874146
0.26860046
0.42253113
0.42945862
0.34635925
0.2824402
0.2915039
0.34902954
0.34635925
0.21586609
0.008666992
-0.1239624
-0.10745239
-0.0019836426
-0.020629883
-0.2331543
-0.34873962
-0.2027893
0.1146698
0.404953
0.5429077
0.52053833
0.38311768
0.22972107
0.18231201
0.24783325
0.2765808
0.1700592
0.021987915
-0.024887085
0.059814453
0.1849823
0.23716736
0.19084167
0.11946106
0.061401367
0.048614502
0.0635376
-0.0493927
-0.2736206
-0.43981934
-0.47442627
-0.3561859
-0.2640381
-0.38388062
-0.5538025
-0.50213623
-0.1820221
0.15141296
0.29362488
0.21853638
0.13064575
0.120529175
0.12159729
0.10934448
0.08004761
0.0070648193
-0.0967865
-0.1282196
-0.031814575
0.11413574
0.17219543
0.1535492
0.12904358
0.09815979
0.06993103
0.055541992
0.04649353
0.043289185
0.0209198
-0.097854614
-0.31944275
-0.56018066
-0.6230316
-0.35565186
0.038497925
0.24249268
0.17752075
0.059814453
0.03691101
0.10028076
0.14929199
0.13543701
0.068862915
-0.011566162
-0.049926758
-0.03288269
0.026245117
0.122665405
0.20947266
0.22172546
0.17272949
0.10081482
0.050750732
0.053955078
0.09442139
0.104019165
0.047561646
-0.052597046
-0.120224
-0.09732056
-0.00944519
0.0677948
0.062469482
-0.10159302
-0.3700409
-0.5085144
-0.34339905
-0.047790527
0.06619263
-0.022766113
-0.118637085
-0.07975769
0.038497925
0.059799194
-0.06643677
-0.19532776
-0.19160461
-0.024887085
0.19296265
0.3069458
0.24302673
0.10507202
0.055541992
0.118927
0.21907043
0.2669983
0.23770142
0.18070984
0.120529175
0.039031982
-0.06590271
-0.18467712
-0.30665588
-0.36045837
-0.2224884
0.016647339
0.14450073
0.12957764
0.08909607
0.07684326
0.061935425
-0.027023315
-0.15644836
-0.21290588
-0.16444397
-0.08773804
-0.08987427
-0.17616272
-0.20704651
-0.13354492
-0.037139893
-3.9672852E-4
-0.027023315
-0.05632019
-0.09413147
-0.12075806
-0.11224365
-0.1394043
-0.2219696
-0.30026245
-0.2928009
-0.08987427
-0.030212402
-0.24273682
-0.5058594
-0.6155853
-0.41157532
-0.06590271
0.16473389
0.22225952
0.19082642
0.14501953
0.087509155
0.033172607
0.008132935
0.019317627
0.0869751
0.19509888
0.26646423
0.28829956
0.26486206
0.19563293
0.10295105
0.055541992
0.057678223
0.06939697
0.040634155
-0.022766113
-0.029678345
0.07098389
0.18817139
0.1892395
0.07791138
-0.10850525
-0.16656494
0.048080444
0.276062
0.18444824
-0.1351471
-0.32582092
-0.25126648
-0.06430054
0.03477478
0.009735107
-0.020629883
0.006011963
0.051818848
0.06832886
0.03956604
0.010787964
0.0113220215
0.022521973
0.007598877
-0.02116394
-0.01423645
0.048080444
0.14501953
0.2238617
0.23291016
0.106674194
-0.1628418
-0.4499359
-0.5522003
-0.30984497
0.14982605
0.49017334
0.4630127
0.12478638
-0.20439148
-0.25071716
-0.03501892
0.20254517
0.24623108
0.10241699
-0.025421143
-0.01637268
0.10720825
0.25474548
0.28671265
0.19403076
0.1301117
0.1615448
0.18870544
0.12478638
0.05607605
0.1269226
0.33198547
0.517334
0.44010925
0.075790405
-0.3151703
-0.40571594
-0.15538025
0.09069824
0.08430481
-0.0962677
-0.21450806
-0.15058899
-0.011566162
0.04649353
-0.013702393
-0.16923523
-0.27947998
-0.19746399
0.040634155
0.24142456
0.24409485
0.094436646
-0.048324585
-0.07388306
0.01133728
0.1301117
0.20788574
0.1934967
0.10827637
0.008132935
-0.10531616
-0.25125122
-0.42596436
-0.4419403
-0.15698242
0.23876953
0.44810486
0.35914612
0.11253357
-0.05683899
-0.08294678
-0.041931152
-0.005706787
-0.004119873
-0.009979248
0.017730713
0.085372925
0.165802
0.19136047
0.16047668
0.14556885
0.1934967
0.2680664
0.29096985
0.30108643
0.3426361
0.4022827
0.3692627
0.12957764
-0.16017151
-0.20385742
-0.015304565
0.12585449
0.082717896
-0.074417114
-0.16816711
-0.10531616
0.01878357
0.06939697
0.005996704
-0.11491394
-0.15538025
-0.09838867
-0.0259552
0.044891357
0.080581665
0.0124053955
-0.102127075
-0.16816711
-0.1628418
-0.10585022
-0.044067383
-0.053649902
-0.13887024
-0.20544434
-0.19160461
-0.13301086
-0.09199524
-0.12608337
-0.21237183
-0.18841553
0.01878357
0.23344421
0.26541138
0.09655762
-0.11064148
-0.17668152
-0.0728302
0.11413574
0.19935608
0.14875793
0.064071655
0.047561646
0.09976196
0.11946106
0.080581665
0.072052
0.12852478
0.165802
0.18391418
0.26860046
0.32026672
0.23291016
0.14129639
6.713867E-4
-0.15379333
