0.31507874
0.059951782
-0.3310089
-0.58987427
-0.6117096
-0.42315674
-0.04019165
0.30815125
0.54304504
0.5963135
0.38272095
-0.015686035
-0.2788086
-0.25590515
-0.119018555
-0.0796051
-0.2676239
-0.5302124
-0.6127777
-0.31661987
-0.002380371
0.14144897
0.10575867
-0.027938843
-0.14459229
-0.14352417
-0.022079468
0.12919617
0.21174622
0.15742493
-0.02154541
-0.18133545
-0.18933105
-0.048706055
0.18458557
0.34277344
0.13931274
-0.28094482
-0.46842957
-0.29638672
-0.0013122559
0.13026428
0.07167053
-0.06149292
-0.18293762
-0.18400574
-0.090789795
-0.09718323
-0.1845398
-0.25004578
-0.24897766
-0.18933105
-0.18347168
-0.26602173
-0.39439392
-0.43113708
-0.2979889
-0.15470886
-0.11050415
-0.14938354
-0.20265198
-0.12062073
0.09669495
0.17819214
0.21813965
0.36408997
0.52227783
0.38006592
-0.039123535
-0.38427734
-0.4524536
-0.3230133
-0.123809814
0.10255432
0.3267975
0.39871216
0.32307434
0.20909119
0.14996338
0.054626465
-0.10517883
-0.205307
-0.13500977
0.1078949
0.29431152
0.32521057
0.17819214
-0.05458069
-0.15629578
-0.09346008
0.0066833496
0.008804321
-0.08706665
-0.1222229
-0.057769775
0.040771484
0.035980225
-0.07374573
-0.17282104
-0.25057983
-0.2942505
-0.34965515
-0.40983582
-0.54299927
-0.59999084
-0.40344238
-0.08653259
0.032791138
-0.12541199
-0.2841339
-0.2244873
0.0652771
0.2655487
0.2298584
0.082855225
0.041305542
0.08392334
0.042907715
-0.10357666
-0.18933105
-0.13659668
-0.10038757
-0.16589355
-0.27401733
-0.36244202
-0.34272766
-0.114227295
0.23464966
0.40457153
0.28312683
0.040771484
-0.16696167
-0.25750732
-0.28308105
-0.2644348
-0.14724731
0.028518677
0.22506714
0.36195374
0.3939209
0.32147217
0.2101593
0.113220215
0.09030151
0.0013580322
-0.18612671
-0.27241516
-0.17068481
-0.018356323
-0.046051025
-0.20690918
-0.28785706
-0.22395325
-0.023147583
0.1547699
0.14677429
0.07060242
0.03491211
0.028518677
-0.034332275
-0.15950012
-0.29426575
-0.35177612
-0.28894043
-0.12487793
0.054626465
0.10682678
0.09083557
0.21548462
0.38645935
0.4093628
0.268219
0.13078308
0.06048584
-0.04284668
-0.15470886
-0.16270447
-0.069488525
0.05142212
0.15049744
0.23945618
0.26608276
0.16168213
-0.012496948
-0.09132385
-0.097717285
-0.055099487
0.045043945
0.144104
0.2783203
0.34649658
0.23039246
0.008804321
-0.14778137
-0.1776123
-0.13233948
-0.02633667
-0.015151978
-0.11155701
-0.11262512
0.11428833
0.40029907
0.42001343
0.16061401
-0.06362915
-0.12062073
-0.08972168
-0.09346008
-0.15045166
-0.18080139
-0.14245605
-0.052444458
-0.0050354004
-0.076416016
-0.25057983
-0.46896362
-0.56962585
-0.42581177
-0.107299805
0.08125305
0.0849762
0.118011475
0.27566528
0.48446655
0.4578247
0.12173462
-0.24365234
-0.41036987
-0.3821411
-0.26390076
-0.14459229
-0.069488525
-0.04019165
-0.0050354004
0.10362244
0.21388245
0.2106781
0.09616089
-0.0050354004
-0.04019165
-0.003967285
0.09989929
0.16914368
0.15689087
0.118011475
0.10575867
0.07006836
-0.0476532
-0.24739075
-0.42582703
-0.49719238
-0.4199524
-0.048187256
0.3944397
0.60324097
0.4205475
0.07858276
-0.12487793
-0.121154785
-0.04498291
-0.08546448
-0.11103821
-0.0135650635
0.09136963
0.10522461
0.047164917
-0.07107544
-0.15736389
-0.08226013
0.127594
0.25276184
0.14942932
-0.08439636
-0.24737549
-0.14512634
0.1313324
0.20909119
0.08392334
-0.014099121
0.02798462
0.097229004
0.044509888
-0.10676575
-0.24151611
-0.317688
-0.30491638
-0.17814636
-0.0034484863
0.124938965
0.19258118
0.22080994
0.2186737
0.2021637
0.16807556
0.059951782
-0.07374573
-0.19677734
-0.21968079
-0.18719482
-0.21595764
-0.1611023
0.056228638
0.33744812
0.4524994
0.30336
0.06687927
-0.12594604
-0.3491211
-0.39971924
-0.02154541
0.45037842
0.39230347
0.11961365
-0.03060913
-0.034866333
0.024795532
0.015213013
-0.051376343
-0.1030426
-0.123809814
-0.10569763
-0.043914795
-0.007171631
-0.030075073
-0.04232788
0.03277588
0.1552887
0.25169373
0.23625183
0.06793213
-0.08811951
-0.052444458
0.11959839
0.13931274
0.024261475
0.14517212
0.4700775
0.5046997
0.17553711
-0.09239197
-0.14457703
-0.112091064
-0.14831543
-0.20158386
-0.12594604
0.023727417
0.17286682
0.24531555
0.19844055
0.11001587
0.115875244
0.27513123
0.4801941
0.5116272
0.34225464
0.09617615
-0.016220093
0.094573975
0.31614685
0.46847534
0.4881897
0.33265686
0.15370178
0.0887146
0.08604431
-0.06097412
-0.30596924
-0.37149048
-0.12541199
0.350235
0.619751
0.47433472
0.09829712
-0.18400574
-0.19944763
-0.1030426
-0.062561035
-0.119018555
-0.26550293
-0.381073
-0.3821411
-0.30703735
-0.22607422
-0.18612671
-0.2122345
-0.24951172
-0.2441864
-0.18986511
-0.085998535
0.054092407
0.14091492
0.14196777
0.14570618
0.20909119
0.20269775
0.035446167
-0.0796051
0.053024292
0.2501068
0.20109558
-0.048171997
-0.24525452
-0.24206543
-0.1376648
-0.04711914
0.051956177
0.16540527
0.21334839
0.20323181
0.15156555
0.094573975
0.014144897
-0.055633545
-0.08067322
-0.055633545
0.011474609
0.14942932
0.28152466
0.28845215
0.29803467
0.5334625
0.59684753
-0.0796051
-0.411438
-0.41304016
-0.27615356
-0.19198608
-0.28785706
-0.2788086
-0.16375732
-0.12062073
-0.13020325
-0.11262512
-0.025817871
0.099365234
0.17765808
0.20323181
0.14144897
8.239746E-4
-0.052978516
-0.100372314
-0.08174133
-0.0135650635
0.06048584
0.04663086
-0.01461792
-0.038589478
0.014678955
0.12973022
0.18565369
0.15156555
0.18138123
0.2335968
0.2724762
0.24850464
-0.19784546
-0.6212921
-0.42048645
0.12812805
0.3358612
0.053024292
-0.30064392
-0.411438
-0.28520203
-0.08013916
0.082855225
0.190979
0.23945618
0.22666931
0.19151306
0.08924866
-0.07695007
-0.20690918
-0.17494202
-0.039657593
0.011474609
-0.067352295
-0.15524292
-0.23034668
-0.25590515
-0.1499176
-0.019943237
-0.005569458
-0.052978516
-0.0945282
0.010406494
0.18193054
0.2421112
0.03012085
-0.3187561
-0.5589752
-0.4524536
-0.03807068
0.38006592
0.59898376
0.575531
0.38272095
0.12545776
-0.09185791
-0.24632263
-0.33207703
-0.30917358
-0.13926697
0.08392334
0.33106995
0.5020447
0.40722656
0.16967773
0.17126465
0.44877625
0.5558319
0.27619934
-0.1930542
-0.3501892
-0.07640076
0.18991089
0.08125305
-0.29159546
-0.6127777
-0.5520477
-0.12541199
0.3470459
0.652771
0.71455383
0.4850006
0.09136963
-0.24206543
-0.37574768
-0.3970642
-0.40130615
-0.3075714
-0.102508545
0.04876709
0.014144897
-0.14619446
-0.25004578
-0.14299011
0.037582397
0.01361084
-0.16749573
-0.39544678
-0.38853455
-0.14619446
0.14570618
0.16700745
-0.15364075
-0.4860077
-0.5334015
-0.32089233
0.0652771
0.39497375
0.47912598
0.39338684
0.22027588
-0.0284729
-0.23406982
-0.3501892
-0.32940674
-0.21170044
-0.050308228
0.082855225
0.13078308
0.1478424
0.19683838
0.32839966
0.53027344
0.5680847
0.34118652
0.10310364
0.08711243
0.144104
0.061019897
-0.22181702
-0.42048645
-0.3214264
0.031188965
0.35237122
0.4924469
0.47966003
0.34223938
0.15742493
-0.025817871
-0.22554016
-0.32514954
-0.22981262
0.0024261475
0.18086243
0.1632843
0.007217407
-0.08227539
-0.016220093
0.11054993
0.19470215
0.17926025
0.033325195
-0.15896606
-0.31503296
-0.2883911
-0.03326416
0.20962524
0.25968933
0.10096741
-0.092926025
-0.19091797
-0.18400574
-0.06309509
0.16007996
0.31240845
0.33639526
0.23731995
0.022659302
-0.19093323
-0.24685669
-0.11582947
0.09350586
0.24743652
0.30603027
0.399765
0.5877838
0.6048279
0.19844055
0.038650513
-0.05458069
-0.17654419
