1624763692723
1624763692738
1624763692757
1624763692776
1624763692796
1624763692817
1624763692836
1624763692857
1624763692876
1624763692895
1624763692917
1624763692936
1624763692957
1624763692977
1624763692997
1624763693017
1624763693038
1624763693057
1624763693077
1624763693098
1624763693116
1624763693136
1624763693157
1624763693177
1624763693197
1624763693216
1624763693236
1624763693256
1624763693276
1624763693296
1624763693316
1624763693337
1624763693357
1624763693376
1624763693396
1624763693416
1624763693436
1624763693456
1624763693476
1624763693497
1624763693517
1624763693538
1624763693557
1624763693577
1624763693598
1624763693617
1624763693638
1624763693657
1624763693678
1624763693698
1624763693717
1624763693738
1624763693757
1624763693778
1624763693799
1624763693818
1624763693837
1624763693857
1624763693878
1624763693899
1624763693918
1624763693938
1624763693958
1624763693977
1624763693999
1624763694018
1624763694038
1624763694058
1624763694077
1624763694099
1624763694118
1624763694138
1624763694157
1624763694177
1624763694198
1624763694218
1624763694239
1624763694257
1624763694279
1624763694298
1624763694318
1624763694338
1624763694357
1624763694377
1624763694398
1624763694418
1624763694438
1624763694457
1624763694479
1624763694498
1624763694518
1624763694538
1624763694557
1624763694578
1624763694598
1624763694618
1624763694638
1624763694658
1624763694678
1624763694698
1624763694718
1624763694746
1624763694757
1624763694778
1624763694798
1624763694819
1624763694838
1624763694859
1624763694879
1624763694898
1624763694919
1624763694938
1624763694960
1624763694978
1624763695000
1624763695018
1624763695038
1624763695060
1624763695077
1624763695098
1624763695118
1624763695138
1624763695158
1624763695179
1624763695198
1624763695219
1624763695239
1624763695259
1624763695278
1624763695298
1624763695319
1624763695339
1624763695358
1624763695378
1624763695398
1624763695419
1624763695439
1624763695460
1624763695478
1624763695498
1624763695519
1624763695539
1624763695558
1624763695579
1624763695598
1624763695619
1624763695639
1624763695658
1624763695677
1624763695698
1624763695718
1624763695738
1624763695758
1624763695778
1624763695798
1624763695818
1624763695838
1624763695859
1624763695878
1624763695898
1624763695919
1624763695939
1624763695959
1624763695978
1624763695998
1624763696019
1624763696038
1624763696058
1624763696079
1624763696098
1624763696118
1624763696138
1624763696159
1624763696179
1624763696198
1624763696218
1624763696239
1624763696259
1624763696280
1624763696299
1624763696319
1624763696338
1624763696359
1624763696379
1624763696397
1624763696418
1624763696439
1624763696460
1624763696478
1624763696498
1624763696518
1624763696538
1624763696559
1624763696579
1624763696598
1624763696619
1624763696639
1624763696659
1624763696678
1624763696698
1624763696719
1624763696740
1624763696760
1624763696778
1624763696798
1624763696818
1624763696839
1624763696860
1624763696879
1624763696899
1624763696919
1624763696940
1624763696958
1624763696979
1624763696998
1624763697019
1624763697038
1624763697058
1624763697078
1624763697098
1624763697119
1624763697138
1624763697159
1624763697179
1624763697198
1624763697219
1624763697239
1624763697259
1624763697279
1624763697300
1624763697319
1624763697338
1624763697360
1624763697379
1624763697399
1624763697419
1624763697439
1624763697460
1624763697480
1624763697497
1624763697518
1624763697539
1624763697559
1624763697579
1624763697600
1624763697621
1624763697639
1624763697660
1624763697680
1624763697699
1624763697719
1624763697739
1624763697759
1624763697779
1624763697799
1624763697820
1624763697839
1624763697859
1624763697879
1624763697899
1624763697919
1624763697939
1624763697960
1624763697979
1624763697999
1624763698019
1624763698039
1624763698060
1624763698080
1624763698100
1624763698120
1624763698139
1624763698159
1624763698179
1624763698199
1624763698218
1624763698240
1624763698259
1624763698279
1624763698300
1624763698321
1624763698339
1624763698359
1624763698380
1624763698400
1624763698421
1624763698440
1624763698459
1624763698479
1624763698499
1624763698519
1624763698539
1624763698559
1624763698581
1624763698600
1624763698619
1624763698640
1624763698659
1624763698679
1624763698700
1624763698719
1624763698740
1624763698759
1624763698780
1624763698800
1624763698819
1624763698839
1624763698859
1624763698879
1624763698899
1624763698920
1624763698939
1624763698959
1624763698980
1624763698999
1624763699020
1624763699039
1624763699060
1624763699080
1624763699101
1624763699120
1624763699140
1624763699159
1624763699179
1624763699200
1624763699219
1624763699240
1624763699260
1624763699280
1624763699301
1624763699321
1624763699339
1624763699360
1624763699380
1624763699401
1624763699421
1624763699440
1624763699460
1624763699479
1624763699499
1624763699521
1624763699539
1624763699560
1624763699580
1624763699601
1624763699620
1624763699640
1624763699660
1624763699680
1624763699701
1624763699720
1624763699740
1624763699760
1624763699780
1624763699800
1624763699820
1624763699840
1624763699860
1624763699880
1624763699900
1624763699921
1624763699940
1624763699960
1624763699980
1624763700000
1624763700020
1624763700039
1624763700059
1624763700079
1624763700099
1624763700120
1624763700141
1624763700160
1624763700180
1624763700200
1624763700221
1624763700240
1624763700259
1624763700281
1624763700300
1624763700321
1624763700341
1624763700360
1624763700382
1624763700400
1624763700421
1624763700440
1624763700460
1624763700480
1624763700500
1624763700519
1624763700539
1624763700560
1624763700580
1624763700600
1624763700620
1624763700640
1624763700661
1624763700681
1624763700700
1624763700721
1624763700741
1624763700761
1624763700780
1624763700800
1624763700820
1624763700841
1624763700861
1624763700880
1624763700900
1624763700919
1624763700940
1624763700959
1624763700981
1624763701000
1624763701021
1624763701040
1624763701062
1624763701080
1624763701102
1624763701121
1624763701153
1624763701160
1624763701179
1624763701201
1624763701220
1624763701242
1624763701261
1624763701279
1624763701300
1624763701320
1624763701340
1624763701360
1624763701382
1624763701401
1624763701422
1624763701440
1624763701460
1624763701483
1624763701503
1624763701520
1624763701540
1624763701561
1624763701581
1624763701600
1624763701621
1624763701642
1624763701661
1624763701684
1624763701701
1624763701721
1624763701740
1624763701761
1624763701781
1624763701801
1624763701821
1624763701841
1624763701861
1624763701883
1624763701901
1624763701920
1624763701941
1624763701960
1624763701981
1624763702001
1624763702021
1624763702041
1624763702062
1624763702083
1624763702101
1624763702120
1624763702140
1624763702161
1624763702181
1624763702202
1624763702220
1624763702241
1624763702261
1624763702281
1624763702303
1624763702321
1624763702341
1624763702363
1624763702382
1624763702401
1624763702423
1624763702441
1624763702461
1624763702481
1624763702502
1624763702521
1624763702541
1624763702561
1624763702582
1624763702602
1624763702623
1624763702641
1624763702662
1624763702682
1624763702703
1624763702722
1624763702741
1624763702761
1624763702782
1624763702803
1624763702824
1624763702841
1624763702861
1624763702882
1624763702902
1624763702921
1624763702942
1624763702961
1624763702981
1624763703001
1624763703021
1624763703041
1624763703061
1624763703081
1624763703101
1624763703121
1624763703141
1624763703161
1624763703181
1624763703201
1624763703221
1624763703242
1624763703261
1624763703281
1624763703301
1624763703322
1624763703342
1624763703361
1624763703381
1624763703402
1624763703421
1624763703441
1624763703461
1624763703482
1624763703501
1624763703522
1624763703540
1624763703561
1624763703581
1624763703602
1624763703621
1624763703642
1624763703661
1624763703682
1624763703703
1624763703722
1624763703743
1624763703763
1624763703782
1624763703802
1624763703822
1624763703842
1624763703861
1624763703882
1624763703901
1624763703921
1624763703942
1624763703961
1624763703982
1624763704001
1624763704021
1624763704042
1624763704062
1624763704082
1624763704102
1624763704122
1624763704144
1624763704162
1624763704182
1624763704202
1624763704221
1624763704241
1624763704262
1624763704284
1624763704302
1624763704323
1624763704342
1624763704362
1624763704381
1624763704403
1624763704421
1624763704444
1624763704462
1624763704482
1624763704502
1624763704525
1624763704542
1624763704561
1624763704582
1624763704602
1624763704622
1624763704643
1624763704662
1624763704681
1624763704703
1624763704723
1624763704742
1624763704762
1624763704782
1624763704802
1624763704822
1624763704843
1624763704862
1624763704883
1624763704902
1624763704922
1624763704942
1624763704962
1624763704982
1624763705002
1624763705022
1624763705042
1624763705062
1624763705082
1624763705103
1624763705121
1624763705141
1624763705161
1624763705182
