-1.1285095
-0.40187073
0.40377808
0.07936096
-1.1680145
-2.0179596
-1.9257812
-1.5678558
-1.1285095
-0.7598114
-0.6412964
-0.47610474
-0.14450073
0.030273438
0.1499939
0.10211182
-0.29891968
-0.9992218
-1.3846893
-0.70114136
0.18830872
0.8048096
2.225769
2.110855
0.592926
0.23139954
0.60728455
0.355896
0.28048706
0.6731262
0.9831848
0.7593231
0.49595642
0.30801392
0.14880371
0.044647217
-0.21990967
-0.27737427
-0.0846405
0.18830872
0.5043335
0.7976227
0.6312256
0.18470764
-0.4964447
-1.0842285
-1.0578766
-0.5024414
1.0023346
1.3746338
0.37265015
-0.60658264
-0.48806763
0.2876587
0.5115204
0.0063323975
-0.61016846
-0.88191223
-0.7059479
-0.4748993
-0.42103577
-0.33483887
-0.12295532
-0.18638611
-0.2510376
-0.10020447
-0.12414551
-0.49165344
-0.8651428
-0.9046631
-0.30012512
0.29605103
0.79164124
2.6291962
2.9631805
1.3518829
0.082962036
0.21702576
0.41575623
0.276886
0.52827454
0.9412842
1.2345734
1.2225952
0.95684814
0.66474915
0.69348145
1.0406342
1.2824554
1.2309875
0.97958374
1.10289
1.6403809
1.4680023
1.1004944
0.92811584
0.83114624
1.1412048
1.4919434
1.8869934
2.335907
2.0581818
1.7002411
1.573349
1.7756653
1.7732697
0.9364929
0.14401245
-0.1133728
0.07696533
0.26132202
0.22541809
0.311615
0.7210083
1.078949
1.3267517
1.1687317
0.6013031
0.13682556
-0.11695862
-0.46531677
-0.86994934
-0.5934143
-0.11695862
-0.13012695
1.0514221
3.015854
2.277237
1.5290527
1.7325592
1.3423157
0.8945923
1.1866913
1.7193909
1.8187561
1.5063171
1.0597992
0.53427124
0.011123657
-0.23666382
-0.09661865
0.39421082
1.0190887
1.4081573
1.5661774
1.6619415
1.5637665
1.3722382
1.0178986
0.71383667
0.6312256
1.4081421
1.4680023
0.95684814
0.28048706
-0.034362793
0.88142395
1.5446167
1.1112671
0.24337769
-0.4497528
-0.64967346
-0.4784851
-0.2115326
0.03866577
0.40856934
0.6886902
0.9544525
0.810791
0.20387268
-0.23309326
-0.6149597
-0.63171387
-0.24864197
0.047042847
-0.024780273
1.0466156
3.7245483
2.0940857
0.045837402
0.29005432
-0.09422302
-0.23547363
1.0681763
2.5609589
3.3570404
2.8913574
1.8403015
1.2345734
0.98558044
0.8072052
0.53785706
0.34631348
0.29844666
0.5258789
1.0298615
1.4536438
1.1148682
0.2972412
-0.19717407
0.36427307
0.5617981
0.3307495
0.316391
0.7700958
1.0957031
0.1272583
-0.9441681
-1.1823883
-0.40426636
0.68510437
1.12323
0.96043396
0.5522156
-0.29891968
-1.2003479
-1.2913208
-1.3236389
-1.7102966
-1.8958588
-1.4313812
-0.54074097
0.21104431
0.20506287
0.013519287
0.39898682
0.4827881
-0.04034424
-0.11816406
0.83833313
1.9348755
2.8087616
3.0661316
2.6507416
1.8426971
0.92811584
0.39660645
-0.011627197
-0.15527344
-0.07626343
-0.024780273
-0.19717407
-0.11695862
0.25654602
0.37026978
0.22660828
0.10211182
0.09132385
0.03866577
-0.012817383
-0.045135498
0.09732056
0.65397644
0.79045105
0.17034912
-0.6999512
-1.2254791
-1.173996
-0.6365051
-0.14089966
-0.20075989
-0.41384888
-0.38153076
-0.33963013
-0.24386597
-0.18519592
-0.17921448
-0.15647888
-0.3408203
-0.7059326
-1.0279541
-1.26857
-0.9872589
-0.23547363
0.44688416
1.1483765
1.5410309
1.4404755
1.533844
1.8187561
1.9624023
1.7349548
1.3087921
1.0250854
1.047821
1.2980194
1.5326538
1.5865173
1.6176453
1.3183746
0.8586731
0.5402527
0.48876953
0.6048889
0.8287506
0.9113617
0.905365
0.76171875
0.47320557
0.106903076
-0.3731537
-0.55630493
-0.16365051
0.57855225
0.905365
0.76530457
0.14282227
-0.5862274
-0.87353516
-0.51319885
0.12007141
0.58573914
0.7018585
0.65756226
0.53067017
0.5318756
0.72340393
0.81437683
0.81318665
0.5761719
0.25653076
0.025497437
-0.2390747
-0.5060272
-0.525177
-0.35758972
-0.1133728
0.1954956
0.5019531
0.6707306
0.6779175
0.747345
1.2944183
1.5769348
1.26091
1.118454
1.3111877
1.7301636
2.036621
1.7720795
1.1088715
0.43251038
0.10211182
0.11767578
0.14401245
0.12365723
0.2649231
0.53427124
0.727005
0.8431244
0.8826294
0.731781
0.35110474
0.0745697
0.13442993
0.23977661
0.4971466
0.6264496
0.65397644
0.7557373
0.6312256
-0.034362793
-0.70832825
-1.0459137
-1.0363312
-0.62931824
-0.10020447
0.21464539
0.1272583
-0.0068359375
-0.052322388
-0.09901428
-0.16604614
-0.17800903
-0.07865906
-0.307312
-0.76220703
-0.9417572
-0.664032
-0.37194824
-0.060699463
0.1607666
0.17393494
0.1499939
0.3451233
0.83833313
1.3602753
1.5948944
1.4165344
1.1675415
1.0753632
1.1986542
1.300415
1.300415
1.0262756
0.49954224
0.13563538
0.20506287
0.2828827
0.31399536
0.4456787
0.5917206
0.63960266
0.60609436
0.6491852
0.6623535
0.5246887
0.31159973
0.07815552
0.13922119
0.5510254
0.82276917
0.79522705
0.51989746
0.16316223
-0.1995697
-0.82803345
-1.0471191
-0.73706055
-0.19836426
0.3307495
0.5151062
0.4863739
0.40737915
0.29963684
0.23738098
3.5095215E-4
-0.26301575
-0.20794678
-0.17323303
-0.30490112
-0.53474426
-0.7610016
-0.82803345
-0.8005066
-0.7203064
-0.54792786
-0.4270172
-0.6293335
-0.7933197
-0.26301575
1.4021606
1.5410309
0.5941162
0.06738281
