2.4477081
2.9313354
2.9085846
2.1173096
1.4481354
1.68396
2.2956696
2.5434723
2.284912
2.0131683
1.8323975
1.6312866
1.4816589
1.6253052
1.8527527
1.8742981
1.6085358
1.2877197
0.9321747
1.4361572
2.1975098
2.4596863
1.5630493
0.7346649
0.5084076
0.12414551
0.17681885
0.8699341
1.4996033
1.7450104
1.7917023
1.7976837
1.6660004
1.1560364
0.58981323
0.2450409
0.32763672
0.7286682
1.0183716
0.94415283
0.8651428
0.9525299
0.83761597
1.0171814
1.0866089
0.8435974
0.88668823
1.6672058
2.0562592
1.5367126
0.3827057
-0.62046814
-0.3439331
0.6532593
1.6648102
1.9580994
1.6983337
1.5450897
1.6229095
1.8491669
1.9592896
1.668396
1.1871643
0.82803345
0.6556549
0.8735199
1.4433441
1.9389343
2.2035065
2.2142792
2.1400604
1.9664764
1.944931
1.2170868
0.16004944
-0.38822937
-0.38583374
0.22109985
1.2697601
2.233429
2.4716492
2.5039825
2.5769958
2.379486
1.7641602
1.1045685
0.881897
1.015976
1.3248291
1.5486908
1.648056
1.9125977
2.2585754
2.3016663
2.1221008
1.9712677
1.9485168
1.949707
2.233429
2.4141998
2.2322388
2.0490723
1.3930664
0.87112427
1.4924164
2.5386963
2.9038086
2.399826
1.8790894
1.9066162
2.1616058
2.3220062
1.9784546
1.6181183
1.8120422
2.2741241
2.5758057
2.5171356
2.3220215
2.0802002
2.114914
2.4129944
2.229828
1.8204346
2.1256866
2.5877686
2.4848175
2.1508331
1.1632233
0.3420105
0.881897
1.9437256
2.423767
2.7182617
3.1791382
3.498764
3.3036346
2.5985413
1.9425354
1.4385529
1.1404724
1.2470093
1.5821991
1.8707123
2.1400604
2.269333
2.3866577
2.1963196
1.9138031
1.92099
2.1675873
1.9616852
1.7306519
1.1105499
0.26420593
0.35636902
1.4648895
2.3555298
2.502777
2.1723785
1.9904175
2.138855
2.4453125
2.6272736
2.241806
1.7521973
1.6468506
1.7976837
2.0071716
2.1137238
1.8826752
1.5139618
1.644455
2.0526733
2.4572906
3.095337
4.1320343
4.5450287
4.3163757
2.0981598
-0.31640625
-0.07458496
1.8922577
3.0247192
3.5191193
4.106888
4.5234833
4.032669
3.0869598
2.439331
2.2825165
2.451294
2.5937653
2.59375
2.6619873
2.9217682
3.2677155
3.4245453
3.2054749
3.4365234
4.522278
5.9240875
6.285614
5.664322
4.5474243
3.134842
2.2765198
1.652832
1.6815643
2.791275
3.8159943
4.3391266
4.0410614
3.2629395
2.9289398
3.1432343
2.8259888
2.0825958
1.3284302
0.86154175
0.70114136
1.276947
1.901825
2.241806
2.2154694
1.7186737
0.9345703
0.3132782
0.028366089
0.4210205
1.5331268
2.4046173
2.3028564
1.4481354
0.67959595
0.5263672
0.96569824
1.4960175
1.9401398
2.0131683
1.9784546
1.9042206
1.92099
2.102951
2.210678
2.2430115
2.2825165
2.3746796
2.466858
2.407013
2.6464233
3.004364
2.8714752
2.6105194
2.090973
1.4696808
1.218277
1.5726318
1.7964935
1.5199585
1.1751862
1.0435028
1.0506897
1.316452
1.8084564
2.2753296
2.4716492
2.3854675
2.2226562
2.023941
1.6276855
1.221878
1.0303497
1.1811676
1.6516418
2.2310333
2.3782806
1.8934479
1.4876404
1.5941772
1.6372681
1.2398376
0.92619324
0.8938751
1.0279541
1.2434235
1.4768677
1.6253052
1.6779785
1.747406
1.8623352
1.9125977
2.0335236
2.3016663
2.454895
2.41539
2.2861023
2.1807556
2.0251312
1.8802795
1.936554
2.063446
2.217865
2.3902435
2.4560852
2.0526733
1.4720764
1.0626678
1.0171661
1.3583527
1.9126129
2.2166595
1.8647156
1.2170868
0.787323
0.71910095
1.0518951
1.5211487
1.8934479
2.248993
2.5925598
2.7374115
2.600937
2.3926392
2.3064575
2.2980804
2.2825165
2.1999054
2.1005554
1.9269714
1.8216248
1.9521179
1.9317627
1.8300018
1.439743
0.94773865
0.9118347
1.5032043
1.7366333
1.5618591
1.2554016
1.1500549
1.5008087
1.9676666
2.3327942
2.518341
2.6057281
2.7733154
2.815216
2.633255
2.4752502
2.4800415
2.6188965
2.7936707
2.9277496
3.1013336
3.201889
3.2653198
3.1516113
2.9540863
2.3878632
2.035904
1.7186737
1.6887512
2.0215454
2.0730133
1.7665558
1.6660004
1.6540375
1.6779785
1.8048706
2.126892
2.5195312
2.7098694
2.758957
2.7003021
2.430954
2.2789154
2.3256073
2.4501038
2.6703644
2.7924805
2.7745209
2.5997467
2.5159454
2.569809
2.5865784
2.4093933
1.9030304
1.4996033
1.4505157
1.6576233
1.7701569
1.7258606
1.5427094
1.3439789
1.5211487
1.9521027
2.2956848
2.509964
2.6356506
2.640442
2.5039673
2.3699036
2.3986206
2.502777
2.5111542
2.5877686
2.7541656
2.893036
2.9672546
3.1731567
3.285675
3.2198486
2.894226
2.2633514
1.7785339
1.6707916
2.1053467
2.4692535
2.3112335
2.0586548
1.8240204
1.6899414
1.807251
1.9676666
2.1879425
2.4584808
2.6188965
2.688324
2.7505798
2.7613525
2.628479
2.4141998
2.3507538
2.4405365
2.5710144
2.4189758
2.0035858
1.8012695
2.2322235
2.5219269
2.1448364
1.2996979
0.233078
