-0.21063232
-0.92276
-1.1651154
-0.61756897
0.3598175
0.9297333
0.73106384
0.12973022
-0.34326172
-0.5035858
-0.48867798
-0.46310425
-0.47694397
-0.5275574
-0.47801208
-0.266037
-0.03060913
0.33000183
0.4716797
0.26127625
0.13664246
0.3513031
0.3736725
-0.002380371
-0.1030426
0.14889526
0.30122375
0.20109558
0.05142212
0.0098724365
-0.0050354004
-0.057235718
-0.14938354
-0.13873291
0.0018920898
0.20481873
0.32147217
0.17286682
-0.095047
-0.28466797
-0.32780457
-0.29212952
-0.13980103
0.13877869
0.42373657
0.54411316
0.6016388
0.54837036
0.04663086
-0.8961334
-1.4426117
-1.2460785
-0.6079712
-0.18507385
-0.029006958
0.15956116
0.24371338
0.256485
0.17286682
-0.014099121
-0.2979889
-0.5946655
-0.7885437
-0.7272949
-0.4045105
0.054092407
0.45303345
0.61442566
0.5712738
0.35821533
-0.049240112
-0.4513855
-0.54193115
-0.6090393
-0.700119
-0.04019165
0.6905823
0.91163635
0.6485138
0.2698059
-0.0050354004
-0.14724731
-0.2702942
-0.3603058
-0.2868042
-0.16589355
-0.052978516
0.02532959
0.111083984
0.20109558
0.16860962
-0.07481384
-0.36135864
-0.58880615
-0.58987427
-0.458313
-0.32461548
-0.16642761
-0.12966919
-0.12062073
-0.5025177
-1.1342163
-1.1001282
-0.26283264
0.6240082
0.80137634
0.48658752
0.20695496
0.19151306
0.30975342
0.2655487
0.011474609
-0.33207703
-0.4945221
-0.32247925
-0.09025574
0.07220459
0.30177307
0.6160126
0.92707825
1.1321411
1.037323
0.47966003
-0.20690918
-0.2484436
0.20162964
-0.16375732
-0.83114624
-0.82688904
-0.30278015
0.31082153
0.61654663
0.7608948
0.85943604
0.7747345
0.50735474
0.18884277
-0.03060913
-0.1653595
-0.30278015
-0.4875946
-0.55737305
-0.37467957
-0.052978516
0.087646484
-0.055099487
-0.24951172
-0.3613739
-0.2718811
-0.014099121
0.27513123
-0.024215698
-0.70225525
-1.0053253
-0.77363586
-0.3075714
-0.02154541
0.06794739
0.22666931
0.40083313
0.49404907
0.44610596
0.20376587
-0.21116638
-0.6559143
-0.91903687
-0.7981262
-0.32514954
0.18937683
0.43917847
0.5068207
0.4855194
0.4328003
0.28952026
0.13291931
0.26501465
0.96595764
0.95051575
0.118011475
-0.5989227
-0.6916046
-0.34591675
0.017333984
0.42694092
0.69325256
0.66342163
0.31881714
-0.15629578
-0.40078735
-0.26708984
0.061019897
0.36195374
0.40296936
0.17233276
-0.076416016
-0.2207489
-0.25697327
-0.20903015
-0.11155701
0.07699585
0.13291931
-0.024749756
-0.334198
-0.59306335
-0.5291443
-0.5525818
-0.58773804
-0.31822205
0.26820374
0.7299957
0.57073975
0.16275024
0.20535278
0.72413635
1.1912689
1.1582489
0.62080383
0.20376587
0.022140503
-0.02633667
-0.09025574
0.11747742
0.4146881
0.6538391
0.76675415
0.5057678
-0.06309509
-0.47854614
-0.4955902
-0.2287445
-0.030593872
-0.29426575
-0.7528534
-1.0559235
-0.9435272
-0.4167633
0.1478424
0.3193512
0.16488647
-0.024749756
-0.12168884
-0.12541199
-0.09825134
-0.034866333
0.010940552
0.037582397
0.10682678
0.23306274
0.22346497
0.08604431
0.027999878
0.12440491
0.118011475
-0.016220093
-0.06629944
0.13557434
0.34757996
0.27619934
-0.033798218
-0.3075714
-0.3736267
-0.25430298
-0.018356323
0.20109558
0.31295776
0.26182556
0.0844574
-0.12327576
-0.2841339
-0.4045105
-0.49665833
-0.521698
-0.45298767
-0.27827454
-0.12915039
-0.12913513
-0.13606262
0.016815186
0.20748901
0.20376587
0.11373901
0.18139648
0.36035156
0.33744812
0.07646179
-0.22608948
-0.35231018
-0.28094482
-0.10997009
0.101501465
0.25862122
0.29058838
0.23039246
0.11001587
-0.011962891
-0.08918762
-0.11050415
-0.09825134
-0.07055664
0.017333984
0.1318512
0.18191528
0.11747742
-0.01461792
-0.12860107
-0.3544464
-0.4940033
-0.3933258
0.01361084
0.39923096
0.48979187
0.18618774
-0.270813
-0.52648926
-0.4641571
-0.19091797
0.104156494
0.30122375
0.37313843
0.3624878
0.2916565
0.15689087
-0.016220093
-0.17973328
-0.2676239
-0.28147888
-0.2665558
-0.2841339
-0.30117798
-0.25590515
-0.059906006
0.22453308
0.2836609
0.14251709
0.021606445
0.059417725
0.14729309
0.10734558
-0.104644775
-0.17868042
0.0050811768
0.26820374
0.4386444
0.4381256
0.31402588
0.12333679
-0.052444458
-0.13233948
-0.1376648
-0.13659668
-0.11582947
-0.003982544
0.19683838
0.33798218
0.32200623
0.20802307
0.094573975
0.14091492
0.16914368
2.89917E-4
-0.28785706
-0.29319763
0.1121521
0.49617004
0.48286438
0.1084137
-0.26071167
-0.33847046
-0.20211792
-0.03540039
0.14730835
0.27352905
0.25382996
0.12068176
0.017333984
-0.053512573
-0.048706055
-0.052444458
-0.08067322
-0.03593445
0.03225708
-0.0029144287
-0.097717285
-0.17919922
-0.10997009
0.031188965
0.011474609
-0.12966919
-0.18080139
0.03225708
0.17073059
0.11161804
-0.065216064
-0.16268921
-0.16056824
-0.10890198
-0.0476532
0.04876709
0.10043335
0.104156494
0.03704834
-0.045516968
-0.090789795
-0.11315918
-0.060424805
0.056228638
0.18725586
0.30336
0.36834717
0.3278656
0.21601868
0.22453308
0.29696655
0.24636841
0.12013245
0.0029449463
0.078063965
0.24371338
0.24157715
0.011474609
-0.28573608
-0.46629333
-0.4668274
-0.23779297
0.03704834
0.17233276
0.13024902
-0.0061035156
-0.076416016
-0.054031372
-0.012496948
0.0098724365
0.0013580322
0.014678955
0.049819946
0.019470215
8.239746E-4
0.044509888
0.14356995
0.254364
0.1712799
-0.3698883
-0.5967865
-0.30491638
0.25222778
