2.241516
3.4683228
1.5686035
3.5949707
3.755188
4.196167
2.8701782
3.2318115
4.35791
3.8330078
3.970337
2.8198242
3.90625
2.5939941
4.319763
4.35791
2.34375
2.0690918
4.046631
3.6941528
4.524231
2.4093628
2.8686523
2.8686523
2.8686523
4.232788
3.363037
4.26178
3.010559
3.7719727
3.3248901
4.1366577
3.8864136
3.9718628
4.9224854
4.26178
5.1986694
5.0735474
5.5862427
4.924011
4.1625977
4.637146
3.2852173
5.1986694
6.1279297
3.199768
4.486084
3.8619995
5.7632446
4.0359497
4.1381836
5.052185
3.5140991
3.2608032
5.1742554
4.512024
5.177307
6.6497803
4.2999268
6.0028076
4.0756226
4.512024
4.988098
5.3634644
3.9123535
5.5130005
4.324341
5.5496216
5.5755615
5.2978516
4.798889
4.760742
5.7617188
3.9093018
3.7246704
3.6239624
4.91333
6.100464
7.0251465
5.924988
4.849243
5.4504395
4.286194
5.2627563
6.074524
4.571533
5.2215576
5.1605225
4.7958374
3.7857056
5.0109863
4.6691895
3.7567139
4.7332764
4.3807983
4.193115
3.1539917
2.7923584
2.8411865
3.440857
2.2994995
2.8167725
2.8167725
1.7166138
2.1270752
3.0685425
3.440857
3.1158447
3.5049438
2.8427124
3.6315918
4.3167114
2.9663086
2.8411865
4.6676636
3.7567139
3.817749
5.6030273
3.8772583
2.8259277
3.8772583
5.6015015
8.016968
6.3796997
4.5288086
6.44989
5.189514
5.2108765
5.7525635
4.727173
6.1035156
5.7785034
5.352783
7.8536987
7.1411133
7.3913574
6.8389893
6.7276
8.413696
6.285095
8.074951
6.776428
8.139038
6.184387
5.645752
6.2713623
5.731201
5.657959
5.857849
5.541992
5.206299
5.9310913
5.230713
5.557251
5.1223755
6.121826
5.7724
5.895996
5.659485
5.859375
8.033752
6.3323975
5.833435
5.0842285
7.373047
6.3705444
5.2459717
5.581665
5.705261
7.8201294
7.020569
8.02002
6.3308716
7.4554443
6.718445
8.467102
6.790161
6.188965
6.1401367
8.96759
8.96759
8.59375
9.092712
8.59375
7.5897217
8.903503
7.0144653
8.277893
7.6141357
9.153748
8.276367
10.627747
9.614563
10.041809
11.791992
10.5911255
8.049011
9.402466
9.011841
8.422852
9.146118
8.346558
10.046387
8.860779
9.547424
9.396362
10.435486
11.274719
11.227417
12.167358
11.18927
11.277771
10.1501465
11.439514
11.9644165
11.503601
13.102722
12.730408
11.791992
13.356018
13.667297
13.729858
13.317871
14.581299
13.7283325
14.479065
15.6814575
13.793945
14.482117
15.081787
16.030884
16.09497
16.18042
14.245605
14.86969
15.660095
16.534424
16.159058
16.37268
18.44635
18.058777
18.09845
18.13507
18.88733
18.423462
18.69812
19.262695
18.951416
19.299316
19.134521
20.173645
19.69757
18.745422
19.158936
19.572449
19.60907
19.75708
19.75708
19.75708
20.233154
18.919373
21.586609
20.170593
20.58258
20.770264
21.57135
20.669556
19.607544
20.10498
20.132446
20.60852
19.78302
19.299316
20.709229
19.546509
19.573975
20.022583
20.236206
18.946838
19.9234
21.612549
22.813416
22.340393
22.21222
22.839355
22.775269
23.916626
23.028564
24.064636
22.402954
24.580383
23.605347
24.542236
25.66681
24.690247
25.291443
25.07782
26.431274
25.64087
26.579285
26.805115
26.579285
25.765991
27.616882
27.616882
26.516724
25.32959
27.342224
26.741028
27.278137
25.701904
25.602722
24.935913
26.177979
26.828003
26.01471
27.539062
25.813293
25.62561
26.512146
25.038147
25.3479
26.187134
27.238464
26.25122
26.411438
27.139282
26.164246
27.264404
27.825928
27.415466
27.262878
27.737427
27.825928
28.138733
28.103638
28.103638
27.35138
29.263306
28.927612
29.841614
29.890442
29.779053
30.239868
29.301453
30.752563
31.227112
31.402588
30.775452
29.80194
29.051208
28.57666
29.699707
30.149841
30.36499
30.838013
30.587769
29.096985
28.90625
29.533386
28.157043
28.884888
28.408813
28.884888
29.446411
27.981567
30.35736
28.092957
26.405334
26.968384
26.280212
27.981567
26.678467
27.278137
26.716614
25.932312
26.029968
26.84021
25.991821
26.280212
26.094055
27.093506
25.079346
26.86615
26.367188
25.05188
26.818848
27.017212
26.405334
25.55542
26.242065
27.05841
27.119446
26.994324
25.932312
26.597595
28.323364
28.285217
28.321838
28.450012
26.882935
27.445984
28.219604
28.135681
26.860046
27.470398
28.482056
27.470398
27.445984
28.009033
26.655579
26.052856
25.030518
26.130676
27.03247
27.03247
27.03247
25.616455
27.055359
27.31781
26.654053
26.817322
25.990295
26.52893
24.864197
24.70398
24.954224
23.979187
25.141907
24.603271
23.88916
26.130676
24.516296
24.343872
25.619507
26.693726
26.3031
27.03247
27.720642
27.156067
27.470398
27.633667
27.633667
25.784302
28.29895
