0.027954102
0.3182373
0.4519348
0.36883545
0.1925354
0.12435913
0.15737915
0.13182068
0.010910034
-0.122787476
-0.14941406
-0.038101196
0.11317444
0.2074585
0.23674011
0.26817322
0.3171692
0.32356262
0.25645447
0.14993286
0.05831909
0.014633179
0.005584717
-0.019454956
-0.09509277
-0.18830872
-0.2468872
-0.2538147
-0.21121216
-0.1446228
-0.11959839
-0.17019653
-0.23623657
-0.22026062
-0.09188843
-0.0024108887
-0.15048218
-0.4764557
-0.67300415
-0.59043884
-0.34277344
-0.14515686
-0.11373901
-0.27192688
-0.45941162
-0.47113037
-0.28578186
-0.13078308
-0.12171936
-0.21228027
-0.33850098
-0.41893005
-0.4583435
-0.48391724
-0.47166443
-0.42106628
-0.36512756
-0.33691406
-0.32359314
-0.30387878
-0.26446533
-0.20640564
-0.14408875
-0.09509277
-0.078048706
-0.13771057
-0.25221252
-0.28630066
-0.18510437
-0.018920898
0.06896973
0.07376099
0.081207275
0.06576538
0.064712524
0.10571289
0.11424255
0.046066284
0.01890564
0.08015442
0.10359192
0.008239746
-0.12332153
-0.21440125
-0.24583435
-0.19628906
-0.16699219
-0.179245
-0.16699219
-0.15208435
-0.13876343
-0.08177185
-0.045562744
-0.11053467
-0.2538147
-0.39816284
-0.44450378
-0.39868164
-0.36672974
-0.41625977
-0.47113037
-0.45622253
-0.35289
-0.19789124
-0.106277466
-0.08444214
-0.08018494
-0.07218933
-0.11373901
-0.21014404
-0.28364563
-0.2937622
-0.2218628
-0.15315247
-0.08656311
7.7819824E-4
-0.007736206
-0.0466156
-0.0055999756
-0.009338379
0.029556274
-0.05354309
-0.26446533
-0.39230347
-0.29216003
0.025817871
0.34432983
0.42796326
0.2505951
-0.02798462
-0.24902344
-0.36193848
-0.36193848
-0.33743286
-0.35289
-0.37419128
-0.39390564
-0.44662476
-0.5457001
-0.6463623
-0.68045044
-0.674057
-0.6836395
-0.7108154
-0.73158264
-0.7582245
-0.8359833
-0.8844452
-0.8279877
-0.6911011
-0.5520935
-0.58032227
-0.9654083
-1.4756775
-1.5475769
-1.1614227
-0.6266632
-0.36566162
-0.50042725
-0.84503174
-1.1166687
-1.2269287
-1.2008362
-1.0884552
-0.9723358
-0.86260986
-0.80722046
-0.84342957
-0.9062805
-0.9062805
-0.82533264
-0.70921326
-0.5925598
-0.48764038
-0.4237213
-0.4492798
-0.51960754
-0.5457001
-0.47592163
-0.28097534
-0.0743103
0.0018463135
-0.057800293
-0.11480713
-0.05407715
0.12277222
0.2617798
0.25431824
0.12275696
-0.05621338
-0.25753784
-0.41999817
-0.4940338
-0.5355835
-0.6431732
-0.7821808
-0.847702
-0.8327942
-0.81307983
-0.8077545
-0.7694092
-0.7278595
-0.7651367
-0.8258667
-0.82159424
-0.7523651
-0.6351776
-0.5302582
-0.54463196
-0.73158264
-1.0240021
-1.1076202
-0.90734863
-0.5925751
-0.3949585
-0.40348816
-0.5259857
-0.6506195
-0.67832947
-0.5952301
-0.4530182
-0.34968567
-0.2964325
-0.2799225
-0.3214569
-0.39709473
-0.41574097
-0.3353119
-0.20214844
-0.09030151
-0.033294678
-0.045013428
-0.11532593
-0.18084717
-0.21279907
-0.22451782
-0.18617249
-0.040756226
0.12275696
0.17602539
0.1174469
0.03327942
0.045532227
0.08760071
0.036468506
-0.055145264
-0.12545776
-0.09776306
-0.0055999756
0.043411255
0.029556274
-0.021057129
-0.10787964
-0.21014404
-0.29962158
-0.34436035
-0.36621094
-0.41200256
-0.4152069
-0.40242004
-0.46154785
-0.5648651
-0.5068207
-0.34649658
-0.18296814
-0.054611206
-0.03916931
-0.23730469
-0.5979004
-0.83651733
-0.79815674
-0.5552826
-0.30441284
-0.26339722
-0.36993408
-0.43437195
-0.38749695
-0.26818848
-0.14941406
-0.09136963
-0.071121216
-0.085510254
-0.15208435
-0.24102783
-0.24902344
-0.13504028
-0.11425781
-0.32518005
-0.43171692
-0.26713562
0.1179657
0.36618042
0.3959961
0.37097168
0.42689514
0.49560547
0.45672607
0.36883545
0.35765076
0.4109192
0.3997345
0.30332947
0.21011353
0.16111755
0.153656
0.16802979
0.21385193
0.28735352
0.36723328
0.40826416
0.3832245
0.29800415
0.16430664
0.06896973
0.07536316
0.11105347
0.0748291
-0.054611206
-0.17552185
-0.22824097
-0.2453003
-0.26979065
-0.29589844
-0.3017578
-0.35554504
-0.5153351
-0.6596832
-0.6405029
-0.36672974
-0.014129639
0.12809753
-0.03756714
-0.39923096
-0.6932373
-0.81573486
-0.72732544
-0.52279663
-0.31080627
-0.16859436
-0.09136963
-0.05621338
-0.055145264
-0.07698059
-0.11532593
-0.10734558
-0.025314331
0.11105347
0.2239685
0.23301697
0.200531
0.19200134
0.2159729
0.25112915
0.23994446
0.14726257
0.019973755
0.0061035156
0.17816162
0.3997345
0.5062561
0.52597046
0.4663086
0.39067078
0.3885498
0.4354248
0.47909546
0.4854889
0.439682
0.33953857
0.22129822
0.14247131
0.10359192
0.08708191
0.07269287
0.052978516
0.03060913
-0.0024108887
-0.05407715
-0.09509277
-0.09509277
-0.04714966
0.017837524
0.0061035156
-0.14888
-0.3907013
-0.5339813
-0.4567566
-0.2799225
-0.18296814
-0.20054626
-0.33636475
-0.46047974
-0.47006226
-0.40934753
-0.2852478
-0.13557434
-0.03010559
-0.049819946
-0.12704468
