-0.13035583
-0.24699402
-0.3753662
-0.359375
-0.14259338
0.09602356
0.17059326
-0.008911133
-0.34606934
-0.6198425
-0.5729675
-0.26724243
-0.00730896
0.07897949
0.09176636
0.11520386
0.09869385
-0.008377075
-0.13993835
-0.18148804
-0.09680176
0.03050232
0.115737915
0.104003906
-0.014770508
-0.15911865
-0.20439148
-0.14526367
-0.05632019
0.008666992
0.019851685
-0.02809143
-0.076553345
-0.052597046
0.08111572
0.21426392
0.064071655
-0.42596436
-0.7902832
-0.6395416
-0.16816711
0.1743164
0.11734009
-0.21769714
-0.4573822
-0.43875122
-0.22143555
-0.001449585
0.057678223
-0.05152893
-0.22036743
-0.31889343
-0.25657654
-0.12075806
-0.06750488
-0.10745239
-0.14952087
-0.17030334
-0.19320679
-0.19160461
-0.07495117
0.15994263
0.41081238
0.49017334
0.30374146
-0.057373047
-0.41903687
-0.48295593
-0.20651245
0.118392944
0.17112732
-0.0019836426
-0.10638428
-0.05204773
0.0874939
0.1977539
0.24249268
0.24356079
0.23823547
0.27764893
0.34477234
0.36820984
0.33784485
0.28723145
0.19189453
0.085372925
-0.0035858154
-0.015838623
0.057678223
0.14024353
0.17591858
0.19615173
0.19296265
0.0677948
-0.11489868
-0.21450806
-0.12875366
0.07044983
0.20149231
0.1104126
-0.15751648
-0.37483215
-0.36364746
-0.22409058
-0.12768555
-0.15805054
-0.26724243
-0.3466034
-0.35458374
-0.33328247
-0.31944275
-0.30558777
-0.3162384
-0.35246277
-0.3657837
-0.31944275
-0.2539215
-0.27896118
-0.29440308
-0.2693634
-0.29226685
0.023040771
0.35009766
0.3996277
0.31333923
0.22705078
0.18710327
0.16845703
0.1423645
0.13224792
0.17219543
0.20681763
0.1769867
0.08004761
-0.046188354
-0.10638428
-0.046722412
0.076309204
0.118927
0.03050232
-0.10745239
-0.20439148
-0.23474121
-0.20758057
-0.17295837
-0.19586182
-0.27096558
-0.32902527
-0.26298523
-0.05418396
0.14822388
0.07951355
-0.4973297
-1.3154602
-1.4789734
-0.7290344
0.3026886
0.8598175
0.62545776
-0.02861023
-0.54100037
-0.61131287
-0.35671997
-0.031280518
0.17219543
0.24249268
0.23823547
0.19137573
0.12211609
0.06832886
0.10934448
0.24835205
0.35914612
0.3261261
0.18603516
0.035308838
-0.0051879883
0.13117981
0.3623352
0.4933777
0.30482483
-0.083480835
-0.29386902
-0.18200684
0.10774231
0.3037567
0.30641174
0.23025513
0.12852478
0.048095703
0.00440979
-0.053649902
-0.11064148
-0.08880615
1.5258789E-4
0.059265137
0.044891357
0.017715454
0.03691101
0.032104492
-0.07122803
-0.23048401
-0.38069153
-0.44566345
-0.36897278
-0.25178528
-0.20758057
-0.24859619
-0.33381653
-0.47070312
-0.7322235
-0.9692383
-0.7529907
-0.08508301
0.5434265
0.7218628
0.47685242
0.08218384
-0.11277771
0.023040771
0.32292175
0.53544617
0.55355835
0.42625427
0.23130798
0.045959473
-0.043533325
0.0028076172
0.13597107
0.23397827
0.2366333
0.1578064
0.043289185
-0.021697998
-0.015304565
-0.0030517578
0.01399231
0.050750732
0.008666992
-0.104782104
-0.059509277
0.10295105
0.061401367
-0.14633179
-0.36044312
-0.36524963
-0.17723083
-0.007843018
0.034240723
-0.011581421
-0.043533325
0.0049438477
0.0954895
0.16847229
0.17591858
0.092300415
0.017715454
0.023040771
0.0012054443
0.10295105
0.23397827
0.2403717
0.118392944
-0.024353027
-0.07975769
-0.07443237
0.042236328
0.16368103
0.031036377
-0.2762909
-0.3327484
-0.03074646
0.3026886
0.2819214
-0.008911133
-0.2219696
-0.15963745
0.05607605
0.20361328
0.21160889
0.14608765
0.07312012
0.03742981
0.019317627
-0.016906738
-0.02381897
0.024108887
-0.17669678
-0.2858734
-0.12928772
0.047561646
0.12532043
0.2712555
0.4081421
0.5429077
0.5333252
0.34475708
0.19136047
0.19189453
0.32133484
0.33677673
0.088027954
-0.23687744
-0.4057312
-0.3316803
-0.045135498
0.2238617
0.2957611
0.15089417
-0.07015991
-0.23687744
-0.26457214
-0.19799805
-0.13568115
-0.1324768
-0.15325928
-0.15538025
-0.16604614
-0.1750946
-0.1947937
-0.27096558
-0.32795715
-0.23368835
-0.059509277
-0.030212402
-0.27043152
-0.59854126
-0.6661835
-0.32902527
0.17858887
0.5002899
0.4438324
0.06034851
-0.32635498
-0.4254303
-0.2374115
0.06567383
0.24623108
0.22065735
0.12745667
0.07258606
0.0209198
-0.035003662
-0.027023315
0.07046509
0.11785889
0.04168701
-0.050460815
-0.053115845
0.058746338
0.22918701
0.30854797
0.24250793
0.045425415
-0.24113464
-0.47283936
-0.3716278
0.0012054443
0.2680664
0.2089386
-0.030212402
-0.12928772
0.064590454
0.4315796
0.7133484
0.7133484
0.4827118
0.2526245
0.13490295
0.09869385
0.13757324
0.1620636
0.10720825
0.020385742
-0.05632019
-0.08987427
-0.07762146
-0.078689575
-0.12608337
-0.13301086
-0.06750488
-0.0035858154
-0.0051879883
-0.05630493
-0.15324402
-0.23687744
-0.20439148
-0.048324585
0.11253357
0.14450073
0.01133728
-0.1862793
-0.25498962
-0.13993835
0.18231201
0.28990173
0.040100098
0.060333252
0.22972107
