23.10028
22.633362
21.400452
22.843933
22.938538
22.358704
22.06726
21.359253
23.893738
22.583008
21.90094
22.966003
23.898315
23.065186
22.868347
21.780396
21.84143
21.691895
19.862366
23.449707
20.736694
22.177124
20.883179
21.603394
21.84143
21.73462
22.973633
22.662354
21.780396
21.780396
21.780396
22.660828
22.288513
22.099304
21.07544
23.21167
23.910522
22.738647
23.875427
23.216248
25.053406
24.58496
23.854065
24.017334
26.190186
25.186157
26.123047
24.819946
27.397156
25.524902
26.931763
27.841187
26.750183
26.713562
27.426147
27.410889
28.616333
28.070068
27.069092
28.663635
27.542114
28.962708
28.964233
28.30658
26.837158
27.035522
28.642273
28.669739
29.624939
29.196167
27.84729
28.201294
30.340576
27.897644
26.95465
28.49884
27.191162
27.656555
26.62201
27.154541
26.95465
27.923584
25.292969
24.62616
26.260376
26.289368
25.994873
26.940918
27.314758
24.876404
27.096558
25.592041
27.122498
26.464844
25.271606
26.443481
26.293945
27.359009
27.456665
27.149963
26.953125
27.445984
27.48413
27.48413
27.48413
26.531982
27.183533
28.056335
29.115295
27.87323
28.474426
28.697205
31.41632
29.640198
31.092834
28.9917
31.100464
30.586243
31.698608
30.023193
30.688477
31.234741
30.66864
30.656433
31.910706
32.29828
29.56543
31.478882
30.236816
30.697632
30.107117
29.96521
29.844666
28.475952
28.805542
29.733276
30.654907
27.96936
29.64325
30.151367
31.015015
30.697632
32.51648
33.91571
32.495117
31.378174
31.599426
32.09076
31.944275
33.439636
33.57086
32.86438
32.05719
33.436584
34.661865
35.27527
35.21881
34.93042
34.960938
34.310913
35.238647
34.16443
35.476685
36.930847
33.34503
34.117126
34.313965
33.988953
34.535217
33.876038
32.914734
34.225464
33.48694
32.17163
32.681274
32.17163
33.828735
32.029724
32.029724
32.029724
33.30841
31.6391
32.965088
31.79779
32.281494
32.9422
32.911682
31.1203
32.302856
32.548523
32.141113
33.161926
32.009888
30.836487
32.128906
32.281494
30.981445
32.91626
30.664062
29.414368
31.58722
30.783081
29.504395
29.898071
29.335022
30.067444
30.030823
28.234863
27.601624
29.682922
27.749634
28.282166
28.678894
29.562378
28.036499
26.420593
27.279663
26.657104
26.782227
26.882935
25.535583
23.85254
25.115967
24.681091
23.478699
23.695374
22.935486
22.851562
23.069763
21.690369
23.48938
21.444702
22.483826
21.531677
21.588135
21.546936
20.005798
19.937134
20.951843
20.368958
19.856262
20.79773
19.924927
19.937134
20.576477
19.050598
19.973755
19.238281
20.848083
19.537354
20.631409
20.141602
18.205261
19.146729
19.146729
19.372559
19.39392
15.765381
17.50946
16.700745
17.597961
17.059326
17.736816
16.189575
15.234375
15.873718
15.458679
15.452576
14.685059
13.22937
14.176941
13.092041
13.040161
11.802673
10.850525
11.29303
10.923767
12.651062
12.219238
9.298706
10.91156
11.235046
9.941101
10.377502
10.7421875
10.96344
10.241699
10.427856
11.459351
10.151672
8.253479
10.852051
9.170532
11.685181
11.564636
11.564636
10.388184
11.897278
10.479736
10.896301
11.711121
12.120056
12.640381
11.781311
12.132263
13.15918
12.47406
11.758423
12.797546
12.19635
12.677002
12.72583
13.905334
13.46283
14.216614
14.7994995
14.639282
15.086365
15.507507
14.141846
14.689636
14.361572
15.306091
13.891602
14.852905
14.576721
14.752197
13.751221
14.120483
14.120483
14.608765
13.348389
15.260315
13.980103
14.4470215
14.549255
13.897705
13.571167
12.820435
13.372803
12.930298
13.246155
13.433838
12.409973
13.5772705
11.053467
10.655212
12.983704
11.97052
13.847351
13.264465
12.820435
14.175415
15.242004
12.0147705
13.702393
12.591553
14.775085
14.907837
13.356018
14.231873
14.416504
14.790344
15.1779175
15.141296
15.319824
15.92865
14.668274
15.817261
15.492249
15.492249
16.061401
15.048218
14.750671
13.580322
14.016724
15.940857
15.679932
14.993286
14.375305
14.811707
14.315796
15.046692
16.160583
14.389038
14.334106
15.138245
14.2074585
14.619446
15.286255
15.354919
17.103577
14.375305
13.993835
15.447998
14.425659
14.706421
14.413452
14.576721
14.923096
