0.71502686
1.1926727
0.89219666
0.8443146
0.82995605
0.5474243
0.33914185
0.24935913
0.21583557
-0.619751
-1.3799133
0.008728027
1.3423157
1.3423157
0.63601685
-0.7095337
-1.2063293
-0.3839264
0.5606079
0.61686707
0.23139954
-0.010421753
-0.12054443
0.18710327
0.82995605
0.92211914
0.57496643
0.16795349
-0.07267761
-0.059509277
-0.24505615
-0.74424744
-0.6401062
0.12365723
0.7174225
1.2118225
1.8486786
1.4428558
0.22062683
-0.2797699
-0.09062195
0.5582123
1.1220398
1.3865967
1.1543732
0.76530457
0.6623535
0.5713806
0.20387268
-0.0738678
0.037460327
0.4468689
0.8443146
1.1148682
1.2992096
1.213028
0.76290894
0.48997498
0.5079346
0.5127106
0.61805725
0.29963684
-0.21992493
0.6695404
1.3195648
1.0322571
0.46124268
0.28407288
0.48757935
0.32357788
-0.41864014
-0.9692993
-0.93577576
-0.4784851
0.1559906
0.6791229
1.078949
1.2537231
1.1220398
0.7389679
0.5474243
0.73298645
0.5701752
0.47320557
1.1136627
1.5984802
2.1108398
3.980713
4.2512665
1.9971313
0.66474915
-0.10977173
-0.59939575
-0.10858154
0.63482666
1.157959
1.2836609
1.0190887
0.78326416
0.6575775
0.41456604
-0.057113647
-0.1313324
0.25175476
0.5606079
0.6443939
0.4061737
0.082962036
0.30082703
0.6815033
0.8646698
0.19068909
-0.7789612
-1.0447083
-0.6329193
0.20506287
0.4708252
-0.28935242
-0.86634827
-0.69636536
-0.30610657
-0.12055969
0.025482178
-0.14450073
-0.76579285
-0.8831177
-0.27618408
0.1787262
-0.039154053
0.041046143
0.5402527
0.8323517
0.5546112
-0.057113647
-0.47610474
-0.6077728
-0.34921265
0.28407288
1.4117432
3.0625458
2.4963226
1.0430298
0.87065125
1.2417603
1.4416656
1.5350494
1.7648926
1.5206757
0.94847107
0.61686707
0.6982727
0.7281952
0.5809479
0.82395935
1.0825348
0.9652252
0.6910858
0.53067017
0.8550873
1.2788544
1.1316223
0.8754425
0.87783813
1.0861359
0.7641144
0.15957642
-0.5000458
-0.7023468
0.22181702
0.9736023
0.9532471
0.72221375
0.23977661
-0.08345032
0.042251587
0.45526123
0.80241394
0.60369873
0.3487091
0.62405396
0.71621704
0.11528015
0.027877808
0.4708252
0.97120667
0.56658936
-0.2510376
-0.7610016
-1.0650787
-1.34758
-1.0088043
0.024291992
1.7505188
3.1834564
3.79039
3.467163
1.5386353
0.74017334
0.73417664
0.063797
-0.1708374
0.6563721
1.2549286
1.2501373
1.5721588
1.9276886
1.5386353
0.98677063
0.6276398
0.47320557
0.45046997
0.5318756
0.6659546
0.62882996
0.3199768
0.30921936
0.79403687
1.0107117
0.5282898
-0.4054718
-1.1907654
-1.1033783
-0.29891968
0.2972412
0.66116333
0.5917206
0.14640808
0.3882141
1.0538025
1.0968933
0.57736206
0.080566406
0.055419922
0.20864868
-0.3875122
-0.9273987
-0.79093933
-0.6628418
-0.4353943
-0.5335541
-0.7741699
-0.6712189
-0.21273804
0.44088745
1.0813446
1.1016998
0.48997498
0.11767578
0.46842957
1.3087921
2.5166626
3.4252625
3.3534393
2.7129822
1.3913879
0.056610107
-0.41864014
-0.27139282
0.3379364
1.0729675
1.5470123
1.7409515
1.4847565
0.93888855
0.45526123
0.10569763
-0.10858154
-0.15527344
0.07696533
0.38941956
0.5546112
0.8874054
0.91134644
0.34751892
-0.33842468
-0.61854553
-0.62931824
-0.21871948
0.47920227
0.7784729
0.68629456
0.53427124
0.4827881
0.64559937
0.98916626
1.213028
1.1292267
0.88142395
0.7066498
0.58813477
0.52948
0.53067017
0.42773438
0.40975952
0.68510437
0.9041748
0.9616394
0.9951477
1.2896271
1.533844
1.4225159
1.1148529
0.91134644
0.98677063
1.3566742
1.9121246
2.2856293
2.1335907
1.707428
1.0023346
0.22062683
0.019500732
0.32476807
0.69229126
0.9137573
1.0406342
1.1806946
1.2285767
0.93289185
0.56658936
0.18591309
0.048233032
0.28167725
0.41096497
0.48638916
0.45166016
-0.1026001
-0.6484833
-0.71791077
-0.55989075
-0.24145508
0.19548035
0.5426483
0.57855225
0.42294312
0.2649231
0.3834381
0.49116516
0.37625122
0.39300537
0.647995
0.82037354
0.7892456
0.5438385
0.5031433
0.6707306
0.9664154
1.2058411
1.157959
1.0418396
0.7186279
0.72340393
1.2010498
1.6415863
1.973175
1.973175
1.6092682
1.2836456
1.4009705
1.8403015
2.1252136
2.2138062
2.1718903
1.6380005
0.94366455
0.5510254
0.50434875
0.7820587
1.0178986
1.1112671
1.296814
1.2225952
0.9640198
0.61087036
0.12844849
-0.08943176
-0.052322388
0.07577515
0.09133911
0.28886414
0.66116333
0.8287506
0.5414429
-0.19836426
-0.7214966
-0.90704346
-0.7167053
0.054214478
0.7593231
0.9161377
0.79403687
0.613266
0.5079346
0.34153748
0.19309998
0.16436768
0.18112183
0.31040955
0.4648285
0.16436768
-0.20913696
-0.15167236
0.2541504
0.50912476
0.46243286
0.31759644
0.38581848
0.74494934
1.0897217
1.4775848
1.5565948
1.2022552
1.0645752
1.1328125
1.3087921
1.1938629
0.58096313
0.13922119
0.18112183
0.34631348
0.5522156
0.276886
0.056610107
0.46603394
0.8790283
0.8586731
0.9077606
0.9077606
0.7389679
0.46003723
0.29244995
0.3882141
0.49595642
0.2756958
-0.17323303
-0.47969055
-0.72987366
-0.98605347
-1.2530212
-1.2386475
-0.80888367
-0.10499573
0.59532166
0.81199646
0.44807434
-0.29533386
-0.71910095
-0.5682678
-0.25343323
-0.06549072
0.018310547
-0.0044403076
-0.1133728
-0.13731384
-0.23786926
-0.3025055
-0.28935242
0.28286743
0.9412842
0.7964325
0.31759644
-0.014022827
0.15238953
0.49595642
0.6683502
0.597702
0.2182312
-0.0044403076
0.3331604
0.9532471
1.3590698
1.3459015
1.134018
0.6743164
0.11767578
0.09492493
0.30921936
0.15238953
-0.22351074
0.32357788
0.36427307
0.41096497
