2.9109955
2.4141846
2.6440277
2.7924805
2.7805023
3.011551
3.3694763
3.4688416
2.9480896
2.6859283
3.2976532
3.3072205
3.1456146
2.7230377
1.4421539
0.79571533
1.7414246
2.7146606
2.957672
2.7338257
2.4836273
2.3890533
2.5267181
2.5482635
2.1197052
1.6660004
1.4385529
1.510376
1.7928925
2.171173
2.4848175
2.7805023
2.8607178
2.9241486
3.0965424
3.0737915
2.3818665
1.6827698
1.1273041
0.59458923
1.0303497
1.989212
2.8918304
3.119278
2.5889587
2.0694275
1.9245758
1.8910675
1.644455
1.2805328
1.2063141
1.4481354
1.7043152
1.8431702
1.7881012
1.6492462
1.6588287
1.8300018
1.8994446
2.2142792
2.3004608
1.9245758
1.8994446
2.0885773
2.81044
2.7637482
1.9700623
1.6552277
2.0538635
2.3256073
1.9317627
1.450531
1.3583527
1.7055054
2.4345398
3.131256
3.2461853
2.8726807
2.5362854
2.4094086
2.332779
2.3196259
2.4776459
2.6057281
2.688324
3.0378876
3.3694763
3.1731567
3.098938
2.1819458
0.24145508
-0.89819336
-0.20028687
1.2410278
2.1364594
2.5841827
3.0067596
3.2749023
3.1168976
2.4955902
1.9090118
1.5127716
1.4265747
1.6612091
2.0586548
2.138855
1.5630493
1.1799774
1.857544
2.7409973
2.7398071
2.02034
1.6121368
1.7988739
2.4405212
2.7457886
2.7003021
2.3471527
1.6911469
1.4265747
1.6887512
1.9916229
1.8347931
1.197937
1.1835785
1.8802795
2.5291138
2.5315094
2.0861816
1.9545135
2.0167542
2.166397
2.1101227
1.7366333
1.2338562
0.9525299
1.2793427
1.944931
2.324417
1.8874664
1.3248291
0.5503082
0.019973755
0.7657776
2.348343
3.2521667
2.9708405
2.5003815
2.609314
2.7003021
2.3507385
1.8922577
1.6672058
1.6253052
1.8216248
1.9030304
1.7569733
1.4421387
1.573822
2.0562592
2.4189758
2.2082825
1.7797241
1.5834045
1.7150879
2.0059814
2.0131683
2.2298431
2.624878
3.0773773
2.6033325
1.2841187
1.0710449
2.0227356
2.9816132
2.9385223
2.123291
1.4852448
1.589386
2.142456
2.712265
2.7685242
2.092163
1.8467712
2.4488983
3.0067596
2.7817078
2.4764404
2.3351746
2.1999054
1.9509125
1.9173889
2.3746796
3.1659698
3.632843
3.5825653
3.22583
1.8515472
0.6185303
0.60298157
1.6959229
2.7026978
3.256958
3.5346832
3.6184692
3.5179138
3.114502
2.4417267
1.9904175
1.7809296
1.7917023
1.8288116
1.8623352
2.075409
2.3746948
2.5434723
2.5805817
2.7242432
2.7960663
2.5985413
2.6548004
3.1947021
3.7693024
3.9895782
3.7010803
3.4161682
3.3371582
3.2174377
2.9229584
2.7242432
2.4920044
2.4105988
2.6021423
2.8451538
3.3610992
3.1887207
2.375885
2.0885773
2.011963
2.1244965
2.142456
1.7665558
1.4780579
1.5965729
1.3499756
0.64367676
0.02357483
-0.27330017
-0.14163208
0.624527
1.4684753
2.0382996
1.5546722
0.4689026
-0.3211975
-0.28767395
0.17800903
0.82803345
1.6145325
2.4297485
3.107315
3.1851196
2.712265
2.226242
2.0658264
2.0406952
2.0215454
1.905426
1.7438202
1.7354279
1.9473267
2.0825958
2.0095673
1.6576233
1.3775024
1.360733
1.7007141
1.9197845
1.6157227
1.0973816
0.708313
0.4210205
0.38510132
0.69755554
1.2266693
1.6492462
1.857544
1.8240204
1.6540222
1.5702362
1.613327
1.6312866
1.6073456
1.6432648
1.76297
1.8120422
1.6348877
1.3787079
1.1632233
1.1416779
1.1105499
0.7717743
0.2618103
0.18159485
0.65805054
1.2470093
1.3822937
1.2673645
1.2206726
1.0650635
1.1332855
1.4301758
1.8395844
2.2681427
2.384262
2.2082825
2.068222
2.1113281
2.367508
2.5674286
2.7170563
2.7577667
2.5590363
2.506363
2.7398071
2.7398071
2.5231323
2.0430908
1.52594
1.4924164
1.7342377
1.534317
1.0099945
0.743042
0.5886078
0.70114136
1.0818176
1.534317
1.9616852
2.2478027
2.4441223
2.688324
2.7338104
2.6224823
2.3926392
2.1927185
2.063446
2.1101227
2.1197052
1.9066162
1.7378235
1.8216248
2.0263367
2.439331
2.5626373
2.154419
1.5091858
1.0806274
1.1787872
1.3140564
1.4469299
1.5019989
1.455307
1.6492462
2.015564
2.2370148
2.367508
2.4884033
2.5518646
2.4776459
2.3303986
2.2358246
2.142456
1.9509125
1.8707123
2.0538635
2.4177856
2.5075684
2.5015717
2.4189758
2.2741241
2.0610504
1.7833099
1.6384735
1.5223541
1.6408691
1.8132477
1.7138824
1.5905914
1.549881
1.5043945
1.5870056
1.7055054
1.8192291
1.9868317
2.1843414
2.3112335
2.3327942
2.2549744
2.1161194
1.8383942
1.6492462
1.8096466
1.9628906
1.9485168
1.897049
1.8790894
2.0011902
2.3399658
2.4824219
2.3232117
1.8443756
1.4002533
1.3475647
1.4122162
1.4289703
1.3942566
1.4050293
1.6085358
2.1041412
2.541092
2.8271942
2.9852142
2.973236
2.9899902
2.8798676
2.5518646
2.4931946
2.7864838
3.0031738
3.0606232
3.0270996
3.280899
3.6460114
3.7310028
3.5035553
2.995987
2.2346344
1.7390289
1.6911469
1.8132477
2.193924
2.6069183
2.525528
1.8312073
1.3415833
1.2960968
1.5869904
1.9880219
2.332779
2.5398865
2.5159454
2.4644775
2.4524994
2.3567352
2.1663818
2.1831512
2.399826
2.5602417
2.509964
2.1328735
1.9736633
2.114914
2.304062
2.0897675
1.2410278
0.55270386
0.45333862
0.8328247
1.4217987
1.76297
1.6240997
1.2913055
1.2541962
1.4972076
1.7485962
2.0825958
2.3962402
2.6907196
2.202301
2.1771698
2.1484375
