7.719635
8.436691
8.811386
8.757507
8.6354065
8.466614
9.26149
11.012848
12.278183
11.591049
8.627029
5.7970886
8.854477
14.661621
16.21904
13.271774
9.73674
7.9075775
7.9542694
8.144592
7.5041504
6.4411316
5.9311523
6.8912354
8.4965515
9.330933
8.768295
7.5041504
6.8481293
6.9594727
7.629837
8.515701
9.770264
11.416275
12.6026
12.269806
11.000885
11.428238
13.25502
13.312485
10.905106
8.088333
7.0648193
8.072769
9.281845
9.195663
8.036865
7.273117
7.419159
7.881241
7.930313
7.415558
7.039673
7.309021
8.23558
9.156158
9.816956
9.878006
9.651749
10.300583
11.728714
12.607391
11.704773
10.273041
11.152924
12.378738
12.031586
10.676468
9.89476
9.688858
9.097488
8.066788
7.044464
6.4842224
6.6709595
7.2635345
7.6322327
7.5508423
7.9674377
9.120239
9.748718
9.116653
8.346909
9.089111
10.974548
12.893494
11.887939
8.648575
8.112274
11.625763
14.729858
14.38269
11.630554
9.266281
8.357681
7.829773
7.3892365
6.976227
6.952286
7.4502716
7.8872223
7.751953
7.4167633
7.3700714
7.736389
8.145798
8.622238
8.899963
9.038834
9.526062
10.298187
10.589081
10.367615
10.099472
9.388397
8.4175415
9.396759
11.983704
12.712738
11.12059
9.809769
10.255081
11.423462
11.470139
9.548798
7.0648193
5.9658813
6.2352295
7.116287
7.87764
7.846527
7.580765
7.6502075
8.3936
10.03363
11.002075
11.703583
12.359589
11.448593
9.781036
11.88913
14.756195
14.406631
11.269028
8.911942
8.883209
9.32254
8.820953
7.896805
7.3581085
7.5759735
7.719635
7.75914
7.744766
7.731598
8.069183
8.407959
8.527679
8.260727
7.743576
8.03447
8.993347
9.872009
10.622604
11.179245
11.489304
11.910675
10.727936
8.05481
8.677307
12.716324
14.55748
12.612183
9.300995
7.870468
8.522873
9.854065
9.751114
8.312195
6.5799866
5.6869507
5.8246155
6.7092743
7.419159
7.142624
6.3106384
6.1394653
7.0815735
9.010101
10.838074
11.9118805
12.77858
14.005615
13.626129
10.317337
7.3461304
8.928696
12.7187195
14.547897
13.238266
10.762665
8.697662
7.470642
7.565201
8.154175
8.311005
7.909973
7.2168427
7.0253143
7.558029
8.090729
8.17453
7.7064667
6.8014526
6.2400208
6.656601
7.826172
9.447037
10.27066
10.019257
10.207199
10.840469
11.05954
11.617386
12.585846
13.591415
13.618942
11.88913
10.253891
10.534012
11.593445
11.320511
9.752304
7.827362
4.762787
4.9184113
7.6071014
9.1645355
8.757507
7.77948
8.866455
11.003281
12.4613495
12.4062805
11.332489
11.55275
13.159256
13.934982
12.675629
9.89476
7.355713
6.969055
9.080734
11.350433
11.843643
10.378387
7.878845
6.2280426
5.6941376
6.0017853
6.8170166
7.5951385
7.99736
8.136215
8.49057
8.959824
9.4374695
9.854065
10.208405
10.518448
10.5208435
10.3029785
10.6393585
11.624573
12.032791
10.76506
9.166931
8.502533
9.356064
10.86441
11.507263
10.850052
9.407547
8.103897
7.3581085
6.997772
6.972641
7.12706
7.123474
7.2084656
7.999756
8.961029
9.308182
9.187271
9.24353
10.360443
12.048355
12.821671
12.060318
11.106232
11.410294
12.633728
13.046722
12.1141815
10.360443
8.726395
7.8632812
8.701248
10.198822
10.106644
8.37085
6.529709
5.719269
6.119095
7.131851
7.984192
8.60907
9.152557
9.370422
9.017288
8.931091
9.663712
10.64534
11.079895
10.496902
9.725967
10.137772
11.715546
12.095032
10.684845
9.362061
9.154953
10.156921
11.118195
10.884766
9.527252
8.094315
7.214447
6.688919
6.2436066
6.2196655
6.6194916
7.056427
7.573578
8.354095
9.278259
9.7738495
9.935471
10.568726
11.466553
11.67485
10.88237
9.81456
9.486557
10.457397
12.139328
12.543945
11.419876
9.706818
8.867645
9.292618
9.597885
9.266281
8.520493
8.033264
7.7411804
7.58197
7.4873962
7.5675964
8.048828
8.582733
8.908356
9.41951
9.858856
9.749908
9.18248
9.156158
9.731949
10.027634
9.743927
9.607452
10.125809
11.519226
11.92984
10.460999
8.658157
8.07637
8.8484955
9.843292
10.055176
9.4769745
8.642593
8.126633
7.99736
7.7591248
7.252762
6.997772
7.5759735
8.690475
9.453033
9.745117
9.901947
10.021652
10.477753
11.075104
11.009262
10.905106
10.824905
10.312546
9.876801
10.0264435
10.601044
10.721954
10.285019
9.352478
8.556412
8.5959015
9.290222
9.504501
8.9670105
8.060806
6.997772
6.5883636
7.162979
8.026093
8.850891
9.55838
9.858841
9.589493
9.08432
8.886795
9.193268
9.730759
10.086304
10.024048
9.842087
10.137772
11.5252075
12.594223
11.570709
9.159744
7.26474
7.182129
8.568375
9.552399
9.59787
9.22319
8.627029
7.920746
7.4813995
7.403595
7.4407043
7.5915375
8.070389
8.943069
9.845688
10.173691
10.014465
9.7690735
9.804977
10.059952
10.043198
9.67569
9.625412
10.124603
11.541962
13.147278
13.123337
11.292969
9.013702
7.755539
8.264313
9.715195
10.417892
9.784622
8.976578
8.2595215
6.5237274
5.72406
7.6382294
9.077148
9.593094
