-2.0897827
-2.9181824
-3.315628
-3.256958
-3.2940674
-3.3227997
-3.1156921
-2.8547363
-2.5315094
-2.4417267
-2.5614471
-2.2095032
-1.6755981
-1.5235596
-1.3763123
-1.3667297
-1.16922
-1.1728058
-1.0375366
-0.8723297
-0.9872589
-1.0878143
-0.93577576
-0.45814514
-0.11816406
0.030273438
0.23020935
0.6946869
0.7641144
0.5246887
0.57496643
1.1675262
2.0665588
2.2796478
2.232956
1.9779663
1.628418
1.3901978
1.0753632
0.47920227
0.15238953
0.43371582
0.79403687
0.810791
1.2405548
1.5482178
1.4261017
1.2585144
1.0681763
1.4536438
1.8235474
2.2161865
2.680664
1.9815674
1.4979401
0.76530457
-0.033172607
-0.11695862
-0.34440613
-0.6951599
-0.69036865
-0.16604614
0.023101807
0.27211
0.5510254
0.64320374
0.7569275
0.74375916
0.6886902
0.8431244
0.8443146
0.45166016
-0.03555298
-0.2223053
-0.052322388
0.36906433
0.5725708
0.60609436
0.57496643
1.0107117
1.2716827
1.0765533
0.9939575
1.3171692
1.667923
1.8594513
1.8486786
1.7445374
1.5110931
1.2034454
0.7581177
0.32237244
0.20625305
0.316391
0.66355896
1.1842957
1.3123779
1.1004944
0.76530457
0.7018585
0.7928467
0.64320374
0.21104431
-0.10499573
-0.24624634
-0.4449768
-0.29533386
-0.12414551
0.15957642
0.59651184
0.47920227
0.16555786
-0.07147217
-0.27737427
-0.014022827
0.5797577
0.8670654
0.9616394
0.984375
0.9652252
0.5582123
0.19429016
0.0745697
0.2864685
-0.32525635
-1.2601929
-1.2745667
-0.54193115
0.4456787
0.850296
0.27807617
-0.25224304
0.12246704
0.43730164
0.32836914
0.727005
1.252533
1.5984802
1.8738251
1.6044769
1.1232452
0.8670654
0.4409027
-0.12055969
-0.63531494
-0.17202759
0.06260681
-0.07626343
0.5019531
0.84550476
0.5354614
-0.0068359375
-0.35757446
-0.34680176
-0.17202759
0.11288452
0.5414429
0.83114624
1.1148682
1.2680817
0.60250854
-0.722702
-1.1596375
-1.1416779
-0.7131195
-0.59580994
-0.59220886
-0.23069763
0.061401367
0.11767578
0.10569763
0.3223877
0.34631348
-0.11097717
-0.44737244
-0.4737091
-0.30012512
-0.406662
-0.3731537
-0.09899902
-0.14329529
-0.12773132
0.10450745
0.098526
0.17993164
0.91374207
1.2848511
0.5426483
-0.07147217
0.09492493
0.59651184
0.72940063
-0.021194458
-0.12893677
0.019515991
0.011123657
0.27330017
0.26731873
-0.19717407
-0.4892578
-0.36476135
-0.29891968
-0.33602905
-0.2103424
-0.09422302
-0.26660156
-0.6520691
-0.70713806
-0.3946991
-0.0020446777
0.17991638
-0.5431366
-1.7330475
-0.9453583
-0.061904907
-0.6736145
-2.3184357
-2.8092346
-1.8898773
-1.153656
-1.0159912
-0.9908447
-1.0171814
-0.8543854
-0.33483887
-0.24624634
-0.63890076
-1.1009827
-1.4002533
-1.2386475
-0.8711395
-0.82325745
-0.995636
-1.0626678
-0.8136749
-0.4174347
-0.28216553
-0.2785797
-0.40307617
-0.3875122
-0.07746887
0.1715393
0.23139954
0.24815369
0.39898682
0.64797974
1.0957031
1.5374298
1.6643219
1.5051117
1.3099823
1.4404755
1.5721436
1.4632263
1.3195648
1.3782196
1.2094269
0.90657043
0.7677002
0.67552185
0.7581177
1.0526123
1.3447113
1.4907532
1.5278625
1.4895477
1.3542786
1.2178192
1.1866913
1.296814
1.1771088
0.72579956
0.47680664
0.61686707
0.74494934
0.54145813
0.613266
0.37983704
-0.23786926
-0.9273987
-1.0674591
-0.7729645
-0.6628418
-0.6257324
-0.43658447
-0.36357117
-0.29412842
-0.13970947
0.16795349
0.16316223
-0.16963196
-0.5215912
-0.65805054
-0.5167999
-0.26062012
-0.21392822
-0.41026306
-0.5347595
-0.45933533
-0.24745178
-0.15048218
-0.28456116
-0.5108032
-0.5455322
-0.485672
-0.193573
0.47320557
0.9628296
1.4009705
1.5302582
0.98916626
0.434906
0.5426483
1.0011444
1.1304169
0.8754425
0.68629456
0.7856598
0.9041748
1.0178986
0.8766327
0.45166016
-0.028381348
0.13922119
0.66593933
0.8431244
0.8945923
0.9041748
0.826355
0.652771
0.5127106
0.40138245
0.31759644
0.24935913
0.24098206
0.23498535
0.16795349
0.19070435
0.14282227
-0.035568237
0.14282227
0.35710144
0.38104248
0.23977661
-0.12295532
-0.13372803
-0.04273987
0.13922119
0.13563538
-0.010421753
-0.023590088
0.23139954
0.3092041
-0.015213013
-0.32167053
-0.56588745
-0.68917847
-0.38511658
-0.18519592
-0.29412842
-0.2582245
0.007537842
-0.13970947
0.28886414
0.4887848
0.27330017
0.009933472
