2.8906403
2.320816
2.3699036
1.9592896
1.3930664
1.4565125
2.0167542
2.1747742
1.8168335
1.3248291
1.173996
1.4146118
1.7581787
2.2035065
2.4034119
2.3148346
2.0347137
1.8671112
1.897049
1.8563385
1.7174835
1.4229889
1.4756622
1.9329529
2.217865
2.0742188
1.5223541
0.9537201
0.72029114
0.47129822
0.33842468
0.49165344
1.079422
1.1225128
0.7562103
0.29292297
0.18159485
0.47369385
1.0387268
1.5211487
1.9245758
2.3004608
2.5686188
2.7565613
2.846344
2.7374115
2.8786774
3.1528015
3.4233398
2.7721252
1.3499603
0.6987457
1.0770264
1.0806274
0.6448822
0.50242615
0.8723297
1.1668091
1.2781372
1.4469299
1.52594
1.4469299
1.2458191
1.5055847
1.9233856
2.1460419
2.3076477
2.5638275
2.7972565
2.9624634
2.9744415
2.858307
2.676361
2.4321442
2.3423615
2.3495483
2.202301
2.399826
2.4022217
1.9329529
1.589386
1.182373
0.7729645
0.233078
0.1181488
0.80648804
1.4780579
1.565445
1.3152466
1.2877197
1.5019989
1.7342377
1.9485168
2.2046967
2.5363007
2.7972717
2.7685394
2.4225616
2.0706177
2.0634308
2.4608765
2.727829
2.6260834
2.3112335
2.0335236
2.0646362
2.051468
1.9856262
1.9018402
1.7761383
1.7485962
1.6719971
1.3727112
1.094986
0.995636
1.2661743
1.5546722
1.7414246
2.1221008
2.4321442
2.1328735
1.652832
1.5941772
1.8898621
1.466095
0.61135864
0.50361633
1.2721558
2.2202606
2.454895
1.9688721
1.1919556
0.81126404
1.1308899
1.2087097
0.88191223
0.81007385
1.4325714
1.6755829
1.2051086
0.747818
0.7765503
1.118927
1.5462952
1.8755035
1.8156433
1.9557037
2.2106934
2.3028564
2.391449
2.2585602
2.0011902
2.2226562
2.6081238
2.8870392
2.9756317
2.7900848
2.51474
2.4225616
2.1161041
1.5032043
0.59220886
-0.06739807
0.29771423
0.9118347
0.88549805
0.6532593
0.5084076
0.88908386
1.257782
1.4996033
1.8539429
2.047882
1.9006348
1.7665558
1.7366333
1.8276062
1.8144379
1.8707123
1.8611298
1.5929718
1.4876251
1.308075
1.0650482
0.9022522
0.65205383
0.5574951
-0.061416626
-1.1459961
-1.5266724
-0.5749817
0.00440979
-0.1667633
-0.29125977
0.3743286
1.2338562
1.8754883
2.1903381
1.984436
1.6911469
1.5881958
1.4026489
1.308075
1.4146118
1.5019989
1.411026
1.4720764
1.7282562
2.0430908
2.2513885
1.9030304
2.8714905
2.131668
1.573822
1.6240997
1.1907501
0.14808655
-0.118881226
0.6424866
1.5379181
1.7402191
1.2913055
0.91781616
0.83880615
0.995636
1.2865295
1.3403931
1.1907654
1.1488495
1.3631439
1.6181183
1.8695068
1.9832306
1.9736633
2.09935
2.250183
2.407013
2.3028564
2.09935
2.1831512
2.4165802
2.372284
2.3710938
2.5662231
2.4022217
2.0382996
1.8599396
1.9544983
1.8587341
1.6217194
1.6564331
1.9066162
2.0023956
1.7521973
1.3822937
1.1261139
1.1261139
1.4804535
1.7414246
1.747406
1.8443756
2.1460419
2.462082
2.6763458
2.7924652
2.8080292
2.7409973
2.8176117
3.1276703
3.4065857
3.2940521
2.9505005
2.782898
2.8283844
2.957672
2.9624634
2.4489136
2.1807556
1.8778992
1.395462
1.2254639
1.4445496
1.9221802
2.1747742
2.0167542
1.7964935
1.5774231
1.7569885
2.41539
2.8164215
2.5386963
2.0969543
2.1639862
2.3962402
2.6141052
2.9289398
3.158783
2.995987
2.7577515
2.8367767
3.035492
2.9516907
2.7661438
2.7374115
2.973236
3.3503265
3.6495972
3.4544678
2.7242432
2.0263367
1.4373474
1.0099945
0.940567
1.4074249
1.7952881
1.8060608
1.4026489
1.079422
1.2326508
1.6504364
1.9568939
1.8407745
1.7031097
1.7701569
2.035904
2.320816
2.478836
2.5386963
2.554245
2.4884186
2.5051727
2.641632
2.877472
3.074997
3.1779327
3.2629395
3.3431396
3.308426
3.1336517
3.0079498
2.7026978
2.5949554
2.7062836
2.561432
2.3890533
2.3818665
2.6476288
2.870285
2.6631927
2.3794708
2.4488983
2.707489
2.715866
2.4321442
2.1364594
2.1400604
2.3699036
2.5171509
2.5638275
2.6931152
2.8176117
2.7721252
2.9971771
3.2557526
3.1611786
3.0666046
3.0235138
