8.7539215
8.083557
10.293396
12.448181
11.965744
9.642166
7.573578
7.585556
8.841309
9.881592
10.161713
9.572739
8.810181
7.9554596
7.289871
7.498169
8.107483
8.106293
7.6274567
7.9027863
8.816177
9.818146
10.0108795
9.216003
9.830124
11.53598
11.486908
10.514862
11.168472
12.274597
12.58226
12.002853
10.628586
9.306992
9.450638
10.583099
10.434647
8.94426
7.455063
6.858917
6.7739105
6.708069
6.5488586
6.886444
8.233185
9.500916
9.645767
9.237549
9.652954
10.158127
10.004898
10.124603
11.543167
12.36438
11.573105
10.975739
11.037994
10.455002
9.43866
8.811386
8.768295
8.773071
8.684494
8.801804
8.82695
8.60907
7.905182
7.1653748
7.0109406
7.411972
7.7890625
7.899185
8.198471
8.698853
8.7934265
8.4618225
8.601898
9.702026
10.7052
10.879974
10.602249
11.284592
13.316071
14.661621
13.794922
11.127777
8.879623
8.227203
8.940674
9.41832
9.146576
8.242752
7.2467804
6.4973907
6.407608
7.0887604
7.8884125
8.479797
8.743149
8.733582
8.439087
8.293045
8.564789
9.078339
9.690048
10.334106
10.437042
10.748291
11.858002
12.947372
12.60141
11.4066925
10.366425
10.014465
10.628586
11.065521
10.355652
8.917923
7.6753387
6.8289795
7.052841
7.889618
7.573578
7.0193176
7.2276154
8.020111
8.480988
8.519302
9.104675
9.591888
9.857651
10.312546
10.137772
10.313751
11.962158
13.585419
13.057495
10.646545
9.176498
9.800201
10.613022
10.465775
9.657745
8.343323
7.348526
7.395218
7.20607
7.1929016
8.150589
9.011307
8.998123
8.989746
9.012497
8.495346
8.308594
8.725204
9.35965
10.067154
10.371201
10.516052
11.737091
13.5112
13.040741
10.681259
8.691681
9.119049
10.587891
10.238327
8.988556
8.282272
8.064392
7.6980896
7.3592987
7.518524
7.9877777
8.136215
7.8525085
8.15657
8.813782
9.289032
9.746323
10.099457
10.871597
11.707169
11.606613
10.583099
10.476547
12.281784
13.545914
12.515213
10.209595
9.225586
10.234741
11.37677
11.386353
10.095871
8.41275
7.2036743
6.881653
7.372467
7.941101
8.275085
8.72879
9.646957
10.459793
10.3472595
9.873215
9.682877
9.607468
10.459793
12.124954
9.763077
8.885605
9.591904
10.024048
11.707169
12.773788
12.335648
10.775833
9.178894
8.963425
9.747513
10.314941
10.416687
9.861237
9.096298
8.460632
8.0859375
7.9554596
7.9590454
7.8010406
7.561615
7.3592987
7.4431
7.9087677
8.316986
8.6354065
8.676117
9.290222
9.891174
10.747101
11.21637
11.049973
10.692032
10.087494
9.545212
9.984543
11.662888
12.905472
12.516418
10.721954
8.776672
8.185303
8.976593
9.864838
10.195236
9.359665
8.245163
7.945877
8.214035
8.404373
8.158966
7.6549835
7.5316772
7.9757996
8.579147
8.769485
8.3517
7.99736
8.240372
8.797012
9.344086
9.789413
10.196426
10.572327
11.023636
11.057144
10.681259
10.535217
10.756668
10.373596
9.557175
9.014893
9.059189
9.310577
9.414719
9.767868
9.885178
9.138184
8.206848
7.8955994
8.026093
8.316986
8.237976
7.665756
6.9941864
6.8804626
7.6633606
8.92511
9.565552
9.705612
9.802582
10.125809
10.391556
9.997711
9.229172
9.1453705
9.615829
10.408325
12.115387
13.300507
13.085037
11.6138
9.819351
8.603088
8.361267
9.031647
9.648163
9.324936
8.484573
7.7483673
7.6741486
8.038055
8.222412
8.306213
8.157776
7.980606
8.151779
8.461838
8.775467
9.011307
8.854477
8.47261
8.266708
8.471405
9.073547
9.679291
10.282623
10.92067
11.289383
10.680069
10.2239685
10.539993
11.071518
10.601044
9.120239
8.33493
8.683304
8.978973
8.716812
8.39241
8.703644
9.318954
9.38121
8.916733
8.518097
8.677307
8.789841
8.453445
8.091934
8.416336
8.776672
7.783081
8.283463
9.02327
9.275864
9.482956
