0.32559204
-0.19958496
-0.75619507
-0.7471466
-0.27522278
0.0954895
0.06086731
-0.23101807
-0.44354248
-0.46858215
-0.3742981
-0.27789307
-0.24380493
-0.24060059
-0.28375244
-0.34126282
-0.29812622
-0.17349243
-0.12661743
-0.20864868
-0.27256775
-0.18894958
0.006011963
0.06567383
-0.08241272
-0.1324768
-0.08880615
-0.33328247
-0.7822876
-0.8978729
-0.60279846
-0.10638428
0.32292175
0.46247864
0.29415894
0.16685486
0.27072144
0.36447144
0.29415894
0.20947266
0.2872467
0.4273224
0.41667175
0.16899109
-0.114364624
-0.21717834
-0.18946838
-0.21557617
-0.3151703
-0.33700562
-0.28961182
-0.25764465
-0.2294159
-0.007843018
0.21800232
0.35594177
0.5828552
0.84117126
0.9508972
0.90509033
0.7953644
0.6483612
0.41081238
0.18070984
0.07632446
0.08857727
0.13970947
0.12371826
0.048095703
0.0043945312
0.0054779053
-0.02861023
-0.11117554
-0.1516571
-0.11010742
-0.09945679
-0.1985321
-0.28108215
-0.277359
-0.27894592
-0.49093628
-0.89627075
-1.0848236
-0.7545929
-0.097854614
0.40707397
0.388443
-0.060043335
-0.4643097
-0.48402405
-0.18414307
0.18551636
0.44276428
0.5141449
0.3937683
0.20254517
0.062469482
0.0038757324
0.0028076172
0.025177002
0.0054626465
-0.083480835
-0.14100647
-0.066970825
0.10241699
0.26167297
0.3341217
0.21000671
-0.004119873
-0.06430054
0.040634155
0.08590698
-0.022766113
-0.17668152
-0.2416687
-0.15058899
-0.022232056
0.012924194
-0.0259552
-0.069625854
-0.111709595
-0.05204773
0.09869385
0.12425232
-0.029159546
-0.1628418
-0.1516571
-0.08187866
0.0028076172
0.06513977
0.051818848
0.017730713
-0.078689575
-0.41104126
-0.7609863
-0.6906738
-0.18200684
0.25102234
0.18710327
-0.15644836
-0.34446716
-0.29759216
-0.13568115
0.0635376
0.20307922
0.2989502
0.37086487
0.32080078
0.1892395
0.12904358
0.12213135
0.12106323
0.17538452
0.2526245
0.22279358
0.07418823
-0.12715149
-0.29440308
-0.35406494
-0.38974
-0.4600525
-0.3194275
0.118392944
0.39004517
0.21853638
-0.088272095
-0.03501892
0.22972107
0.28936768
0.15141296
0.06993103
0.075790405
-0.0019836426
-0.116500854
-0.07815552
0.07632446
0.08804321
-0.051513672
-0.12875366
-0.09680176
-0.018493652
0.087509155
0.1578064
0.15727234
0.14608765
0.09655762
-0.10105896
-0.2965393
-0.2496643
0.008132935
0.118927
-0.08615112
-0.3039856
-0.26298523
-0.017425537
0.26220703
0.42945862
0.46513367
0.40122986
0.31173706
0.2046814
0.08004761
-0.01902771
-0.024353027
0.009735107
0.045959473
0.064071655
0.047561646
0.010269165
-0.069107056
-0.0493927
0.28671265
0.5775299
0.42892456
-0.027557373
-0.7130432
-0.88401794
-0.5607147
-0.11756897
0.094955444
-0.015304565
-0.17456055
-0.23794556
-0.17190552
-0.041931152
0.029968262
0.01878357
-0.029678345
-0.022766113
0.05821228
0.14715576
0.21374512
0.2568817
0.2824402
0.31706238
0.35009766
0.3495636
0.3191986
0.24835205
0.21479797
0.23770142
0.30162048
0.34368896
0.28138733
0.12957764
-0.08187866
-0.35565186
-0.5980072
-0.59373474
-0.31784058
-9.3078613E-4
0.09762573
-0.032348633
-0.15911865
-0.14686584
-0.038208008
0.055007935
-0.008377075
-0.14793396
-0.16656494
-0.01902771
0.1737976
0.28404236
0.2872467
0.24995422
0.2323761
0.26860046
0.3181305
0.29203796
0.17805481
0.0443573
-0.054718018
-0.097854614
-0.11010742
-0.1324768
-0.16337585
-0.16976929
-0.22302246
-0.36471558
-0.42861938
-0.30451965
-0.15324402
-0.07229614
-0.024353027
0.042236328
0.12106323
0.22972107
0.4315796
0.59243774
0.50135803
0.2723236
0.10827637
0.13543701
0.2829895
0.37405396
0.30055237
0.10720825
-0.073898315
-0.13621521
-0.099990845
-0.08773804
-0.13461304
-0.1985321
-0.17189026
-0.03767395
0.06300354
0.028915405
-0.07336426
-0.20918274
-0.38601685
-0.45791626
-0.36949158
-0.19107056
-0.06376648
-0.022766113
-0.023834229
-0.034469604
-0.02861023
-0.0035858154
-0.010498047
-0.09573364
-0.18893433
-0.14793396
0.01399231
0.15515137
0.21160889
0.1977539
0.1572876
0.14343262
0.15461731
0.20628357
0.2824402
0.30215454
0.23132324
0.1269226
0.06512451
0.064071655
0.050750732
0.019317627
0.057678223
0.16366577
0.1615448
0.07046509
0.036361694
0.0954895
0.1146698
0.012924194
-0.041931152
0.01878357
0.048614502
-0.02381897
-0.13568115
-0.18894958
-0.1862793
-0.1862793
-0.19000244
-0.14259338
-0.0259552
0.061935425
0.08857727
0.10774231
0.16313171
0.16738892
0.032104492
-0.005722046
0.026779175
-0.006790161
