-0.16593933
-0.24209595
-0.14622498
-0.059402466
0.036483765
0.21757507
0.3443451
0.28681946
0.16804504
0.10784912
0.18081665
0.3363495
0.41784668
0.3805542
0.28681946
0.1882782
0.1217041
0.08175659
0.0710907
0.013046265
-0.038101196
0.0045166016
0.12542725
0.19839478
0.08708191
-0.10574341
-0.23303223
-0.30548096
-0.35128784
-0.37045288
-0.33424377
-0.28097534
-0.29003906
-0.47485352
-0.74383545
-0.896698
-0.8343811
-0.5579529
-0.24369812
-0.04449463
0.07801819
0.099853516
0.0013122559
-0.082839966
-0.106277466
-0.18138123
-0.22825623
-0.23091125
-0.20587158
-0.1254425
0.09931946
0.33155823
0.21278381
-0.038635254
-0.024780273
0.08229065
0.26071167
0.41038513
0.4343567
0.42636108
0.41357422
0.3496704
0.32728577
0.44979858
0.54460144
0.55792236
0.5435486
0.48121643
0.38536072
0.26445007
0.07962036
-0.11480713
-0.22398376
-0.22451782
-0.17445374
-0.16645813
-0.2026825
-0.24635315
-0.3129425
-0.36619568
-0.43330383
-0.4705963
-0.40827942
-0.24848938
-0.010406494
0.13821411
0.09240723
-0.031707764
-0.07858276
-0.049819946
0.017837524
0.11317444
0.19146729
0.200531
0.1648407
0.055114746
-0.1281128
-0.28471375
-0.32785034
-0.26660156
-0.19895935
-0.19682312
-0.20375061
-0.16113281
-0.07751465
0.024230957
0.13607788
0.21331787
0.28894043
0.33953857
0.31132507
0.24526978
0.17388916
0.14086914
0.1845398
0.22608948
0.20213318
0.16377258
0.109451294
-0.029571533
-0.1984253
-0.24581909
-0.1835022
-0.17552185
-0.24316406
-0.12332153
0.22183228
0.45884705
0.3848114
0.023162842
-0.3603363
-0.5030823
-0.43118286
-0.40881348
-0.41999817
-0.3294525
-0.18403625
-0.11373901
-0.25009155
-0.44129944
-0.49189758
-0.418396
-0.33743286
-0.26127625
-0.17658997
-0.052474976
-0.049819946
-0.0700531
-0.07537842
-0.18296814
-0.2980194
-0.31134033
-0.17871094
-8.087158E-4
0.13182068
0.21437073
0.2820282
0.32409668
0.33848572
0.27349854
0.10731506
0.046066284
0.2271576
0.4540558
0.55633545
0.4758911
0.41571045
0.44447327
0.4817505
0.46470642
0.41145325
0.3320923
0.17922974
0.035949707
-0.034362793
-0.05886841
-0.09188843
-0.12757874
-0.10360718
-0.08496094
-0.08816528
-0.09881592
-0.15261841
-0.18670654
-0.14355469
-0.13024902
-0.30654907
-0.55848694
-0.5531616
-0.28311157
-0.05354309
-0.07751465
-0.17073059
-0.08123779
0.08547974
0.21011353
0.26391602
0.17762756
0.06150818
0.023162842
0.009841919
-0.033828735
-0.04714966
-0.021057129
-0.004547119
0.002380371
0.042877197
0.14672852
0.24633789
0.27456665
0.25964355
0.2559204
0.1685791
0.37843323
0.37469482
0.14672852
0.076431274
0.35232544
0.65859985
0.6681824
0.486557
0.3017273
0.19892883
0.19146729
0.18188477
0.050323486
-0.12599182
-0.22930908
-0.2106781
-0.0977478
-0.0072021484
0.0077056885
-0.0013427734
0.037017822
0.09187317
0.092941284
0.034347534
-0.022109985
-0.040756226
0.019439697
0.06523132
0.036468506
-0.009338379
-0.049819946
-0.087631226
-0.124923706
-0.15261841
-0.21226501
-0.27565002
-0.2660675
-0.19468689
-0.1600647
-0.23623657
-0.3603363
-0.40348816
-0.32305908
-0.20480347
-0.09616089
-0.021591187
0.03753662
0.13661194
0.24261475
0.27563477
0.2239685
0.13768005
0.06364441
0.026351929
0.0236969
0.002380371
-0.07698059
-0.19256592
-0.27085876
-0.26286316
-0.2191925
-0.20214844
-0.19895935
-0.14994812
-0.104156494
-0.06686401
0.057785034
0.31504822
0.55101013
0.6388855
0.58135986
0.47216797
0.392807
0.37257385
0.3832245
0.30439758
0.09613037
-0.06312561
-0.07325745
0.03488159
0.14993286
0.21757507
0.21650696
0.15151978
0.069503784
0.057250977
0.08708191
0.05831909
-0.003479004
0.017303467
0.123291016
0.22662354
0.29000854
0.23834229
0.054595947
-0.16220093
-0.36619568
-0.47592163
-0.42266846
-0.23144531
-0.08337402
-0.089767456
-0.20108032
-0.2649994
-0.19628906
-0.097213745
-0.073791504
-0.14622498
-0.22665405
-0.20535278
-0.05833435
0.03327942
0.013046265
-0.05354309
-0.1254425
-0.19468689
-0.25328064
-0.25221252
-0.20960999
-0.1749878
-0.16592407
-0.1595459
-0.15901184
-0.16699219
-0.16540527
-0.13983154
-0.06951904
0.03967285
0.13768005
0.22129822
0.2852173
0.37097168
0.48495483
0.5430145
0.5062561
0.3773651
0.28308105
0.24313354
0.17655945
0.050323486
-0.054611206
-0.059402466
0.0045166016
0.099868774
0.1770935
0.21118164
0.24047852
0.27189636
0.2782898
0.26924133
0.21704102
0.08387756
-0.045028687
-0.13237
