0.0929718
-0.18133545
-0.5760193
-0.65644836
-0.42474365
-0.16163635
-0.18933105
-0.5248871
-0.793869
-0.8551178
-0.73420715
-0.49719238
-0.27774048
-0.15151978
-0.18719482
-0.3576355
-0.47375488
-0.45671082
-0.43273926
-0.507843
-0.49186707
-0.33261108
-0.097717285
0.011474609
-0.27615356
-0.52116394
-0.39811707
-0.18933105
-0.088134766
-0.12913513
-0.24153137
-0.26283264
-0.3214264
-0.568573
-0.96643066
-1.0207672
-0.7661743
-0.40664673
-0.009307861
0.15582275
0.062088013
-0.20423889
-0.4487152
-0.61383057
-0.664978
-0.58081055
-0.43006897
-0.4391327
-0.42155457
-0.30010986
-0.041259766
0.23252869
0.2298584
0.39762878
0.8983154
0.9808655
0.796051
0.8003082
0.7758179
0.48233032
0.0098724365
-0.37202454
-0.5014496
-0.40290833
-0.19198608
0.031723022
0.26342773
0.33958435
0.20588684
0.007751465
-0.046051025
-0.007171631
0.008285522
0.043441772
0.16647339
0.25543213
0.09510803
-0.1776123
-0.2479248
-0.12966919
-0.025802612
-0.09025574
-0.29585266
-0.3736267
-0.081207275
0.32040405
0.3470459
0.27513123
0.31880188
0.39178467
0.4258728
0.4205475
0.37953186
0.268219
0.07966614
-0.09451294
-0.14938354
-0.1222229
-0.07107544
-0.003967285
0.10948181
0.20109558
0.20748901
0.10575867
-0.10997009
-0.28094482
-0.2761383
-0.30384827
-0.35072327
-0.27348328
0.0024261475
0.24797058
0.31933594
0.15049744
-0.15310669
-0.24099731
-0.03540039
0.24104309
0.3246765
0.17393494
-0.074279785
-0.0987854
0.09776306
0.20855713
0.2778015
0.3443756
0.50149536
0.47540283
0.22720337
-0.0034332275
-0.21437073
-0.34591675
-0.26176453
-0.1850586
-0.1930542
-0.15789795
-0.057235718
-0.030075073
-0.18507385
-0.2718811
-0.1499176
0.052490234
0.22346497
0.2559662
0.09403992
-0.081207275
-0.09397888
-0.16270447
-0.27294922
-0.19837952
-0.027404785
0.027999878
0.016281128
-0.015686035
-0.14884949
-0.25804138
-0.188797
-0.004501343
0.20056152
0.15689087
-0.08227539
-0.13394165
0.2809906
0.7939148
0.8503723
0.41841125
0.032791138
0.009338379
0.14463806
0.23304749
0.19470215
0.13877869
0.15422058
0.1547699
0.008285522
-0.13446045
-0.12008667
-0.062561035
0.033309937
0.14196777
0.19151306
0.04449463
-0.2164917
-0.20317078
0.089782715
0.27407837
0.09829712
-0.16482544
-0.12966919
0.05142212
0.14463806
0.0029449463
-0.22502136
-0.32514954
-0.21862793
0.006149292
0.17126465
0.17979431
0.071136475
-0.034866333
-2.4414062E-4
0.08604431
0.061019897
-0.07055664
-0.0013122559
0.25543213
0.39285278
0.40722656
0.42001343
0.5451813
0.96969604
1.1646271
0.11482239
-0.19998169
0.031723022
0.48605347
0.51268005
0.237854
-0.09611511
-0.40344238
-0.634079
-0.7081146
-0.60317993
-0.44978333
-0.30171204
-0.24739075
-0.24259949
-0.24951172
-0.31661987
-0.35284424
-0.28359985
-0.2122345
-0.20637512
-0.31556702
-0.41996765
-0.3299408
-0.22181702
-0.15310669
-0.16003418
-0.13659668
-0.18507385
-0.1611023
-0.102508545
-0.013031006
0.07646179
-0.003967285
-0.31236267
-0.5520477
-0.44659424
-0.090789795
0.24371338
0.29803467
0.042373657
-0.29319763
-0.44978333
-0.33312988
-0.06416321
0.10255432
0.11480713
0.050369263
-0.02368164
-0.038589478
-0.050842285
-0.1376648
-0.22502136
-0.1733551
0.0098724365
0.19258118
0.20002747
0.11694336
0.11906433
0.18511963
0.22825623
0.22772217
0.2218628
0.28259277
0.34916687
0.39497375
0.4093628
0.5036316
0.7214813
0.79818726
0.57447815
0.2021637
-0.06416321
-0.17654419
-0.28201294
-0.40185547
-0.48493958
-0.44126892
-0.2441864
-0.039657593
0.049301147
0.11747742
0.23892212
0.3347931
0.27407837
0.059417725
-0.06842041
-0.0029144287
0.07966614
0.12333679
0.17553711
0.23678589
0.2916565
0.23571777
0.0029449463
-0.2798767
-0.6314087
-0.8838806
-0.680954
-0.205307
0.2889862
0.53079224
0.38804626
-0.025268555
-0.381073
-0.38960266
-0.12966919
0.075927734
0.15582275
0.09031677
-0.04232788
-0.15950012
-0.19358826
-0.12541199
-0.085998535
-0.116363525
-0.112091064
-0.053512573
0.02798462
0.1164093
0.17660522
0.20269775
0.16914368
0.066345215
-0.046585083
-0.10624695
-0.085998535
-0.0018310547
-0.019943237
-0.22341919
-0.4433899
-0.46575928
-0.15257263
0.18937683
0.19204712
-0.03112793
-0.14031982
-0.07321167
-0.018356323
-0.08013916
-0.095581055
0.07859802
0.31082153
0.36408997
0.24850464
0.21388245
0.33158875
0.40296936
0.31454468
0.31188965
0.38539124
0.1398468
-0.032196045
-0.10836792
-0.10890198
