-21.890259
-23.843384
-23.240662
-24.090576
-23.14148
-23.654175
-24.305725
-25.592041
-24.090576
-24.928284
-27.194214
-26.35498
-25.90332
-26.792908
-25.053406
-27.218628
-26.443481
-25.32959
-26.217651
-26.942444
-28.19519
-27.31781
-27.441406
-29.38385
-29.38385
-29.38385
-28.881836
-28.883362
-29.54712
-29.446411
-32.22351
-29.510498
-28.797913
-30.610657
-31.001282
-32.18994
-32.440186
-33.081055
-33.381653
-33.644104
-32.106018
-33.018494
-32.670593
-31.944275
-32.884216
-32.632446
-32.759094
-34.910583
-33.772278
-34.048462
-33.772278
-33.485413
-32.546997
-32.79724
-31.610107
-33.42285
-32.170105
-30.593872
-30.279541
-30.429077
-30.255127
-31.77948
-29.342651
-30.230713
-30.470276
-28.404236
-29.405212
-28.141785
-27.49176
-28.053284
-27.026367
-27.153015
-28.591919
-26.852417
-28.425598
-27.23999
-28.366089
-27.952576
-26.289368
-27.217102
-28.614807
-27.929688
-27.23999
-27.890015
-27.391052
-27.175903
-28.529358
-26.289368
-27.389526
-27.992249
-26.615906
-26.489258
-25.387573
-26.01471
-25.750732
-24.537659
-24.88556
-24.00055
-25.411987
-24.82605
-24.91455
-24.787903
-25.639343
-25.576782
-25.576782
-25.576782
-23.939514
-24.287415
-23.413086
-24.414062
-24.82605
-22.373962
-23.623657
-23.597717
-24.787903
-23.210144
-21.746826
-23.74878
-22.975159
-21.795654
-21.93451
-20.671082
-21.047974
-20.735168
-21.871948
-20.735168
-20.671082
-19.673157
-17.84668
-18.19458
-19.04602
-19.520569
-17.433167
-19.885254
-18.882751
-20.045471
-19.421387
-20.085144
-19.04602
-18.858337
-19.857788
-19.197083
-19.758606
-19.007874
-20.672607
-18.597412
-18.234253
-17.256165
-18.382263
-18.597412
-19.195557
-18.572998
-18.09845
-17.845154
-16.744995
-17.8833
-16.807556
-16.056824
-15.46936
-15.281677
-16.079712
-15.3289795
-14.416504
-13.191223
-12.202454
-12.310791
-11.889648
-9.851074
-11.338806
-9.851074
-11.125183
-10.00061
-8.811951
-8.424377
-10.00061
-8.709717
-7.86438
-7.824707
-6.9869995
-6.6345215
-5.921936
-6.071472
-5.885315
-4.7836304
-5.860901
-4.498291
-4.498291
-3.7200928
-4.069519
-5.131531
-5.0094604
-2.9953003
-3.68042
-4.321289
-2.2476196
-5.833435
-2.4932861
-3.2592773
-3.0319214
-3.2592773
-2.0339966
-3.3477783
-2.8076172
-2.3712158
-0.5218506
-2.2842407
-1.0818481
-0.9963989
-0.9963989
-0.2456665
1.3168335
0.692749
2.7908325
1.5396118
2.140808
3.579712
3.327942
3.666687
3.2409668
3.227234
3.5385132
2.5741577
4.6401978
1.3244629
2.7511597
2.4993896
2.1621704
3.2028198
1.6494751
1.31073
0.66070557
1.1581421
0.47149658
0.6210327
1.1199951
-0.17089844
0.4562378
2.0568848
0.103759766
-0.48675537
0.7904053
0.01373291
0.7019043
-1.0391235
0.289917
-0.21514893
-1.4770508
-0.7156372
-2.3757935
-0.02746582
-1.2939453
-2.5436401
-1.3793945
-0.25482178
-2.9815674
-1.1062622
-2.56958
-3.7567139
-2.268982
-2.482605
-1.6448975
-4.373169
-3.8742065
-3.3370972
-3.3370972
-2.5238037
-0.8605957
-2.5863647
-3.3615112
-4.5654297
-2.7160645
-2.4017334
-2.8396606
-2.0019531
-0.10070801
-0.76446533
-0.6164551
-1.6799927
-1.2664795
-0.18005371
-0.14343262
0.63323975
0.63323975
0.6561279
1.8966675
0.8544922
-0.30822754
0.0289917
0.06713867
1.1291504
-0.30822754
-1.7990112
-0.9384155
0.8514404
-0.35095215
-0.9765625
-1.5762329
-1.7028809
-1.1047363
-0.60272217
-0.97961426
-0.97961426
-0.730896
-1.7288208
-0.98114014
-0.5432129
-1.210022
-1.7089844
-1.8966675
-0.63171387
-2.8121948
-1.4251709
-1.789856
-2.1240234
-1.7486572
-1.1734009
-2.0614624
-1.8615723
-1.7745972
-2.6626587
0.48828125
-0.42266846
-1.7730713
-1.7990112
-1.6265869
-1.7990112
-1.2130737
-0.5508423
-1.6738892
-0.7003784
-0.5355835
-0.3616333
-0.5126953
-0.9246826
1.6738892
0.8895874
1.9241333
0.16021729
1.260376
1.6723633
0.50964355
1.7089844
2.5482178
2.5482178
1.423645
1.8966675
2.3971558
2.4856567
2.0721436
2.5878906
1.2084961
1.083374
2.1743774
2.607727
2.458191
2.3971558
1.8966675
1.6342163
3.4957886
3.5568237
3.6224365
1.6082764
2.62146
2.2338867
3.2104492
2.1484375
1.9958496
