0.13438416
-0.12501526
-0.26831055
-0.25445557
-0.15805054
-0.064834595
-0.06271362
-0.15112305
-0.2539215
-0.33328247
-0.4089203
-0.45578003
-0.4797516
-0.48988342
-0.43501282
-0.2858734
-0.14579773
-0.13780212
-0.26882935
-0.29333496
-0.09039307
0.14822388
0.16419983
-0.05204773
-0.27682495
-0.2528534
-0.033950806
0.08911133
-0.0019836426
-0.1942749
-0.28108215
-0.20385742
-0.009979248
0.23291016
0.38790894
0.3660736
0.18763733
-0.06323242
-0.23901367
-0.33114624
-0.35458374
-0.28321838
-0.19320679
-0.14419556
-0.17295837
-0.27575684
-0.32955933
-0.24752808
-0.0962677
-0.064834595
-0.21237183
-0.42596436
-0.453125
-0.08615112
0.48431396
0.85076904
0.76820374
0.27445984
-0.28001404
-0.4765625
-0.26457214
0.078445435
0.2904358
0.30429077
0.16101074
-0.039260864
-0.16497803
-0.17349243
-0.11437988
-0.010513306
0.10614014
0.15621948
0.1578064
0.25634766
0.42518616
0.48591614
0.27764893
-0.10638428
-0.23847961
-0.027557373
0.22225952
0.2446289
0.13438416
0.08377075
0.12850952
0.1934967
0.20947266
0.14608765
0.049682617
0.0070648193
0.040634155
0.10720825
0.12799072
0.045959473
-0.1005249
-0.1942749
-0.167099
-0.10211182
-0.10638428
-0.19692993
-0.30984497
-0.35565186
-0.38761902
-0.51171875
-0.5346222
-0.20811462
0.25901794
0.4230652
0.12106323
-0.3396759
-0.50372314
-0.25924683
0.12319946
0.327713
0.3069458
0.18551636
0.09335327
0.09602356
0.14076233
0.12904358
0.06086731
0.0065307617
0.010787964
0.08430481
0.2131958
0.32452393
0.3852539
0.37405396
0.2323761
0.033172607
-0.008911133
0.20149231
0.47686768
0.5088196
0.27764893
-0.0051879883
-0.13993835
-0.11010742
-0.015838623
0.049697876
0.04862976
-0.004119873
-0.06536865
-0.11756897
-0.14579773
-0.13568115
-0.14579773
-0.16816711
-0.1516571
-0.06271362
0.01878357
-0.0062408447
-0.109573364
-0.10585022
0.011856079
0.033172607
-0.10638428
-0.20651245
-0.017974854
0.30482483
0.4006958
0.19242859
-0.1239624
-0.3231659
-0.3620453
-0.29652405
-0.14898682
0.010787964
0.15515137
0.24995422
0.26966858
0.24409485
0.18338013
0.0954895
0.056610107
0.11253357
0.15568542
0.15248108
0.17645264
0.28671265
0.4257202
0.3149414
-0.010513306
-0.16497803
0.07098389
0.34529114
0.26593018
-0.041931152
-0.19692993
-0.040863037
0.22651672
0.34370422
0.19509888
-0.03767395
-0.08934021
0.1343689
0.41827393
0.38365173
0.11413574
-0.15325928
-0.40785217
-0.5676422
-0.57136536
-0.6118469
-0.71943665
-0.7822876
-0.80200195
-0.7844238
-0.78868103
-0.7279663
-0.52822876
-0.18521118
0.2084198
0.531723
0.61587524
0.45448303
0.09390259
-0.18681335
-0.15538025
0.06832886
0.2819214
0.40708923
0.45129395
0.43478394
0.3815155
0.40281677
0.5530243
0.6041565
0.41986084
0.1977539
0.13757324
0.21214294
0.21479797
0.11253357
-0.041397095
-0.31356812
-0.42330933
-0.119155884
0.3191986
0.42359924
0.23823547
0.15940857
0.085372925
-0.10105896
-0.30718994
-0.38494873
-0.36097717
-0.28268433
-0.20651245
-0.20065308
-0.2219696
-0.5010681
-0.72050476
-0.62942505
-0.2059784
0.23397827
0.45715332
0.3900299
0.16687012
0.0677948
0.18443298
0.247818
0.028366089
-0.29759216
-0.30612183
0.042236328
0.33250427
0.2558136
0.08111572
0.073654175
0.15194702
0.21054077
0.20733643
0.16473389
0.0912323
0.029968262
-0.010513306
-0.06750488
-0.15219116
-0.24859619
-0.20011902
0.27764893
0.27604675
-0.029678345
-0.41477966
-0.54473877
-0.40785217
-0.04246521
0.1615448
0.01133728
-0.17295837
-0.13993835
0.048614502
0.28245544
0.3852539
0.12957764
-0.25978088
-0.38601685
-0.2576599
-0.08081055
-0.01902771
-0.0493927
-0.08187866
-0.0925293
-0.03767395
0.025177002
0.05128479
0.06619263
0.057144165
-0.01210022
-0.097854614
-0.113845825
-0.029678345
0.03477478
0.054489136
0.07632446
0.12532043
0.18019104
0.18391418
0.16419983
6.866455E-4
-0.29386902
-0.48721313
-0.5
-0.35353088
-0.18414307
-0.05630493
-0.027023315
-0.14579773
-0.28694153
-0.29386902
-0.18946838
-0.090408325
-0.057907104
-0.044067383
0.05821228
0.2323761
0.33943176
0.3538208
0.35594177
0.33145142
0.24676514
0.1461029
0.033172607
-0.057373047
-0.088272095
-3.8146973E-4
0.18070984
0.18017578
-0.15219116
-0.42436218
-0.1985321
0.29789734
0.49282837
0.29309082
0.04649353
-0.036071777
-0.062179565
-0.11331177
-0.15272522
-0.1516571
-0.13354492
-0.13301086
-0.14100647
-0.111709595
-0.02809143
0.007598877
-0.0728302
-0.22302246
-0.33221436
-0.30026245
-0.21025085
-0.2288971
-0.37216187
-0.4611206
-0.33914185
-0.07815552
0.11413574
0.0954895
-0.13140869
-0.3988037
-0.42329407
-0.19160461
-0.029693604
-0.026489258
-0.014770508
0.07577515
0.14768982
0.10241699
0.0038757324
-0.041931152
-0.011566162
0.043823242
0.11732483
0.16526794
0.17166138
0.20309448
0.24676514
0.20149231
0.10295105
0.050750732
0.0054779053
-0.06271362
-0.07229614
0.031570435
0.13916016
0.111465454
0.021987915
-0.073898315
-0.13993835
-0.08029175
0.04862976
0.083236694
0.04649353
0.07737732
0.16473389
0.16526794
0.02571106
-0.1628418
-0.24645996
-0.16017151
0.040100098
0.17326355
0.15194702
0.0677948
0.06619263
0.115737915
0.08483887
-0.02381897
-0.08294678
-0.032348633
0.06512451
0.120529175
0.044891357
-0.097854614
-0.14152527
-0.046203613
-0.03288269
-0.1820221
-0.27522278
-0.16816711
0.014526367
0.08377075
-0.025421143
-0.23687744
-0.32156372
-0.17456055
0.0012054443
-0.0019836426
-0.08934021
-0.046188354
0.1381073
0.27818298
0.27818298
0.21586609
0.20947266
0.28936768
0.37246704
0.38258362
0.35168457
0.311203
0.23451233
0.17645264
0.1269226
0.021987915
-0.10159302
-0.13993835
-0.11703491
-0.121292114
-0.041931152
0.17538452
0.3000183
0.18710327
0.029968262
-0.0046539307
0.0065307617
-0.055252075
-0.1324768
-0.17028809
-0.1750946
-0.029144287
0.15782166
0.19563293
0.11413574
0.04914856
0.062469482
0.08218384
0.07046509
0.06513977
0.17112732
0.3426361
0.43424988
0.38258362
0.25794983
0.1578064
0.12585449
0.09869385
-0.02116394
-0.31677246
-0.70666504
-0.84887695
-0.46218872
0.2584839
0.7357178
0.71920776
0.42997742
0.2084198
0.10241699
0.039031982
-0.07336426
-0.18894958
-0.14526367
0.026779175
0.17378235
0.17538452
-0.008911133
-0.18360901
-0.14633179
0.10560608
0.3740692
0.46141052
0.3660736
0.23078918
0.17326355
0.18710327
0.19030762
0.094436646
-0.118637085
-0.29652405
-0.31410217
-0.21876526
-0.19532776
-0.29066467
-0.37376404
-0.33169556
-0.15272522
0.09336853
0.27711487
0.2281189
-0.04725647
-0.30770874
-0.4030609
-0.37322998
-0.2917328
-0.1905365
-0.13034058
-0.13780212
-0.18309021
-0.19906616
-0.15965271
-0.1394043
-0.08720398
0.08164978
