-0.14831543
-1.2146454
-1.7126617
-1.541687
-1.000534
-0.42262268
-0.095581055
0.010940552
0.040771484
0.08657837
0.054092407
-0.065216064
-0.25004578
-0.36669922
-0.25378418
0.1121521
0.49084473
0.5526428
0.30870056
0.068481445
-0.06523132
0.016281128
0.12652588
0.07060242
-0.10676575
-0.104644775
0.115875244
0.20481873
-0.02368164
-0.4130249
-0.6687012
-0.6479187
-0.43273926
-0.16270447
-0.034866333
-0.046051025
-0.12062073
-0.15205383
-0.31715393
-0.5312805
-0.78215027
-0.96803284
-0.95951843
-0.6963959
-0.3267517
-0.016220093
0.115875244
0.17979431
0.33319092
0.50097656
0.4455719
0.091918945
-0.2745514
-0.28945923
-0.07800293
0.11534119
0.16487122
0.11747742
0.051971436
0.08924866
0.27513123
0.47860718
0.53878784
0.44024658
0.23306274
-0.04977417
-0.3065033
-0.41889954
-0.37042236
-0.158432
0.13612366
0.2921753
0.23039246
0.11268616
0.06260681
0.013076782
-0.20956421
-0.5067749
-0.43753052
0.003479004
0.45143127
0.40829468
-0.044448853
-0.5025177
-0.67189026
-0.5355377
-0.26123047
-0.010894775
0.11961365
0.11373901
0.09669495
0.14463806
0.20748901
0.24797058
0.23358154
0.20695496
0.18458557
0.16114807
0.084991455
-0.069488525
-0.17814636
-0.13978577
-0.10836792
-0.30863953
-0.45617676
-0.2633667
0.13612366
0.34490967
0.17712402
-0.102508545
-0.23300171
-0.11582947
0.1979065
0.43013
0.4189453
0.25701904
0.044509888
-0.15524292
-0.32354736
-0.39704895
-0.31289673
-0.10890198
0.097229004
0.21334839
0.24584961
0.18139648
0.09083557
0.12599182
0.18139648
0.12866211
0.04663086
0.09031677
0.32626343
0.4844513
0.3390503
-0.031661987
-0.34751892
-0.4205017
-0.24258423
0.058883667
0.29112244
0.35237122
0.26287842
0.10469055
-0.0476532
-0.13552856
-0.037002563
0.20056152
0.35343933
0.36621094
0.25009155
0.031188965
-0.22555542
-0.26176453
-0.02633667
0.11375427
0.014678955
-0.15631104
-0.14459229
-0.08227539
-0.114227295
-0.23727417
-0.35124207
-0.2633667
0.062088013
0.4381256
0.6426544
0.5808563
0.40029907
0.23571777
0.118011475
-0.021011353
-0.2122345
-0.21969604
-0.030593872
0.16381836
0.25009155
0.26820374
0.2335968
0.09085083
-0.008239746
-0.088653564
-0.15524292
-0.14564514
0.13398743
0.5355835
0.64372253
0.38911438
0.021072388
-0.11795044
-0.0135650635
0.16061401
0.2602234
0.23678589
0.19895935
0.08604431
-0.007171631
-0.23406982
-0.37095642
-0.3033142
-0.26176453
-0.17868042
-0.048171997
-0.097717285
-0.31982422
-0.51956177
-0.47801208
-0.19091797
-0.19200134
-0.3922577
-0.5168915
-0.39918518
-0.12541199
0.06367493
0.17712402
0.10362244
0.03012085
0.115875244
0.19577026
0.26501465
0.36460876
0.47061157
0.5686188
0.5494385
0.25115967
-0.07002258
-0.15257263
-0.13659668
-0.11529541
0.0024261475
0.13452148
0.25808716
0.36834717
0.47540283
0.5313263
0.21122742
-0.2841339
-0.3880005
-0.034866333
0.1164093
-0.17015076
-0.49186707
-0.54299927
-0.1611023
0.14356995
0.29270935
0.24957275
0.16700745
0.12226868
-0.052978516
-0.28627014
-0.10517883
0.003479004
-0.10676575
-0.29745483
-0.40611267
-0.39918518
-0.2788086
-0.09399414
0.24636841
0.59950256
0.74224854
0.5313263
0.12973022
0.118011475
0.41841125
0.58192444
0.28845215
-0.14245605
-0.14831543
0.19151306
0.38485718
0.2575531
0.13238525
0.23678589
0.25543213
0.06048584
-0.16003418
-0.22395325
0.27513123
1.1337433
0.366745
-0.32035828
0.16168213
0.84399414
0.6373291
-0.26815796
-0.8338165
-0.69851685
-0.12168884
0.19470215
-0.03807068
-0.34858704
-0.3576355
-0.158432
-0.14778137
-0.42262268
-0.74806213
-1.0202332
-1.002655
-0.79493713
-0.47428894
-0.1376648
0.108428955
0.36727905
0.4690094
0.3869934
0.30282593
0.3044281
0.22080994
0.08604431
2.89917E-4
0.027999878
0.02267456
0.14038086
0.32200623
0.44770813
0.52067566
0.41574097
-0.06681824
-0.67774963
-0.9664459
-0.61543274
-0.12808228
0.33319092
0.60910034
0.55636597
0.21334839
-0.18026733
-0.4998474
-0.5893402
-0.43540955
-0.1541748
0.115875244
0.26182556
0.28738403
0.18778992
-0.043395996
-0.27082825
-0.3922577
-0.46043396
-0.41888428
-0.26016235
-0.2718811
-0.5291443
-0.7315521
-0.6228943
-0.15098572
0.22399902
0.18405151
-0.119018555
-0.18081665
-0.05404663
-0.05937195
-0.18080139
-0.23779297
-0.21063232
-0.17068481
-0.09718323
0.082855225
0.3086853
0.45089722
0.4759369
0.4370575
0.31028748
0.1717987
0.042373657
-0.08493042
-0.18240356
-0.1376648
0.12919617
0.46528625
0.65649414
0.73799133
0.78912354
0.7592926
0.6181488
0.30389404
-0.09664917
-0.3347473
-0.2899933
0.031723022
0.35716248
0.34277344
0.08924866
-0.15631104
-0.29319763
-0.3741455
-0.42848206
-0.38586426
-0.25004578
-0.17175293
-0.18507385
-0.21916199
-0.28520203
-0.35816956
-0.36669922
-0.27668762
-0.19465637
-0.14138794
-0.043380737
0.10522461
0.26075745
0.29963684
0.20962524
0.08711243
0.0024261475
-0.022079468
-0.048706055
-0.0753479
-0.058303833
0.023208618
0.036514282
-0.11795044
-0.25057983
-0.17868042
-0.03593445
-0.031143188
-0.11743164
-0.14459229
0.003479004
0.37153625
0.6415863
0.5915222
0.40776062
0.27726746
0.22453308
0.19151306
0.11961365
0.041305542
0.012542725
-0.021560669
-0.04977417
-0.16642761
-0.3698883
-0.47428894
-0.364563
-0.25323486
-0.25483704
-0.18400574
0.08711243
0.37153625
0.42373657
0.25115967
0.03012085
-0.07267761
-0.08280945
-0.07481384
-0.10783386
-0.1818695
-0.24899292
-0.23139954
-0.17707825
-0.12966919
-0.116363525
-0.16323853
-0.20051575
-0.17121887
-0.09664917
-0.0519104
-0.057235718
-0.09718323
-0.1184845
-0.06309509
0.059951782
0.2064209
0.3166809
0.30070496
0.10096741
-0.039657593
0.038116455
0.045578003
-0.13446045
-0.24099731
-0.19891357
0.0050811768
0.2021637
0.25862122
0.221344
0.13771057
0.13665771
0.20056152
0.16114807
0.13771057
0.17126465
0.27352905
0.33958435
0.3321228
0.20323181
0.054092407
-0.00982666
8.239746E-4
-0.008773804
-0.024749756
-0.029006958
0.02053833
0.03437805
0.0460968
-0.036468506
-0.2441864
-0.43008423
-0.34432983
-0.09718323
-0.031677246
-0.26708984
-0.60424805
-0.6559143
-0.38427734
-0.032196045
0.030654907
-0.11050415
-0.14299011
-0.036468506
0.07699585
0.05781555
0.022125244
-0.004501343
-0.04977417
-0.14245605
-0.14884949
0.0040130615
0.19630432
0.2959137
0.29696655
0.26182556
0.1632843
0.007736206
-0.032196045
0.05355835
-0.004501343
-0.1222229
-0.034332275
0.3901825
0.6937866
0.62561035
0.39283752
0.3017578
0.40350342
0.5350647
0.5824585
0.66023254
0.763031
0.6607666
0.4801941
0.36834717
0.46102905
0.638916
0.5323944
0.19630432
0.1979065
0.23838806
0.23252869
0.28684998
