-25.245667
-25.631714
-27.572632
-25.40741
-28.399658
-28.460693
-27.134705
-28.012085
-28.146362
-27.734375
-26.260376
-29.673767
-28.29895
-28.811646
-29.399109
-29.63562
-29.673767
-27.696228
-28.085327
-27.183533
-28.007507
-28.085327
-27.59552
-28.64685
-29.208374
-26.817322
-27.571106
-27.75879
-27.857971
-27.095032
-27.722168
-27.856445
-28.58429
-28.633118
-28.631592
-27.593994
-27.316284
-26.994324
-27.154541
-28.509521
-29.031372
-28.919983
-30.711365
-30.711365
-29.54712
-30.169678
-32.836914
-30.54657
-30.085754
-30.709839
-31.401062
-30.233765
-31.008911
-31.375122
-32.110596
-32.411194
-31.672668
-31.610107
-32.962036
-32.710266
-32.000732
-31.774902
-30.747986
-32.502747
-31.063843
-32.351685
-31.861877
-33.41217
-33.062744
-32.600403
-34.51538
-34.065247
-32.852173
-31.025696
-32.765198
-31.648254
-31.90155
-31.877136
-33.25348
-33.728027
-33.25348
-33.451843
-32.8537
-32.666016
-31.626892
-32.3761
-33.91571
-32.214355
-33.439636
-33.250427
-32.3761
-33.088684
-32.12433
-30.563354
-32.162476
-31.965637
-32.400513
-30.65033
-31.690979
-31.964111
-31.878662
-31.666565
-32.44171
-33.54187
-32.191467
-32.592773
-33.47931
-33.06427
-32.792664
-31.469727
-32.56836
-31.881714
-33.10547
-31.819153
-32.69348
-30.66864
-31.570435
-30.943298
-31.007385
-31.632996
-31.632996
-31.632996
-33.044434
-33.17108
-32.64618
-32.218933
-30.819702
-30.46875
-30.731201
-30.381775
-30.693054
-29.820251
-30.230713
-29.02832
-29.429626
-29.693604
-28.616333
-28.308105
-27.990723
-28.904724
-27.990723
-27.452087
-26.78833
-27.241516
-27.890015
-27.116394
-26.264954
-26.64032
-26.013184
-26.200867
-25.950623
-26.638794
-25.53711
-25.727844
-26.200867
-26.165771
-24.440002
-24.874878
-25.474548
-23.625183
-25.578308
-25.100708
-25.952148
-25.4776
-25.990295
-26.07727
-25.791931
-24.726868
-24.414062
-25.601196
-24.377441
-24.45221
-24.827576
-24.502563
-23.312378
-22.975159
-22.563171
-23.625183
-22.314453
-23.075867
-22.814941
-22.66388
-20.962524
-21.334839
-22.66388
-21.871948
-19.094849
-19.822693
-20.021057
-19.04602
-19.648743
-19.070435
-18.795776
-18.070984
-16.906738
-17.34314
-18.032837
-18.032837
-18.032837
-18.569946
-18.096924
-17.533875
-18.167114
-18.569946
-17.344666
-17.906189
-18.234253
-18.510437
-18.634033
-18.408203
-19.096375
-17.506409
-18.258667
-18.60962
-19.795227
-20.361328
-17.910767
-18.859863
-17.759705
-18.858337
-17.82074
-17.408752
-17.260742
-17.471313
-16.03241
-16.007996
-14.367676
-15.020752
-13.806152
-15.206909
-15.208435
-13.520813
-13.9175415
-12.6449585
-12.5564575
-10.50415
-10.879517
-12.893677
-10.879517
-8.964539
-8.74176
-9.567261
-9.176636
-10.064697
-8.778381
-8.401489
-7.83844
-8.615112
-7.4264526
-5.9890747
-5.9890747
-6.137085
-6.138611
-6.112671
-5.3222656
-5.9646606
-4.849243
-7.4676514
-5.0750732
-5.4870605
-4.927063
-4.600525
-4.2633057
-5.3604126
-2.8121948
-4.362488
-3.7887573
-2.659607
-3.3874512
-4.852295
-2.1636963
-2.6275635
-3.5140991
-1.1245728
-2.9525757
-2.9525757
-2.3880005
-2.3284912
-1.3763428
-1.9134521
-1.2893677
-2.2659302
0.1876831
0.37384033
-0.76446533
1.4129639
1.0375977
-0.1876831
-0.56152344
-0.72784424
-0.89263916
0.24719238
0.22277832
0.9963989
-1.0040283
1.8478394
0.14648438
0.18310547
0.1449585
-2.6809692
-1.5808105
-3.9077759
-4.248047
-2.39563
-3.5202026
-2.2216797
-1.4846802
-1.7471313
-1.435852
-0.3555298
-1.8112183
-1.1611938
-2.784729
-0.64849854
-0.79803467
-0.64849854
-0.2960205
-0.40283203
0.22277832
-1.6876221
-1.0025024
-0.9170532
-1.7547607
-3.5186768
-2.4795532
-2.6657104
-0.091552734
-2.142334
-1.3793945
-2.381897
-2.56958
-1.6052246
-3.0075073
-4.5578003
-2.8701782
-3.3340454
-2.458191
-2.1713257
-4.246521
-3.024292
-3.112793
-2.6733398
-3.7979126
-3.7765503
-3.7277222
-4.914856
-5.102539
-4.4403076
-3.918457
-5.357361
-5.0186157
-3.956604
-3.0075073
-3.0075073
-5.332947
-4.258728
-4.296875
-4.15802
-3.6087036
-4.296875
-3.1951904
-2.760315
-5.012512
-4.385376
-4.774475
-2.949524
-3.2241821
-2.6641846
-3.0136108
-2.3895264
-3.09906
-3.5888672
-4.5913696
-3.5171509
-2.5772095
-1.9546509
-3.2669067
-2.7297974
-4.055786
-2.9556274
-2.7435303
-3.4561157
-2.9174805
-3.3950806
-3.8085938
-4.147339
-2.230835
-3.3966064
-2.897644
-4.122925
-4.536438
-3.2852173
-2.597046
-3.5232544
-2.5985718
-3.3111572
-4.563904
-3.314209
-1.524353
-3.5003662
-2.1636963
-1.7776489
-3.6514282
-2.1652222
-1.7776489
-2.256775
-1.6937256
-1.8157959
-2.090454
-1.2420654
-1.1932373
-1.8188477
-1.8188477
-1.3076782
-1.1566162
-1.6952515
-2.256775
-1.1322021
-0.9674072
-0.76904297
-0.34484863
-1.5304565
-2.4719238
-0.5584717
-0.7080078
-1.6815186
-1.8722534
-0.46844482
-2.3223877
-2.3223877
-2.3223877
-1.2237549
-1.1856079
-0.97351074
-1.5731812
-0.58288574
-1.0360718
-0.41046143
-0.40893555
-0.6866455
0.642395
0.20446777
0.22888184
-0.3326416
-0.8956909
0.29296875
0.9567261
0.6057739
0.0076293945
1.6464233
0.38146973
0.4196167
1.2710571
0.48217773
1.4343262
-0.2670288
1.9622803
2.0874023
1.3748169
1.7730713
2.5634766
2.5619507
3.6621094
2.972412
3.37677
3.6987305
2.937317
3.314209
2.1499634
3.7002563
2.6626587
3.138733
4.3518066
2.7130127
3.0776978
4.206848
4.6447754
4.0161133
4.3045044
4.6691895
2.9434204
2.9190063
3.4423828
2.381897
3.4591675
3.9550781
4.3945312
4.432678
2.9571533
4.3685913
4.5181274
4.144287
3.0685425
5.934143
3.5461426
2.9830933
2.380371
3.2684326
2.319336
2.444458
4.7698975
3.2684326
4.470825
3.0685425
1.9210815
1.6082764
1.6677856
1.6677856
2.3330688
3.3340454
-0.2822876
2.3345947
1.071167
2.3345947
1.1703491
1.4083862
1.3839722
1.6082764
1.2588501
0.35705566
0.030517578
0.6561279
2.571106
1.7349243
1.9195557
1.0940552
1.1077881
1.3458252
0.54626465
1.5426636
2.1697998
1.1932373
0.56762695
1.5045166
1.2573242
2.1942139
2.105713
1.9805908
1.6311646
0.98114014
1.7318726
1.1306763
1.6296387
1.5441895
1.6693115
0.72021484
1.6067505
1.2832642
1.2557983
0.75531006
1.6677856
0.55389404
0.56762695
-1.4099121
