14.265442
14.506531
14.099121
17.115784
13.981628
14.8376465
16.021729
15.319824
16.899109
16.949463
15.122986
16.545105
16.720581
15.509033
16.578674
16.978455
16.545105
17.381287
17.61322
18.600464
18.493652
17.607117
18.55011
17.399597
18.76831
19.664001
18.833923
18.237305
20.236206
19.618225
18.666077
20.243835
18.128967
20.707703
20.71228
20.132446
21.755981
20.780945
22.058105
20.573425
22.38617
22.103882
20.280457
20.280457
21.15326
23.37799
20.864868
22.175598
21.218872
21.861267
20.179749
21.06781
21.539307
20.474243
21.38977
21.061707
20.158386
20.887756
19.41681
20.742798
19.528198
18.992615
19.844055
16.877747
17.782593
17.041016
17.977905
18.920898
18.24646
18.8797
17.1875
17.680359
17.552185
18.22052
16.983032
18.867493
17.532349
16.23993
16.053772
16.85791
16.056824
16.899109
15.963745
14.987183
17.564392
18.333435
17.83905
18.63556
18.618774
19.224548
18.33191
17.95044
18.084717
17.277527
17.654419
16.7984
18.048096
17.840576
16.83197
16.80603
16.230774
17.120361
17.593384
15.872192
17.338562
15.847778
16.593933
16.664124
16.680908
14.686584
16.133118
14.634705
14.630127
15.365601
14.678955
14.515686
13.525391
14.479065
13.748169
12.800598
12.800598
12.800598
13.771057
13.88855
12.094116
13.877869
12.762451
13.674927
13.786316
13.1073
14.224243
13.322449
13.276672
14.590454
13.09967
13.208008
14.64386
11.940002
14.009094
14.460754
15.588379
15.518188
15.319824
14.820862
15.174866
14.694214
15.09552
15.478516
16.430664
15.829468
15.577698
15.483093
17.211914
15.019226
15.827942
14.672852
15.762329
17.007446
17.933655
17.312622
15.182495
15.969849
15.5685425
14.76593
15.127563
15.692139
14.285278
15.582275
14.479065
14.901733
14.910889
14.042664
14.422607
15.037537
16.20636
15.385437
15.435791
15.733337
13.601685
14.227295
14.108276
14.273071
13.496399
15.464783
14.271545
15.541077
17.774963
15.664673
16.499329
16.775513
14.529419
16.487122
16.522217
15.464783
16.337585
17.578125
15.898132
15.898132
15.898132
15.979004
15.170288
15.390015
17.475891
15.979004
17.572021
17.356873
16.729736
16.687012
18.397522
17.861938
17.765808
18.838501
18.013
18.687439
19.119263
15.725708
15.753174
15.786743
17.506409
17.370605
16.78772
16.836548
15.412903
16.111755
17.019653
15.72876
17.384338
16.139221
16.021729
15.550232
15.544128
14.610291
16.297913
15.30304
14.746094
16.455078
16.836548
15.567017
16.836548
16.950989
16.39862
16.288757
17.648315
16.810608
15.962219
17.170715
17.385864
17.85736
17.436218
18.341064
18.339539
18.185425
18.17627
18.469238
19.735718
17.05017
18.927002
15.411377
17.886353
17.840576
16.464233
17.089844
16.273499
17.720032
17.32483
16.696167
17.048645
17.495728
15.382385
14.179993
15.391541
13.172913
13.925171
14.81781
14.14032
14.14032
12.785339
13.499451
13.487244
13.562012
12.922668
12.646484
14.265442
13.285828
11.122131
12.705994
13.082886
13.07373
13.458252
11.552429
9.658813
11.825562
11.53717
11.058044
9.934998
9.881592
9.080505
9.510803
9.072876
9.42688
9.567261
7.824707
7.054138
8.01239
7.5897217
6.890869
5.973816
6.083679
4.974365
8.003235
5.354309
5.0094604
6.6696167
4.6463013
6.062317
4.6417236
5.558777
2.7893066
2.1530151
3.6376953
2.1377563
1.5686035
1.3153076
1.3671875
0.79193115
3.3554077
1.6723633
1.5472412
2.5100708
0.35705566
-0.24108887
1.4709473
0.99487305
0.3616333
-0.5645752
0.3692627
-0.5203247
-1.9195557
-0.7537842
-2.3330688
-1.7715454
-1.4221191
-1.8478394
-3.1524658
-4.156494
-3.7353516
-4.33197
-4.537964
-6.3476562
-5.6777954
-4.911804
-6.790161
-6.817627
-6.817627
-6.9732666
-7.1243286
-7.562256
-5.961609
-7.473755
-7.5653076
-7.4157715
-8.662415
-7.9574585
-8.5876465
-8.358765
-7.6919556
-7.7301025
-9.098816
-8.428955
-9.066772
-7.8552246
-8.7890625
-10.9375
-11.094666
-9.663391
-10.313416
-9.764099
-9.844971
-11.021423
-10.8810425
-11.575317
-10.377502
-10.447693
-11.2335205
-11.296082
-12.0651245
-10.36377
-11.247253
-11.758423
-11.773682
-11.831665
-11.5234375
-11.436462
-11.1328125
-11.44104
-11.82251
-12.133789
-11.833191
-11.59668
-12.42981
-12.689209
-12.931824
-12.599182
-12.698364
-12.937927
-13.734436
-13.516235
-13.374329
-11.830139
-13.024902
-14.025879
-13.391113
-13.394165
-13.761902
-13.594055
-13.525391
-13.74054
-13.308716
-11.418152
-12.2543335
-12.0651245
-11.636353
-13.059998
-12.954712
-11.5448
-11.804199
-12.413025
-11.92627
-12.904358
-12.904358
-12.904358
-12.768555
-12.332153
-11.448669
-12.101746
-10.092163
-12.176514
-11.2335205
-11.225891
-11.274719
-10.07843
-8.850098
-10.137939
-8.772278
-8.987427
-7.824707
-8.023071
-7.3516846
-7.998657
-6.3476562
-8.387756
-6.365967
-5.963135
-7.220459
-7.232666
-6.452942
-4.281616
-4.4052124
-3.2073975
-4.891968
-3.62854
-3.6315918
-3.4881592
-3.5873413
-2.0812988
-3.060913
-4.0161133
-2.810669
-2.104187
-3.050232
-2.470398
-1.6830444
-1.8127441
-3.4622192
-2.3986816
1.1993408
-0.030517578
-0.98724365
-0.79803467
0.2593994
-0.8239746
0.4623413
-1.3442993
0.541687
1.9836426
-0.12207031
0.22735596
0.66833496
0.8987427
-0.06713867
0.09460449
0.4776001
0.62713623
2.2979736
1.4144897
1.1947632
0.5355835
-0.21362305
-0.18157959
1.2695312
-0.14953613
-0.21209717
1.1062622
0.62713623
1.4938354
1.0223389
0.1586914
0.1586914
1.5426636
0.5279541
-0.37994385
1.5518188
1.0971069
1.5548706
0.680542
1.8554688
1.5731812
1.0223389
1.6983032
0.7171631
0.091552734
-0.5432129
1.1505127
2.4795532
1.486206
-0.19683838
1.5335083
1.1352539
1.3183594
0.28533936
-0.3463745
-0.6210327
0.016784668
-0.15563965
0.10986328
-0.0579834
-1.0803223
-0.9490967
-0.27160645
0.06866455
0.8911133
0.23498535
-0.27923584
0.289917
0.1663208
1.7715454
1.0162354
0.4058838
0.1083374
0.6134033
0.15106201
-1.7196655
0.015258789
-0.82702637
