-31.00586
-31.793213
-29.73938
-28.48816
-27.94342
-27.815247
-27.93274
-25.820923
-28.00293
-27.220154
-27.259827
-25.92926
-25.105286
-27.08435
-25.611877
-25.175476
-25.92926
-26.008606
-24.963379
-25.708008
-26.049805
-23.742676
-26.489258
-25.901794
-25.656128
-26.785278
-24.969482
-25.878906
-24.253845
-24.96643
-24.057007
-25.779724
-25.610352
-23.38562
-24.455261
-25.611877
-25.791931
-24.22638
-24.111938
-22.30835
-23.597717
-21.907043
-21.33789
-21.33789
-21.302795
-20.776367
-20.84198
-20.918274
-19.651794
-20.002747
-19.078064
-22.097778
-21.229553
-19.847107
-20.057678
-20.21637
-22.143555
-22.158813
-22.79663
-21.748352
-20.007324
-22.425842
-21.633911
-22.25647
-21.446228
-22.099304
-23.625183
-22.042847
-22.315979
-21.392822
-21.443176
-21.739197
-21.983337
-21.455383
-21.354675
-23.027039
-22.090149
-22.668457
-21.50879
-21.702576
-21.966553
-22.453308
-21.640015
-23.439026
-21.315002
-21.522522
-20.819092
-20.147705
-20.0531
-20.974731
-21.21582
-21.546936
-23.03009
-22.784424
-24.54834
-21.31195
-23.042297
-22.190857
-20.84198
-22.839355
-20.684814
-20.085144
-19.674683
-21.365356
-19.657898
-20.709229
-19.85321
-23.19336
-19.36493
-18.4906
-19.187927
-18.966675
-21.160889
-19.28711
-20.379639
-21.043396
-19.688416
-21.055603
-20.58258
-20.741272
-20.741272
-20.741272
-20.832825
-18.856812
-21.383667
-20.796204
-20.549011
-20.707703
-21.028137
-20.536804
-21.037292
-19.90509
-21.450806
-21.88263
-22.93396
-22.491455
-21.864319
-21.173096
-22.888184
-21.720886
-21.247864
-22.135925
-22.862244
-21.34552
-22.605896
-21.64154
-21.916199
-21.638489
-22.547913
-22.694397
-23.439026
-22.706604
-22.085571
-21.278381
-22.389221
-21.290588
-20.777893
-21.743774
-20.574951
-21.081543
-21.122742
-21.88263
-21.607971
-21.71936
-21.141052
-21.006775
-20.500183
-21.244812
-23.187256
-23.406982
-21.975708
-23.484802
-22.747803
-21.832275
-22.566223
-22.683716
-21.902466
-22.723389
-23.371887
-24.186707
-22.491455
-22.640991
-24.832153
-24.438477
-22.335815
-24.923706
-23.777771
-24.67804
-23.791504
-24.667358
-23.878479
-25.42572
-25.106812
-25.352478
-25.318909
-25.216675
-24.598694
-24.598694
-24.598694
-25.99945
-25.041199
-25.172424
-26.321411
-25.99945
-23.995972
-24.627686
-23.254395
-21.740723
-20.870972
-23.28949
-22.251892
-22.050476
-20.845032
-20.5719
-22.62268
-22.262573
-21.383667
-23.872375
-21.723938
-23.30017
-23.999023
-22.912598
-22.871399
-23.661804
-23.614502
-24.19281
-24.154663
-22.782898
-25.164795
-25.219727
-24.150085
-24.047852
-25.787354
-24.176025
-25.837708
-25.476074
-25.045776
-25.720215
-25.045776
-26.635742
-25.6958
-25.427246
-27.426147
-27.44751
-26.145935
-26.919556
-26.593018
-25.726318
-25.811768
-25.001526
-24.69635
-26.379395
-24.85199
-24.858093
-26.835632
-25.579834
-25.726318
-25.611877
-25.558472
-27.102661
-25.517273
-26.890564
-27.770996
-28.468323
-27.116394
-28.39508
-26.24054
-28.486633
-28.622437
-28.35846
-27.34375
-28.381348
-29.051208
-29.570007
-28.419495
-28.419495
-31.106567
-28.068542
-29.702759
-29.882812
-29.837036
-28.961182
-29.037476
-29.919434
-30.9906
-31.077576
-29.884338
-31.315613
-31.341553
-29.472351
-30.197144
-29.890442
-30.342102
-29.684448
-30.667114
-31.752014
-31.660461
-30.142212
-30.134583
-30.581665
-29.769897
-30.601501
-29.530334
-28.701782
-31.340027
-30.497742
-29.678345
-29.846191
-30.567932
-31.199646
-29.830933
-30.25055
-29.908752
-30.827332
-29.342651
-30.064392
-30.986023
-28.022766
-28.741455
-29.325867
-28.952026
-28.018188
-28.204346
-27.220154
-28.988647
-27.532959
-27.218628
-27.159119
-26.689148
-26.226807
-26.678467
-26.521301
-25.813293
-26.32904
-27.754211
-24.440002
-25.750732
-26.924133
-25.830078
-24.208069
-23.309326
-24.060059
-25.935364
-24.223328
-24.043274
-23.957825
-24.867249
-24.067688
-23.54126
-21.946716
-21.949768
-22.46399
-21.044922
-21.044922
-21.762085
-21.24939
-21.240234
-20.509338
-20.904541
-20.477295
-21.650696
-20.683289
-18.670654
-20.457458
-18.649292
-17.816162
-17.370605
-17.30957
-16.275024
-16.534424
-17.666626
-16.903687
-17.356873
-15.470886
-17.597961
-15.263367
-15.338135
-13.937378
-15.345764
-14.533997
-14.506531
-13.195801
-13.778687
-13.323975
-11.51123
-11.050415
-12.527466
-10.72998
-10.845947
-10.751343
-10.006714
-10.107422
-9.619141
-8.143616
-8.5494995
-8.880615
-8.015442
-6.590271
-7.2738647
-7.6538086
-7.1258545
-6.338501
-6.587219
-5.5984497
-5.2703857
-2.5253296
-2.6565552
-5.2612305
-4.0908813
-2.6474
-2.9266357
-2.2079468
-1.4450073
-1.1062622
-1.713562
-0.8255005
-1.4572144
-0.6515503
0.53253174
-0.048828125
2.104187
0.6637573
1.2634277
1.1993408
3.7521362
1.5762329
2.9556274
-0.04272461
2.6412964
2.6412964
2.6412964
4.521179
4.512024
6.6375732
6.0150146
5.2490234
6.1950684
7.269287
5.743408
8.02002
5.4595947
8.004761
6.663513
7.3669434
6.7337036
7.220459
6.4941406
7.5286865
5.8380127
6.942749
6.626892
7.1914673
6.6116333
6.604004
5.2764893
6.703186
5.6869507
5.0857544
6.3964844
7.371521
6.1584473
6.9213867
6.970215
8.92334
6.616211
8.944702
6.9473267
6.6314697
7.9330444
6.9610596
8.119202
7.359314
7.2662354
5.7022095
4.626465
6.729126
4.6432495
6.4682007
5.102539
5.0949097
3.3599854
5.0064087
5.0750732
4.0634155
3.4698486
5.0704956
4.319763
3.5476685
5.303955
4.6310425
5.244446
5.21698
4.8568726
5.4107666
4.0985107
4.534912
5.131531
5.345154
2.8579712
4.3548584
2.972412
5.039978
3.5385132
4.8568726
3.4088135
2.9464722
4.3441772
4.3441772
4.4952393
2.7359009
3.3493042
2.6626587
2.7664185
2.204895
2.1713257
4.2907715
2.4658203
2.9464722
2.9144287
2.4368286
3.6575317
2.6351929
2.684021
3.3752441
4.9346924
2.6474
3.2165527
2.4734497
2.5848389
4.48761
3.0075073
3.578186
3.9901733
5.2597046
3.2577515
3.7643433
3.7841797
3.3172607
2.8274536
4.3136597
3.565979
3.7063599
4.3533325
3.7246704
2.8182983
3.1921387
4.168701
2.4887085
3.5629272
4.901123
5.871582
4.4891357
4.295349
5.595398
