9.970169
9.749908
10.037216
10.116226
9.838501
9.751099
9.83371
9.839691
9.781036
9.919907
10.063553
10.21199
9.898361
9.466202
9.383606
9.664917
10.018066
9.830124
9.350082
8.769485
8.605484
8.963409
9.052002
8.727585
8.264313
8.270294
8.773087
9.314163
9.508102
9.862442
10.24791
10.198822
9.795395
9.230377
8.671326
8.237976
8.126648
8.515701
9.751114
10.9913025
11.046371
9.934265
8.855682
8.546829
8.895187
9.548798
10.226349
10.455002
10.312546
9.984543
9.804977
9.639786
9.435074
9.394363
9.194458
8.695267
8.47261
8.567169
8.565979
8.665344
8.920319
9.154953
9.24353
9.443451
9.504501
9.047211
8.624634
8.552811
8.622238
8.676117
8.939468
9.078339
8.9670105
8.775482
8.733582
8.825745
8.804199
8.477386
8.270294
8.646179
9.40155
9.968979
10.206009
9.980957
9.351273
8.800613
8.562393
8.623444
8.961029
9.168121
8.931091
8.251144
8.022491
8.548019
9.279449
9.747513
9.872009
9.935455
9.95462
9.456619
8.897568
8.6306305
8.74794
9.014893
9.060379
9.016083
9.050812
9.484146
10.31015
10.70639
10.396347
10.093475
10.200027
10.779419
11.115799
11.026016
11.319305
12.203964
12.82048
11.83168
9.794205
8.224808
7.4766083
7.723221
8.708435
9.377609
9.138199
8.233185
7.482605
7.762726
8.390015
8.582733
8.582733
8.585129
8.783859
8.871231
8.916733
8.899979
8.756317
8.90834
9.4614105
10.196426
10.749496
10.214386
9.146576
9.194458
10.8572235
12.6241455
12.328461
10.043198
7.657379
6.661392
7.5747833
9.658936
10.949402
10.935043
9.702026
8.25473
7.664566
7.9506683
8.367264
8.465424
8.059601
7.4490814
8.369659
10.128204
10.490921
9.512894
8.642593
9.048416
9.921097
10.020462
9.684067
9.239944
9.742722
11.31691
13.203552
13.72908
12.26622
9.851669
8.163757
7.961441
8.49176
8.823349
8.643799
8.010529
7.2790985
6.7487793
6.8170166
7.6071014
8.613861
9.207626
9.202835
9.146576
9.544006
9.569153
9.068756
8.955032
9.544006
10.09108
9.802582
9.511688
9.953415
11.617386
12.388321
10.8177185
8.8484955
8.137421
8.926315
10.464584
11.428253
9.666107
8.036865
7.10791
7.0348816
7.850113
8.196075
8.328949
8.525284
8.818573
9.194458
9.4614105
9.548798
9.522461
9.430283
9.552383
10.009689
10.54718
10.531616
9.843277
9.372818
10.21199
11.543167
11.563522
10.097076
8.2595215
7.5987244
8.60907
10.180862
10.932648
10.583099
9.3033905
7.961441
7.3856354
7.5556335
7.9710236
8.261917
8.4618225
8.677307
8.996933
9.300995
9.2243805
9.062775
9.272263
9.802582
10.641754
10.628586
9.860046
9.7343445
10.921875
12.253052
11.702377
9.783432
8.184097
8.117065
9.351288
10.780609
11.1493225
10.221573
8.720398
7.577179
7.356903
7.889618
8.27269
8.275085
8.465424
9.017288
9.67569
9.968979
9.801392
9.579926
9.749908
10.273041
10.732727
10.456207
9.85405
9.861237
11.545563
13.296921
12.9952545
10.930252
8.870041
8.081146
8.197266
8.564789
8.654556
8.548019
8.058411
7.0911407
6.4207764
6.7571564
7.8632812
8.90715
9.541611
9.579926
9.226776
8.873642
8.860474
9.41951
10.165314
10.641754
10.165298
9.527252
10.095871
11.806534
12.716324
11.170868
9.028061
7.705261
7.9195404
9.557175
11.2438965
11.425858
9.933075
8.239166
7.434723
7.4850006
7.704056
7.7411804
7.692093
7.8094177
8.428314
9.318954
10.013275
10.135376
10.166504
10.443039
10.761459
10.927856
10.280228
9.4769745
9.565552
10.976944
12.138123
11.47493
9.7295685
8.394791
8.458237
9.317764
9.791809
9.40036
8.467819
7.52211
7.131851
7.182129
7.518509
7.835739
8.166153
8.568375
8.999329
9.310577
8.98735
8.483383
8.733566
9.793015
10.775833
10.684845
9.569153
8.789841
9.327332
11.176849
12.457748
11.686813
9.919891
8.801804
9.104675
9.964203
10.298187
9.772659
8.710831
7.8884125
7.6346436
7.870468
8.065598
7.83815
7.4167633
7.2754974
7.7256165
8.621048
9.48056
9.952225
9.765472
9.504501
10.088684
11.168472
11.439026
10.9075165
10.669281
11.360016
12.4062805
12.002853
10.324524
8.660553
7.9159546
8.37085
9.374023
10.156921
9.978561
8.725189
7.486191
7.02771
7.373657
7.8872223
8.441483
9.020874
9.352478
9.390778
9.335724
9.18248
9.24234
9.599075
9.99173
9.810959
9.159744
9.141785
10.4765625
12.587036
13.515991
11.994476
9.389587
7.906372
8.135025
9.120239
9.51767
8.990952
8.093124
7.463455
7.5245056
7.8237762
8.066788
8.124252
7.99736
8.211639
9.030457
9.405151
8.922714
8.616257
9.374023
10.417892
10.851242
10.611816
9.814545
9.919907
11.225937
12.308121
11.717957
10.158127
8.987366
8.834122
9.644562
10.220367
9.585907
8.644989
8.322968
8.041641
7.4526825
7.0109406
7.312622
8.603088
9.627808
9.548798
9.169312
8.672516
8.303818
8.939468
9.660126
9.749908
9.607452
9.473373
9.876801
10.988922
11.863998
11.216354
9.820541
9.380005
10.155731
11.2379
11.373184
10.068344
8.641388
7.996155
8.028473
7.6501923
7.0217285
7.174942
7.9877777
8.734772
9.201645
9.06636
9.152557
9.631393
9.521271
9.619431
10.450226
10.903915
10.695618
10.52803
11.061935
12.749847
13.515991
12.192001
9.771454
8.288254
8.698853
9.806168
9.711609
9.008911
8.514511
8.27269
8.107498
8.099106
8.640198
9.305786
10.075516
10.341278
9.885178
9.972565
10.22995
10.492111
9.508087
9.962997
11.31572
12.039963
11.3671875
10.974548
11.263046
11.172058
10.178482
8.996933
8.442673
8.394791
8.206848
8.151779
8.689285
9.380005
9.293823
8.728775
8.35289
8.249939
8.403168
8.771881
9.785828
9.723572
9.645767
9.801392
10.153336
10.287399
10.279037
10.001297
9.753494
9.715195
9.885193
10.209595
10.683655
11.273819
11.154114
10.046783
8.899979
8.4319
8.820969
9.49852
9.388382
8.488159
7.9865875
8.458237
9.227966
9.631393
9.445847
8.835327
8.57077
8.855682
9.205231
9.214813
8.937073
8.950256
9.371628
10.057571
10.757874
11.042786
10.792587
10.301773
10.259872
10.657318
10.514862
9.523666
8.43071
8.241562
9.052002
10.01207
10.312546
9.883987
9.208832
8.776672
8.433105
7.992569
7.5316772
7.3940125
7.897995
9.06517
10.208405
10.634567
10.237137
9.777451
9.911514
10.658508
11.559921
11.932236
11.502472
10.622589
10.37001
11.167282
12.086655
11.804138
9.862442
7.4323273
6.2627563
6.9163666
8.366058
9.296219
9.376419
8.86525
7.9949646
7.4371033
7.704056
8.343323
8.516907
8.050034
7.862091
8.4175415
9.376419
10.192841
10.093475
9.678085
9.765472
10.292191
10.50528
10.118622
9.703232
10.044403
10.915894
10.957779
10.042007
9.345291
9.202835
9.175308
8.898773
8.425919
8.278671
8.476196
8.836517
9.00412
8.830536
8.542038
8.200867
8.310989
9.403946
11.219955
12.452972
12.350006
11.2798
10.255096
9.797791
9.573944
9.148972
8.770676
8.895187
9.5164795
10.198822
11.008057
11.261856
10.636963
9.291428
8.132629
7.707657
8.143402
9.0112915
9.473373
9.433884
9.255508
9.047211
8.834122
8.65097
8.399582
8.307404
8.435501
8.640198
8.726395
9.16333
9.591888
9.983353
10.020462
9.702026
9.703232
10.098267
10.596268
10.530426
10.161713
9.977356
10.393951
11.117004
10.702805
9.107071
7.914749
8.051224
8.783844
9.024475
8.824554
8.532455
8.601883
9.220795
9.474579
9.139389
8.580353
8.157776
8.19249
8.476196
8.727585
8.806595
8.835327
8.8461
8.880814
9.114258
9.467392
9.89476
10.076721
10.025253
10.074326
10.614212
10.845261
10.800964
11.105026
11.406708
11.02243
10.117432
9.3022
8.811386
9.019684
9.737946
9.788223
8.823349
7.795044
7.5687866
7.8716583
7.993759
8.021301
8.231995
8.465424
8.852081
9.366837
9.1405945
8.543228
8.498932
9.140579
9.664917
9.6792755
9.644562
9.680481
9.825333
10.094681
10.083908
10.118622
11.111008
11.213974
10.208405
10.234741
10.0264435
9.943848
10.215591
9.935455
