-0.28375244
-0.4461975
-0.44779968
-0.25073242
0.0033416748
0.10560608
0.02571106
-0.10903931
-0.13780212
0.042755127
0.38630676
0.6233368
0.5652771
0.32505798
0.12478638
0.028900146
-0.01637268
-0.06430054
-0.1239624
-0.19000244
-0.28375244
-0.38175964
-0.40252686
-0.25924683
0.01612854
0.25527954
0.3895111
0.42625427
0.3735199
0.18231201
-0.06536865
-0.17456055
-0.02809143
0.23823547
0.3740692
0.33303833
0.17964172
-0.00944519
-0.14154053
-0.14579773
-0.029678345
0.12957764
0.23077393
0.22918701
0.20202637
0.22705078
0.31280518
0.40708923
0.4507599
0.43371582
0.3692627
0.23184204
0.076309204
0.021987915
0.061401367
0.12745667
0.18284607
0.19828796
0.14129639
0.055023193
-3.8146973E-4
-0.01210022
-0.011581421
0.026245117
0.06300354
0.033706665
-0.062698364
-0.14898682
-0.1324768
-0.042999268
-0.013168335
-0.118637085
-0.26457214
-0.31837463
-0.2693634
-0.17723083
-0.07815552
-0.008377075
-0.004119873
-0.060043335
-0.15805054
-0.2182312
-0.1543274
-0.01637268
0.016647339
-0.08720398
-0.213974
-0.30612183
-0.3742981
-0.4131775
-0.3812256
-0.26617432
-0.17189026
-0.15538025
-0.16496277
-0.14526367
-0.09359741
-0.07069397
-0.121292114
-0.21876526
-0.2917328
-0.25019836
-0.120224
-0.028076172
-0.012649536
-0.0259552
-0.010513306
-0.017440796
-0.12609863
-0.25552368
-0.20544434
0.1466217
0.6116028
0.8763428
0.80921936
0.45715332
0.007598877
-0.27415466
-0.2885437
-0.15112305
-0.03767395
-0.036071777
-0.030212402
0.045959473
0.08430481
0.02357483
-0.07601929
-0.10159302
-0.046203613
0.032104492
0.09388733
0.101882935
0.09176636
0.14929199
0.2904358
0.46461487
0.48963928
0.21321106
-0.21237183
-0.4030609
-0.1436615
0.38630676
0.75434875
0.6883087
0.3037567
-0.10850525
-0.25550842
-0.12875366
0.06939697
0.12638855
-0.01423645
-0.20758057
-0.23048401
-0.046188354
0.15620422
0.22279358
0.09815979
0.012924194
0.1615448
0.36979675
0.4012146
0.24302673
0.09069824
0.0635376
0.011856079
-0.15538025
-0.5111847
-0.93356323
-1.121582
-0.8446045
-0.17349243
0.51893616
0.8353119
0.6595459
0.24569702
-0.10159302
-0.20704651
-0.07762146
0.12585449
0.25369263
0.2281189
0.06939697
-0.09892273
-0.15379333
-0.09039307
-0.012634277
0.026779175
0.1104126
0.23770142
0.28457642
0.22758484
0.165802
0.20361328
0.21000671
0.004928589
-0.31677246
-0.4019928
-0.1005249
0.23130798
0.30641174
0.15301514
-0.060577393
-0.16870117
-0.06590271
0.2403717
0.38098145
0.25846863
-0.050994873
-0.3327484
-0.5122528
-0.52130127
-0.42063904
-0.31730652
-0.20439148
-0.0920105
-0.0030517578
0.051818848
0.036376953
-0.029678345
-0.083480835
-0.08081055
-0.07601929
-0.20811462
-0.51490784
-0.75831604
-0.6342163
-0.20864868
0.2046814
0.2749939
-0.050994873
-0.49360657
-0.6587219
-0.48028564
-0.1282196
0.16366577
0.26753235
0.2169342
0.115737915
0.048080444
0.008666992
-0.027557373
-0.0493927
-0.025421143
0.05128479
0.11627197
0.106674194
0.078445435
0.11680603
0.28564453
0.42678833
0.28671265
-0.06430054
-0.28961182
-0.15377808
0.17591858
0.36553955
0.247818
-0.036605835
-0.2224884
-0.15805054
0.0443573
0.18496704
0.1620636
6.866455E-4
-0.14953613
-0.17881775
-0.09146118
-0.0019836426
0.0038757324
-0.074417114
-0.11277771
-0.045135498
0.040100098
0.06726074
0.06726074
0.087509155
0.15782166
0.17485046
-0.0046539307
-0.37696838
-0.6065216
-0.35032654
0.20840454
0.613739
0.58551025
0.23876953
-0.10958862
-0.2528534
-0.20437622
-0.053649902
0.11199951
0.14822388
0.05393982
-0.066970825
-0.114364624
-0.08187866
0.022506714
0.1381073
0.19029236
0.18391418
0.14982605
0.17912292
0.29310608
0.41293335
0.3735199
0.10827637
-0.18360901
-0.18255615
0.16419983
0.46940613
0.44543457
0.14715576
-0.21076965
-0.36418152
-0.20332336
0.08111572
0.19136047
0.06086731
-0.167099
-0.3109131
-0.30239868
-0.19960022
-0.0925293
-0.040878296
-0.048324585
-0.052581787
0.0028076172
0.097091675
0.15834045
0.1769867
0.16473389
0.17912292
0.1535492
-0.04246521
-0.34288025
-0.49147034
-0.29013062
0.0677948
0.2792511
0.21746826
0.0012054443
-0.11277771
-0.048858643
0.07684326
0.14343262
0.12106323
0.050216675
-0.016906738
-0.050994873
-0.0728302
-0.12182617
-0.16390991
-0.13301086
-0.00730896
0.08270264
0.033706665
-0.041397095
0.041168213
0.29203796
0.5114746
0.49124146
0.18817139
-0.16870117
-0.26564026
0.008666992
0.3527527
0.4283905
0.19935608
-0.07388306
-0.16763306
-0.08241272
0.037979126
0.04222107
-0.06803894
-0.17190552
-0.15005493
-0.022750854
0.059799194
0.010803223
-0.15058899
-0.3354187
-0.41157532
-0.30451965
-0.09359741
0.043289185
-0.017959595
-0.17828369
-0.23634338
-0.17189026
-0.16763306
-0.29812622
-0.43981934
-0.34233093
-0.019561768
0.28511047
0.3895111
0.22012329
-0.1159668
-0.38175964
-0.38334656
-0.13887024
0.14343262
0.28831482
0.27818298
0.22492981
0.16047668
0.092300415
0.055023193
0.057144165
0.08004761
0.13864136
0.18338013
0.1892395
0.24090576
0.38471985
0.44862366
0.23664856
-0.2054596
-0.5410156
-0.48828125
-0.066970825
0.38204956
0.53279114
0.37086487
0.12425232
0.017715454
0.064071655
0.113601685
0.06513977
-0.048858643
-0.111709595
-0.11224365
-0.11489868
-0.10159302
-0.047790527
-0.0121154785
-0.00730896
0.022506714
0.033172607
-0.001449585
-0.013168335
-0.001449585
-0.057388306
-0.14526367
-0.29014587
-0.45046997
-0.48561096
-0.29226685
-0.0030517578
0.1615448
0.15461731
-0.010513306
-0.21290588
-0.31251526
-0.26564026
-0.09094238
0.1269226
0.25367737
0.22492981
0.08164978
-0.088272095
-0.16551208
-0.15005493
-0.10797119
-0.057388306
-0.008377075
-0.015304565
-0.01210022
0.047027588
0.10241699
0.14289856
0.1812439
0.15887451
0.066726685
0.04170227
0.13224792
0.17538452
0.090164185
-0.14100647
-0.2858734
-0.1905365
-0.019561768
0.06512451
0.11680603
0.22865295
0.31706238
0.25527954
0.08963013
-0.00944519
0.00920105
0.024642944
-0.001449585
0.00440979
0.09815979
0.15194702
0.044891357
-0.10850525
-0.14259338
-0.11810303
-0.25445557
-0.5346222
-0.59321594
-0.18041992
0.3730011
0.53811646
0.16738892
-0.2842865
-0.34233093
-0.060577393
0.18231201
0.21107483
0.10614014
0.04170227
0.047027588
0.03742981
-0.048324585
-0.11224365
-0.00730896
0.19882202
0.18338013
-0.013168335
-0.083480835
-0.060043335
-0.083480835
0.056610107
0.30215454
0.2861786
-0.062179565
-0.32476807
-0.19692993
0.12159729
0.26646423
0.15034485
-0.03767395
-0.2097168
-0.36044312
-0.47496033
-0.4499359
-0.277359
-0.20013428
-0.24539185
-0.25552368
-0.18521118
-0.078689575
0.022521973
0.059799194
0.029434204
0.018249512
0.026779175
0.053955078
0.09602356
0.10134888
0.040634155
-0.036071777
-0.12768555
-0.2581787
-0.3939972
-0.39241028
-0.21076965
-0.027557373
0.012390137
-0.06271362
-0.1351471
-0.109054565
-0.044067383
-0.09359741
-0.25552368
-0.3439331
-0.24913025
-0.035003662
0.1503601
0.20521545
0.18444824
0.18817139
0.21586609
0.22172546
0.16259766
0.07418823
0.010803223
-0.011047363
0.0113220215
0.038497925
0.029968262
-0.071762085
-0.18681335
-0.16018677
0.021987915
0.14450073
0.058746338
-0.12289429
-0.2097168
-0.15644836
-0.069625854
-0.048324585
-0.07229614
-0.05632019
0.02305603
0.09442139
0.09815979
0.047561646
-0.014770508
-0.043533325
-0.012634277
0.04914856
0.07791138
0.026779175
-0.042999268
-0.06536865
0.006011963
0.13543701
0.2004242
0.08483887
-0.18893433
-0.38334656
-0.22515869
0.24569702
0.63238525
0.5849762
0.19721985
-0.16177368
-0.18841553
0.03956604
0.24409485
0.26539612
0.13224792
-0.038208008
-0.10159302
6.713867E-4
0.17112732
0.20307922
0.092300415
-0.001449585
-0.022750854
-0.0067749023
-0.005706787
-0.036071777
-0.033416748
0.028381348
0.057678223
-0.04725647
-0.2762909
-0.45098877
-0.3476715
-0.00944519
0.24835205
0.25048828
0.09176636
-0.060043335
-0.15698242
-0.25126648
-0.3508606
-0.42915344
-0.41210938
-0.2731018
-0.09732056
0.04170227
0.10508728
0.070999146
0.0038757324
0.050216675
0.1849823
0.24516296
0.16740417
0.055007935
0.033172607
0.11413574
0.20254517
0.19296265
0.11785889
0.04862976
-0.08241272
-0.2640381
-0.32582092
-0.18734741
0.008132935
0.07685852
-0.007843018
-0.1516571
-0.20065308
-0.12554932
-0.007843018
0.0635376
0.058746338
0.026779175
0.042755127
0.09762573
0.14022827
0.17112732
0.23078918
0.2584839
0.2361145
0.18070984
0.13331604
0.1503601
0.18284607
0.17219543
0.13703918
0.16526794
0.22225952
0.21746826
0.12371826
0.020385742
0.08004761
0.24409485
0.27978516
0.15194702
0.0209198
-0.04460144
-0.074417114
-0.08773804
-0.0962677
-0.11010742
-0.052581787
0.08270264
0.1977539
0.23132324
0.18389893
0.12957764
0.14715576
0.22279358
0.2472992
0.19296265
0.12106323
0.07418823
0.042755127
0.012390137
-3.8146973E-4
-0.012634277
-0.055252075
-0.111709595
-0.15379333
-0.2219696
-0.38069153
-0.5069275
-0.45898438
-0.27575684
-0.10903931
-0.011581421
0.01878357
0.021972656
0.061401367
0.12425232
0.09869385
-0.0493927
-0.18360901
-0.1825409
-0.07815552
0.0054779053
0.0065307617
-0.036071777
-0.04512024
0.0028076172
0.024642944
-0.015304565
-0.045135498
-0.0067749023
0.07046509
0.08644104
0.040100098
0.010803223
0.017715454
0.024642944
0.010253906
-0.05152893
-0.11117554
-0.04725647
-0.011047363
0.11199951
0.26860046
0.24783325
0.12638855
