-25.320435
-23.498535
-23.36731
-23.321533
-21.846008
-22.543335
-22.63794
-23.860168
-22.615051
-20.64209
-21.139526
-20.79773
-21.974182
-24.308777
-21.792603
-22.944641
-21.987915
-21.788025
-22.0932
-22.946167
-22.901917
-21.478271
-23.042297
-21.83075
-22.006226
-22.91565
-22.592163
-22.96753
-23.7854
-22.525024
-24.998474
-23.512268
-25.865173
-27.078247
-25.512695
-25.454712
-26.556396
-25.646973
-26.490784
-25.830078
-26.585388
-26.585388
-24.937439
-25.234985
-24.139404
-24.958801
-24.827576
-26.651001
-23.588562
-25.097656
-26.25885
-25.692749
-27.041626
-26.237488
-25.450134
-26.280212
-25.930786
-26.579285
-26.231384
-27.40326
-25.52948
-27.137756
-26.76239
-25.932312
-26.547241
-26.013184
-25.523376
-25.89569
-25.019836
-24.229431
-26.274109
-25.552368
-27.503967
-26.368713
-27.156067
-26.423645
-25.630188
-26.307678
-25.126648
-24.281311
-25.98114
-25.657654
-25.89569
-25.544739
-25.221252
-25.299072
-24.935913
-25.657654
-24.1333
-24.456787
-25.082397
-24.77417
-25.569153
-24.247742
-24.043274
-22.944641
-24.095154
-24.334717
-24.082947
-24.459839
-24.54834
-23.284912
-25.958252
-23.994446
-24.235535
-22.70813
-23.310852
-23.651123
-23.745728
-22.04895
-22.857666
-23.468018
-22.998047
-23.02246
-22.866821
-23.771667
-23.771667
-23.771667
-25.154114
-25.590515
-23.703003
-25.128174
-22.827148
-23.413086
-24.5224
-23.303223
-22.810364
-25.086975
-24.098206
-24.989319
-24.275208
-22.557068
-23.448181
-22.724915
-23.695374
-23.664856
-23.634338
-24.978638
-24.565125
-24.855042
-23.614502
-24.12262
-25.923157
-23.622131
-25.022888
-23.674011
-24.061584
-25.544739
-26.037598
-25.602722
-25.718689
-25.64087
-25.27008
-25.112915
-25.996399
-25.52185
-23.724365
-25.006104
-24.282837
-25.254822
-25.67749
-25.27008
-24.331665
-24.224854
-26.000977
-25.585938
-25.813293
-25.9552
-26.441956
-24.931335
-27.835083
-25.248718
-25.125122
-23.80371
-22.937012
-25.120544
-23.609924
-25.740051
-23.750305
-23.594666
-25.286865
-24.168396
-24.977112
-24.586487
-26.815796
-25.128174
-26.062012
-23.760986
-24.858093
-24.894714
-25.611877
-25.611877
-25.611877
-24.375916
-25.03357
-26.295471
-26.25122
-26.307678
-27.980042
-27.418518
-26.74408
-26.322937
-25.491333
-27.796936
-27.548218
-27.897644
-26.567078
-25.611877
-27.134705
-28.153992
-28.67279
-25.970459
-27.14386
-27.766418
-27.365112
-26.68457
-27.78778
-27.293396
-25.634766
-25.793457
-25.700378
-27.76184
-26.542664
-26.748657
-27.096558
-27.459717
-27.416992
-26.704407
-25.683594
-25.767517
-24.882507
-24.1745
-25.065613
-24.943542
-26.480103
-23.469543
-23.695374
-24.206543
-22.138977
-23.817444
-24.10431
-22.706604
-24.07837
-23.80371
-24.560547
-24.243164
-23.80371
-22.953796
-23.782349
-22.10846
-23.883057
-23.857117
-24.876404
-24.55597
-24.847412
-23.535156
-23.48175
-22.956848
-23.492432
-24.143982
-23.536682
-23.098755
-22.747803
-21.687317
-22.402954
-22.750854
-22.750854
-22.750854
-22.981262
-22.871399
-22.680664
-24.47815
-20.863342
-22.821045
-22.207642
-23.425293
-21.614075
-21.975708
-22.769165
-23.425293
-24.710083
-23.513794
-25.210571
-25.927734
-22.972107
-24.15924
-23.049927
-21.450806
-24.50409
-23.939514
-21.93451
-21.452332
-23.762512
-23.146057
-23.168945
-23.194885
-23.608398
-24.557495
-25.001526
-23.539734
-22.395325
-23.8266
-21.34552
-23.013306
-23.64502
-23.791504
-23.138428
-24.267578
-23.779297
-22.714233
-22.43042
-23.516846
-22.988892
-22.991943
-24.21112
-24.676514
-25.42572
-23.475647
-23.770142
-23.246765
-23.042297
-22.727966
-22.285461
-22.0932
-24.21875
-23.550415
-23.002625
-22.657776
-22.421265
-22.988892
-21.166992
-21.354675
-21.90857
-22.906494
-21.478271
-22.177124
-22.932434
-23.731995
-22.99347
-22.337341
-22.096252
-22.061157
-22.061157
-21.946716
-23.730469
-22.613525
-21.972656
-21.055603
-21.035767
-20.809937
-22.729492
-21.7453
-21.817017
-21.957397
-22.990417
-22.181702
-20.71991
-20.736694
-20.272827
-21.263123
-22.227478
-22.001648
-21.733093
-20.651245
-22.750854
-21.690369
-21.64154
-21.722412
-20.959473
-22.039795
-21.707153
-22.099304
-21.380615
-22.428894
-22.01538
-21.694946
-19.631958
-21.958923
-21.803284
-21.646118
-22.836304
-23.599243
-21.684265
-20.362854
-20.936584
-19.638062
-20.829773
-23.171997
-21.290588
-22.605896
-21.731567
-21.635437
-21.26007
-21.147156
-20.451355
-21.287537
-20.783997
-21.60492
-20.806885
-21.046448
-20.951843
-21.746826
-21.548462
-19.750977
-21.000671
-20.935059
-19.78302
-21.853638
-21.203613
-21.090698
-20.33844
-21.218872
-22.805786
-21.713257
-21.646118
-21.85669
-21.58966
-21.58966
-22.325134
-21.664429
-23.890686
-22.415161
-23.371887
-22.650146
-20.855713
-21.600342
-20.959473
-23.097229
-22.491455
-22.155762
-22.462463
-22.91565
-25.268555
-21.080017
-24.029541
-22.076416
-21.759033
-23.661804
-22.57843
-24.38507
-23.66333
-24.510193
-22.88208
-23.594666
-23.0896
-23.051453
-22.514343
-22.761536
-23.558044
-24.388123
-24.736023
-22.901917
-23.539734
-23.040771
-22.459412
-22.862244
-22.285461
-23.680115
-22.731018
-22.01233
-22.3526
-24.43695
-21.455383
-22.099304
-22.697449
-23.805237
-22.084045
-23.625183
-23.536682
-21.496582
-22.877502
-22.807312
-22.88971
-23.724365
-21.98944
-23.452759
-24.92981
-24.806213
-25.006104
-23.780823
-23.684692
-23.701477
-23.54889
-24.198914
-24.465942
-22.947693
-24.47052
-24.055481
-21.914673
-26.171875
-25.146484
-23.143005
-23.143005
-23.143005
-23.90747
-25.442505
-26.443481
-24.551392
-25.325012
-24.768066
-25.03357
-24.784851
-25.514221
-24.020386
-26.95465
-26.138306
-26.902771
-25.662231
-24.447632
-26.289368
-26.911926
-26.023865
-26.286316
-26.681519
-27.124023
-27.220154
-27.5177
-26.730347
-27.026367
-29.374695
-28.453064
-28.919983
-30.152893
-29.644775
-29.11377
-28.164673
-28.170776
-31.178284
-30.735779
-29.252625
-31.056213
-29.045105
-31.16455
-29.598999
-29.016113
-29.70581
-31.002808
-28.970337
-30.143738
-29.566956
-28.666687
-29.16565
-30.519104
-29.934692
-29.582214
-30.18341
-29.615784
-30.697632
-28.862
-28.894043
-28.601074
-28.060913
-29.696655
-29.612732
-28.335571
-27.850342
-29.614258
-28.28064
-28.684998
-28.718567
-28.547668
-27.804565
-26.052856
-25.735474
-26.496887
-26.475525
-25.813293
-25.813293
-25.813293
-24.943542
-26.841736
-25.524902
-25.979614
-24.853516
-26.013184
-24.137878
-25.141907
-24.015808
-24.351501
-25.109863
-25.196838
-24.897766
-23.435974
-24.92218
-23.277283
-22.07489
-22.828674
-22.828674
-22.787476
-23.864746
-21.5271
-21.93451
-20.388794
-21.281433
-21.022034
-20.191956
-20.98236
-19.012451
-19.572449
-21.513367
-16.992188
-18.687439
-18.862915
-18.539429
-18.057251
-17.260742
-16.523743
-17.060852
-15.06958
-15.823364
-16.210938
-13.835144
-15.556335
-14.1067505
-15.653992
-14.624023
-12.333679
-12.62207
-11.979675
-10.501099
-11.553955
-11.186218
-10.484314
-9.939575
-10.760498
-11.495972
-9.542847
-9.664917
-9.408569
-7.356262
-7.7697754
-8.766174
-7.2525024
-6.187439
-6.881714
-7.046509
-6.324768
-5.6152344
-4.3014526
-4.5425415
-4.0863037
-3.9642334
-2.4246216
-2.4246216
-1.81427
-3.1845093
-3.4622192
-3.1845093
-1.1932373
-0.39215088
-1.1886597
-0.012207031
-0.39367676
-1.5411377
0.4852295
-0.2532959
-0.46081543
0.5065918
1.9546509
2.330017
3.413391
1.8478394
2.6931763
3.529358
4.6676636
4.2007446
4.48761
3.1143188
4.510498
6.0287476
6.75354
5.3131104
5.2459717
5.3268433
6.9381714
7.4813843
6.0043335
7.194519
6.4468384
8.8897705
7.269287
7.507324
7.293701
7.9681396
8.743286
7.9681396
6.555176
8.073425
7.4539185
7.9559326
8.117676
8.7387085
8.821106
9.156799
8.666992
8.091736
8.999634
8.21228
7.369995
8.717346
8.392334
7.9681396
9.913635
8.349609
9.403992
7.5271606
7.171631
7.9421997
8.424377
6.4590454
8.31604
7.121277
6.086731
6.8344116
6.373596
6.7581177
6.7749023
6.3079834
6.3079834
6.5338135
6.3064575
5.265808
7.839966
7.475281
5.987549
4.512024
5.8166504
5.1116943
6.336975
5.987549
5.192566
6.5826416
6.7825317
7.1105957
6.0150146
5.709839
7.1640015
5.1254272
6.3415527
6.4086914
4.937744
5.8166504
6.4453125
5.731201
5.101013
6.0058594
4.3258667
5.747986
5.2368164
6.477356
4.258728
4.142761
5.24292
4.2556763
3.9993286
5.168152
5.944824
5.0445557
4.901123
5.104065
5.9265137
4.475403
3.9764404
4.371643
4.9850464
3.565979
5.062866
4.888916
3.3828735
3.401184
4.2663574
4.322815
6.575012
3.3981323
4.386902
4.2678833
