2.5554504
2.5710144
2.4991913
2.533905
2.648819
2.1292877
1.253006
0.48805237
0.15525818
0.36595154
0.61854553
0.94773865
1.3272247
1.3499756
1.2242737
1.26857
1.5762177
2.0227356
2.1651917
1.9114075
1.4337616
1.4170074
1.7677612
1.8599243
1.8635254
2.0035858
1.7114868
1.1117401
0.43537903
0.4724884
0.97288513
1.4553223
0.8076782
0.21870422
0.41503906
0.4832611
0.4976349
0.5287628
0.59339905
0.96569824
1.6348877
2.241806
2.3890533
2.107727
1.8132477
1.8755035
2.0897827
2.3136292
2.7457886
3.0450592
3.0067596
2.8427582
2.8726807
2.9109802
2.8140259
2.4967957
2.3579254
2.8247986
3.3670807
3.0797882
2.470459
2.1723785
1.92099
1.8312073
1.8156433
1.9233856
1.9868317
1.6408691
1.2470245
1.1608276
1.4122162
1.6887512
1.7821198
1.6899414
1.6863556
1.949707
2.4058075
2.7302246
2.7900848
2.578186
2.3435516
2.4333344
2.6500244
2.7098694
2.501587
2.1580048
1.7749481
1.4912262
1.5666504
1.7031097
1.8048706
1.8551483
1.905426
1.6480408
1.3296204
1.3643341
1.5869904
1.6612091
1.5917816
1.3978577
1.3020782
1.4229889
1.6372681
1.7893066
1.7797241
1.7749329
1.7976837
1.7258606
1.7402191
1.8060608
1.8982391
1.92099
2.0430908
2.2346191
2.2525787
1.9904175
1.7102966
1.2589874
0.75260925
0.7621918
1.1596375
1.4828491
1.3691254
0.95732117
0.79811096
1.1775818
1.652832
1.8611298
1.857544
1.9425354
2.2370148
2.554245
2.7661285
2.7649384
2.5782013
2.3782806
2.2693481
2.3303986
2.4105988
2.478836
2.4991913
2.4405365
2.3064575
2.1855469
2.2932892
2.2609558
2.0694275
2.0371094
2.1951294
2.3256073
2.2142792
1.9640808
1.786911
1.6157227
1.4600983
1.4205933
1.6624146
2.011963
2.2238464
2.3100433
2.3483582
2.4812317
2.6895294
2.6835327
2.4608765
2.3591309
2.2166748
2.1197052
2.0418854
1.8443756
1.7426147
1.7653656
1.7270508
1.5750275
1.4708862
1.3439789
1.1309052
1.3020782
1.7988892
2.0071716
1.6851501
1.2709656
1.173996
1.4205933
1.6396637
1.6492462
1.7114868
2.0035858
2.3232117
2.4405365
2.4477081
2.5207367
2.6141052
2.5291138
2.33638
2.2705383
2.348343
2.33638
2.1616058
1.8204193
1.3643341
1.2649841
1.9700623
2.3806763
2.0215454
1.5726318
1.4732666
1.5199585
1.5989685
1.6731873
1.7007141
1.5666351
1.434967
1.5247498
1.7964783
2.0454865
2.075409
1.9497223
1.8252258
1.8551483
1.9389343
1.8862762
1.7893066
1.8216248
1.944931
1.9413452
1.8479614
1.8491516
1.8072662
1.6037445
1.5642548
1.6779785
1.5415039
1.4265747
1.5355225
1.6193085
1.4577179
1.2242737
1.0877991
1.0662537
1.2470245
1.4217987
1.5606537
1.7653656
1.9856262
2.1903381
2.3351746
2.320816
2.2118835
2.241806
2.3950348
2.5039825
2.4489136
2.4357452
2.4955902
2.4944
2.2932892
1.9820404
1.9149933
2.17836
2.2011108
1.8335876
1.5450897
1.6696014
1.9042206
1.84198
1.6240997
1.5558624
1.6277008
1.6564331
1.6755829
1.8443756
2.0897827
2.2238617
2.3746796
2.518341
2.466858
2.2908936
2.0167542
1.8886719
1.9437256
1.7521973
1.5055847
1.4373627
1.4301758
1.4804535
1.6001587
1.7462006
1.9940033
1.9916077
1.6516418
1.513977
1.5929871
1.5271454
1.2984924
1.1476593
1.000412
0.96450806
1.2254639
1.6432648
1.9987946
2.2226562
2.260971
2.3663025
2.562622
2.5638275
2.3818665
2.2669525
2.2777252
2.3627167
2.4979858
2.5279083
2.367508
2.210678
2.3148346
2.2370148
2.0466766
1.6612091
1.1536407
0.8543701
1.1548462
1.7174835
1.8862762
1.5367126
1.355957
1.4696808
1.6145325
1.5283356
1.312851
1.2254639
1.5762177
1.9664764
2.070633
2.0335236
1.9916229
1.9293671
1.9389343
1.9161987
1.8132477
1.6672058
1.5618591
1.5702362
1.6277008
1.7114868
1.7904968
1.8790894
1.5546722
1.1021729
1.0830078
1.4421539
1.4050446
1.0207672
0.82084656
0.7897186
0.9046478
1.0351257
1.1907501
1.3966522
1.6145325
1.8036652
1.8683167
1.8671265
1.9485168
2.051468
2.1065369
2.1735687
2.367508
2.518341
2.4716492
2.2011108
1.8862762
1.5642548
1.5474854
1.9604797
1.8312073
1.3176422
0.995636
1.059082
1.1775818
1.26857
1.4972076
1.7222595
1.8276062
1.7067108
1.5546722
1.5941772
1.6121368
1.5762177
1.5187683
1.4648895
1.4086304
1.3356018
1.3427887
1.4624939
1.4660797
1.4948273
1.4325714
1.3020782
1.2182922
1.3056793
1.5175629
1.5379181
0.91781616
0.24624634
0.21511841
0.5910034
0.861557
0.90823364
0.88191223
0.8016968
1.1787872
1.6827698
1.8443756
1.5235443
1.3344116
1.3906708
1.5606537
1.905426
2.3076477
2.0897827
1.6480408
1.6899414
2.07901
2.3172302
2.4129944
2.6272736
2.8666992
2.957672
2.9073944
2.7817078
2.7074738
2.4369354
1.8563385
1.2996826
0.8160553
0.5658722
0.8723297
1.5690308
1.8695068
1.5427094
1.1117401
0.8723297
1.0315399
1.3056793
1.5522766
1.7258606
1.9161987
2.0670319
2.1855469
2.2465973
2.2956848
2.2322388
2.0778046
1.9389343
1.9138031
1.9245758
1.9509125
1.8144531
1.6336823
1.518753
1.6456604
1.5702362
0.88668823
0.1073761
-0.36428833
0.1756134
1.2494049
1.8958435
1.8838806
1.5319366
1.0746307
0.77775574
0.9585266
1.4074249
1.8359985
2.1675873
2.3591156
2.4537048
2.4979858
2.430954
2.320816
2.3387756
2.5075684
2.775711
2.921753
2.7230377
2.4932098
2.3196259
2.107727
2.1364594
2.044281
1.5678406
1.1273041
1.0997772
1.3990479
1.6205139
1.6504364
1.6372833
1.5774231
1.4409485
1.4277802
1.6995239
2.0550537
2.2238464
2.1879425
2.047882
1.9904175
2.0849915
2.1400604
2.2394104
2.3794708
2.3160248
2.296875
2.2980652
2.2190552
2.0347137
1.8671112
1.7689514
1.6193237
1.039917
0.6173401
0.47488403
0.7969055
1.470871
1.905426
1.7414246
1.2709503
0.9381714
1.0291443
1.3583374
1.6001587
1.8695068
2.193924
2.463272
2.4489136
2.3399658
2.3423615
2.3543396
2.470459
2.454895
2.2705383
2.147232
2.3770752
2.5291138
2.4692535
2.3734894
2.2274475
1.9640808
