-0.11489868
-0.32902527
-0.2581787
-0.0925293
-0.14207458
-0.43980408
-0.7332916
-0.72850037
-0.51065063
-0.36097717
-0.4211731
-0.5756378
-0.69174194
-0.65605164
-0.44247437
-0.14419556
0.14608765
0.30589294
0.24888611
0.021438599
-0.17030334
-0.1516571
0.0038757324
0.031036377
-0.14900208
-0.34925842
-0.44833374
-0.35032654
0.07684326
0.5956421
0.77778625
0.28990173
-0.38920593
-0.5884247
-0.34074402
0.14715576
0.57006836
0.7431793
0.7687378
0.7101593
0.56581116
0.3341217
0.09390259
0.009735107
0.12213135
0.31333923
0.564209
0.83532715
0.81347656
0.38098145
-0.07815552
-0.26617432
-0.2501831
-0.17669678
-0.039276123
0.24623108
0.46247864
0.38471985
0.1269226
-0.07495117
-0.1905365
-0.33221436
-0.4451294
-0.43022156
-0.2177124
0.016662598
0.07632446
-0.042999268
-0.14100647
-0.1324768
-0.114364624
-0.15325928
-0.19319153
-0.2097168
-0.1516571
-0.12449646
-0.12503052
-0.102127075
-0.08241272
-0.06803894
0.012390137
0.104019165
0.11785889
0.041168213
-0.05152893
-0.15058899
-0.2496643
-0.26989746
-0.22569275
-0.16763306
-0.10424805
0.010269165
0.12319946
0.101882935
0.012390137
0.008666992
0.010269165
-0.10266113
-0.20439148
-0.13354492
0.0443573
0.11679077
0.048080444
0.001739502
0.052886963
0.12425232
0.09815979
-0.036071777
-0.19799805
-0.2097168
-0.011581421
0.19509888
0.1892395
0.06993103
0.03744507
0.14450073
0.1743164
-0.01423645
-0.22090149
-0.22515869
-0.104782104
-0.053115845
-0.11064148
-0.17562866
-0.16390991
-0.0770874
0.010269165
0.035308838
0.04222107
0.09388733
0.15994263
0.19935608
0.2089386
0.1849823
0.17591858
0.21321106
0.212677
0.1812439
0.17538452
0.19136047
0.1897583
0.14183044
0.08483887
0.053955078
0.03050232
-0.010498047
0.038497925
0.19989014
0.2994995
0.24249268
0.123184204
0.013458252
-0.088272095
-0.18786621
-0.2539215
-0.24327087
-0.15805054
-0.057907104
0.008666992
0.06565857
0.097091675
0.07418823
0.04222107
0.0033416748
-0.06536865
-0.11064148
-0.10371399
-0.05632019
0.0113220215
0.087509155
0.08963013
-0.0259552
-0.16816711
-0.2182312
-0.24433899
-0.31730652
-0.28907776
-0.08187866
0.10720825
0.06619263
-0.11917114
-0.20492554
-0.12982178
-0.039260864
-0.029678345
-0.04032898
-0.00730896
0.06086731
0.06939697
0.039031982
0.026245117
0.015594482
-3.9672852E-4
6.866455E-4
0.054473877
0.13917542
0.15248108
0.08218384
-0.022750854
-0.06590271
0.008666992
0.10134888
-0.0030517578
-0.17242432
-0.12503052
0.10507202
0.2590027
0.2238617
0.13703918
0.061401367
-0.028076172
-0.11010742
-0.13568115
-0.123428345
-0.12503052
-0.14047241
-0.12503052
-0.086135864
-0.053649902
-0.046188354
-0.045135498
-0.040863037
0.02571106
0.14343262
0.19563293
0.1423645
0.05128479
-0.009979248
-0.0035858154
0.048614502
0.038497925
-0.0925293
-0.22462463
-0.22143555
-0.095199585
-0.008911133
-0.07015991
-0.22782898
-0.31144714
-0.22515869
-0.049926758
0.072052
0.08911133
0.031570435
-3.9672852E-4
0.07046509
0.21372986
0.30055237
0.28564453
0.2211914
0.16207886
0.1466217
0.17858887
0.2211914
0.19668579
0.06513977
-0.056854248
-0.1005249
-0.0925293
-0.12501526
-0.18521118
-0.14952087
0.001739502
0.16952515
0.23930359
0.1769867
0.075790405
-9.1552734E-4
-0.027023315
-0.018493652
-0.028625488
-0.088272095
-0.13993835
-0.097854614
0.01133728
0.10507202
0.1269226
0.08111572
0.028900146
0.0028076172
0.05607605
0.19935608
0.264328
0.104019165
-0.114364624
-0.1516571
-0.029159546
0.048614502
-0.102127075
-0.39294434
-0.51490784
-0.35246277
-0.12875366
-0.11331177
-0.3194275
-0.47816467
-0.3466034
-0.0051879883
0.21907043
0.21746826
0.1578064
0.18070984
0.2403717
0.2526245
0.18817139
0.1269226
0.113601685
0.115737915
0.08004761
0.008132935
-0.038208008
-0.02809143
0.0022735596
0.049682617
0.08856201
0.022506714
-0.21769714
-0.49467468
-0.51330566
-0.20811462
0.09762573
0.16952515
0.071517944
-0.04673767
-0.07443237
-0.04246521
-0.0259552
-0.0062561035
0.0869751
0.19509888
0.20361328
0.14289856
0.097091675
0.060333252
0.0049438477
-0.02168274
-0.013168335
-0.032348633
-0.088272095
-0.1159668
-0.071762085
-0.049926758
-0.11064148
-0.1793518
-0.19746399
-0.2874756
-0.47335815
-0.56018066
-0.40359497
-0.18734741
-0.13461304
-0.22994995
-0.23847961
-0.04725647
0.15620422
0.15301514
0.023040771
-0.011047363
0.11680603
0.26966858
0.3191986
0.2366333
0.13703918
0.13331604
0.21640015
0.26593018
0.22332764
0.122665405
0.042236328
0.016662598
0.019317627
0.040634155
0.027313232
-0.14952087
-0.35565186
-0.33009338
-0.11543274
0.040634155
0.050750732
0.050750732
0.08163452
0.059799194
-0.041397095
-0.14047241
-0.18095398
-0.20332336
-0.20704651
-0.16337585
-0.090408325
-0.04725647
-0.088272095
-0.19160461
-0.24487305
-0.18307495
-0.11810303
-0.13301086
-0.14259338
-0.022232056
0.16526794
0.24356079
0.14129639
-0.1628418
-0.47602844
-0.47602844
-0.1713562
0.10028076
0.14450073
0.052886963
0.019851685
0.11039734
0.25953674
0.25794983
0.11680603
0.02357483
0.08483887
0.23130798
0.3293152
0.3138733
0.24623108
0.1855011
0.08483887
-0.07762146
-0.1436615
-0.05418396
0.05821228
0.07737732
0.026245117
0.0054626465
0.10134888
0.21853638
0.25794983
0.21852112
0.06513977
-0.1905365
-0.3939972
-0.29333496
0.0635376
0.24409485
0.0954895
-0.14633179
-0.19799805
-0.0493927
0.090164185
0.090164185
0.035842896
0.04222107
0.09869385
0.12638855
0.07632446
-0.015838623
-0.092544556
-0.13142395
-0.15058899
-0.121292114
-0.03767395
0.07791138
0.14503479
0.1812439
0.21853638
0.26753235
0.2568817
0.055541992
-0.34713745
-0.6310272
-0.46324158
0.062469482
0.48059082
0.451828
0.06565857
-0.33700562
-0.39346313
-0.09625244
0.212677
0.27339172
0.17910767
0.09602356
0.0869751
0.099227905
0.0443573
-0.07122803
-0.14047241
-0.08880615
0.05128479
0.15834045
0.17112732
0.1535492
0.21321106
0.39323425
0.5418396
0.45715332
0.1109314
-0.2640381
-0.27468872
0.028381348
0.24143982
0.18817139
0.0028076172
-0.102127075
-0.038742065
0.052352905
0.043823242
-0.029678345
-0.08454895
-0.10317993
-0.11331177
-0.13833618
-0.14154053
-0.099990845
-0.062179565
-0.08560181
-0.11703491
-0.08241272
-0.03553772
-0.036605835
-0.038208008
-0.022766113
-0.015838623
-0.069625854
-0.18574524
-0.3386078
-0.47016907
-0.3993225
-0.052581787
0.26167297
0.27445984
0.0677948
-0.10105896
-0.08987427
0.048614502
0.17805481
0.25794983
0.29522705
0.29362488
0.25634766
0.17805481
0.09336853
0.02305603
-0.052581787
-0.13621521
-0.19480896
-0.22676086
-0.21662903
-0.10850525
-0.036605835
-0.015838623
0.06300354
0.09388733
-0.0067749023
-0.10638428
