-0.043380737
-0.74645996
-1.0415497
-0.70758057
-0.10357666
0.11161804
-0.23513794
-0.59573364
-0.66763306
-0.4236908
-0.1030426
0.024261475
-0.104644775
-0.112091064
-0.03326416
-0.043914795
-0.12860107
-0.21969604
-0.31289673
-0.40397644
-0.43115234
-0.33952332
-0.13127136
0.073791504
0.029052734
-0.12008667
-0.36349487
-0.35710144
-0.29692078
-0.4322052
-0.65270996
-0.8109131
-0.28253174
0.5547638
0.44396973
0.24264526
0.1979065
0.04397583
0.115875244
0.5771332
1.0575714
1.2567749
0.9952545
0.5627594
0.36408997
0.37686157
0.3624878
0.35928345
0.37527466
0.26501465
0.07485962
-0.15364075
-0.34272766
-0.5760193
-0.9941406
-1.1794891
-0.8673706
-0.30545044
0.07060242
0.19950867
0.14570618
-0.24313354
-0.6814728
-0.7262268
-0.2596283
0.29164124
0.60749817
0.57606506
0.3390503
0.0418396
-0.13873291
-0.19624329
-0.13233948
-0.083862305
0.012008667
0.045043945
2.89917E-4
-0.079071045
-0.22021484
-0.4540558
-0.62342834
-0.6436615
-0.5856018
-0.48919678
-0.36402893
-0.20796204
-0.017822266
0.20962524
0.4333191
0.6469116
0.7353363
0.6101532
0.22187805
-0.28785706
-0.5669708
-0.47961426
-0.2665558
-0.14085388
-0.074279785
0.07859802
0.32200623
0.5036316
0.55422974
0.45463562
0.25968933
0.13665771
0.11907959
0.09617615
-0.09346008
-0.24578857
-0.14299011
0.12387085
0.28631592
0.1984253
-0.10890198
-0.3491211
-0.35977173
-0.17654419
0.12973022
0.45996094
0.6415863
0.5451813
0.21228027
-0.19998169
-0.42155457
-0.4210205
-0.34591675
-0.23300171
-0.08226013
0.003479004
0.009338379
-0.034866333
-0.09983826
-0.25057983
-0.42955017
-0.4487152
-0.3688202
-0.25057983
-0.1973114
-0.17228699
-0.13873291
-0.092926025
0.031188965
0.2021637
0.28259277
0.16593933
0.06846619
0.097229004
0.118011475
-0.02633667
-0.23353577
-0.36883545
-0.34005737
-0.25057983
-0.17547607
-0.10517883
-0.009292603
0.13664246
0.24957275
0.3401184
0.36621094
0.31347656
0.21388245
0.10736084
0.10362244
0.19470215
0.20802307
0.12705994
0.07060242
0.101486206
0.14942932
0.08125305
-0.123809814
-0.22607422
-0.19519043
-0.18133545
-0.11582947
0.0418396
0.15316772
0.05621338
-0.17121887
-0.29585266
-0.2479248
-0.15097046
-0.06842041
-0.007171631
0.013076782
-0.008773804
-0.083862305
-0.1264801
-0.1456604
-0.16375732
-0.22821045
-0.29692078
-0.28627014
-0.13446045
0.04449463
0.09829712
-0.0023651123
-0.07374573
0.040771484
0.2959137
0.3278656
0.10362244
-0.06788635
-0.058303833
-0.009307861
0.01574707
0.1355896
0.2836609
0.2932434
0.1675415
0.078063965
0.14303589
0.24264526
0.24050903
0.18618774
0.13931274
0.11161804
0.108947754
0.08232117
0.006149292
-0.041793823
-0.015686035
0.042907715
0.10522461
0.10043335
-0.014633179
-0.18452454
-0.21330261
-0.11741638
-0.033798218
0.035980225
0.13079834
0.26394653
0.3113556
0.18725586
-0.00982666
-0.13446045
-0.15257263
-0.11315918
-0.09025574
-0.041259766
0.033859253
0.029052734
-0.069488525
-0.1733551
-0.26869202
-0.31982422
-0.27934265
-0.22981262
-0.19519043
-0.14619446
-0.05937195
0.0024261475
-0.022613525
-0.07800293
-0.057769775
0.042907715
0.11534119
0.08392334
0.047164917
0.05355835
0.014678955
-0.039657593
-0.052444458
-0.022613525
-0.008224487
2.89917E-4
0.07646179
0.22187805
0.31454468
0.26927185
0.16647339
0.11054993
0.09776306
0.08232117
-0.01675415
-0.20370483
-0.29745483
-0.14511108
0.10203552
0.24264526
0.26820374
0.15689087
-0.11955261
-0.3821411
-0.43966675
-0.3544464
-0.20158386
-0.052444458
0.09510803
0.2421112
0.26768494
0.14730835
-0.048721313
-0.25057983
-0.2511139
-0.05458069
0.09669495
0.11480713
0.06793213
0.024261475
0.018936157
-0.030075073
-0.13978577
-0.25057983
-0.22288513
-0.09718323
0.041305542
0.1318512
0.13505554
0.08232117
0.03491211
0.10469055
0.27459717
0.3358612
0.22772217
0.14942932
0.33532715
0.5323944
0.42640686
0.09562683
-0.12434387
-0.088134766
-0.02368164
-0.095047
-0.15098572
-0.08811951
0.02798462
0.09510803
0.14196777
0.17660522
0.15156555
0.06846619
-0.0050354004
-0.022079468
-0.025817871
-0.039123535
-0.025283813
0.01574707
0.0418396
-0.008773804
-0.10836792
-0.17973328
-0.28094482
-0.36296082
-0.2644348
0.021072388
0.27194214
0.23413086
-0.055114746
-0.36242676
-0.49398804
-0.3837433
-0.19519043
-0.0519104
0.003479004
-0.0018463135
-0.036987305
-0.03060913
-0.007171631
-0.027404785
-0.08332825
-0.1611023
-0.16375732
-0.060424805
0.07060242
0.124938965
0.092437744
0.06260681
0.14730835
0.30389404
0.32200623
0.12547302
-0.003967285
0.031723022
0.052490234
-0.036468506
-0.12434387
-0.13180542
-0.09664917
-0.058303833
0.016281128
0.13291931
0.20802307
0.1787262
0.11268616
0.11907959
0.13079834
0.10043335
0.033325195
-0.014099121
0.01361084
0.06314087
0.043441772
-0.07321167
-0.23674011
-0.24632263
-0.024749756
0.26501465
0.30549622
0.09669495
-0.03753662
0.082855225
0.23199463
0.22346497
0.11480713
-0.027404785
0.031188965
0.31721497
0.35821533
0.3124237
0.17819214
0.061553955
0.028533936
-0.002380371
0.014144897
0.07220459
0.27833557
0.3678131
0.23199463
0.04876709
-0.053512573
-0.03753662
0.030654907
0.10362244
0.11961365
0.14356995
0.09564209
-0.026870728
-0.08918762
-0.1541748
-0.3022461
-0.46842957
-0.3352661
0.12705994
0.39497375
0.2447815
-0.107299805
-0.397583
-0.46043396
-0.34432983
-0.18240356
-0.025283813
0.058883667
0.058883667
0.057281494
0.054092407
0.02053833
-0.010894775
-0.041793823
-0.08493042
-0.090789795
-0.062026978
-0.057235718
-0.16908264
-0.28573608
-0.23139954
-0.03807068
0.101501465
0.08018494
-0.19198608
-0.33473206
-0.1845398
0.14198303
0.2809906
0.055160522
-0.20317078
-0.28945923
-0.18240356
0.050354004
0.29803467
0.3321228
0.21334839
0.04449463
-0.07746887
-0.10092163
-0.09185791
-0.0519104
-0.0018463135
0.026931763
0.07220459
0.15795898
0.21974182
0.19364929
0.09031677
0.041305542
0.111083984
0.20323181
0.25915527
0.22080994
0.21546936
0.28312683
0.23997498
0.003479004
-0.32728577
-0.5200958
-0.39918518
-0.046585083
0.30177307
0.47859192
0.5148163
0.49404907
0.39764404
0.17713928
-0.062026978
-0.20265198
-0.26016235
-0.30543518
-0.32247925
-0.21969604
-0.079071045
-0.08972168
-0.19784546
-0.23353577
-0.17228699
-0.13926697
-0.16217041
-0.20263672
-0.22395325
-0.050308228
0.24850464
0.37527466
0.16221619
-0.24099731
-0.43115234
-0.266037
0.06314087
0.2975006
0.3859253
0.3944397
0.3267975
0.17286682
-0.0066375732
-0.08866882
0.008804321
0.15689087
0.30070496
0.5494385
0.8296051
1.0405273
1.2610474
1.1486511
0.6485138
0.36621094
0.21176147
-0.11795044
-0.4199524
