27.296448
25.009155
25.54779
24.819946
26.049805
26.339722
25.889587
26.989746
26.2146
26.031494
28.067017
26.403809
27.816772
27.505493
27.23236
27.005005
27.653503
27.005005
28.2547
26.115417
26.243591
26.878357
28.193665
28.981018
28.981018
28.031921
27.383423
27.920532
27.108765
28.269958
28.193665
25.552368
26.18103
26.655579
26.504517
26.852417
24.925232
25.863647
25.886536
24.571228
26.582336
26.542664
26.89209
27.416992
27.105713
26.828003
27.55127
26.374817
25.848389
26.971436
26.846313
25.68512
26.348877
24.371338
24.583435
23.208618
25.209045
24.346924
24.996948
26.05896
26.974487
28.32489
26.663208
28.453064
27.888489
28.279114
29.05426
29.304504
30.429077
29.615784
29.718018
29.756165
29.890442
31.219482
30.46875
31.77948
32.383728
30.46875
31.9458
32.73468
32.209778
30.697632
32.009888
31.149292
29.910278
31.925964
31.550598
32.11212
33.624268
34.025574
35.061646
33.273315
32.525635
33.961487
33.961487
34.08966
34.025574
33.961487
33.062744
33.062744
34.18579
33.02307
34.274292
34.52301
35.586548
35.601807
34.913635
33.49762
35.725403
33.711243
34.873962
35.536194
34.934998
35.560608
35.725403
34.87549
34.751892
36.314392
36.227417
37.101746
37.139893
37.49237
37.26654
35.765076
36.242676
36.8927
37.87079
37.332153
37.020874
37.080383
36.645508
38.55896
37.295532
36.79657
37.934875
38.64746
38.911438
38.937378
38.250732
39.764404
39.476013
40.550232
40.20233
39.60266
39.663696
40.263367
41.363525
41.326904
40.699768
41.038513
41.200256
40.826416
41.09955
40.975952
41.516113
40.70282
41.392517
40.16571
41.95099
41.825867
40.829468
42.388916
41.740417
41.82434
42.990112
43.051147
42.32483
42.260742
43.362427
41.636658
42.822266
41.825867
43.51349
41.8869
41.8869
44.839478
43.528748
42.86499
43.362427
43.989563
42.63916
44.34204
42.555237
43.67981
42.967224
43.055725
45.506287
41.82892
43.618774
43.681335
43.592834
42.7063
43.76831
43.76831
42.796326
42.581177
45.344543
43.807983
43.70575
42.60559
45.596313
45.24231
44.74182
43.414307
43.040466
43.36548
44.015503
42.726135
42.81311
43.989563
43.849182
43.699646
44.403076
45.526123
44.53888
44.262695
46.325684
45.20111
45.33844
45.92285
45.359802
44.79828
45.42389
47.29767
45.48645
43.444824
44.26117
44.943237
44.73419
45.32318
44.673157
45.57495
45.42389
44.28711
45.898438
45.799255
45.524597
46.21582
46.90399
47.029114
46.365356
45.93048
44.366455
45.202637
46.002197
45.67871
44.86389
46.028137
44.64264
44.64264
45.240784
43.989563
45.677185
44.952393
44.80133
45.614624
46.05255
46.003723
46.30432
45.67871
44.950867
45.27588
45.489502
47.338867
45.736694
46.20056
44.548035
43.699646
42.156982
45.26062
45.425415
43.821716
44.158936
44.033813
45.835876
44.595337
44.12079
44.54651
44.818115
43.93158
44.343567
43.528748
42.20276
43.34259
42.590332
43.80493
42.61322
42.51709
41.279602
43.28308
40.70587
41.40625
42.53235
41.76941
43.19763
41.93573
42.160034
41.685486
41.7099
42.459106
42.434692
43.56079
41.84723
40.908813
43.434143
41.53595
41.645813
42.93518
42.910767
41.99524
43.348694
43.797302
44.0506
43.73474
42.634583
45.19806
44.158936
42.460632
43.971252
44.058228
43.070984
43.806458
43.719482
42.868042
42.868042
42.868042
42.99164
41.804504
42.51709
42.492676
41.79077
42.35077
42.015076
41.85028
42.863464
41.31317
41.137695
42.240906
41.038513
41.726685
40.470886
40.722656
41.31317
40.133667
40.101624
40.975952
39.100647
39.526367
40.515137
40.516663
41.079712
39.541626
39.70642
39.916992
40.255737
39.819336
39.60724
39.004517
39.56909
39.60724
40.23285
39.48059
38.404846
39.691162
40.019226
38.72986
41.081238
39.331055
40.081787
39.855957
39.20288
40.99121
39.353943
40.730286
41.31775
39.59198
40.4541
40.452576
39.590454
38.024902
37.838745
37.9776
37.01172
38.175964
38.064575
37.487793
36.801147
36.79962
37.313843
38.77716
37.960815
37.61444
35.798645
34.950256
35.48584
35.549927
34.036255
34.472656
34.23462
34.23462
34.23462
32.844543
34.26056
36.236572
34.599304
33.987427
34.51233
33.946228
35.5484
33.82263
33.13446
33.909607
34.0683
35.546875
33.49762
35.925293
33.843994
35.38208
35.006714
33.320618
33.36792
34.381104
34.257507
33.843994
35.258484
34.483337
34.420776
34.257507
34.254456
33.592224
35.09369
33.753967
33.691406
34.355164
33.84552
32.055664
32.717896
32.37915
32.154846
31.57959
30.804443
31.57959
29.626465
29.600525
29.60205
27.914429
28.375244
28.125
28.036499
26.521301
27.75116
27.146912
27.000427
26.463318
28.201294
26.774597
26.127625
26.47705
26.02539
27.337646
24.649048
26.89972
25.914001
26.252747
28.327942
27.130127
28.479004
26.751709
28.367615
28.167725
26.878357
27.48108
28.852844
27.89154
26.914978
26.914978
27.827454
27.043152
27.516174
28.166199
27.668762
29.205322
27.954102
28.894043
28.05481
29.264832
28.329468
27.827454
28.01361
28.852844
27.601624
27.688599
27.973938
27.349854
26.937866
27.949524
26.96228
24.711609
25.585938
24.6109
25.309753
25.083923
23.74878
24.957275
26.597595
26.223755
24.671936
25.338745
26.686096
25.236511
23.98529
25.498962
24.311829
27.60315
24.176025
24.064636
24.6521
25.964355
24.737549
25.126648
25.354004
26.168823
24.754333
26.605225
24.041748
25.480652
25.790405
24.838257
26.693726
26.081848
28.019714
26.12915
27.642822
26.539612
26.042175
28.240967
27.104187
28.741455
27.331543
28.431702
27.416992
27.89154
28.518677
28.988647
29.65393
31.19049
31.253052
29.051208
29.678345
