-26.890564
-28.074646
-28.962708
-27.45819
-29.728699
-29.605103
-30.377197
-31.092834
-30.072021
-31.36444
-31.533813
-30.3833
-29.873657
-30.067444
-30.575562
-31.286621
-30.484009
-29.951477
-30.319214
-28.904724
-30.459595
-29.92096
-30.49469
-30.603027
-30.603027
-29.61731
-31.182861
-30.545044
-31.959534
-30.055237
-29.73175
-28.62091
-31.513977
-30.555725
-30.406189
-29.151917
-28.43628
-27.51007
-26.867676
-26.751709
-24.511719
-24.311829
-24.583435
-22.912598
-24.137878
-23.500061
-20.73059
-20.457458
-18.35022
-18.421936
-17.515564
-18.197632
-19.688416
-19.60907
-19.581604
-21.170044
-19.270325
-19.908142
-19.563293
-19.047546
-18.765259
-18.240356
-19.570923
-21.017456
-18.902588
-19.526672
-20.394897
-18.736267
-17.471313
-17.663574
-18.145752
-17.695618
-16.888428
-17.350769
-18.128967
-16.06903
-17.3172
-17.366028
-18.092346
-18.80951
-18.992615
-18.945312
-17.648315
-18.936157
-19.715881
-19.232178
-18.952942
-18.893433
-18.063354
-16.55426
-16.03241
-15.80658
-17.539978
-15.318298
-16.539001
-17.332458
-16.55426
-16.539001
-17.359924
-17.359924
-15.59906
-15.061951
-15.162659
-15.144348
-14.781189
-16.044617
-15.768433
-15.934753
-14.050293
-15.031433
-15.875244
-14.503479
-14.057922
-12.982178
-15.118408
-16.523743
-15.655518
-15.255737
-15.579224
-12.95929
-12.968445
-14.805603
-12.997437
-15.013123
-16.078186
-16.04004
-16.343689
-16.065979
-18.35785
-16.654968
-16.55426
-18.144226
-17.582703
-17.9245
-17.121887
-17.860413
-18.302917
-19.529724
-20.323181
-19.53125
-20.417786
-20.059204
-21.618652
-20.906067
-19.508362
-19.343567
-18.5318
-21.688843
-19.444275
-19.447327
-20.324707
-21.115112
-21.522522
-20.959473
-23.832703
-22.802734
-22.3526
-22.372437
-21.949768
-21.806335
-23.86322
-21.937561
-22.434998
-20.27893
-23.413086
-20.832825
-21.159363
-19.618225
-21.859741
-22.525024
-20.321655
-21.50116
-21.3974
-21.17157
-21.17157
-21.516418
-22.660828
-23.269653
-21.554565
-22.462463
-22.377014
-23.68927
-24.836731
-24.031067
-24.81842
-24.076843
-24.723816
-24.85962
-24.971008
-25.25177
-24.659729
-25.750732
-26.455688
-26.150513
-28.060913
-25.605774
-27.433777
-26.922607
-26.135254
-26.489258
-26.843262
-26.18866
-26.377869
-27.13623
-25.98114
-26.705933
-26.971436
-26.861572
-27.45514
-27.423096
-25.865173
-26.783752
-27.404785
-26.713562
-26.902771
-25.846863
-24.99237
-24.768066
-27.31781
-24.516296
-24.690247
-26.54419
-25.468445
-24.150085
-26.513672
-25.50354
-26.724243
-24.937439
-25.308228
-25.445557
-25.178528
-26.075745
-24.705505
-26.730347
-25.732422
-25.900269
-24.728394
-25.3479
-25.775146
-26.681519
-26.260376
-26.158142
-26.824951
-26.751709
-25.488281
-25.985718
-26.29242
-26.715088
-27.575684
-27.575684
-27.06604
-27.423096
-27.626038
-28.41034
-27.80304
-26.275635
-27.598572
-27.47345
-29.56543
-28.84674
-27.342224
-27.609253
-28.536987
-27.5177
-27.410889
-27.252197
-28.507996
-28.881836
-25.393677
-29.055786
-29.551697
-28.224182
-27.272034
-28.196716
-27.243042
-27.679443
-27.264404
-26.982117
-26.434326
-27.716064
-28.727722
-26.171875
-25.32959
-25.74768
-25.305176
-26.617432
-23.898315
-27.57721
-27.365112
-28.213501
-29.367065
-26.93634
-28.22876
-28.585815
-29.605103
-29.081726
-29.2099
-29.100037
-31.204224
-27.677917
-29.197693
-29.917908
-28.48816
-29.872131
-28.8208
-31.658936
-29.663086
-30.535889
-28.431702
-29.171753
-30.517578
-28.523254
-30.680847
-28.967285
-29.32129
-30.567932
-28.341675
-29.966736
-29.251099
-29.0802
-30.33905
-28.907776
-28.315735
-29.528809
-29.528809
-29.528809
-28.909302
-29.585266
-28.034973
-29.554749
-30.766296
-29.179382
-28.031921
-28.29895
-26.895142
-28.173828
-28.32489
-28.466797
-28.186035
-28.919983
-25.880432
-27.235413
-27.716064
-27.708435
-28.845215
-29.240417
-29.948425
-29.780579
-29.896545
-30.85022
-30.67627
-30.737305
-31.233215
-31.930542
-31.47583
-32.443237
-32.736206
-32.13806
-33.032227
-32.736206
-32.424927
-31.37207
-32.302856
-30.88684
-31.954956
-32.15027
-32.659912
-32.29065
-33.15277
-33.747864
-31.497192
-30.349731
-32.411194
-32.807922
-33.059692
-32.38983
-31.599426
-31.86493
-31.626892
-30.879211
-33.010864
-33.042908
-31.21643
-31.488037
-32.41577
-32.281494
-32.769775
-32.31201
-33.651733
-32.84912
-31.323242
-34.40857
-31.430054
-33.901978
-32.50122
-32.974243
-31.819153
-33.14209
-32.400513
-32.400513
-32.400513
-30.32074
-32.406616
-32.180786
-32.409668
-31.69403
-32.57904
-31.799316
-31.75354
-31.08368
-31.686401
-30.149841
-30.072021
-29.92096
-30.625916
-31.001282
-29.943848
-29.425049
-29.147339
-28.79181
-28.30658
-27.970886
-29.353333
-27.081299
-28.251648
-28.451538
-29.200745
-27.827454
-27.941895
-27.97699
-28.97644
-27.061462
-27.046204
-26.438904
-29.371643
-30.023193
-28.346252
-26.817322
-26.535034
-27.622986
-29.159546
-28.385925
-27.664185
-27.963257
-28.726196
-29.286194
-27.868652
-29.222107
-27.102661
-25.94757
-27.45514
-27.124023
-28.692627
-28.567505
-27.140808
-27.799988
-27.267456
-28.761292
-29.647827
-26.405334
-27.876282
-25.540161
-27.407837
-28.631592
-27.93274
-27.119446
-28.082275
-27.986145
-28.24707
-27.819824
-28.320312
-27.583313
-25.498962
-26.609802
-25.733948
-25.733948
-26.290894
-27.290344
-26.637268
-25.52948
-28.312683
-26.420593
-25.862122
-26.004028
-25.12207
-23.191833
-25.109863
-25.831604
-24.15924
-23.973083
-24.177551
-22.671509
-22.164917
-24.003601
-22.686768
-23.381042
-23.265076
-22.77832
-22.563171
-24.281311
-24.215698
-22.56012
-23.12622
-21.195984
-21.157837
-21.490479
-21.548462
-24.145508
-22.819519
-22.90039
-22.341919
-23.03772
-22.647095
-24.06311
-23.606873
-24.229431
-24.938965
-22.764587
-23.85254
-23.71521
-24.64447
-24.64447
-24.391174
-25.202942
-24.415588
-25.132751
-23.564148
-23.571777
-24.461365
-24.203491
-23.815918
-22.802734
-23.042297
-22.898865
-22.668457
-22.990417
-22.91565
-21.466064
-23.846436
-23.797607
-21.386719
-21.076965
-22.558594
-18.09082
-19.465637
-19.519043
-18.006897
-18.104553
-19.586182
