1624763642740
1624763642768
1624763642775
1624763642791
1624763642812
1624763642831
1624763642851
1624763642871
1624763642891
1624763642912
1624763642931
1624763642952
1624763642972
1624763642991
1624763643012
1624763643033
1624763643052
1624763643072
1624763643092
1624763643112
1624763643134
1624763643161
1624763643171
1624763643192
1624763643212
1624763643233
1624763643253
1624763643273
1624763643293
1624763643313
1624763643332
1624763643353
1624763643372
1624763643393
1624763643414
1624763643433
1624763643453
1624763643473
1624763643494
1624763643512
1624763643533
1624763643553
1624763643572
1624763643593
1624763643613
1624763643634
1624763643652
1624763643673
1624763643692
1624763643713
1624763643733
1624763643752
1624763643773
1624763643793
1624763643813
1624763643833
1624763643853
1624763643873
1624763643893
1624763643913
1624763643934
1624763643953
1624763643974
1624763643993
1624763644013
1624763644033
1624763644052
1624763644073
1624763644093
1624763644113
1624763644133
1624763644152
1624763644174
1624763644193
1624763644214
1624763644234
1624763644253
1624763644273
1624763644293
1624763644314
1624763644333
1624763644354
1624763644373
1624763644393
1624763644414
1624763644436
1624763644454
1624763644473
1624763644493
1624763644513
1624763644533
1624763644554
1624763644573
1624763644593
1624763644613
1624763644633
1624763644654
1624763644673
1624763644693
1624763644713
1624763644732
1624763644764
1624763644772
1624763644793
1624763644813
1624763644834
1624763644857
1624763644875
1624763644894
1624763644914
1624763644933
1624763644953
1624763644974
1624763644994
1624763645013
1624763645033
1624763645053
1624763645076
1624763645093
1624763645113
1624763645135
1624763645154
1624763645174
1624763645194
1624763645214
1624763645234
1624763645255
1624763645272
1624763645294
1624763645314
1624763645334
1624763645354
1624763645374
1624763645394
1624763645414
1624763645434
1624763645454
1624763645474
1624763645493
1624763645514
1624763645533
1624763645557
1624763645573
1624763645593
1624763645613
1624763645633
1624763645653
1624763645674
1624763645693
1624763645713
1624763645734
1624763645753
1624763645775
1624763645794
1624763645813
1624763645834
1624763645853
1624763645874
1624763645893
1624763645914
1624763645933
1624763645954
1624763645973
1624763645994
1624763646013
1624763646033
1624763646053
1624763646074
1624763646093
1624763646114
1624763646134
1624763646153
1624763646183
1624763646193
1624763646214
1624763646234
1624763646254
1624763646275
1624763646294
1624763646314
1624763646334
1624763646354
1624763646373
1624763646395
1624763646414
1624763646434
1624763646454
1624763646473
1624763646494
1624763646514
1624763646533
1624763646554
1624763646574
1624763646594
1624763646614
1624763646634
1624763646654
1624763646674
1624763646694
1624763646714
1624763646734
1624763646754
1624763646774
1624763646794
1624763646814
1624763646834
1624763646854
1624763646873
1624763646895
1624763646915
1624763646934
1624763646955
1624763646974
1624763646996
1624763647015
1624763647034
1624763647054
1624763647073
1624763647094
1624763647114
1624763647134
1624763647154
1624763647174
1624763647193
1624763647215
1624763647234
1624763647254
1624763647274
1624763647294
1624763647314
1624763647334
1624763647354
1624763647374
1624763647395
1624763647416
1624763647434
1624763647456
1624763647476
1624763647494
1624763647515
1624763647535
1624763647555
1624763647575
1624763647594
1624763647615
1624763647634
1624763647656
1624763647674
1624763647694
1624763647715
1624763647734
1624763647756
1624763647775
1624763647794
1624763647814
1624763647835
1624763647855
1624763647874
1624763647894
1624763647914
1624763647934
1624763647955
1624763647974
1624763647994
1624763648014
1624763648035
1624763648054
1624763648075
1624763648094
1624763648115
1624763648135
1624763648155
1624763648174
1624763648194
1624763648215
1624763648233
1624763648255
1624763648276
1624763648295
1624763648315
1624763648335
1624763648355
1624763648374
1624763648395
1624763648415
1624763648435
1624763648456
1624763648475
1624763648496
1624763648515
1624763648537
1624763648555
1624763648576
1624763648596
1624763648614
1624763648635
1624763648655
1624763648675
1624763648696
1624763648714
1624763648736
1624763648755
1624763648776
1624763648796
1624763648815
1624763648834
1624763648855
1624763648875
1624763648896
1624763648915
1624763648934
1624763648955
1624763648976
1624763648996
1624763649015
1624763649035
1624763649056
1624763649076
1624763649096
1624763649116
1624763649138
1624763649155
1624763649175
1624763649196
1624763649215
1624763649235
1624763649256
1624763649276
1624763649296
1624763649317
1624763649335
1624763649357
1624763649376
1624763649396
1624763649417
1624763649435
1624763649456
1624763649476
1624763649496
1624763649517
1624763649534
1624763649556
1624763649575
1624763649596
1624763649615
1624763649635
1624763649654
1624763649675
1624763649695
1624763649715
1624763649734
1624763649755
1624763649775
1624763649795
1624763649815
1624763649835
1624763649857
1624763649875
1624763649895
1624763649916
1624763649935
1624763649957
1624763649975
1624763649995
1624763650016
1624763650035
1624763650056
1624763650075
1624763650096
1624763650114
1624763650137
1624763650156
1624763650176
1624763650195
1624763650216
1624763650235
1624763650255
1624763650276
1624763650295
1624763650315
1624763650335
1624763650356
1624763650375
1624763650396
1624763650415
1624763650435
1624763650455
1624763650476
1624763650496
1624763650515
1624763650536
1624763650555
1624763650576
1624763650595
1624763650615
1624763650635
1624763650655
1624763650677
1624763650695
1624763650716
1624763650736
1624763650755
1624763650777
1624763650796
1624763650816
1624763650835
1624763650856
1624763650876
1624763650895
1624763650916
1624763650947
1624763650955
1624763650980
1624763650995
1624763651019
1624763651034
1624763651055
1624763651076
1624763651095
1624763651115
1624763651149
1624763651155
1624763651175
1624763651197
1624763651216
1624763651236
1624763651255
1624763651276
1624763651296
1624763651315
1624763651335
1624763651355
1624763651375
1624763651396
1624763651416
1624763651435
1624763651457
1624763651477
1624763651497
1624763651515
1624763651537
1624763651556
1624763651575
1624763651596
1624763651617
1624763651636
1624763651656
1624763651675
1624763651696
1624763651716
1624763651736
1624763651756
1624763651776
1624763651796
1624763651816
1624763651836
1624763651856
1624763651876
1624763651896
1624763651916
1624763651936
1624763651957
1624763651978
1624763651996
1624763652016
1624763652036
1624763652057
1624763652078
1624763652096
1624763652116
1624763652136
1624763652157
1624763652176
1624763652196
1624763652217
1624763652235
1624763652256
1624763652276
1624763652295
1624763652317
1624763652336
1624763652357
1624763652377
1624763652396
1624763652416
1624763652436
1624763652457
1624763652476
1624763652496
1624763652517
1624763652537
1624763652556
1624763652577
1624763652596
1624763652617
1624763652636
1624763652656
1624763652677
1624763652695
1624763652717
1624763652736
1624763652756
1624763652778
1624763652796
1624763652817
1624763652837
1624763652856
1624763652877
1624763652896
1624763652917
1624763652938
1624763652956
1624763652977
1624763652996
1624763653016
1624763653036
1624763653056
1624763653077
1624763653097
1624763653117
1624763653137
1624763653156
1624763653177
1624763653197
1624763653216
1624763653238
1624763653256
1624763653278
1624763653297
1624763653317
1624763653337
1624763653357
1624763653377
1624763653398
1624763653416
1624763653436
1624763653458
1624763653476
1624763653499
1624763653516
1624763653537
1624763653557
1624763653586
1624763653595
1624763653616
1624763653640
1624763653657
1624763653678
