2.1891327
2.5267181
2.3579254
1.826416
1.6863556
1.9928131
2.241806
1.84198
1.391861
1.613327
2.3220215
2.802063
2.596161
1.8862762
1.4433441
1.628891
2.1616058
2.4979858
2.3663025
2.087387
1.9832306
1.9078217
1.8168335
1.5486908
1.6013641
1.52594
1.5055847
1.6612244
1.8826752
1.9916229
2.166397
1.9317627
1.431366
1.3008881
1.2554016
1.2577972
1.5642548
1.9928131
1.450531
0.8400116
1.2960968
2.2346191
2.3818665
1.5019989
0.6053772
0.55270386
1.371521
2.250183
2.6057281
2.4261627
2.5865784
2.5865784
2.3160248
1.8982391
1.0279541
0.49284363
0.39468384
-0.0027618408
-0.42175293
-0.38464355
-0.07698059
-0.24697876
-0.15480042
0.3827057
0.8304291
1.494812
2.173584
2.6715698
2.8714905
2.8259888
2.486023
2.051468
1.7952881
1.6971283
1.644455
1.652832
1.6229095
1.4038391
1.1225128
1.1404724
1.4062347
1.7857208
1.7378387
1.3308105
1.2625885
1.7126923
2.3256073
1.9485168
1.5546722
1.818039
2.4297485
2.9301453
3.0450592
2.5255127
1.6779785
1.2649689
1.474472
2.09935
2.5530548
2.3866577
1.8347931
1.5977631
1.8946533
2.3471527
2.6344604
2.6775513
2.3016663
1.7462006
1.6767731
2.1508331
2.6464386
2.7003021
2.1328735
1.3631439
0.8639374
1.1368866
1.5774231
1.3272247
1.1153259
1.4481354
2.1340637
2.4141998
2.2549744
2.2011108
2.375885
2.5901642
2.5949554
2.1364594
1.5438995
1.261383
1.4912262
1.8563385
1.8707123
1.7653656
1.8766937
2.2250519
2.5554504
2.7314148
2.4979858
1.9437256
1.0925903
0.75260925
1.2996979
1.7557831
1.9545135
1.8323975
1.2194824
0.76338196
1.1871643
1.7498016
1.9221802
1.9197845
1.9724579
2.0933685
2.2848969
2.478836
2.5997467
2.4189758
2.1771545
2.0419006
1.8994446
1.9473267
2.0694275
2.1747742
2.1915283
2.1412506
1.8838806
1.822815
2.1017456
2.2705383
1.692337
1.1057587
0.8244324
0.6424866
0.82803345
1.6097412
2.4572906
2.8882446
2.846344
2.6416473
2.4189758
2.2825012
2.1376648
1.7725372
1.3379974
1.2350464
1.4146118
1.6540375
1.7797241
1.8778839
1.897049
1.810852
1.9425354
2.304062
2.4728546
2.1687927
1.7653656
1.6576233
1.6576233
1.92099
2.0538635
1.9772491
1.8515625
2.0143585
2.4321442
2.7745209
2.7649384
2.4345398
2.0742188
1.9592896
2.3962402
2.6105194
2.4680634
2.2621613
2.25737
2.3088531
2.3100433
2.1759644
2.047882
1.9568939
1.9521027
2.1029358
2.2609558
2.3651123
2.2370148
2.0802002
2.0502777
2.090973
2.2082977
2.0430908
1.3487701
0.9249878
1.3906708
2.1963196
2.6512146
2.7146606
2.5746002
2.3375702
2.147232
2.0263214
1.9305573
1.8060608
1.5666504
1.5032043
1.7270508
1.9688721
1.9161987
1.5127716
1.3607483
1.6324921
1.9269714
2.265747
2.1771698
1.9688721
2.1089325
2.0047913
1.7821198
1.0135803
0.38749695
0.9896393
2.3303833
3.043869
2.5626373
1.9509125
1.9066162
2.1328735
2.3507385
2.2322388
1.7617798
1.4337616
1.4337616
1.8527527
2.4644623
2.683548
2.4345398
2.0191498
1.7845154
2.0646362
2.4608765
2.6141052
2.719452
2.7721252
2.9433136
3.0450592
3.079773
2.2801208
0.70951843
0.1828003
0.940567
1.8491669
2.4884186
2.8487396
3.028305
3.0139313
2.7661438
2.3854523
2.011963
1.9281769
1.9940186
2.1747742
2.2705383
2.3806763
2.475235
2.4488983
2.4261627
2.4285583
2.486023
2.7242432
2.502777
2.3375702
2.2609558
1.949707
1.9102173
2.2442017
2.7014923
2.861908
2.719452
2.4979858
2.2190552
2.1795654
2.3172302
2.5458832
2.6548157
2.7398071
2.7805023
2.7338104
2.7936707
2.9708405
3.2042694
3.3826447
3.2006836
2.7421875
2.4345398
2.3698883
2.6236877
2.8439484
3.0666046
3.1599884
3.3227844
3.48201
3.7705078
4.11528
4.2277985
3.984787
3.505951
2.9600677
2.4297485
2.0742188
2.2310333
2.9899902
3.866272
4.23378
3.7609253
2.9073944
2.4177856
2.3818665
2.5446777
2.6895294
2.6188965
2.586563
2.9026031
3.2796936
3.2509613
3.0977325
3.174347
3.2581482
3.2449799
3.6041107
3.3862305
2.8583221
2.6165009
2.7314148
2.5326996
2.0466766
1.9664764
2.4405365
2.937317
2.861908
2.3579254
1.9916077
1.7952881
1.7450104
1.8802948
2.1532288
2.3196259
2.3172302
2.2525787
2.3579254
2.5913544
2.8367615
2.7888794
2.585373
2.5087585
2.5925598
2.7409973
2.8810577
2.8451538
2.5829773
2.3184204
2.2238464
2.138855
2.0742188
1.6420593
1.0327301
0.624527
0.5981903
1.1165314
1.5834045
1.8060608
1.7150879
1.4756622
1.3427887
1.5151672
1.8766937
2.2190552
2.4189758
2.3615112
2.33638
2.289688
2.2058868
2.1747742
2.2358246
2.3411713
2.4213715
2.5877686
2.8176117
2.9816132
2.9660492
2.8188171
2.624878
2.5566406
2.446518
2.090973
1.7857208
1.8347931
2.1723785
2.4824219
2.4118042
1.6911469
1.1021729
0.9393616
1.0877991
1.518753
2.011963
2.3986206
2.5386963
2.4848175
2.4537048
2.4488983
2.272934
2.0442963
1.9102173
1.8407745
1.8994293
1.9293671
1.8754883
1.7904968
1.7533875
1.7988892
1.9233856
1.9066162
1.3822937
0.65805054
0.113357544
0.21870422
0.7562103
1.2589874
1.5019989
1.4253845
1.3403931
1.4194031
1.7258606
2.09935
2.25737
2.1556244
1.9999847
1.9568939
1.9963989
2.039505
2.107727
2.1041412
2.1831512
2.470459
2.7062836
2.602127
2.422577
2.561432
2.712265
2.557846
2.1580048
1.9963989
2.1508331
2.3160248
2.1173096
1.9963989
1.9401398
1.4840393
1.2338562
1.5630493
2.008377
2.2825012
2.4177856
2.4429321
2.423767
2.375885
2.248993
2.1436462
2.102951
2.1987152
2.2681427
2.217865
1.8312073
1.297287
1.3786926
1.7857056
2.0406952
1.5666504
0.5957947
-0.068603516
0.47010803
1.5774078
2.2370148
1.9880219
1.0075989
0.16723633
0.0211792
0.46531677
1.1021729
1.5403137
1.8802795
2.2453918
2.5039825
2.4489136
2.1915283
1.9461212
1.8383789
1.7785339
1.6959229
1.5881958
1.5510864
1.6648102
1.8120422
2.011963
1.8958435
1.7114868
1.5750275
1.6803741
1.9389496
1.8539429
1.494812
1.2625885
1.2278595
1.3571472
1.466095
1.6372681
1.8371887
2.169983
2.3196259
2.3651123
2.3543396
2.3794708
2.2142792
1.94133
1.8886566
1.9880219
2.0490723
1.9425354
1.652832
1.6576233
1.8443756
1.9042206
1.3427887
0.7442322
0.56347656
1.0626678
1.6767731
1.8958435
1.6420593
1.2901154
1.1883545
1.5223541
2.0885773
2.6081238
2.9085999
2.9875946
2.7888794
2.4716492
2.367508
2.3555298
2.3938446
2.5410767
2.8295898
3.138443
3.2940674
3.3455353
3.1432343
2.5446777
1.9317627
1.4086304
1.2853241
1.5199585
1.9796448
2.1508331
1.9820404
1.6612091
1.4696808
1.308075
1.565445
1.9521179
1.9580994
2.0179596
