0.53186035
0.14251709
-0.3379364
-0.3821411
-0.10411072
0.16807556
0.17926025
-0.02368164
-0.114227295
-0.04977417
0.040786743
0.07539368
-0.11369324
-0.48493958
-0.7027893
-0.538208
-0.20903015
0.006149292
0.094573975
0.08178711
0.027999878
2.89917E-4
0.007217407
-0.10624695
-0.16642761
-0.07588196
-0.027938843
0.1084137
0.04449463
-0.11103821
-0.24099731
-0.2287445
0.2559662
0.40455627
0.14356995
0.09989929
0.10522461
-0.4678955
-0.79119873
-0.48812866
0.15316772
0.5297394
0.34384155
0.031188965
-0.06842041
-0.025268555
0.012008667
-0.11315918
-0.4055786
-0.69532776
-0.76297
-0.5893402
-0.61117554
-0.6420746
-0.57655334
-0.5270233
-0.38853455
-0.31770325
-0.34272766
-0.28359985
-0.2979889
-0.08439636
0.28045654
0.25862122
-0.002380371
-0.03593445
0.20162964
0.41734314
0.5063019
0.49830627
0.42001343
0.29644775
0.23306274
0.34065247
0.55636597
0.6708832
0.50523376
0.13824463
-0.07107544
-0.0284729
0.13612366
0.13131714
-0.11689758
-0.26976013
-0.06362915
0.3475647
0.5313263
0.40829468
0.28364563
0.15689087
0.001876831
-0.19891357
-0.6639099
-1.238617
-1.3786926
-0.8151703
0.040237427
0.4567566
0.29005432
-0.048187256
-0.18772888
-0.05456543
0.16540527
0.1398468
-0.15045166
-0.29159546
-0.13659668
0.18884277
0.4343872
0.4700775
0.27886963
0.07006836
-0.042312622
-0.0034332275
0.18511963
0.16168213
-0.20158386
-0.44766235
-0.30970764
0.027999878
0.1717987
0.17126465
0.21495056
0.32626343
0.35983276
0.25915527
0.048233032
-0.1541748
-0.16749573
-0.036468506
0.03970337
-0.017822266
-0.06362915
-0.007171631
0.097229004
0.064208984
-0.13287354
-0.17919922
-0.041778564
0.033859253
0.0652771
0.122802734
0.16275024
0.15316772
-0.1696167
-0.5797577
-0.6495209
-0.3453827
0.09138489
0.32946777
0.31826782
0.25862122
0.31082153
0.44024658
0.5185547
0.39711
-0.062026978
-0.64793396
-0.86257935
-0.6063843
-0.09718323
0.3070984
0.46528625
0.4674225
0.32893372
0.07273865
-0.09185791
-0.14884949
-0.24313354
-0.22767639
-0.03060913
0.054626465
-0.21063232
-0.43859863
-0.2937317
0.09403992
0.36941528
0.45942688
0.39338684
0.23838806
0.09829712
0.00881958
-0.06523132
-0.15524292
-0.235672
-0.22181702
-0.056167603
0.15795898
0.2453003
0.15261841
-0.043380737
-0.11262512
-0.009292603
0.12919617
0.09564209
-0.06362915
-0.11476135
-0.025802612
-0.014633179
-0.15205383
-0.34432983
-0.50997925
-0.48228455
-0.26176453
-0.0050354004
0.06741333
-0.03753662
-0.10197449
-0.007171631
0.20802307
0.3544922
0.24636841
-0.10090637
-0.3959961
-0.3933258
-0.13446045
0.14251709
0.30282593
0.37260437
0.3635559
0.31402588
0.32200623
0.2218628
-0.052978516
-0.23725891
-0.067352295
0.32946777
0.5419769
0.30070496
-0.25325012
-0.6010437
-0.48866272
-0.085998535
0.25541687
0.37046814
0.25489807
0.08392334
0.026397705
-0.013031006
-0.10090637
-0.22502136
-0.2942505
-0.18400574
0.087646484
0.30921936
0.33372498
0.10362244
-0.18507385
-0.18666077
0.054626465
0.2740631
0.27726746
0.29005432
0.43171692
0.5366516
0.14570618
-1.0388794
-1.7344971
-1.2625885
-0.12754822
0.6650238
0.7507782
0.575531
0.45143127
0.45463562
0.4381256
0.19950867
-0.1845398
-0.51956177
-0.57974243
-0.29212952
0.22346497
0.5808716
0.68099976
0.5036316
0.190979
-0.051376343
-0.20158386
-0.4540558
-0.63194275
-0.50038147
-0.043380737
0.6181488
0.9707489
0.3433075
-0.7294159
-1.192276
-0.75764465
0.023727417
0.50523376
0.51216125
0.32572937
0.14942932
0.031723022
-0.11050415
-0.31503296
-0.41888428
-0.34379578
-0.13392639
0.12812805
0.28259277
0.268219
0.18351746
0.05355835
-0.07267761
-0.14085388
-0.15950012
-0.15631104
0.025863647
0.2799225
0.40029907
0.52493286
0.48765564
0.2836609
-7.7819824E-4
-0.3725586
-0.59732056
-0.61917114
-0.42634583
-0.09611511
0.21174622
0.35609436
0.31349182
0.27352905
0.29589844
0.28259277
0.10736084
-0.15577698
-0.31982422
-0.27508545
-0.057235718
-0.008239746
-0.1696167
-0.22128296
0.023742676
0.2575531
0.19737244
-0.08972168
-0.39439392
-0.61543274
-0.7006531
-0.6026459
-0.33633423
0.036514282
0.36567688
0.34277344
0.03437805
-0.0519104
0.1318512
0.27513123
0.27194214
0.2532959
0.19737244
0.09829712
0.14303589
0.39071655
0.572876
0.55796814
0.36834717
0.19470215
0.12173462
0.1787262
0.44078064
0.6628876
0.80937195
0.5292053
0.045562744
0.038116455
0.19311523
0.39924622
0.21228027
-0.12913513
-0.32887268
-0.32089233
-0.069488525
0.1552887
0.06262207
-0.27241516
-0.55044556
-0.6660309
-0.61383057
-0.42262268
-0.11955261
0.20323181
0.3044281
0.1675415
-0.027404785
-0.1696167
-0.2399292
-0.27401733
-0.23725891
-0.14831543
-0.0987854
-0.09239197
-0.0753479
-0.05670166
-0.09877014
-0.2319336
-0.37149048
-0.39279175
-0.32461548
-0.2910614
-0.35231018
-0.43006897
-0.27720642
0.061019897
0.21974182
0.13717651
-0.050308228
-0.18719482
-0.17121887
-0.065216064
0.045043945
0.13824463
0.16168213
0.11375427
0.02267456
-0.07746887
-0.10571289
0.012008667
0.1398468
0.21281433
0.27886963
0.34172058
0.35289
0.31188965
0.21548462
0.07006836
-0.0476532
-0.03540039
0.041305542
0.049819946
-0.09825134
-0.19891357
-0.019943237
0.24636841
0.30815125
0.032791138
-0.39013672
-0.6687012
-0.59413147
-0.16056824
0.350235
0.60110474
0.60910034
0.43919373
0.1867218
0.007217407
-0.0987854
-0.21702576
-0.3214264
-0.31556702
-0.18719482
-0.06788635
-0.04711914
-0.13552856
-0.21116638
-0.11476135
0.12013245
0.22187805
0.15156555
2.89917E-4
0.0013580322
0.15156555
0.17765808
0.026397705
-0.17442322
-0.3453827
-0.4236908
-0.36296082
-0.1227417
0.18193054
0.36462402
0.3246765
0.1552887
-0.0018463135
-0.10569763
-0.1461792
-0.12487793
2.89917E-4
0.24423218
0.46368408
0.5680847
0.44929504
0.16007996
0.056228638
0.26127625
0.399765
0.36035156
0.18191528
0.11854553
0.22027588
0.22880554
-0.009292603
-0.49719238
-0.93022156
-0.88974
-0.32728577
0.33372498
0.6383972
0.6027069
0.350235
0.038116455
-0.13980103
-0.19465637
-0.24205017
-0.2319336
-0.06895447
0.21174622
0.42640686
0.5302582
0.64904785
0.81256104
0.8903198
0.7784729
0.42852783
-0.09825134
-0.5563202
-0.6228943
-0.37467957
-0.16696167
-0.22927856
-0.42048645
-0.42687988
-0.16163635
0.2612915
0.5808716
0.6442566
0.5015106
0.23678589
-0.05670166
-0.24472046
-0.31396484
-0.37149048
-0.46948242
-0.4758911
-0.31129456
-0.16908264
-0.24153137
-0.40185547
-0.3464508
-0.008758545
0.12866211
-0.16908264
-0.57388306
-0.6750946
-0.46310425
-0.18933105
-0.05670166
-0.04232788
-0.083862305
-0.09346008
-0.020492554
0.101501465
0.22879028
0.30496216
0.29696655
0.24050903
0.19044495
0.16221619
0.041305542
-0.12541199
-0.10676575
0.11747742
0.3017578
0.24636841
0.01574707
-0.08546448
0.03970337
0.13452148
-0.013549805
-0.29959106
-0.4348755
-0.2287445
0.059417725
0.15742493
0.038650513
-0.13552856
-0.21809387
-0.1967926
-0.017288208
0.20802307
0.35395813
0.3267975
0.12599182
-0.06309509
-0.10357666
-0.0710907
0.06581116
0.27619934
0.44396973
0.46421814
0.38645935
0.31828308
0.32147217
0.3113556
0.21334839
-0.007171631
-0.2564392
-0.30278015
-0.119018555
0.051956177
0.017868042
-0.19998169
-0.3144989
-0.12966919
0.3443756
0.8839264
0.9292145
0.25489807
-0.36242676
