0.25048828
0.012924194
-0.106918335
0.014526367
0.07897949
-0.038742065
-0.20118713
-0.23527527
-0.059509277
0.1812439
0.25741577
0.012924194
-0.44566345
-0.72050476
-0.55752563
-0.17189026
6.713867E-4
-0.1324768
-0.307724
-0.34979248
-0.23847961
-0.06750488
0.033172607
0.06300354
-0.07122803
-0.109573364
-0.08187866
-0.038208008
-0.0062561035
0.058746338
0.22544861
0.31440735
-0.1159668
-0.35992432
-0.12075806
0.32559204
0.2872467
-0.27043152
-0.6033325
-0.40359497
-0.045135498
-0.069625854
-0.54048157
-0.9191742
-0.82225037
-0.42329407
-0.021697998
0.13757324
0.049682617
0.06939697
0.3096161
0.43585205
0.19509888
-0.041931152
-0.06323242
-0.14633179
-0.42382812
-0.5181122
-0.26350403
0.0033416748
0.10614014
0.23504639
0.36714172
0.32452393
0.21800232
0.294693
0.44969177
0.3927002
0.12371826
-0.15538025
-0.29812622
-0.2640381
-0.06590271
0.16740417
0.2680664
0.19456482
0.019317627
-0.09413147
-0.04246521
0.16847229
0.4118805
0.50135803
0.46141052
0.49868774
0.64889526
0.69577026
0.53385925
0.35435486
0.31547546
0.32559204
0.28457642
0.12532043
-0.2059784
-0.6081238
-0.7918701
-0.6411438
-0.3908081
-0.2858734
-0.3327484
-0.32421875
-0.17774963
-0.030212402
-3.9672852E-4
-0.05206299
6.713867E-4
0.21426392
0.42625427
0.40548706
0.17912292
0.06565857
0.10348511
0.11785889
0.040100098
-0.028625488
-0.037139893
-0.15538025
-0.3993225
-0.4185028
-0.13673401
0.015594482
-0.21876526
-0.49839783
-0.4499359
-0.1351471
0.15194702
0.26327515
0.212677
0.12585449
0.118392944
0.14183044
0.10614014
0.024108887
0.018249512
0.11148071
0.24090576
0.32717896
0.37193298
0.47206116
0.4699402
0.19616699
-0.046188354
0.010787964
0.16740417
0.13276672
-0.18467712
-0.60491943
-0.75245667
-0.58361816
-0.39401245
-0.38601685
-0.45152283
-0.4057312
-0.17030334
0.12904358
0.30854797
0.32133484
0.24356079
0.21479797
0.27020264
0.29629517
0.2238617
0.116256714
0.06939697
0.07739258
0.066207886
0.04170227
0.094436646
0.13490295
0.05128479
-0.05897522
-0.13568115
-0.29866028
-0.530365
-0.5245056
-0.21076965
0.0022735596
-0.14952087
-0.3950653
-0.42703247
-0.20918274
0.111465454
0.33145142
0.3261261
0.1338501
-0.024353027
0.01133728
0.21160889
0.3937683
0.3900299
0.2323761
0.13864136
0.22279358
0.40974426
0.48538208
0.38578796
0.30534363
0.32559204
0.3303833
0.2211914
-0.020629883
-0.2954712
-0.44726562
-0.42382812
-0.34553528
-0.32209778
-0.41210938
-0.5372772
-0.53302
-0.3396759
-0.097854614
0.0443573
0.049682617
0.0065307617
0.045959473
0.17166138
0.2824402
0.30801392
0.28936768
0.276062
0.25741577
0.25953674
0.31973267
0.31973267
0.27871704
0.31066895
0.32080078
0.19456482
-0.04032898
-0.31251526
-0.5926666
-0.67256165
-0.4957428
-0.30238342
-0.2762909
-0.28321838
-0.19692993
-0.04246521
0.0912323
0.11413574
0.050216675
-0.0030517578
0.021453857
0.1381073
0.26913452
0.2904358
0.18284607
0.037963867
0.021453857
0.16101074
0.26860046
0.26434326
0.18231201
0.10827637
0.031570435
-0.12715149
-0.37269592
-0.64486694
-0.5596466
-0.13568115
0.14183044
-0.15272522
-0.7018738
-0.81744385
-0.42436218
0.04862976
0.28085327
0.24623108
0.10241699
0.0954895
0.26113892
0.4630127
0.5418396
0.41667175
0.2323761
0.13543701
0.1466217
0.1769867
0.21000671
0.26593018
0.39642334
0.48910522
0.48431396
0.4699402
0.35914612
-0.08773804
-0.739151
-0.99427795
-0.7450104
-0.4030609
-0.26617432
-0.26617432
-0.19906616
-0.012634277
0.19296265
0.25634766
0.15568542
0.08377075
0.15408325
0.26753235
0.28404236
0.18710327
0.07632446
0.050750732
0.11306763
0.1535492
0.13757324
0.14396667
0.21054077
0.2472992
0.13864136
0.007598877
0.028900146
0.0954895
0.14183044
0.17166138
0.13331604
0.014526367
-0.13781738
-0.21183777
-0.23048401
-0.2842865
-0.38334656
-0.4563141
-0.40464783
-0.23794556
-0.024887085
0.14396667
0.24836731
0.3261261
0.39109802
0.39855957
0.30482483
0.21374512
0.25527954
0.3346405
0.30429077
0.14875793
0.066726685
0.24995422
0.5748596
0.77194214
0.6717987
0.35328674
0.0054779053
-0.2619171
-0.47177124
-0.6613922
-0.65179443
-0.41264343
-0.13140869
-0.008911133
-0.0493927
-0.15272522
-0.22569275
-0.19160461
-0.121292114
-0.13780212
-0.23101807
-0.2762909
-0.23847961
-0.21237183
-0.24006653
-0.25605774
-0.19319153
-0.050460815
0.06939697
-0.01637268
-0.035003662
0.110946655
0.27871704
0.22598267
-0.029144287
-0.22569275
-0.17456055
0.08218384
0.2861786
0.24143982
0.03050232
-0.16923523
-0.28321838
-0.28907776
-0.25552368
-0.20439148
-0.15112305
-0.15484619
-0.21237183
-0.18733215
-0.06590271
0.048095703
0.06460571
-0.008377075
-0.12075806
-0.19960022
-0.19107056
-0.09892273
-0.008911133
-0.019561768
-0.060043335
-0.043533325
0.020385742
0.07472229
0.024642944
-0.12715149
-0.26670837
-0.21290588
0.062469482
0.27711487
0.29257202
0.120529175
-0.14898682
-0.35353088
-0.39134216
-0.27096558
-0.0728302
0.036376953
0.00920105
-0.050460815
-0.021697998
0.073654175
0.14715576
0.14556885
0.09815979
0.057678223
0.07525635
0.14929199
0.23184204
0.26593018
0.24356079
0.259552
0.31600952
0.27445984
0.029434204
-0.28215027
-0.2970581
0.0954895
0.48059082
0.4672699
0.115737915
-0.2651062
-0.41371155
-0.24433899
0.09069824
0.25209045
0.10560608
-0.17137146
-0.3812256
-0.39453125
-0.2571106
-0.14100647
-0.17456055
-0.31251526
-0.39401245
-0.3551178
-0.277359
-0.19851685
-0.15644836
-0.1585846
-0.14526367
-0.04246521
0.02357483
-0.069625854
-0.29866028
-0.44407654
-0.33328247
-0.068573
0.18977356
0.27871704
0.11199951
-0.12715149
-0.18307495
-0.007843018
0.18870544
0.2004242
0.06619263
-0.02116394
0.04168701
0.15194702
0.22172546
0.2472992
0.2515564
0.26327515
0.30322266
0.37512207
0.41773987
0.45715332
0.5626068
0.6494293
0.5040283
0.1615448
-0.11810303
-0.08029175
0.15408325
0.26753235
0.12425232
-0.2027893
-0.47442627
-0.4296875
-0.1559143
0.04170227
0.0033416748
-0.16123962
-0.2842865
-0.2651062
-0.1197052
0.0038757324
-0.02116394
-0.13407898
-0.18309021
-0.14953613
-0.18095398
-0.37269592
-0.5921478
-0.6171875
-0.4105072
-0.14260864
-0.08294678
-0.25178528
-0.3977356
-0.19532776
0.3096161
0.67819214
0.5514221
0.0070648193
-0.5101166
-0.661911
-0.5292969
-0.36897278
-0.27789307
-0.17828369
-0.0035858154
0.17591858
0.24516296
0.18391418
0.10508728
0.09762573
0.13278198
0.13864136
0.09336853
0.05607605
0.14875793
0.36235046
0.54237366
0.49710083
0.2669983
0.1578064
0.3607483
0.64624023
0.65049744
0.3138733
-0.12661743
-0.38334656
-0.34872437
-0.1394043
0.06993103
0.111465454
-0.025421143
-0.19532776
-0.25924683
-0.2331543
-0.16763306
-0.14100647
-0.13407898
-0.049926758
0.08377075
0.18817139
0.22172546
0.16207886
0.08857727
0.09283447
0.09176636
-0.020629883
-0.16656494
-0.15484619
0.12799072
0.44862366
0.5141449
0.22918701
-0.21504211
-0.45845032
-0.3561859
-0.035003662
0.23291016
0.2531433
0.097091675
-0.01689148
0.0054626465
0.0715332
0.050216675
-0.0067749023
0.012390137
0.08963013
0.12532043
0.12585449
0.1461029
0.19670105
0.2211914
0.13597107
-0.10266113
-0.2619171
-0.06643677
0.33624268
0.4795227
0.1812439
-0.21929932
-0.33702087
-0.19267273
0.04914856
0.35488892
0.49391174
0.24674988
-0.08773804
