-0.44502258
-0.3864441
-0.37738037
-0.36087036
-0.25541687
-0.122787476
-0.1084137
-0.22026062
-0.25274658
-0.08230591
0.15419006
0.12168884
-0.13876343
-0.32518005
-0.29322815
-0.07537842
0.13182068
0.16430664
0.076431274
0.022628784
0.060440063
0.10040283
0.08494568
0.05885315
0.1259613
0.15525818
0.20904541
0.27030945
0.2782898
0.24206543
0.20425415
0.14567566
0.090270996
0.12861633
0.16644287
0.29267883
0.42956543
0.21330261
-0.14888
-0.20533752
0.014099121
0.17816162
-0.0013427734
-0.33370972
-0.4295807
-0.20960999
0.14619446
0.31504822
0.23194885
0.052993774
-0.10095215
-0.30122375
-0.5899048
-0.8359833
-0.9531555
-0.8743286
-0.7390442
-0.5510254
-0.30336
-0.12864685
-0.06951904
0.03593445
0.18934631
0.25538635
0.2862854
0.44128418
0.6031952
0.6165161
0.51797485
0.3539276
0.15686035
0.009841919
-0.035964966
-0.041290283
-0.05833435
-0.07058716
-0.09828186
-0.12651062
-0.11160278
-0.0184021
0.099853516
0.12915039
0.081222534
0.0790863
0.17762756
0.29533386
0.3054657
0.29693604
0.29107666
0.30065918
0.38269043
0.406662
0.23301697
-0.040771484
-0.2548828
-0.3171997
-0.1446228
0.10038757
0.14460754
0.04234314
-0.06686401
-0.08177185
0.012512207
0.09931946
0.07003784
-0.10041809
-0.3076172
-0.4471588
-0.4194641
-0.26713562
-0.18191528
-0.26020813
-0.45994568
-0.5787201
-0.42797852
-0.21066284
-0.17710876
-0.17124939
-0.042892456
0.12754822
0.23994446
0.23994446
0.17869568
0.17655945
0.24101257
0.25325012
0.13554382
-0.047683716
-0.15901184
-0.11639404
0.03753662
0.14459229
0.14886475
0.16111755
0.25006104
0.34806824
0.38641357
0.34487915
0.1728363
-0.026382446
-0.078048706
0.038604736
0.23248291
0.37309265
0.30065918
0.036483765
-0.14889526
-0.15740967
0.010375977
0.19360352
0.22076416
0.1802826
0.22662354
0.2974701
0.3139801
0.2543335
0.10038757
-0.12385559
-0.33477783
-0.48338318
-0.5648651
-0.5856476
-0.5899048
-0.58457947
-0.5717926
-0.5371704
-0.4232025
-0.2692566
-0.13237
-0.07165527
-0.14355469
-0.28790283
-0.38537598
-0.30015564
-0.03277588
0.2601776
0.45672607
0.48069763
0.36351013
0.22662354
0.14779663
0.11051941
0.048721313
-0.04449463
-0.10095215
-0.04449463
0.08920288
0.17762756
0.17602539
0.13500977
0.11531067
0.12649536
0.16165161
0.17176819
0.17602539
0.1456604
0.08761597
0.11689758
0.19839478
0.20585632
0.13926697
0.045532227
0.011978149
0.09346008
0.17230225
0.13500977
0.021560669
-0.06846619
-0.06259155
0.024215698
0.09187317
0.09399414
-0.001876831
-0.11053467
-0.15953064
-0.179245
-0.24423218
-0.36886597
-0.45248413
-0.4306488
-0.32092285
-0.19468689
-0.13078308
-0.08816528
-0.068984985
-0.10946655
-0.1169281
-0.071121216
-0.0977478
-0.24742126
-0.33850098
-0.27139282
-0.045562744
0.19999695
0.26391602
0.18188477
0.08441162
0.021560669
-0.017318726
-0.026382446
-0.010406494
0.002380371
0.022628784
0.08920288
0.17869568
0.23461914
0.20318604
0.153656
0.19413757
0.30812073
0.39813232
0.40292358
0.3336792
0.27243042
0.28201294
0.27296448
-0.013595581
-0.34010315
-0.3491516
-0.07537842
0.14886475
0.10412598
-0.0892334
-0.17391968
-0.06314087
0.09080505
0.14193726
0.04499817
-0.097229004
-0.1872406
-0.20587158
-0.14569092
-0.11639404
-0.23677063
-0.38430786
-0.41093445
-0.30334473
-0.11000061
0.09399414
0.22290039
0.2314148
0.18774414
0.19360352
0.20639038
-0.09295654
-0.6394348
-0.8913727
-0.8247986
-0.47218323
2.4414062E-4
0.29107666
0.37522888
0.3406067
0.2543335
0.14512634
0.041275024
-0.008270264
-0.001876831
0.0471344
0.08282471
0.074295044
0.06524658
0.08761597
0.097732544
0.05192566
-0.007736206
-0.038635254
-0.026916504
-0.021057129
-0.0056152344
0.048187256
0.106781006
0.14300537
0.200531
0.2671051
0.2239685
0.045532227
-0.14303589
-0.2149353
-0.14196777
-0.012527466
0.10517883
0.1882782
0.24899292
0.2782898
0.26445007
0.21969604
0.18241882
0.12861633
0.012512207
-0.1723175
-0.36779785
-0.46473694
-0.4263916
-0.3214569
-0.25167847
-0.21279907
-0.14515686
-0.022125244
0.1334076
0.266037
0.31451416
0.26338196
0.14353943
0.013046265
-0.122787476
-0.23356628
-0.14089966
0.16218567
0.4950714
0.6356964
0.49134827
0.17388916
-0.09083557
-0.14729309
-0.075912476
0.002380371
0.036483765
0.04978943
0.08494568
0.14086914
0.16804504
0.13768005
0.1025238
0.086013794
0.09559631
0.10624695
0.15205383
0.12063599
0.048736572
0.06896973
0.08708191
0.0513916
0.04660034
0.16911316
0.36990356
0.45033264
0.32888794
0.11317444
-0.009338379
-0.0024108887
0.040740967
0.0987854
0.16537476
0.1802826
0.15472412
0.14993286
0.16004944
0.16644287
0.14407349
0.059387207
-0.036499023
-0.080703735
-0.07911682
-0.059936523
-0.0892334
-0.18084717
-0.27404785
-0.3406372
-0.3315735
-0.27618408
-0.2745819
-0.37419128
-0.52119446
-0.54356384
-0.38323975
-0.20161438
-0.1169281
-0.18777466
-0.35928345
-0.4732666
-0.46206665
-0.33796692
-0.1638031
-0.043426514
0.0029144287
-0.014129639
-0.040237427
-0.046081543
-0.06047058
-0.0700531
-0.064193726
-0.04714966
0.0077056885
0.09399414
0.18295288
0.24154663
0.23834229
0.21650696
0.2394104
0.29107666
0.28840637
0.24047852
0.28414917
0.45298767
0.6207733
0.648468
0.48388672
0.22503662
0.06364441
0.064712524
0.20585632
0.36831665
0.43647766
0.3832245
0.28096008
0.1967926
0.12968445
0.05885315
-0.038635254
-0.11904907
-0.12013245
-0.07911682
-0.07324219
-0.11906433
-0.18084717
-0.20907593
-0.18882751
-0.1403656
-0.13237
-0.25009155
-0.48817444
-0.66819763
-0.6564789
-0.5052185
-0.28630066
-0.179245
-0.26979065
-0.39762878
-0.418396
-0.31826782
-0.18457031
-0.113204956
-0.111068726
-0.13609314
-0.14196777
-0.117996216
-0.089767456
-0.05621338
-0.019454956
0.05458069
0.19413757
0.32196045
0.36671448
0.35499573
0.33688354
0.33421326
0.3304901
0.27349854
0.22662354
0.30065918
0.39015198
0.43275452
0.44180298
0.3608551
0.22183228
0.07696533
0.018371582
0.11903381
0.23248291
0.24473572
0.21650696
0.19839478
0.14779663
0.048202515
-0.04396057
-0.073791504
-0.047683716
-0.02796936
-0.05781555
-0.13664246
-0.23091125
-0.26286316
-0.16912842
-0.03491211
-0.07965088
-0.34809875
-0.5893707
-0.5206604
-0.17871094
0.13500977
0.11210632
-0.24263
-0.61227417
-0.7220001
-0.5345154
-0.20161438
0.03541565
0.116378784
0.13607788
0.12702942
0.06097412
-0.08337402
-0.23677063
-0.32891846
-0.34275818
-0.29109192
-0.22026062
-0.14408875
-0.03489685
0.11264038
0.26817322
0.33901978
0.27775574
0.16751099
0.11477661
0.16111755
0.18560791
0.12489319
-0.0024108887
-0.092422485
-0.04714966
0.07269287
0.17443848
0.2314148
0.27243042
0.31504822
0.35179138
0.35499573
0.3027954
0.20799255
0.11903381
0.08229065
0.09931946
0.14300537
0.137146
0.043411255
-0.0657959
-0.069000244
-0.010940552
-0.07218933
-0.27139282
-0.39709473
-0.3315735
-0.19256592
-0.14089966
-0.26660156
-0.4897766
-0.59736633
-0.53237915
-0.3129425
-0.071121216
0.036483765
0.043395996
0.0061035156
-0.0743103
-0.15420532
-0.20054626
-0.19682312
-0.15527344
-0.055145264
0.08973694
0.19572449
0.22236633
0.19467163
0.15791321
0.111572266
0.041275024
0.062576294
0.22076416
0.4439392
0.582428
0.56166077
0.41304016
0.24259949
0.16163635
0.17974854
0.266037
0.35127258
0.3224945
0.18881226
