6.536865
6.037903
6.8511963
5.8502197
6.414795
4.786682
4.826355
4.911804
5.8883667
5.3268433
5.5389404
5.4992676
4.786682
5.4748535
5.6655884
5.5770874
4.7286987
5.4748535
5.3512573
5.3512573
5.3512573
4.5272827
5.6259155
4.937744
3.6483765
5.9906006
6.013489
3.8131714
4.977417
4.6905518
4.373169
4.4784546
4.0908813
3.8146973
3.767395
2.1530151
2.999878
3.024292
3.8528442
3.213501
4.0908813
3.7261963
4.501343
3.038025
4.0649414
3.9413452
4.5028687
3.251648
3.8787842
3.3554077
3.729248
2.6260376
3.37677
3.8131714
3.1036377
1.0147095
2.3040771
2.3666382
3.1921387
2.3666382
1.6159058
2.7542114
0.8026123
1.965332
0.8392334
-0.08544922
2.2399902
1.5289307
2.130127
2.027893
3.4759521
2.5024414
1.6403198
1.7364502
2.8671265
2.3666382
2.116394
1.4282227
2.1774292
2.5909424
2.6519775
1.3641357
2.9434204
2.1759033
3.0029297
0.74005127
1.4877319
2.6916504
1.3626099
2.2140503
0.98876953
2.2766113
2.0019531
0.71258545
0.71258545
0.71258545
2.1530151
1.2771606
2.8045654
1.0162354
1.3153076
1.4038086
1.7181396
0.8666992
1.7410278
1.4053345
0.016784668
1.4678955
2.3422241
2.3040771
-0.42266846
2.005005
0.9902954
0.9674072
1.7822266
2.1942139
1.6815186
1.6189575
0.24261475
2.0935059
1.4938354
0.9689331
0.84228516
1.8447876
2.9693604
2.2201538
2.178955
-0.35705566
0.7171631
2.7160645
1.7440796
2.8442383
2.632141
0.4928589
0.94451904
1.3183594
2.0950317
1.4068604
1.4450073
1.4938354
1.5930176
1.3198853
1.1581421
2.307129
0.84228516
0.71868896
1.5335083
1.5960693
2.307129
0.90789795
1.121521
1.6845703
2.59552
1.5579224
2.597046
2.0309448
1.7715454
2.0568848
2.0080566
0.72021484
3.3218384
1.8707275
2.1606445
0.70648193
2.696228
1.7089844
2.5100708
1.9958496
1.5350342
2.3742676
1.9104004
1.9104004
1.8463135
3.6605835
2.0843506
2.5375366
1.159668
3.161621
3.6987305
4.6401978
3.0715942
2.597046
2.4734497
4.034424
3.4484863
2.3864746
3.5720825
3.060913
3.3218384
4.135132
3.2577515
3.3233643
2.784729
3.1951904
3.1570435
2.696228
3.3813477
3.5583496
2.8320312
3.2806396
2.7832031
3.93219
2.0950317
1.4312744
2.0584106
1.9943237
2.0965576
3.4973145
2.1835327
3.3096313
3.2455444
2.3330688
3.2852173
2.684021
2.6565552
2.1835327
3.718567
3.6331177
2.9418945
4.35791
3.9077759
4.232788
4.168701
4.281616
3.717041
4.0023804
6.0440063
3.527832
3.277588
5.9799194
4.4418335
4.5059204
4.6691895
6.0073853
4.9819946
5.105591
4.7546387
5.604553
5.406189
5.215454
6.1035156
5.7800293
6.2911987
6.941223
4.3777466
4.3777466
6.315613
5.091858
5.091858
5.9143066
5.050659
4.624939
4.562378
5.723572
5.3741455
6.02417
6.388855
4.2770386
4.753113
5.050659
5.9387207
4.0237427
4.3014526
4.0893555
6.565857
4.901123
6.0409546
4.623413
6.0653687
5.723572
5.5908203
5.9005737
4.8355103
5.3588867
5.960083
7.347107
6.9335938
7.472229
6.3949585
6.8084717
6.3964844
6.2927246
6.0806274
6.265259
6.6818237
7.8048706
7.9574585
6.706238
7.284546
7.472229
7.8216553
7.521057
7.9940796
8.509827
9.135437
6.6436768
7.8460693
7.9315186
6.893921
7.3669434
7.8933716
7.4890137
8.430481
7.7789307
8.430481
7.9559326
8.091736
8.34198
6.227112
7.4890137
8.554077
8.177185
7.550049
8.714294
8.114624
8.050537
8.23822
9.013367
9.077454
6.7245483
6.7245483
8.154297
8.427429
8.052063
8.11615
7.8918457
8.213806
7.801819
8.465576
8.114624
7.3272705
7.7789307
8.488464
9.075928
7.775879
8.737183
10.365295
10.462952
9.77478
9.361267
8.760071
7.897949
8.760071
9.109497
9.298706
8.024597
9.985352
8.648682
10.073853
9.361267
10.71167
8.77533
9.049988
10.435486
9.938049
10.374451
10.801697
10.9375
10.96344
11.276245
13.127136
12.374878
11.627197
12.915039
12.376404
12.228394
11.601257
13.063049
14.013672
12.461853
12.976074
13.475037
14.163208
13.601685
13.989258
14.102173
13.925171
12.564087
13.388062
13.3255005
14.614868
13.5772705
12.937927
13.6657715
13.5772705
14.054871
14.202881
14.916992
14.328003
13.024902
13.851929
13.601685
14.805603
14.167786
14.24408
14.24408
14.24408
14.932251
14.915466
15.242004
15.457153
14.678955
15.242004
16.217041
16.645813
17.471313
17.721558
18.658447
17.469788
18.408203
19.033813
18.823242
19.0094
19.848633
17.84668
20.610046
20.361328
20.196533
19.387817
20.359802
21.02356
21.0495
22.33429
20.948792
21.360779
21.588135
20.60852
22.148132
22.584534
21.54541
21.920776
21.072388
21.420288
22.084045
21.546936
21.832275
22.084045
21.006775
20.793152
20.568848
20.794678
22.306824
20.480347
19.093323
20.632935
21.60492
20.628357
20.671082
22.332764
21.446228
21.29364
19.918823
20.045471
21.572876
21.546936
22.39685
21.896362
22.67456
22.798157
21.611023
22.58606
24.311829
24.28894
24.327087
23.661804
25.941467
25.352478
24.56665
26.228333
25.352478
25.352478
25.352478
25.143433
25.315857
26.290894
26.315308
28.20282
26.416016
26.480103
26.803589
28.36914
27.301025
26.165771
26.826477
26.850891
28.074646
27.737427
27.47345
28.860474
28.511047
26.097107
26.409912
26.985168
26.968384
25.718689
26.493835
25.228882
25.221252
26.156616
25.744629
26.283264
26.368713
24.894714
25.331116
26.495361
26.219177
25.395203
27.197266
25.619507
25.619507
26.220703
26.408386
27.009583
27.160645
26.947021
28.3844
28.845215
28.948975
28.29895
28.797913
29.096985
27.262878
28.071594
27.723694
28.5141
28.341675
29.986572
29.264832
29.80194
27.949524
29.11377
29.425049
29.360962
29.238892
30.05066
30.11322
29.837036
29.55017
30.262756
29.162598
28.009033
28.07312
28.04718
28.111267
27.658081
27.658081
27.658081
27.548218
26.496887
26.243591
26.307678
27.120972
27.697754
27.185059
27.508545
27.22168
27.096558
26.971436
25.306702
26.220703
25.64392
25.595093
25.205994
23.895264
26.132202
25.167847
25.306702
22.727966
25.030518
24.642944
25.593567
24.429321
25.143433
25.619507
24.171448
26.306152
25.682068
26.283264
26.194763
25.720215
26.882935
26.446533
27.011108
27.120972
26.446533
26.882935
26.495361
28.234863
26.495361
26.971436
26.597595
27.720642
27.983093
27.093506
28.15857
26.88446
25.845337
26.257324
28.030396
27.722168
26.531982
26.368713
26.86615
24.453735
25.491333
24.665833
25.143433
25.552368
25.715637
25.013733
26.565552
23.10028
