-9.573364
-9.054565
-9.094238
-9.654236
-7.850647
-9.362793
-8.91571
-9.494019
-9.216309
-9.42688
-8.540344
-10.562134
-9.364319
-9.27124
-8.660889
-8.097839
-6.9137573
-9.269714
-9.135437
-9.135437
-9.135437
-9.236145
-9.100342
-9.19342
-9.942627
-8.045959
-9.341431
-8.045959
-8.746338
-7.348633
-10.997009
-8.23822
-8.000183
-8.039856
-7.029724
-8.39386
-9.588623
-10.877991
-7.598877
-8.695984
-7.9971313
-9.060669
-9.533691
-9.14917
-8.293152
-8.154297
-7.949829
-8.256531
-7.3043823
-7.0755005
-7.4645996
-9.205627
-8.387756
-9.625244
-8.41217
-8.973694
-8.224487
-7.499695
-8.966064
-7.498169
-8.312988
-7.73468
-8.282471
-8.987427
-9.423828
-9.109497
-8.956909
-7.7529907
-7.092285
-8.2595825
-10.385132
-9.063721
-9.605408
-11.621094
-8.003235
-7.4935913
-8.822632
-8.908081
-9.67865
-8.042908
-8.903503
-9.648132
-7.121277
-9.684753
-9.57489
-9.005737
-9.780884
-8.459473
-9.649658
-9.251404
-9.263611
-8.52356
-8.557129
-9.30481
-9.30481
-9.30481
-8.392334
-9.077454
-8.724976
-8.964539
-8.64563
-9.199524
-7.1411133
-9.12323
-8.441162
-7.6156616
-7.939148
-6.890869
-7.785034
-8.218384
-9.870911
-8.538818
-7.676697
-7.9559326
-6.4071655
-6.35376
-7.571411
-8.294678
-8.482361
-7.522583
-8.171082
-7.948303
-7.8292847
-7.258606
-6.826782
-7.6400757
-9.667969
-9.124756
-9.27887
-9.744263
-8.422852
-8.274841
-7.588196
-8.735657
-6.654358
-8.621216
-7.507324
-9.176636
-7.167053
-8.169556
-8.5876465
-8.618164
-7.3379517
-8.198547
-9.403992
-9.268188
-7.7194214
-6.991577
-8.198547
-8.66394
-7.7682495
-7.5531006
-9.593201
-9.011841
-8.0078125
-9.815979
-8.117676
-9.52301
-8.522034
-9.259033
-9.066772
-10.118103
-8.3480835
-10.9939575
-8.425903
-8.837891
-9.01947
-10.240173
-9.286499
-7.4508667
-9.666443
-9.666443
-10.395813
-9.866333
-10.798645
-8.71582
-10.48584
-9.355164
-9.432983
-7.998657
-10.380554
-11.158752
-9.449768
-11.831665
-10.757446
-10.461426
-10.890198
-12.097168
-12.213135
-12.249756
-12.950134
-12.202454
-12.136841
-13.667297
-14.112854
-13.154602
-13.078308
-14.193726
-14.72168
-14.241028
-13.722229
-14.579773
-13.81073
-15.196228
-14.242554
-14.974976
-13.807678
-13.336182
-14.364624
-13.928223
-14.66217
-14.2074585
-14.222717
-14.877319
-16.752625
-15.948486
-17.05017
-16.477966
-18.159485
-15.95459
-16.447449
-17.4057
-18.13507
-18.408203
-18.634033
-20.043945
-18.470764
-20.819092
-20.562744
-19.20166
-19.688416
-18.955994
-18.64624
-18.896484
-19.74945
-19.88678
-19.216919
-20.39795
-19.554138
-21.751404
-20.915222
-21.525574
-21.89331
-22.242737
-22.001648
-22.001648
-21.60492
-21.6156
-21.6156
-23.094177
-23.641968
-23.847961
-24.57428
-25.286865
-24.615479
-24.960327
-23.902893
-23.165894
-22.381592
-23.641968
-24.389648
-24.499512
-24.455261
-23.75946
-23.439026
-23.80066
-23.214722
-25.428772
-22.927856
-25.288391
-23.70758
-24.827576
-26.126099
-26.347351
-25.692749
-26.95465
-27.012634
-27.079773
-28.523254
-28.465271
-26.931763
-29.692078
-29.00238
-29.994202
-28.346252
-29.502869
-29.325867
-29.634094
-27.68097
-27.079773
-27.752686
-28.083801
-28.889465
-27.664185
-26.721191
-28.778076
-27.468872
-29.61731
-29.031372
-29.841614
-30.059814
-31.564331
-28.553772
-29.79126
-30.136108
-29.333496
-30.9021
-29.57611
-30.433655
-31.565857
-30.26886
-31.472778
-32.421875
-31.549072
-30.619812
-31.356812
-30.755615
-31.227112
-30.499268
-30.955505
-30.955505
-30.177307
-31.7276
-31.34613
-30.612183
-30.064392
-31.047058
-31.09436
-29.710388
-30.622864
-30.290222
-29.797363
-31.015015
-30.503845
-29.811096
-31.271362
-29.760742
-31.764221
-31.854248
-31.91681
-32.57141
-33.111572
-32.574463
-33.24585
-32.6416
-31.654358
-32.554626
-32.29065
-33.114624
-31.91681
-32.026672
-30.83496
-30.79834
-32.066345
-31.542969
-32.788086
-30.999756
-32.565308
-32.270813
-31.802368
-30.84259
-31.66504
-30.891418
-30.14679
-31.661987
-30.236816
-31.187439
-31.57196
-31.593323
-32.22809
-31.013489
-31.526184
-31.434631
-31.646729
-30.303955
-30.578613
-31.040955
-31.063843
-30.960083
-31.68335
-30.940247
-30.35736
-31.445312
-29.333496
-30.349731
-29.563904
-30.9906
-30.603027
-29.537964
-32.01294
-31.900024
-31.646729
-28.746033
-29.833984
-28.953552
-28.953552
-28.953552
-28.865051
-30.612183
-29.980469
-29.086304
-30.19867
-29.980469
-31.295776
-29.498291
-27.810669
-28.063965
-28.23639
-27.822876
-27.983093
-28.614807
-26.339722
-27.322388
-27.067566
-28.19519
-27.693176
-25.849915
-27.746582
-26.113892
-27.433777
-26.052856
-25.764465
-28.187561
-26.92871
-26.870728
-25.831604
-27.69928
-25.627136
-26.869202
-27.867126
-28.250122
-27.061462
-27.740479
-27.940369
-27.859497
-29.270935
-27.941895
-27.799988
-28.694153
-29.72107
-28.684998
-28.49121
-29.162598
-29.481506
-28.993225
-30.311584
-30.593872
-28.55072
-28.19519
-29.023743
-29.20227
-29.373169
-29.49524
-27.568054
-27.857971
-29.042053
-28.538513
-27.416992
-27.548218
-27.124023
-28.433228
-27.349854
-26.049805
-25.617981
-26.998901
-24.249268
-24.765015
-24.429321
-25.650024
-24.761963
-24.761963
-24.761963
-24.055481
-25.193787
-24.920654
-26.216125
-24.824524
-25.054932
-24.319458
-25.288391
-22.921753
-25.808716
-26.379395
-26.58844
-26.301575
-26.293945
-27.049255
-26.950073
-28.21045
-27.53601
-27.137756
-28.240967
-27.877808
-31.196594
-29.92096
-30.395508
-32.432556
-29.40216
-31.159973
-31.207275
-29.701233
-30.26886
-30.02472
-31.263733
-30.39093
-30.427551
-30.531311
-28.567505
-31.082153
-31.080627
-30.426025
-29.82483
-29.168701
-29.00238
-29.89502
-28.990173
-29.9469
-28.767395
-28.417969
-28.93219
-28.611755
-27.830505
-29.464722
-28.781128
-27.516174
-26.38092
-27.76947
-26.69983
-25.201416
-27.748108
-26.867676
-27.980042
-28.718567
-26.998901
-28.619385
-27.890015
-29.508972
-28.103638
-27.731323
-27.871704
-30.189514
-29.452515
-29.750061
-29.014587
-31.098938
-31.098938
-31.098938
-29.234314
-30.381775
-31.718445
-30.984497
-31.021118
-29.071045
-30.291748
-29.67987
-29.855347
-29.730225
-31.184387
-31.552124
-30.418396
-32.373047
-31.36444
-32.711792
-32.156372
-31.445312
-33.15277
-29.971313
-33.042908
-31.591797
-32.933044
-31.370544
-32.247925
-31.861877
-32.65686
-30.540466
-30.992126
-30.352783
-31.27594
-30.714417
-29.91333
-30.625916
-29.385376
-29.162598
-31.025696
-29.386902
-30.628967
-30.387878
-29.148865
-30.389404
-29.60968
-29.220581
-30.377197
-30.485535
-31.323242
-30.027771
-29.042053
-30.04303
-29.994202
-31.49414
-30.366516
-29.95758
-30.274963
-32.37152
-31.96106
-32.548523
-32.65686
-31.863403
-33.407593
-31.517029
-33.33435
-32.70111
-33.44574
