0.99487305
-0.41503906
-0.07019043
-0.56152344
-0.4257202
-0.16021729
-2.154541
0.30670166
-0.5706787
-2.2705078
-0.90789795
-1.4709473
0.1449585
-0.58898926
-2.2735596
-1.6799927
-1.2908936
-0.89416504
-1.9714355
-1.9714355
-1.9714355
-3.5339355
-1.9592285
-1.2268066
-0.6591797
-1.3565063
-1.171875
-0.69732666
-3.0670166
-1.58844
-1.5151978
-2.4917603
-2.5161743
-1.7654419
-3.1661987
-3.2089233
-1.7669678
-2.8030396
-2.5375366
-1.625061
-2.973938
-1.7440796
-2.307129
-2.2338867
-2.204895
-4.3518066
-1.7349243
-2.09198
-3.0014038
-4.710388
-3.6148071
-1.7929077
-1.4724731
-2.0324707
-3.7750244
-3.7078857
-4.5806885
-3.3737183
-5.8929443
-3.831482
-4.611206
-4.1122437
-3.276062
-4.8828125
-4.925537
-5.282593
-3.8024902
-3.7124634
-4.6157837
-4.5928955
-3.0975342
-4.397583
-5.1879883
-3.3035278
-5.1696777
-4.5944214
-5.1849365
-5.9783936
-5.3131104
-4.4174194
-3.7841797
-3.9794922
-6.2545776
-4.092407
-4.51355
-4.483032
-3.0548096
-4.86145
-3.6743164
-3.338623
-4.006958
-3.0471802
-3.364563
-2.949524
-2.949524
-2.949524
-3.666687
-4.91333
-6.680298
-5.5389404
-3.8528442
-5.97229
-5.7022095
-6.4575195
-4.7546387
-5.4000854
-6.0684204
-4.652405
-4.8934937
-5.6488037
-6.0424805
-7.180786
-4.197693
-6.4819336
-6.4804077
-6.462097
-7.220459
-8.425903
-6.9610596
-6.134033
-7.5195312
-8.0078125
-6.338501
-7.8308105
-7.0251465
-8.261108
-7.6034546
-9.416199
-8.293152
-6.965637
-8.26416
-8.979797
-7.785034
-7.247925
-7.887268
-8.433533
-9.185791
-10.551453
-7.699585
-7.824707
-7.962036
-9.196472
-9.844971
-9.465027
-8.74176
-10.124207
-10.124207
-9.832764
-9.465027
-10.740662
-11.36322
-10.731506
-11.401367
-10.700989
-11.286926
-10.507202
-10.865784
-10.818481
-10.23407
-12.109375
-11.380005
-12.185669
-12.368774
-11.7630005
-11.424255
-12.835693
-13.098145
-13.093567
-14.053345
-12.989807
-14.790344
-14.790344
-14.775085
-15.464783
-14.753723
-15.394592
-14.805603
-15.348816
-14.710999
-17.295837
-14.564514
-15.789795
-14.616394
-16.468811
-16.064453
-16.5802
-15.1397705
-17.729187
-16.493225
-16.911316
-15.257263
-18.782043
-16.978455
-17.532349
-15.997314
-17.721558
-15.09552
-18.112183
-18.133545
-15.835571
-17.245483
-17.626953
-17.581177
-17.730713
-18.792725
-18.321228
-18.344116
-18.289185
-20.005798
-19.963074
-19.184875
-18.780518
-19.651794
-19.81659
-20.38269
-20.578003
-19.561768
-20.95337
-19.877625
-20.169067
-19.720459
-21.665955
-21.650696
-21.792603
-20.133972
-19.32373
-20.944214
-20.852661
-20.870972
-20.471191
-21.142578
-21.6156
-21.768188
-23.223877
-23.558044
-21.868896
-20.83435
-21.98639
-22.627258
-21.055603
-20.729065
-22.714233
-22.2229
-21.725464
-21.699524
-21.699524
-21.464539
-22.439575
-22.439575
-22.51587
-22.239685
-20.880127
-21.629333
-21.70868
-20.97931
-21.3974
-21.559143
-22.439575
-22.436523
-22.239685
-22.636414
-21.809387
-23.32306
-23.808289
-23.240662
-23.158264
-24.186707
-22.215271
-23.124695
-21.403503
-23.890686
-22.627258
-21.426392
-21.090698
-20.924377
-20.828247
-20.083618
-21.429443
-20.5307
-21.27533
-21.484375
-20.048523
-19.31305
-18.211365
-19.45343
-18.455505
-20.895386
-20.794678
-21.272278
-21.429443
-21.702576
-21.250916
-20.59784
-21.366882
-20.748901
-20.664978
-20.181274
-20.889282
-20.951843
-19.688416
-20.117188
-18.267822
-18.60199
-18.907166
-19.631958
-19.367981
-19.628906
-18.580627
-17.744446
-17.810059
-18.554688
-18.54248
-18.09082
-18.057251
-17.649841
-16.108704
-15.962219
-16.830444
-16.539001
-15.571594
-15.571594
-18.421936
-18.52417
-18.093872
-19.177246
-19.049072
-16.261292
-17.501831
-17.350769
-16.886902
-17.695618
-17.686462
-15.486145
-15.776062
-15.090942
-15.315247
-15.122986
-15.679932
-15.710449
-14.201355
-14.367676
-15.310669
-13.604736
-14.334106
-14.950562
-15.034485
-14.46228
-15.753174
-15.361023
-14.201355
-14.440918
-15.019226
-15.007019
-13.690186
-16.168213
-15.200806
-15.682983
-16.096497
-16.86554
-15.792847
-14.96582
-14.523315
-15.646362
-15.296936
-14.981079
-15.327454
-14.877319
-14.950562
-14.752197
-14.810181
-13.594055
-13.406372
-13.68103
-14.770508
-13.7161255
-13.551331
-12.174988
-14.376831
-13.575745
-14.782715
-14.129639
-13.734436
-14.807129
-14.213562
-15.261841
-15.715027
-14.910889
-15.95459
-13.719177
-14.483643
-15.209961
-14.770508
-15.242004
-16.314697
-17.399597
-17.399597
-17.399597
-17.063904
-14.123535
-16.564941
-16.729736
-16.433716
-16.564941
-16.487122
-18.798828
-17.274475
-17.868042
-16.293335
-14.985657
-15.852356
-17.333984
-16.331482
-16.908264
-17.027283
-16.94336
-16.21399
-16.575623
-16.537476
-17.988586
-17.147827
-16.233826
-15.475464
-16.42456
-16.215515
-16.960144
-16.822815
-14.99176
-14.205933
-14.002991
-14.637756
-14.916992
-15.2908325
-14.494324
-14.762878
-16.165161
-14.89563
-14.457703
-13.291931
-13.127136
-15.55481
-14.959717
-14.129639
-14.199829
-15.6311035
-15.264893
-14.729309
-12.631226
-16.342163
-14.898682
-16.905212
-14.007568
-15.594482
-16.960144
-16.171265
-16.470337
-17.012024
-15.368652
-17.648315
-16.723633
-17.248535
-18.391418
-16.96167
-17.910767
-16.85028
-17.459106
-17.417908
-16.365051
-17.478943
-18.133545
-16.822815
-16.822815
-16.822815
-19.444275
-17.881775
-18.147278
-18.267822
-16.227722
-17.070007
-18.30597
-17.810059
-17.486572
-16.09497
-18.423462
-16.860962
-15.79895
-14.36615
-16.195679
-14.227295
-14.131165
-14.163208
-12.760925
-14.550781
-14.379883
-14.605713
-13.9328
-14.189148
-14.962769
-15.342712
-14.492798
-15.731812
-14.216614
-13.893127
-14.732361
-15.292358
-14.952087
-14.964294
-15.765381
-15.116882
-15.130615
-15.435791
-15.270996
-15.122986
-15.263367
-15.8706665
-16.012573
-14.897156
-13.478088
-15.791321
-16.13617
-15.641785
-14.414978
-16.65802
-14.9002075
-16.459656
-17.979431
-18.778992
-15.156555
-17.201233
-14.463806
-15.100098
-16.592407
-16.551208
-15.010071
-15.9729
-16.812134
-16.825867
-17.410278
-17.45758
-15.602112
-16.41388
-15.649414
-17.190552
-15.963745
-17.199707
-16.101074
-16.101074
-16.101074
-16.915894
-16.784668
-15.847778
-16.625977
-16.738892
-16.758728
-16.75415
-15.3793335
-16.45813
-16.16211
-16.894531
-15.744019
-16.796875
-16.0141
-16.955566
-17.24701
-18.391418
-15.707397
-16.78009
-14.71405
-15.830994
-14.993286
-16.65802
-15.887451
-15.158081
-15.896606
-17.533875
-17.044067
-15.100098
-15.144348
-16.619873
-16.027832
-15.458679
-15.692139
-15.437317
-16.48407
-15.975952
-15.132141
-14.929199
-15.716553
-16.12091
-15.258789
-14.491272
-15.739441
-14.590454
-14.880371
-14.901733
-15.341187
-15.119934
-14.99176
-14.21051
-13.78479
-16.574097
-14.198303
-12.825012
-13.05542
-13.943481
-13.574219
-13.61084
-15.438843
-13.398743
-12.214661
-13.119507
-12.756348
-12.29248
