1624763417798
1624763417807
1624763417834
1624763417847
1624763417866
1624763417887
1624763417907
1624763417927
1624763417947
1624763417966
1624763417987
1624763418008
1624763418026
1624763418047
1624763418067
1624763418087
1624763418107
1624763418127
1624763418148
1624763418168
1624763418189
1624763418208
1624763418227
1624763418248
1624763418267
1624763418289
1624763418308
1624763418328
1624763418348
1624763418367
1624763418389
1624763418408
1624763418427
1624763418448
1624763418468
1624763418487
1624763418507
1624763418527
1624763418547
1624763418568
1624763418588
1624763418608
1624763418631
1624763418648
1624763418668
1624763418688
1624763418708
1624763418728
1624763418748
1624763418767
1624763418787
1624763418808
1624763418828
1624763418847
1624763418867
1624763418887
1624763418907
1624763418927
1624763418946
1624763418967
1624763418987
1624763419007
1624763419026
1624763419047
1624763419066
1624763419088
1624763419107
1624763419130
1624763419147
1624763419168
1624763419189
1624763419209
1624763419228
1624763419248
1624763419268
1624763419289
1624763419309
1624763419328
1624763419349
1624763419367
1624763419389
1624763419409
1624763419428
1624763419448
1624763419468
1624763419489
1624763419508
1624763419529
1624763419548
1624763419568
1624763419588
1624763419609
1624763419628
1624763419647
1624763419668
1624763419688
1624763419708
1624763419728
1624763419749
1624763419768
1624763419788
1624763419818
1624763419828
1624763419848
1624763419869
1624763419887
1624763419909
1624763419929
1624763419949
1624763419968
1624763419988
1624763420009
1624763420029
1624763420047
1624763420068
1624763420088
1624763420108
1624763420128
1624763420149
1624763420170
1624763420188
1624763420209
1624763420229
1624763420248
1624763420268
1624763420288
1624763420309
1624763420329
1624763420348
1624763420368
1624763420388
1624763420409
1624763420429
1624763420449
1624763420470
1624763420489
1624763420510
1624763420528
1624763420549
1624763420568
1624763420589
1624763420609
1624763420629
1624763420649
1624763420669
1624763420689
1624763420709
1624763420729
1624763420748
1624763420769
1624763420788
1624763420809
1624763420828
1624763420848
1624763420869
1624763420890
1624763420910
1624763420929
1624763420949
1624763420969
1624763420990
1624763421010
1624763421029
1624763421050
1624763421069
1624763421090
1624763421109
1624763421130
1624763421149
1624763421169
1624763421189
1624763421209
1624763421229
1624763421250
1624763421269
1624763421289
1624763421309
1624763421329
1624763421349
1624763421369
1624763421389
1624763421409
1624763421429
1624763421449
1624763421469
1624763421490
1624763421509
1624763421528
1624763421550
1624763421569
1624763421589
1624763421609
1624763421629
1624763421650
1624763421670
1624763421689
1624763421709
1624763421730
1624763421750
1624763421769
1624763421789
1624763421809
1624763421830
1624763421850
1624763421871
1624763421889
1624763421909
1624763421929
1624763421950
1624763421971
1624763421989
1624763422009
1624763422029
1624763422050
1624763422070
1624763422089
1624763422109
1624763422129
1624763422150
1624763422170
1624763422189
1624763422209
1624763422228
1624763422249
1624763422270
1624763422290
1624763422309
1624763422329
1624763422349
1624763422370
1624763422390
1624763422409
1624763422430
1624763422450
1624763422470
1624763422488
1624763422510
1624763422529
1624763422549
1624763422570
1624763422590
1624763422611
1624763422629
1624763422650
1624763422670
1624763422689
1624763422710
1624763422729
1624763422749
1624763422769
1624763422790
1624763422810
1624763422831
1624763422850
1624763422870
1624763422890
1624763422910
1624763422930
1624763422950
1624763422970
1624763422988
1624763423010
1624763423030
1624763423049
1624763423070
1624763423090
1624763423109
1624763423133
1624763423149
1624763423169
1624763423189
1624763423209
1624763423230
1624763423249
1624763423269
1624763423289
1624763423310
1624763423330
1624763423350
1624763423370
1624763423391
1624763423411
1624763423429
1624763423450
1624763423470
1624763423489
1624763423510
1624763423530
1624763423550
1624763423570
1624763423590
1624763423612
1624763423630
1624763423649
1624763423670
1624763423690
1624763423711
1624763423730
1624763423750
1624763423770
1624763423791
1624763423811
1624763423830
1624763423850
1624763423870
1624763423891
1624763423911
1624763423931
1624763423950
1624763423970
1624763423990
1624763424010
1624763424030
1624763424050
1624763424070
1624763424091
1624763424114
1624763424129
1624763424151
1624763424170
1624763424190
1624763424211
1624763424231
1624763424252
1624763424271
1624763424291
1624763424311
1624763424333
1624763424351
1624763424371
1624763424391
1624763424411
1624763424431
1624763424450
1624763424470
1624763424490
1624763424511
1624763424530
1624763424551
1624763424571
1624763424590
1624763424611
1624763424632
1624763424650
1624763424671
1624763424692
1624763424711
1624763424731
1624763424750
1624763424770
1624763424790
1624763424811
1624763424831
1624763424850
1624763424870
1624763424890
1624763424910
1624763424931
1624763424951
1624763424972
1624763424990
1624763425011
1624763425031
1624763425050
1624763425070
1624763425090
1624763425109
1624763425130
1624763425150
1624763425178
1624763425194
1624763425209
1624763425230
1624763425250
1624763425271
1624763425291
1624763425310
1624763425329
1624763425350
1624763425372
1624763425391
1624763425411
1624763425430
1624763425450
1624763425470
1624763425490
1624763425511
1624763425531
1624763425551
1624763425571
1624763425591
1624763425611
1624763425632
1624763425652
1624763425671
1624763425693
1624763425710
1624763425731
1624763425750
1624763425771
1624763425791
1624763425811
1624763425831
1624763425853
1624763425872
1624763425890
1624763425910
1624763425931
1624763425950
1624763425971
1624763425991
1624763426011
1624763426030
1624763426051
1624763426071
1624763426091
1624763426111
1624763426131
1624763426151
1624763426171
1624763426191
1624763426212
1624763426231
1624763426251
1624763426271
1624763426291
1624763426311
1624763426331
1624763426351
1624763426371
1624763426391
1624763426410
1624763426431
1624763426451
1624763426472
1624763426491
1624763426512
1624763426532
1624763426552
1624763426572
1624763426591
1624763426612
1624763426631
1624763426652
1624763426671
1624763426691
1624763426711
1624763426731
1624763426751
1624763426771
1624763426791
1624763426811
1624763426831
1624763426851
1624763426871
1624763426891
1624763426911
1624763426931
1624763426951
1624763426971
1624763426991
1624763427011
1624763427031
1624763427051
1624763427071
1624763427091
1624763427111
1624763427131
1624763427151
1624763427171
1624763427191
1624763427212
1624763427232
1624763427251
1624763427271
1624763427293
1624763427311
1624763427331
1624763427352
1624763427372
1624763427391
1624763427410
1624763427431
1624763427451
1624763427472
1624763427491
1624763427511
1624763427531
1624763427551
1624763427572
1624763427592
1624763427611
1624763427630
1624763427652
1624763427671
1624763427693
1624763427711
1624763427731
1624763427752
1624763427771
1624763427791
1624763427812
1624763427831
1624763427852
1624763427871
1624763427891
1624763427911
1624763427931
1624763427951
1624763427971
1624763427991
1624763428011
1624763428031
1624763428051
1624763428071
1624763428091
1624763428111
1624763428132
1624763428152
1624763428172
1624763428192
1624763428212
1624763428232
1624763428264
1624763428270
1624763428290
1624763428310
1624763428330
1624763428351
1624763428371
1624763428392
1624763428411
1624763428431
1624763428452
1624763428472
1624763428493
1624763428513
1624763428532
1624763428551
1624763428573
1624763428593
1624763428615
1624763428632
1624763428651
1624763428672
1624763428691
1624763428712
1624763428736
1624763428751
1624763428772
1624763428792
1624763428811
1624763428832
1624763428852
1624763428871
1624763428892
1624763428912
1624763428931
1624763428952
1624763428972
1624763428992
1624763429012
1624763429034
1624763429052
1624763429072
1624763429092
1624763429113
1624763429132
1624763429152
1624763429173
1624763429193
1624763429213
1624763429233
1624763429252
1624763429272
1624763429292
1624763429313
1624763429332
1624763429353
1624763429372
1624763429392
1624763429411
1624763429432
1624763429452
1624763429472
1624763429492
1624763429512
1624763429532
1624763429552
1624763429572
1624763429591
1624763429612
1624763429632
1624763429652
1624763429672
1624763429692
1624763429712
1624763429732
1624763429752
1624763429772
1624763429792
1624763429811
1624763429833
1624763429852
1624763429872
1624763429892
1624763429912
1624763429948
1624763429960
1624763429972
1624763429991
