1.8431702
2.142456
2.65242
2.918167
2.6141052
2.3339844
2.4656677
2.6631927
2.6895294
2.462082
2.186737
1.9676666
1.7186737
1.6061554
1.6540375
1.8838654
2.0778046
1.810852
1.1883545
0.5766449
0.37672424
0.687973
1.1093597
1.134491
0.8160553
0.38989258
0.4174347
0.79571533
1.2458191
1.5558777
1.6336823
1.5151672
1.4948273
1.5726318
1.6743774
1.5977631
1.332016
1.4181976
1.8276062
2.0203552
1.5019989
0.5838318
0.3934784
0.81365967
1.1440735
1.5426941
1.1883545
0.30729675
-0.32836914
-0.36428833
0.30369568
0.782547
0.46292114
0.3240509
0.4724884
0.61854553
0.9692993
1.5474854
1.9904175
2.1376648
2.1412506
2.094574
2.032318
1.9796448
1.9952087
2.1292725
2.226242
2.1424408
1.9904175
1.7928925
1.5307312
1.4385529
1.4924164
1.1847687
0.7645874
0.6748047
0.9932251
1.1703949
1.1225281
0.94296265
0.88668823
1.2386322
1.6264954
1.7138824
1.6277008
1.6384735
1.8252106
2.1771698
2.3327942
2.1915283
1.9533081
1.8862762
2.1675873
2.5937653
2.6835327
2.3806763
1.9377441
1.6396637
1.7126923
2.3663025
2.5003815
1.9090118
1.4217987
1.4026489
1.6875458
1.976059
1.850357
1.3703156
1.2386322
1.336792
1.5355225
1.7557831
2.1292877
2.5171356
2.617691
2.4405212
2.2346191
2.1640015
2.1508331
2.1221008
2.1723785
2.2035065
1.7749329
1.6157227
1.6121368
1.7342377
1.8599396
1.3691254
1.0494995
1.3619385
1.9856262
2.1891327
1.7845154
1.1919556
0.9333801
1.3571472
1.9413452
2.1951141
2.3112335
2.4369354
2.5662231
2.644043
2.5805817
2.3351898
2.3184204
2.561432
2.7254333
2.8032532
3.0115356
3.0630188
3.0390778
3.0749817
2.9313354
2.2669525
1.1165314
0.50720215
0.9357605
1.8707123
2.2394104
1.8132477
1.26857
1.3188477
1.613327
1.7162781
1.8647156
2.0167542
1.5211487
1.7342377
1.644455
1.7306519
1.9963989
2.083786
1.9772491
1.5534668
1.2063141
1.3344116
1.6863556
1.58461
1.3810883
0.66163635
-0.33674622
-0.56300354
0.048706055
0.8627472
1.1943512
1.2757416
1.1572418
0.8256378
0.9680939
1.4457397
1.976059
2.1532288
1.9892273
1.8922577
2.0562592
2.2585602
2.3902435
2.518341
2.588974
2.4692535
2.3423615
2.3112335
2.1879425
1.9293671
1.9090118
1.7426147
1.7450104
1.1799774
0.5263672
0.6077728
0.9740753
0.9812622
0.6173401
0.07745361
-0.12246704
0.23187256
0.8807068
1.3990479
1.7414246
1.9173889
1.8778839
1.7043152
1.5594635
1.534317
1.5917816
1.6576233
1.589386
1.391861
1.5055847
1.7462158
1.668396
1.3822937
1.4181976
1.6217194
1.2398376
0.35038757
-0.14163208
0.1361084
0.70832825
1.1476593
1.2362366
0.9968262
0.74183655
0.8040924
1.1213226
1.4780579
1.86232
2.1843567
2.1592102
1.9389496
1.8216248
1.910202
2.1556091
2.4369354
2.5315094
2.5446777
2.6931152
2.972046
3.1947021
3.004364
2.696701
2.3471527
2.2286377
2.134079
1.7653656
1.1656189
0.5766449
0.21272278
0.27256775
0.54551697
0.881897
1.4277802
2.2513885
2.9840088
3.1336517
2.7062836
2.2274475
1.9365387
1.8802795
1.9066162
1.94133
1.9078217
1.7857056
1.723465
1.8647156
1.9748535
1.984436
1.984436
1.5008087
1.400238
1.6205139
1.2554016
0.406662
0.12773132
0.48805237
1.0052032
1.431366
1.5905914
1.3834839
1.2314606
1.6169281
2.2430115
2.7254486
2.893036
2.363922
2.4740448
2.3854523
2.6440277
3.1420288
3.1097107
2.767334
2.4812317
2.0802002
2.1137238
2.0622406
2.0466766
2.2537842
2.4728546
2.6595917
2.3651123
1.7557831
1.5007935
1.4205933
1.3236389
1.2721558
1.1883545
1.1045685
1.1620178
1.4636993
1.8635254
2.0945587
1.9329529
1.6181183
1.6947327
1.8898621
1.76297
1.5618591
1.6660004
2.0538635
2.293274
2.1831512
1.8527527
1.6504364
1.857544
2.1244965
2.4333496
1.9592896
0.81007385
-0.094940186
-0.003967285
0.6748047
1.0279388
1.1117401
1.4158173
1.6767731
1.86232
2.0418854
2.3315887
2.719452
2.7350159
2.320816
1.984436
2.0502777
2.6069183
2.9780273
2.719452
2.4536896
2.4836273
2.7721252
3.2366028
3.6759338
3.751358
3.4449005
3.0534515
2.6811523
2.2046967
1.6983185
1.2003326
0.9046478
0.93696594
1.2338562
1.5067902
1.628891
1.7342377
2.0251312
2.4764404
2.7805023
2.688324
2.3495483
1.9413452
1.8754883
2.0885773
2.2789154
2.360321
2.3160248
2.1843414
1.9676666
1.8647308
2.0778046
2.3196259
2.07901
1.6264954
1.3583527
1.4385529
1.6612091
1.7952881
1.7210693
1.5678406
1.470871
1.6336823
2.1412506
2.6787567
2.893036
2.8319702
2.7745209
2.6464233
2.4716492
2.3004608
2.1675873
2.0658417
2.2166595
2.5722046
2.6931152
2.6907196
2.621292
2.5003815
2.3639069
1.8479614
1.4373627
1.3248291
1.5474854
1.8515472
1.897049
1.6504364
1.2781372
1.1237183
1.4373627
1.7438202
1.9784393
2.138855
2.2741394
2.2801208
2.039505
1.8084564
1.9652863
2.2322235
2.1795654
1.925766
2.5135498
2.5362854
2.2070923
1.8850708
