-0.121292114
-0.29226685
-0.40838623
-0.4089203
-0.3700409
-0.3471222
-0.3854828
-0.47709656
-0.48667908
-0.39613342
-0.29440308
-0.2374115
-0.25605774
-0.23794556
-0.035003662
0.21372986
0.18231201
-0.19107056
-0.582016
-0.61024475
-0.3327484
-0.097854614
-0.12236023
-0.32582092
-0.5143738
-0.50798035
-0.29812622
-0.10797119
-0.09732056
-0.17881775
-0.08987427
0.08590698
0.13278198
0.037963867
-0.13568115
-0.28001404
-0.34979248
-0.37216187
-0.40145874
-0.37695312
-0.24859619
-0.015838623
0.4480896
0.98872375
1.0393219
0.6153412
0.29789734
0.27978516
0.33198547
0.3426361
0.3761902
0.28138733
0.1743164
0.20840454
0.358078
0.46566772
0.44969177
0.3804474
0.3138733
0.23291016
0.0912323
-0.033950806
-0.071762085
-0.05632019
-0.08241272
-0.1708374
-0.18948364
-0.07922363
0.07312012
0.25634766
0.3458252
0.12478638
-0.32156372
-0.6134491
-0.4723053
-0.08668518
0.090164185
-0.048858643
-0.25019836
-0.28961182
-0.13887024
0.050750732
0.0954895
0.021987915
-0.0035858154
0.047027588
0.10241699
0.09762573
0.040100098
-0.045654297
-0.09466553
-0.059509277
0.051818848
0.13864136
0.1146698
0.10028076
0.26913452
0.6121521
0.79164124
0.44277954
-0.036605835
-0.08934021
0.17910767
0.3138733
0.17538452
-0.030212402
-0.031814575
0.15194702
0.27020264
0.20574951
0.036895752
-0.08241272
-0.123428345
-0.088272095
0.0028076172
0.06460571
0.05342102
0.0028076172
-0.03288269
-0.042999268
-0.06643677
-0.06536865
-0.020629883
0.03263855
0.10560608
0.053955078
-0.15698242
-0.25978088
-0.08934021
0.22972107
0.3607483
0.15515137
-0.13407898
-0.2416687
-0.1750946
-0.020095825
0.13703918
0.22544861
0.22065735
0.15461731
0.08004761
0.021987915
-0.0030517578
-0.0062408447
0.0028076172
0.028381348
0.076309204
0.13490295
0.12904358
0.1343689
0.25048828
0.2872467
-0.11064148
-0.6257019
-0.5649719
0.03477478
0.49816895
0.33517456
-0.11010742
-0.3439331
-0.22250366
-0.0067749023
0.049682617
-0.030212402
-0.1862793
-0.5511322
-0.4723053
0.03742981
0.35754395
0.22865295
-0.10903931
-0.31304932
-0.3007965
-0.057388306
0.23291016
0.30747986
0.19136047
0.05821228
-0.09680176
-0.2816162
-0.34979248
-0.17721558
0.07258606
0.123184204
-0.034469604
-0.2762909
-0.39985657
-0.23262024
0.09762573
0.3181305
0.2568817
0.082717896
0.012390137
0.07046509
0.16633606
0.23023987
0.24888611
0.21800232
0.14289856
0.08164978
0.06300354
0.10720825
0.22065735
0.41453552
0.5391693
0.27978516
-0.24645996
-0.37269592
0.10987854
0.5764618
0.49017334
0.10029602
-0.11968994
-0.013168335
0.23291016
0.31654358
0.19668579
0.05340576
-0.010513306
-0.0067749023
0.035842896
0.08377075
0.06993103
-0.0062408447
-0.09573364
-0.1628418
-0.18893433
-0.17669678
-0.2027893
-0.2581787
-0.27842712
-0.2224884
-0.1005249
-0.095199585
-0.2262268
-0.24060059
-0.028625488
0.21321106
0.2584839
0.12478638
0.03263855
0.08590698
0.1934967
0.2755127
0.31973267
0.31333923
0.2323761
0.09976196
0.012390137
-3.8146973E-4
0.042770386
0.07951355
0.057678223
-0.020629883
-0.048324585
0.04916382
0.21107483
0.3335724
0.40281677
0.5359802
0.7176056
0.8454437
0.80229187
0.5295868
0.17752075
-0.1394043
-0.38494873
-0.4270172
-0.25338745
-0.07922363
-0.033950806
-0.04460144
-0.12501526
-0.33914185
-0.46058655
-0.24539185
0.12957764
0.32717896
0.25527954
0.056610107
-0.0925293
-0.09732056
0.010803223
0.10081482
0.09815979
0.06086731
0.01399231
-0.010513306
0.061401367
0.10455322
-0.090408325
-0.3753662
-0.37590027
-0.062179565
0.21586609
0.18977356
-0.09359741
-0.39720154
-0.41584778
-0.099990845
0.23983765
0.37246704
0.27818298
0.113601685
0.09176636
0.15621948
0.1423645
0.15408325
0.13543701
0.016647339
-0.07548523
-0.057373047
-0.02116394
-0.021697998
-0.0030517578
0.15089417
0.35702515
0.3234558
0.035308838
-0.10317993
0.028381348
0.14076233
0.012924194
-0.27096558
-0.4611206
-0.5015869
-0.4216919
-0.27256775
-0.18788147
-0.26617432
-0.38974
-0.31144714
-0.019561768
0.2707367
0.3149414
0.10827637
-0.090408325
-0.093063354
0.02571106
0.10508728
0.060333252
-0.0067749023
0.017715454
0.15141296
0.17965698
-0.058441162
-0.40359497
-0.46749878
-0.14579773
0.32505798
0.6222687
0.6078949
0.33943176
0.08270264
0.024642944
0.08909607
0.1423645
0.120529175
-0.001449585
-0.15324402
-0.21183777
-0.1820221
-0.10638428
-0.05632019
-0.07496643
-0.08934021
-0.041931152
0.11999512
0.4475708
0.81881714
0.9290619
0.6318512
0.15515137
-0.1351471
-0.08615112
0.07046509
0.042236328
-0.16177368
-0.30451965
-0.2454071
-0.050460815
0.055541992
0.012390137
-0.062164307
-0.07122803
-0.035003662
0.017715454
0.07418823
0.061401367
-0.04246521
-0.15644836
-0.19799805
-0.1436615
-0.07122803
-0.047790527
-0.05897522
-0.07495117
-0.02116394
0.03050232
-0.013168335
-0.114364624
-0.14154053
-0.08401489
0.0038757324
0.057678223
-0.011566162
-0.17616272
-0.3007965
-0.26245117
-0.09945679
0.032104492
0.07525635
0.059799194
0.043304443
0.022521973
-0.01210022
-0.054718018
-0.095199585
-0.11277771
-0.05897522
0.059280396
0.07258606
0.001739502
0.040634155
0.21958923
0.20307922
-0.17349243
-0.53089905
-0.36897278
0.1338501
0.37512207
0.18551636
-0.13833618
-0.2501831
-0.11437988
0.036376953
0.0209198
-0.12449646
-0.24752808
-0.23954773
-0.18200684
-0.14686584
-0.095199585
-0.017959595
0.0124053955
0.015060425
0.10774231
0.26966858
0.07525635
-0.29226685
-0.20864868
0.14396667
