23.239136
22.488403
23.262024
24.024963
22.63794
22.10083
21.697998
22.615051
23.240662
22.862244
24.151611
24.627686
23.027039
23.80371
23.464966
24.717712
23.464966
25.376892
22.57843
24.816895
24.406433
24.44458
24.446106
25.03357
26.885986
25.823975
25.421143
25.94757
26.011658
26.33667
26.512146
26.138306
26.574707
28.06549
27.61383
28.102112
28.251648
28.190613
27.716064
28.529358
28.251648
28.816223
29.40216
28.189087
25.738525
23.03772
25.177002
23.764038
23.976135
24.076843
24.449158
24.12262
25.486755
24.406433
23.994446
25.097656
24.21875
24.21875
24.21875
25.056458
25.746155
26.09253
25.546265
24.842834
26.545715
25.63324
27.082825
25.697327
27.445984
26.109314
26.54419
27.2583
27.33612
28.434753
28.109741
28.149414
28.434753
29.277039
29.536438
28.26233
28.840637
30.267334
28.75061
30.264282
30.166626
30.50232
31.578064
30.914307
31.913757
30.027771
32.229614
30.961609
32.35321
32.35016
31.439209
32.125854
32.01294
33.288574
31.93512
33.509827
31.370544
32.948303
31.30951
32.53479
31.39801
33.44879
31.809998
31.271362
31.495667
31.582642
30.645752
31.556702
31.018066
31.57959
29.830933
30.541992
29.829407
30.76477
32.078552
30.290222
31.015015
29.940796
32.141113
32.2052
30.825806
31.92749
30.677795
31.01654
29.51355
31.30188
29.51355
29.814148
29.814148
28.439331
30.664062
28.440857
28.501892
29.32434
28.063965
30.201721
27.748108
27.961731
29.022217
27.961731
28.999329
28.208923
26.942444
25.857544
26.008606
26.74408
25.106812
24.467468
23.68927
23.344421
23.817444
22.117615
22.465515
19.825745
18.522644
17.375183
16.7099
14.923096
15.562439
15.872192
14.193726
14.273071
13.195801
13.157654
11.994934
12.571716
11.34491
9.208679
9.6206665
10.095215
9.408569
8.892822
9.143066
9.344482
9.6206665
7.1655273
9.329224
8.331299
9.118652
7.9559326
7.8948975
6.4178467
6.819153
5.419922
6.1309814
5.89447
4.5074463
5.584717
4.6295166
4.2160034
4.2785645
3.2806396
3.463745
2.078247
1.965332
2.7160645
4.1030884
1.9668579
2.3406982
3.2409668
1.2390137
0.5508423
0.5508423
0.5508423
-1.461792
-2.0874023
-3.1234741
-4.975891
-5.101013
-4.916382
-6.114197
-7.827759
-8.641052
-7.801819
-10.778809
-10.151672
-11.590576
-10.864258
-12.464905
-13.253784
-13.189697
-13.276672
-10.925293
-11.799622
-11.940002
-10.926819
-11.274719
-12.809753
-13.66272
-11.987305
-11.386108
-11.987305
-11.36322
-11.401367
-11.486816
-10.025024
-13.040161
-11.901855
-10.675049
-13.12561
-13.040161
-11.940002
-12.416077
-10.5896
-10.713196
-10.862732
-11.502075
-10.824585
-9.890747
-11.875916
-10.176086
-10.3012085
-11.7126465
-12.155151
-12.129211
-10.839844
-12.06665
-11.366272
-12.692261
-14.004517
-13.194275
-15.005493
-14.16626
-14.729309
-16.729736
-16.329956
-17.266846
-16.352844
-17.791748
-19.451904
-18.57605
-17.388916
-18.362427
-19.989014
-21.440125
-18.888855
-20.899963
-20.899963
-20.899963
-18.574524
-19.050598
-19.200134
-20.527649
-18.57605
-17.990112
-17.451477
-18.714905
-17.951965
-18.55011
-18.136597
-17.538452
-18.737793
-17.951965
-18.527222
-19.451904
-19.42749
-17.663574
-17.201233
-18.463135
-18.0542
-19.11316
-18.57605
-17.599487
-17.388916
-18.740845
-18.714905
-17.926025
-17.451477
-17.425537
-18.200684
-16.436768
-18.528748
-18.737793
-18.701172
-18.362427
-19.42749
-20.988464
-19.888306
-21.676636
-20.751953
-23.416138
-22.439575
-23.600769
-21.838379
-22.088623
-22.650146
-23.649597
-22.798157
-23.062134
-22.148132
-22.587585
-23.173523
-21.899414
-21.775818
-23.727417
-23.338318
-22.775269
-21.899414
-21.963501
-21.525574
-22.624207
-22.026062
-22.113037
-20.73822
-22.087097
-21.963501
-20.863342
-21.588135
-21.052551
-21.466064
-21.652222
-22.477722
-22.477722
-22.477722
-21.15326
-21.092224
-21.440125
-20.687866
-20.150757
-20.64972
-20.939636
-19.889832
-18.763733
-19.28711
-20.388794
-20.150757
-20.903015
-22.216797
-22.064209
-21.528625
-22.477722
-21.652222
-22.692871
-23.214722
-22.192383
-22.317505
-22.903442
-23.466492
-24.829102
-23.254395
-23.876953
-22.477722
-23.21167
-23.751831
-23.440552
-22.528076
-23.127747
-22.840881
-23.101807
-23.251343
-22.52655
-23.690796
-22.175598
-21.965027
-21.488953
-21.463013
-21.115112
-21.588135
-20.689392
-21.876526
-22.088623
-19.889832
-20.275879
-20.214844
-20.84198
-20.777893
-19.73877
-21.090698
-20.25299
-19.152832
-19.451904
-19.952393
-19.865417
-20.379639
-18.328857
-18.765259
-18.992615
-18.551636
-19.36493
-17.538452
-17.164612
-19.177246
-18.115234
-18.637085
-19.773865
-19.737244
-19.361877
-19.361877
-19.361877
-20.71228
-21.463013
-20.924377
-21.836853
-21.31195
-20.648193
-21.336365
-22.047424
-21.586609
-20.985413
-20.521545
-21.836853
-20.985413
-20.521545
-20.86029
-20.297241
-20.297241
-19.696045
-20.487976
