1624764127268
1624764127269
1624764127285
1624764127302
1624764127321
1624764127341
1624764127364
1624764127382
1624764127401
1624764127421
1624764127442
1624764127461
1624764127482
1624764127501
1624764127521
1624764127542
1624764127562
1624764127582
1624764127601
1624764127623
1624764127643
1624764127662
1624764127683
1624764127702
1624764127723
1624764127742
1624764127765
1624764127782
1624764127802
1624764127822
1624764127842
1624764127862
1624764127883
1624764127904
1624764127923
1624764127943
1624764127963
1624764127982
1624764128002
1624764128022
1624764128042
1624764128062
1624764128082
1624764128102
1624764128122
1624764128142
1624764128162
1624764128182
1624764128202
1624764128222
1624764128242
1624764128262
1624764128282
1624764128302
1624764128322
1624764128342
1624764128363
1624764128382
1624764128401
1624764128422
1624764128442
1624764128463
1624764128483
1624764128502
1624764128523
1624764128543
1624764128562
1624764128583
1624764128602
1624764128623
1624764128643
1624764128662
1624764128682
1624764128702
1624764128722
1624764128742
1624764128762
1624764128782
1624764128802
1624764128822
1624764128842
1624764128862
1624764128882
1624764128903
1624764128922
1624764128942
1624764128962
1624764128982
1624764129002
1624764129022
1624764129042
1624764129062
1624764129083
1624764129102
1624764129122
1624764129142
1624764129163
1624764129182
1624764129203
1624764129222
1624764129242
1624764129263
1624764129291
1624764129302
1624764129322
1624764129342
1624764129362
1624764129382
1624764129406
1624764129422
1624764129443
1624764129463
1624764129483
1624764129504
1624764129523
1624764129543
1624764129563
1624764129583
1624764129603
1624764129624
1624764129643
1624764129662
1624764129683
1624764129702
1624764129723
1624764129743
1624764129763
1624764129783
1624764129802
1624764129823
1624764129842
1624764129863
1624764129883
1624764129903
1624764129923
1624764129943
1624764129963
1624764129982
1624764130003
1624764130023
1624764130043
1624764130062
1624764130083
1624764130103
1624764130123
1624764130144
1624764130163
1624764130184
1624764130202
1624764130222
1624764130243
1624764130263
1624764130283
1624764130303
1624764130323
1624764130343
1624764130363
1624764130384
1624764130404
1624764130423
1624764130443
1624764130463
1624764130484
1624764130504
1624764130528
1624764130542
1624764130562
1624764130583
1624764130603
1624764130628
1624764130643
1624764130662
1624764130683
1624764130703
1624764130724
1624764130742
1624764130763
1624764130783
1624764130803
1624764130825
1624764130844
1624764130863
1624764130882
1624764130903
1624764130923
1624764130943
1624764130963
1624764130983
1624764131004
1624764131023
1624764131044
1624764131063
1624764131083
1624764131104
1624764131123
1624764131145
1624764131163
1624764131184
1624764131203
1624764131224
1624764131243
1624764131264
1624764131285
1624764131304
1624764131325
1624764131343
1624764131363
1624764131384
1624764131403
1624764131422
1624764131442
1624764131462
1624764131482
1624764131504
1624764131522
1624764131543
1624764131565
1624764131584
1624764131604
1624764131623
1624764131643
1624764131663
1624764131684
1624764131703
1624764131723
1624764131743
1624764131765
1624764131785
1624764131805
1624764131825
1624764131844
1624764131863
1624764131883
1624764131904
1624764131923
1624764131944
1624764131964
1624764131984
1624764132004
1624764132025
1624764132044
1624764132065
1624764132085
1624764132104
1624764132124
1624764132145
1624764132164
1624764132185
1624764132204
1624764132224
1624764132244
1624764132264
1624764132284
1624764132305
1624764132323
1624764132345
1624764132364
1624764132384
1624764132405
1624764132425
1624764132444
1624764132463
1624764132484
1624764132504
1624764132524
1624764132545
1624764132565
1624764132584
1624764132606
1624764132624
1624764132645
1624764132664
1624764132685
1624764132705
1624764132725
1624764132745
1624764132764
1624764132785
1624764132805
1624764132825
1624764132845
1624764132864
1624764132884
1624764132904
1624764132924
1624764132944
1624764132964
1624764132984
1624764133004
1624764133025
1624764133044
1624764133064
1624764133085
1624764133105
1624764133124
1624764133145
1624764133164
1624764133185
1624764133205
1624764133225
1624764133245
1624764133265
1624764133286
1624764133305
1624764133325
1624764133343
1624764133363
1624764133385
1624764133404
1624764133424
1624764133444
1624764133465
1624764133484
1624764133509
1624764133523
1624764133544
1624764133565
1624764133585
1624764133603
1624764133624
1624764133644
1624764133665
1624764133684
1624764133704
1624764133723
1624764133745
1624764133764
1624764133784
1624764133805
1624764133825
1624764133845
1624764133864
1624764133885
1624764133904
1624764133925
1624764133945
1624764133965
1624764133985
1624764134005
1624764134025
1624764134046
1624764134066
1624764134085
1624764134107
1624764134125
1624764134146
1624764134164
1624764134185
1624764134206
1624764134226
1624764134245
1624764134265
1624764134284
1624764134305
1624764134325
1624764134345
1624764134364
1624764134386
1624764134405
1624764134426
1624764134444
1624764134464
1624764134485
1624764134505
1624764134525
1624764134545
1624764134565
1624764134584
1624764134606
1624764134625
1624764134645
1624764134665
1624764134685
1624764134706
1624764134725
1624764134745
1624764134765
1624764134785
1624764134805
1624764134827
1624764134846
1624764134867
1624764134885
1624764134905
1624764134926
1624764134947
1624764134966
1624764134986
1624764135005
1624764135025
1624764135046
1624764135066
1624764135085
1624764135105
1624764135126
1624764135146
1624764135166
1624764135186
1624764135205
1624764135227
1624764135246
1624764135267
1624764135285
1624764135305
1624764135325
1624764135346
1624764135366
1624764135385
1624764135405
1624764135425
1624764135445
1624764135466
1624764135486
1624764135505
1624764135526
1624764135545
1624764135566
1624764135585
1624764135605
1624764135626
1624764135646
1624764135666
1624764135685
1624764135705
1624764135725
1624764135746
1624764135766
1624764135786
1624764135806
1624764135826
1624764135846
1624764135866
1624764135887
1624764135906
1624764135926
1624764135946
1624764135967
1624764135987
1624764136005
1624764136025
1624764136046
1624764136066
1624764136085
1624764136106
1624764136126
1624764136146
1624764136167
1624764136186
1624764136205
1624764136226
1624764136245
1624764136265
