-1.1955566
-1.0327454
-0.7203064
-0.24624634
-0.41983032
-1.26857
-1.8874817
-1.9413452
-1.5020142
-0.6915741
0.009933472
0.6384125
0.94247437
0.9724121
1.0717621
1.2896271
1.1364136
0.64678955
0.5498352
0.7952423
0.8155823
0.23020935
-0.29414368
-0.09182739
0.5211029
0.12007141
-0.30969238
0.06619263
0.7413635
1.3159637
1.2345734
0.67552185
0.23019409
0.31759644
0.9257202
1.4656067
2.028244
2.5477905
2.5501862
2.0737305
1.4680023
0.9927521
0.553421
0.16555786
0.18830872
-0.023590088
-0.5730591
0.3223877
1.8834076
1.573349
0.7281952
0.52948
0.66593933
1.1364136
1.4105377
1.3842163
0.96043396
0.4253235
0.22183228
0.52708435
0.850296
0.8108063
0.5869446
0.4995575
0.6264343
0.9041748
1.2860413
1.4009705
1.4931488
1.3566742
1.1639404
1.0011292
0.3630829
-0.23547363
-0.16844177
-0.22470093
-0.20075989
0.5725708
1.5769501
1.786438
1.489563
1.0370483
0.76890564
0.7198181
0.6096802
0.31159973
0.019500732
-0.031967163
0.09971619
0.50553894
1.1651459
1.5158844
1.6140442
1.4500427
0.9472656
0.53666687
0.3223877
0.43850708
0.6958771
0.83354187
1.5541992
3.1056366
2.5729218
1.4165344
0.9592438
1.1304169
2.3586426
2.8650208
2.32872
1.5290527
0.88023376
0.8550873
1.2728729
1.3662567
1.1723175
0.89100647
0.74375916
0.9305115
1.2848511
1.5937042
1.5865173
1.4368744
1.3566742
1.1759186
1.3111877
1.5781403
1.5254669
1.2956238
0.9640198
0.83354187
1.1160583
1.4045563
1.2225952
1.1950684
2.086914
2.3179474
1.5003357
0.5354614
-0.033172607
-0.18400574
0.0925293
0.4420929
0.73657227
0.95684814
0.9412842
0.5821533
0.19548035
-0.17442322
-0.48088074
-0.18400574
0.6108856
1.0945129
0.84791565
1.0418396
2.1958466
2.727356
2.0665588
1.4273071
1.008316
1.221405
1.925293
2.189865
1.6870728
0.84191895
0.33076477
0.24337769
0.32955933
0.42294312
0.38102722
0.4241333
0.592926
0.7772827
0.84191895
0.7760773
0.6120758
0.568985
0.85150146
1.0214844
0.9556427
1.0418396
1.3530884
1.5146942
1.4560394
1.5924988
1.9001617
1.9432526
1.5553894
0.8862152
0.18112183
-0.26062012
-0.10739136
0.15478516
0.14041138
0.06619263
0.15238953
0.38702393
0.51631165
0.7796631
0.9077606
0.52349854
0.047042847
0.07577515
0.54504395
1.36026
2.1324005
2.2078094
1.889389
1.5769501
1.4129333
1.7134094
1.7792511
1.3530884
1.0334625
0.99035645
1.0190887
1.0119171
0.9951477
0.86586
0.71502686
0.8215637
0.8766327
0.63482666
0.45526123
0.7030487
1.221405
1.5601807
1.6068726
1.6774902
1.6786957
1.5254669
1.3530884
1.1830902
0.9556427
0.45526123
0.8838196
2.0246582
2.09169
1.6320038
0.93289185
0.48158264
0.34153748
0.06977844
-0.24385071
-0.37313843
-0.31687927
-0.35040283
-0.27139282
0.21343994
0.80241394
1.1435852
1.2932281
0.80599976
0.17993164
0.34033203
0.97120667
1.1172485
1.4273071
2.4687805
2.4424438
1.4967346
1.2848511
1.2345734
0.85627747
0.66355896
0.93170166
0.80003357
0.35829163
-0.0032348633
-0.25582886
-0.3408203
-0.2402649
-0.08824158
0.08894348
0.37625122
0.64320374
0.68510437
0.79763794
0.98677063
1.0729675
1.2836456
1.1160583
0.26731873
-0.193573
-0.06668091
0.6312256
1.2309723
1.126831
0.91734314
0.5582123
0.5809479
0.98677063
0.8155823
0.12605286
-0.41384888
-0.73347473
-0.74783325
-0.41145325
0.21583557
0.9771881
1.1364136
0.5653839
0.15119934
-0.05949402
-0.6712189
-0.856781
-0.3156891
0.42892456
0.9700165
2.153946
1.7062378
0.52948
0.6384125
0.8862152
0.8323364
0.7880554
1.0705719
1.3710327
1.7960052
2.043808
1.6403809
0.96403503
0.38581848
0.16914368
0.52827454
0.97839355
1.0574036
1.0226746
1.0131073
0.850296
0.85627747
0.81318665
0.5043335
0.19908142
-0.16365051
-0.45214844
0.19429016
0.68989563
0.4360962
0.20385742
0.03627014
0.24217224
0.28407288
-0.1133728
-0.4210205
-0.7059326
-0.82325745
-0.5874176
-0.25224304
0.06259155
0.33674622
0.7413635
0.88500977
0.37625122
-0.2917328
-0.4737091
-0.10618591
0.019500732
0.025497437
1.4069519
2.368225
2.1036682
0.77967834
-0.79811096
-1.5714417
-1.8012848
-1.6025696
-0.47010803
0.92092896
1.8379059
2.272461
2.162323
1.9241028
1.6511536
1.0897217
0.3451233
-0.5167999
-0.5467224
0.29484558
0.81199646
1.008316
1.0035248
0.7246094
0.38223267
-0.6616516
-1.7486115
-2.3303986
-2.3172455
-1.6097565
-0.84599304
-0.48208618
-0.23667908
-0.06788635
0.16914368
0.6503906
0.83473206
0.59651184
0.23858643
-0.34440613
-1.229065
-1.6779785
-1.1225281
-0.40426636
0.13442993
0.88142395
1.6020813
1.7253876
1.9743805
2.4352722
2.399353
1.9576263
2.0473938
2.4639893
2.8722076
3.142746
2.8470612
2.1180267
1.3279419
0.6216583
0.36187744
0.48039246
0.7856598
1.173523
1.3782196
1.573349
1.7696686
1.533844
0.9592285
0.46722412
0.25054932
0.08055115
-0.008026123
0.048233032
0.32955933
0.5115204
0.31040955
-0.15167236
-0.8184662
-1.0243683
-0.67240906
-0.154068
0.61686707
1.1615448
1.0980988
0.6384125
0.23738098
0.22541809
0.4313202
0.58573914
0.52948
0.23858643
-0.21632385
-0.42462158
-0.41983032
-0.3480072
-0.015213013
0.3439331
0.52589417
0.50912476
0.63601685
1.3123779
2.1132507
2.2365417
1.9480438
2.0066986
2.32753
2.787201
2.960785
2.6543274
2.2712555
1.7193909
1.1040802
0.63243103
0.3666687
0.25653076
0.39898682
0.55940247
0.6910858
0.7246094
0.60369873
0.6096802
0.5031433
0.2074585
0.434906
0.78086853
0.75094604
0.6815033
0.40737915
0.03866577
-0.45214844
-1.0806274
-1.2063293
-0.956131
-0.38391113
0.25654602
0.73417664
0.84191895
0.4827881
0.2002716
0.20506287
0.08894348
-0.2223053
-0.5108185
-0.60298157
-0.5622864
-0.45814514
-0.38391113
-0.26541138
-0.27020264
-0.35517883
-0.17323303
0.047042847
0.12965393
0.56300354
0.89819336
0.99993896
0.7305908
0.89938354
1.4871674
1.8343201
2.1587372
2.1766815
1.7744598
1.1196442
0.33076477
-0.30491638
-0.38391113
0.05781555
0.54862976
0.8132019
0.92092896
1.0466156
1.2345734
1.0023346
0.55700684
0.34272766
0.4600525
0.6276398
0.82995605
0.94487
0.72340393
0.34391785
-0.12414551
-0.3887024
-0.722702
-0.8184662
-0.7562103
-0.6951599
-0.5898285
-0.11935425
0.5510254
0.86586
0.8048096
0.65756226
0.5546112
0.41096497
0.118881226
-0.13012695
-0.11456299
-0.13731384
-0.27856445
-0.312088
-0.09661865
0.19908142
0.27809143
0.21343994
0.20266724
0.2649231
0.53904724
1.252533
1.3985748
1.0107117
1.252533
1.6224213
1.8929749
2.1240234
2.0174713
1.6822815
1.0023346
0.047027588
-0.40187073
-0.2223053
0.08415222
0.36427307
0.6264343
0.7640991
0.80241394
0.89938354
0.98916626
0.9879608
0.9759979
0.79403687
0.50912476
0.5151062
0.46961975
0.43251038
0.34751892
-0.08943176
-0.97288513
-1.7174835
-1.8479767
-1.474472
-0.93099976
-0.4353943
0.1607666
0.42652893
0.47320557
0.40975952
0.23858643
0.12246704
0.14161682
0.18112183
0.08773804
0.037460327
0.03627014
-0.1756134
-0.29891968
-0.25942993
-0.08943176
0.13563538
0.32357788
0.23139954
0.13084412
0.45645142
0.98197937
1.4847717
1.7565155
1.5362396
1.3662567
1.3183746
1.5302582
1.6739044
1.6212311
1.257309
0.54623413
0.12844849
0.21105957
0.5761566
0.76651
0.9556427
1.4416656
1.5829315
0.28167725
0.26371765
1.0011292
0.18830872
