0.38272095
-0.20051575
-0.74487305
-0.90945435
-0.6724243
-0.30703735
-0.19677734
-0.3453827
-0.47535706
-0.41783142
-0.1930542
-0.041793823
-0.062561035
-0.19039917
-0.20051575
0.020004272
0.15847778
-0.032730103
-0.188797
-0.29052734
-0.23780823
-0.19465637
-0.37095642
-0.47001648
-0.63301086
-1.0244904
-1.1773682
-1.0399475
-0.80026245
-0.8093109
-1.0830841
-1.2668457
-1.2966766
-1.3755035
-1.3888092
-1.2013397
-0.9121094
-0.40344238
0.26501465
0.99046326
1.5944672
1.991806
2.1659698
2.198471
2.1169739
1.6482697
0.88287354
0.3156128
-0.12915039
-0.61968994
-0.6654968
-0.28733826
0.10682678
0.14942932
-0.017822266
-0.18293762
-0.19891357
-0.09664917
0.012008667
0.082855225
0.13079834
0.14517212
0.09031677
-0.027404785
-0.104644775
-0.052444458
0.11375427
0.25489807
0.21601868
0.07752991
0.0040130615
-0.06416321
-0.29052734
-0.52381897
-0.4290161
-0.060440063
0.10787964
-0.18293762
-0.7666931
-1.0633698
-0.75071716
-0.12327576
0.33638
0.47647095
0.49884033
0.4759369
0.40829468
0.25543213
-0.013031006
-0.39492798
-0.7102356
-0.7070465
-0.4125061
0.0018920898
0.25115967
0.2602234
0.17393494
0.092437744
-0.043380737
-0.19198608
-0.16375732
-0.25057983
-0.7070465
-0.89453125
-0.47801208
0.18777466
0.45729065
0.22773743
0.09031677
0.19844055
0.4189453
0.47647095
0.31295776
0.12705994
-0.03807068
-0.23406982
-0.37895203
-0.3970642
-0.31715393
-0.13606262
0.071136475
0.2767334
0.42852783
0.49298096
0.45303345
0.237854
0.06367493
0.06741333
0.14570618
0.022125244
-0.4210205
-0.70758057
-0.50305176
0.017868042
0.29803467
0.15582275
-0.072143555
-0.15950012
-0.026870728
0.18032837
0.26182556
0.13664246
-0.0710907
-0.2841339
-0.37095642
-0.31289673
-0.24632263
-0.14459229
0.17500305
0.6325226
1.0101624
1.0218811
0.6985779
0.4024353
0.13238525
-0.3421936
-0.5515137
-0.35977173
-0.07853699
-0.038589478
-0.20211792
-0.26441956
-0.09931946
0.13717651
0.3241272
0.3944397
0.3555603
0.2724762
0.16807556
0.06474304
-0.043380737
-0.14033508
-0.19358826
-0.21595764
-0.2756195
-0.2937317
-0.06788635
0.24797058
0.29057312
0.01574707
-0.2553711
-0.27348328
-0.13819885
0.03012085
0.037582397
-0.24472046
-0.48760986
-0.34431458
0.07699585
0.40829468
0.4423828
0.301239
0.16487122
0.13345337
0.12013245
-0.048706055
-0.3347473
-0.4758911
-0.26550293
0.08657837
0.1979065
0.061019897
-0.04977417
0.0652771
0.17607117
0.059417725
-0.16482544
-0.29692078
-0.25057983
-0.2511139
-0.37202454
-0.2899933
0.003479004
0.29112244
0.38111877
0.31454468
0.21334839
0.1084137
0.0849762
0.06794739
0.037582397
-0.011962891
-0.09451294
-0.16802979
-0.22555542
-0.26869202
-0.3187561
-0.42048645
-0.4433899
-0.23780823
0.18884277
0.63679504
0.77900696
0.6884613
0.4216156
-0.3144989
-0.89878845
-0.73794556
0.007736206
0.56755066
0.56222534
0.28045654
0.040237427
-0.011962891
0.056747437
0.0034942627
-0.15310669
-0.31236267
-0.35656738
-0.15097046
0.15742493
0.34651184
0.3401184
0.16807556
-0.0753479
-0.1264801
0.18565369
0.39071655
0.13877869
-0.1499176
-0.1690979
0.11854553
0.42266846
0.54997253
0.5547638
0.383255
0.062088013
-0.1776123
-0.22181702
-0.11582947
0.027999878
0.06367493
-0.064697266
-0.282547
-0.2633667
0.056747437
0.29644775
0.29856873
0.20109558
0.19311523
0.35662842
0.49191284
0.30070496
-0.0284729
-0.28520203
-0.75871277
-0.9888153
-0.61117554
0.17605591
0.8775482
1.0309448
0.702301
0.23252869
-0.055633545
-0.10411072
-0.031677246
-0.1184845
-0.38853455
-0.6639099
-0.71076965
-0.5424652
-0.35391235
0.020004272
0.5686188
0.71455383
0.2799225
-0.10890198
-0.010894775
-0.15577698
-0.72036743
-0.8220978
-0.3933258
0.19950867
0.37260437
0.36515808
0.4221344
0.45303345
0.3981781
0.2655487
0.08657837
-0.08013916
-0.109436035
-0.048187256
0.08818054
0.25543213
0.32839966
0.27619934
0.20802307
0.18086243
0.094573975
-0.088653564
-0.25430298
-0.22554016
-0.076934814
0.11268616
-0.046051025
-0.6963959
-1.1992035
-1.0740356
-0.39492798
0.29058838
0.5025635
0.39604187
0.2655487
0.22720337
0.18937683
0.06260681
-0.15950012
-0.3778839
-0.43699646
-0.299057
-0.08174133
0.07485962
0.301239
0.7923126
1.2786102
1.576889
1.4597015
0.8280029
0.6985779
0.8956604
0.9457092
0.3267975
-0.9382019
-1.7707062
-1.7605896
-1.2940063
-0.66230774
-0.17973328
0.10736084
0.20109558
0.25276184
0.3763275
0.44610596
0.40029907
0.27513123
0.113220215
0.032791138
-0.031677246
-0.1802826
-0.13606262
0.14091492
0.23625183
-0.03593445
-0.28308105
-0.2553711
-0.21116638
-0.36190796
-0.5983887
-0.7198334
-0.5914612
-0.21330261
0.22825623
0.5057678
0.59150696
0.42959595
0.1318512
-0.14831543
-0.45617676
-0.969635
-1.2327576
-0.7624359
-0.1930542
0.054626465
0.15956116
0.23944092
0.2799225
0.12705994
-0.15789795
-0.36402893
-0.3464508
-0.17015076
0.0013580322
-0.02368164
-0.2606964
-0.41249084
-0.2633667
0.08605957
0.45091248
0.5680847
0.45996094
0.301239
0.15689087
0.012008667
-0.041259766
0.026931763
0.16114807
0.27352905
0.34065247
0.30070496
0.11268616
-0.06416321
0.040771484
0.18830872
0.040771484
-0.40237427
-0.5840149
-0.28894043
0.066345215
0.02532959
-0.2244873
-0.4833374
-0.5621643
-0.40238953
-0.10038757
0.20429993
0.3955078
0.4674225
0.37739563
0.2186737
0.12705994
0.1121521
0.101501465
0.042907715
0.026931763
0.09350586
0.16221619
0.057281494
-0.07853699
-0.085998535
-0.14405823
-0.26550293
-0.29959106
-0.26229858
-0.20423889
-0.25750732
-0.39653015
-0.4402008
-0.36723328
-0.16749573
0.19683838
0.53292847
0.6591644
0.5520935
0.3209381
0.09776306
-0.09825134
-0.23779297
-0.25750732
-0.15524292
0.073791504
0.34809875
0.49777222
0.4615631
0.47647095
0.52919006
0.49884033
0.29536438
0.03225708
0.03916931
0.20588684
0.2799225
0.127594
-0.17440796
-0.39012146
-0.39918518
-0.22341919
0.040771484
0.3044281
0.4615631
0.41680908
0.23146057
0.12652588
0.17233276
0.16221619
-0.0135650635
-0.15577698
-0.081207275
0.12173462
0.1952362
0.068481445
-0.097717285
-0.119018555
-0.037521362
-0.10783386
-0.2985077
-0.3219452
-0.16642761
-0.06681824
-0.20637512
-0.35658264
-0.31289673
-0.21809387
-0.18772888
-0.16270447
-0.13287354
-0.08760071
-0.037002563
-0.0476532
-0.11529541
-0.12808228
-0.044448853
0.09190369
0.19683838
0.24104309
0.237854
0.17021179
0.11480713
0.14624023
0.27087402
0.28312683
0.16381836
0.04663086
0.20109558
0.43066406
0.39338684
0.04876709
-0.3683014
-0.56217957
-0.47322083
-0.22128296
0.0695343
0.30549622
0.41308594
0.40083313
0.2698059
0.047164917
-0.15631104
-0.1930542
-0.08493042
0.022125244
0.09083557
0.09031677
8.239746E-4
-0.16482544
-0.30810547
-0.23353577
-0.104644775
-0.16217041
-0.40611267
-0.4082489
-0.054031372
0.3443756
0.38964844
0.10948181
-0.26123047
-0.4998474
-0.42848206
-0.08866882
0.22825623
0.28526306
0.14463806
-0.030075073
-0.119018555
-0.083343506
-0.015686035
-0.01889038
-0.055099487
-0.04498291
0.04397583
0.0929718
0.061553955
0.0018920898
0.02746582
0.09510803
0.05621338
0.06581116
0.2964325
0.65649414
0.78326416
0.49404907
-0.0066375732
-0.46310425
-0.6681671
-0.62768555
-0.43327332
-0.13180542
0.15316772
0.30549622
0.3401184
0.30496216
0.23464966
0.09617615
-0.07800293
-0.20477295
-0.24099731
-0.17707825
-0.114227295
-0.11955261
-0.14778137
-0.09132385
0.07380676
0.21174622
0.1595459
-0.11210632
-0.43806458
-0.39918518
-0.01940918
0.27619934
0.18511963
-0.14672852
-0.3576355
-0.3310089
-0.16056824
8.239746E-4
0.12971497
0.20162964
0.16860962
0.07859802
0.06846619
0.5057678
0.9542389
0.3624878
0.059417725
0.28738403
