-0.56604004
-0.8249054
-0.8568573
-0.59375
-0.34127808
-0.20065308
-0.15112305
-0.1516571
-0.10638428
0.06939697
0.36872864
0.5711365
0.52053833
0.2792511
-0.004119873
-0.18788147
-0.11543274
-0.019561768
0.13224792
0.20733643
0.10827637
-0.040878296
-0.15751648
-0.36044312
-0.68588257
-0.9271698
-0.9079895
-0.77323914
-0.80200195
-1.0992126
-1.4065399
-1.3639221
-0.9607239
-0.39720154
0.12211609
0.37832642
0.39323425
0.4038849
0.57699585
0.78045654
0.86035156
0.7245331
0.4395752
0.24302673
0.14396667
0.042236328
0.021453857
0.1769867
0.25369263
0.017181396
-0.20544434
-0.13301086
-0.029144287
-0.16017151
-0.35565186
-0.35830688
-0.18148804
0.015594482
0.12799072
0.14076233
0.088027954
0.033172607
0.015594482
0.024108887
0.06619263
0.15887451
0.30162048
0.3772583
0.2835083
0.17166138
0.21426392
0.25422668
0.04914856
-0.1516571
-0.061645508
0.17272949
0.27978516
0.17166138
-0.06376648
-0.2858734
-0.31356812
-0.21078491
-0.20437622
-0.34872437
-0.44779968
-0.38601685
-0.19960022
0.0113220215
0.15940857
0.23025513
0.30534363
0.3788452
0.37937927
0.3058777
0.22012329
0.15568542
0.08963013
0.0677948
0.1109314
0.1109314
0.0209198
-0.2640381
-0.8238373
-1.0395508
-0.55752563
0.21372986
0.6302643
0.45448303
0.13171387
0.035308838
0.17965698
0.31440735
0.3234558
0.32398987
0.37565613
0.36872864
0.26008606
0.15301514
0.10507202
0.13330078
0.1381073
0.09602356
0.12213135
0.24356079
0.29364014
0.13490295
-0.061645508
-0.09413147
-0.06855774
-0.19265747
-0.47868347
-0.6336975
-0.4920044
-0.26190186
-0.2374115
-0.5346222
-0.7865448
-0.65605164
-0.18467712
0.31547546
0.5157318
0.33891296
0.06512451
-0.06271362
-0.058441162
-0.06271362
-0.13301086
-0.22355652
-0.19319153
0.0209198
0.22332764
0.12850952
-0.17881775
-0.26298523
-0.09786987
-0.11010742
-0.2736206
-0.2651062
-0.037139893
0.16952515
0.17645264
0.09283447
0.064071655
0.07418823
0.054473877
0.005996704
0.061401367
0.25102234
0.39588928
0.3772583
0.21214294
0.034240723
-0.012634277
0.07951355
0.13757324
0.15994263
0.22544861
0.15301514
-0.0967865
-0.20811462
0.01612854
0.3969574
0.56314087
0.4129486
0.013458252
-0.5553894
-0.9745636
-0.8813629
-0.45205688
-0.13194275
-0.13407898
-0.29812622
-0.3508606
-0.19425964
0.010803223
0.10081482
0.09762573
0.12532043
0.17485046
0.2004242
0.19563293
0.21000671
0.32666016
0.5652771
0.70588684
0.58232117
0.3527527
0.19242859
0.08483887
-0.1479187
-0.53248596
-0.73861694
-0.6022644
-0.35032654
-0.20013428
-0.13568115
-0.060577393
0.015060425
0.10562134
0.20521545
0.2627411
0.25315857
0.19296265
0.14501953
0.20307922
0.3223877
0.40176392
0.40441895
0.39749146
0.435318
0.42785645
0.34954834
0.22065735
0.10934448
-0.031814575
-0.3673706
-0.7476654
-0.8115845
-0.6533966
-0.62623596
-0.78282166
-0.8249054
-0.548996
-0.081344604
0.31280518
0.4465027
0.37086487
0.30801392
0.3623352
0.4491577
0.48005676
0.47631836
0.4475708
0.29522705
0.0912323
0.059799194
0.22544861
0.31173706
-0.04032898
-0.5207672
-0.5687103
-0.3657837
-0.27363586
-0.3386078
-0.38494873
-0.34020996
-0.21131897
-0.027557373
0.118927
0.19935608
0.19403076
0.08164978
-0.113845825
-0.2459259
-0.12449646
0.10029602
0.14982605
0.055023193
0.012390137
0.07312012
0.05128479
-0.22355652
-0.43714905
-0.2571106
0.00920105
-0.1942749
-0.6155853
-0.7141113
-0.4738922
-0.22036743
-0.21504211
-0.3934784
-0.4493866
-0.20385742
0.22544861
0.5551605
0.578598
0.41880798
0.36393738
0.46194458
0.55888367
0.53437805
0.47206116
0.43051147
0.40602112
0.42253113
0.51626587
0.5711365
0.3069458
-0.43022156
-0.97776794
-0.7759094
-0.27575684
-0.19692993
-0.3785553
-0.35832214
-0.121292114
0.14289856
0.3234558
0.4006958
0.39537048
0.3218689
0.21000671
0.14503479
0.19189453
0.29896545
0.37512207
0.3969574
0.37086487
0.358078
0.35542297
0.31706238
0.17858887
-0.027557373
-0.15058899
-0.2651062
-0.50053406
-0.6395416
-0.436615
-0.08294678
-0.004119873
-0.2917328
-0.52290344
-0.40252686
-0.104782104
0.10241699
0.13064575
0.057144165
0.0049438477
0.01878357
0.06939697
0.07897949
0.01878357
-0.12608337
-0.26138306
-0.26298523
-0.011581421
0.4837799
0.9679413
1.1304016
0.5860443
-0.35671997
-0.90852356
-0.92237854
-0.49360657
0.094955444
0.44224548
0.3841858
0.01612854
-0.31730652
-0.38760376
-0.2528534
-0.1324768
-0.1394043
-0.2219696
-0.17616272
0.1423645
0.6025543
0.87846375
0.8443756
0.6968384
0.5460968
0.2243805
-0.3151703
-0.6400757
-0.5564575
-0.36044312
-0.3007965
-0.3231659
-0.2800293
-0.19532776
-0.13035583
-0.11224365
-0.14205933
-0.2182312
-0.33328247
-0.36151123
-0.3109131
-0.25712585
-0.118637085
0.2046814
0.49336243
0.3996277
-0.06323242
-0.35353088
-0.1862793
0.13970947
0.17645264
-0.12982178
-0.4765625
-0.3993225
0.050216675
0.37886047
0.24995422
-0.23634338
-0.65660095
-0.70825195
-0.41531372
-0.017974854
0.21214294
0.23930359
0.21479797
0.2089386
0.18017578
0.1338501
0.123184204
0.16847229
0.19296265
0.13597107
0.0438385
0.083236694
0.3191986
0.57167053
0.5082855
0.0635376
-0.33914185
-0.25073242
0.26593018
0.7117462
0.70269775
0.27392578
-0.24485779
-0.49786377
-0.39613342
-0.1005249
0.1535492
0.15461731
-0.09146118
-0.37109375
-0.43980408
-0.25019836
0.036376953
0.14822388
0.058746338
0.03050232
0.14289856
0.25421143
0.27020264
0.34796143
0.4715271
0.3969574
0.10081482
-0.0728302
0.066726685
0.3650055
0.5130768
0.3069458
-0.10266113
-0.3796234
-0.39134216
-0.22994995
-0.061645508
6.713867E-4
-0.019561768
-0.044067383
-0.0259552
0.006011963
0.026779175
0.07737732
0.20414734
0.33943176
0.33198547
0.17805481
0.051818848
0.07951355
0.10987854
1.373291E-4
-0.18840027
-0.2336731
-0.031814575
0.23504639
0.33145142
0.17910767
-0.07122803
-0.16603088
-0.057373047
0.15408325
0.31547546
0.29682922
0.070999146
-0.1713562
-0.19906616
-0.038208008
0.094955444
0.040634155
-0.15379333
-0.28268433
-0.2182312
-0.027023315
0.07739258
-0.0062408447
-0.16496277
-0.2640381
-0.36151123
-0.53034973
-0.6198425
-0.34074402
0.25527954
0.7085571
0.5961609
0.057144165
-0.36843872
-0.41957092
-0.24913025
-0.04032898
0.08909607
0.1146698
0.080581665
0.0209198
-0.0046539307
0.04170227
0.12797546
0.2211914
0.25474548
0.18977356
0.11413574
0.14022827
0.27818298
0.43051147
0.45768738
0.2281189
-0.15112305
-0.34233093
-0.16442871
0.14555359
0.24783325
0.083236694
-0.15484619
-0.20492554
-0.04032898
0.11946106
0.1423645
0.062469482
-0.029678345
-0.10159302
-0.13728333
-0.12182617
-0.06323242
-0.007843018
0.0022735596
-0.03074646
-0.042999268
-0.024353027
-0.005722046
-0.037139893
-0.12661743
-0.18788147
-0.21343994
-0.2731018
-0.38708496
-0.30026245
0.17485046
0.71069336
0.8640747
0.50775146
-0.10159302
-0.5458069
-0.55911255
-0.2331543
0.09815979
0.18656921
0.06939697
-0.048858643
-0.031814575
0.07312012
0.15515137
0.17059326
0.18231201
0.24890137
0.30480957
0.29310608
0.26113892
0.3303833
0.46673584
0.4273224
0.09069824
-0.30238342
-0.33061218
0.031036377
0.3426361
0.35594177
0.19242859
0.036895752
-0.02116394
-0.014770508
0.013458252
0.01612854
-0.01637268
-0.02116394
0.018249512
0.054489136
0.043823242
0.0033416748
-0.016906738
-0.033416748
-0.068573
-0.08294678
-0.057373047
-0.046188354
-0.055786133
-0.052581787
-0.01902771
0.02571106
-0.0035858154
-0.19160461
-0.4105072
-0.36044312
0.034240723
0.41027832
0.42199707
0.094955444
-0.22355652
-0.29226685
-0.12661743
0.070999146
0.15673828
0.13117981
0.048614502
-0.022232056
-0.027023315
0.13331604
0.17538452
-0.22143555
-0.31837463
-0.041397095
