-9.396362
-10.647583
-10.908508
-10.388184
-11.51123
-10.035706
-11.361694
-10.865784
-10.203552
-10.049438
-10.906982
-11.270142
-12.605286
-9.489441
-12.480164
-11.531067
-12.252808
-10.449219
-12.17804
-9.938049
-9.938049
-9.938049
-9.751892
-9.483337
-10.2005005
-10.395813
-8.96759
-8.242798
-7.63855
-8.877563
-8.779907
-9.159851
-8.778381
-8.389282
-7.7331543
-7.911682
-9.083557
-7.861328
-8.682251
-7.8048706
-7.9330444
-8.24585
-8.535767
-6.4834595
-8.595276
-8.110046
-8.491516
-8.918762
-7.6446533
-8.905029
-8.705139
-7.73468
-7.850647
-7.322693
-8.607483
-7.8155518
-7.5912476
-7.2387695
-8.328247
-8.097839
-8.180237
-8.023071
-8.602905
-8.033752
-8.164978
-7.305908
-8.001709
-7.9971313
-6.9900513
-8.932495
-7.887268
-8.84552
-8.850098
-9.4192505
-8.853149
-9.565735
-8.770752
-9.07135
-7.020569
-7.1395874
-9.185791
-9.210205
-8.082581
-10.072327
-8.911133
-8.337402
-8.026123
-7.685852
-9.414673
-9.194946
-8.2977295
-8.11615
-8.096313
-7.281494
-8.558655
-8.905029
-8.905029
-6.349182
-8.106995
-7.751465
-8.918762
-9.054565
-8.157349
-8.782959
-7.8796387
-8.184814
-8.2595825
-8.328247
-6.9381714
-7.8216553
-7.2158813
-8.970642
-8.3480835
-9.423828
-8.357239
-8.256531
-9.327698
-9.706116
-8.508301
-9.344482
-9.289551
-9.065247
-9.768677
-8.113098
-8.401489
-9.648132
-7.974243
-8.111572
-9.121704
-10.081482
-9.370422
-7.6782227
-9.375
-6.9976807
-7.608032
-8.311462
-8.5494995
-8.782959
-7.963562
-7.672119
-9.509277
-8.47168
-7.3654175
-7.2891235
-6.5597534
-7.0266724
-8.468628
-5.9906006
-7.017517
-7.4508667
-6.2530518
-7.3745728
-6.2072754
-5.8380127
-6.5719604
-7.3928833
-6.5338135
-6.149292
-7.2235107
-6.5841675
-7.7163696
-6.869507
-8.334351
-6.4315796
-7.658386
-6.776428
-8.932495
-7.8720093
-8.294678
-7.473755
-7.650757
-7.650757
-8.123779
-7.711792
-8.578491
-7.687378
-8.123779
-8.416748
-8.410645
-7.208252
-7.28302
-8.232117
-7.0861816
-7.1365356
-8.721924
-7.533264
-7.147217
-7.800293
-8.065796
-7.7453613
-8.790588
-7.333374
-6.765747
-7.305908
-5.6427
-7.672119
-7.1151733
-8.003235
-7.4798584
-7.9193115
-6.942749
-7.043457
-8.215332
-7.2265625
-8.207703
-8.003235
-7.6065063
-7.7438354
-7.659912
-9.638977
-9.007263
-9.80835
-8.200073
-9.063721
-8.758545
-8.673096
-8.857727
-7.936096
-11.103821
-10.369873
-10.646057
-10.124207
-11.230469
-10.554504
-10.679626
-11.607361
-11.663818
-11.740112
-10.670471
-12.786865
-12.306213
-14.242554
-11.790466
-13.771057
-13.354492
-14.781189
-13.897705
-13.491821
-13.018799
-14.279175
-12.145996
-13.143921
-13.397217
-13.800049
-12.600708
-13.180542
-12.8845215
-12.8845215
-12.8845215
-14.291382
-16.477966
-14.987183
-16.911316
-15.202332
-16.333008
-16.734314
-15.852356
-16.619873
-19.15741
-17.893982
-18.296814
-18.920898
-16.165161
-18.031311
-16.746521
-17.443848
-17.22107
-17.337036
-19.024658
-19.40155
-19.680786
-18.850708
-19.784546
-20.573425
-19.750977
-20.097351
-21.170044
-20.181274
-21.302795
-21.307373
-20.091248
-20.585632
-21.339417
-23.016357
-22.08252
-22.254944
-23.03009
-21.40503
-22.061157
-21.858215
-21.263123
-20.394897
-21.510315
-21.84143
-21.636963
-22.784424
-22.459412
-22.895813
-23.664856
-24.27063
-25.559998
-24.461365
-25.932312
-23.872375
-26.283264
-27.696228
-25.59967
-26.63269
-28.656006
-26.849365
-28.390503
-25.968933
-26.271057
-27.44751
-27.89917
-25.593567
-26.799011
-27.738953
-28.616333
-28.822327
-27.870178
-27.870178
-28.482056
-26.835632
-28.392029
-27.604675
-27.89917
-30.152893
-28.994751
-28.746033
-28.4729
-29.342651
-30.679321
-30.867004
-31.10199
-30.444336
-30.1651
-29.995728
-30.433655
-30.670166
-30.767822
-29.711914
-29.820251
-28.401184
-30.111694
-29.005432
-28.999329
-30.220032
-29.716492
-27.929688
-30.480957
-31.156921
-29.821777
-29.936218
-30.244446
-29.62799
-29.71344
-28.678894
-30.584717
-29.710388
-30.58014
-32.354736
-31.188965
-31.536865
-30.485535
-28.863525
-29.603577
-29.719543
-31.40564
-30.06897
-29.203796
-29.77295
-28.88794
-29.745483
-29.266357
-30.334473
-28.363037
-27.593994
-28.717041
-28.407288
-29.309082
-29.899597
-28.915405
-30.674744
-28.44696
-29.141235
-29.510498
-27.555847
-27.642822
-29.104614
-29.2984
-27.78778
-27.935791
-29.736328
-28.370667
-27.923584
-27.923584
-29.133606
-28.475952
-29.533386
-28.33252
-27.563477
-28.515625
-28.259277
-29.527283
-27.526855
-28.300476
-28.46222
-29.101562
-27.468872
-27.108765
-25.393677
-26.75476
-26.1734
-28.48053
-29.330444
-25.842285
-24.505615
-24.583435
-24.41101
-24.20044
-24.650574
-24.996948
-24.215698
-23.760986
-23.703003
-23.750305
-23.344421
-21.853638
-22.395325
-22.827148
-21.228027
-23.168945
-23.129272
-23.62976
-24.121094
-24.023438
-22.802734
-24.043274
-25.234985
-25.611877
-25.465393
-25.897217
-26.190186
-24.713135
-27.659607
-28.359985
-27.111816
-27.612305
-26.971436
-27.052307
-26.55487
-25.708008
-27.432251
-27.326965
-26.98822
-26.535034
-26.565552
-24.971008
-25.92163
-28.244019
-28.416443
-26.47705
-26.853943
-26.457214
-26.527405
-26.03302
-26.269531
-24.263
-25.334167
-24.472046
-24.472046
-24.731445
-26.365662
-25.801086
-24.92981
-25.106812
-26.382446
-26.332092
-26.052856
-25.106812
-25.471497
-25.36316
-26.44806
-25.236511
-24.845886
-26.773071
-26.179504
-27.380371
-26.139832
-26.750183
-26.564026
-26.651001
-27.914429
-28.192139
-28.173828
-27.978516
-28.990173
-28.059387
-30.715942
-30.377197
-32.518005
-30.395508
-31.866455
-31.486511
-31.446838
-31.340027
-31.536865
-31.408691
-31.796265
-31.115723
-30.612183
-31.233215
-30.81665
-31.794739
-29.508972
-30.058289
-27.076721
-29.652405
-28.076172
-29.20227
-29.891968
-27.677917
-27.824402
-27.993774
-29.211426
-27.261353
-27.902222
-28.466797
-27.534485
-29.21753
-28.173828
-28.256226
-27.905273
-29.01764
-28.779602
-28.72467
-28.599548
-29.858398
-28.863525
-31.137085
-29.862976
-29.647827
-29.32129
-30.40924
-30.255127
-30.255127
-30.255127
-30.340576
-31.263733
-32.102966
-31.91986
-32.32422
-32.06787
-31.315613
-32.887268
-32.209778
-32.66754
-33.195496
-32.08618
-33.192444
-32.048035
-31.484985
-32.470703
-31.996155
-30.171204
-32.214355
-30.348206
-31.860352
-30.32837
-29.258728
-30.552673
-29.081726
-30.451965
-30.421448
-30.422974
-31.156921
-30.821228
-29.032898
-29.815674
-28.39508
-28.419495
-28.485107
-28.85437
-28.366089
-28.834534
-28.944397
-28.485107
-28.860474
-27.537537
-28.475952
-27.763367
-29.512024
-29.862976
-28.48053
-28.811646
-27.43988
-29.335022
-29.632568
-30.326843
-28.926086
-31.072998
-31.884766
-29.696655
-31.671143
-30.029297
-31.048584
-31.655884
-31.277466
-31.217957
-32.659912
-30.889893
-32.910156
-33.273315
-32.725525
-31.451416
-31.962585
-33.276367
-32.09076
-33.076477
-32.669067
-31.336975
-31.336975
-32.5058
-31.724548
-31.420898
-30.360413
-29.367065
-30.718994
-29.374695
-31.414795
-31.193542
-29.371643
-31.155396
-29.740906
-30.081177
-30.551147
-29.299927
-30.325317
-31.208801
-29.379272
-31.051636
-31.074524
-29.577637
-30.175781
