0.5079346
0.31040955
0.86227417
0.592926
0.38104248
0.53427124
0.46124268
0.3618927
0.2649231
0.26371765
0.33076477
0.2972412
0.22181702
0.23977661
0.3044281
0.31758118
0.3259735
0.32237244
0.26971436
0.27330017
0.41215515
0.597702
0.6216583
0.5354614
0.45765686
0.4061737
0.40377808
0.41575623
0.49116516
0.50553894
0.47561646
0.4528656
0.40498352
0.30801392
0.33674622
0.44807434
0.5043335
0.5606079
0.74494934
0.88142395
0.8682556
0.7880554
0.6013031
0.45884705
0.4540558
0.38941956
0.21583557
0.118881226
0.109298706
0.16197205
0.25056458
0.41815186
0.6444092
0.78685
0.8167877
0.84191895
0.9161377
0.92811584
0.9017792
0.8945923
0.8000183
0.6408081
0.53785706
0.5582123
0.568985
0.52589417
0.45765686
0.3846283
0.36428833
0.4360962
0.53067017
0.56777954
0.59532166
0.62524414
0.64201355
0.62882996
0.62524414
0.54385376
0.48399353
0.513916
0.5246887
0.46961975
0.42294312
0.434906
0.5031433
0.5079193
0.4313202
0.41934204
0.47920227
0.5222931
0.5043335
0.48997498
0.5617981
0.59532166
0.58573914
0.53067017
0.5211029
0.5414429
0.6049042
0.60609436
0.5941162
0.5546112
0.4923706
0.5246887
0.48876953
0.4863739
0.4923706
0.48638916
0.4971466
0.5222931
0.61328125
0.65037537
0.66116333
0.63960266
0.5701752
0.4420929
0.053024292
-0.024780273
0.6623535
0.9652252
0.9077606
0.9125519
0.89338684
0.86586
0.81318665
0.5833435
0.4935608
0.49475098
0.48757935
0.5067291
0.5103302
0.5893402
0.68989563
0.727005
0.7569275
0.81199646
0.7928314
0.73657227
0.7497406
0.79045105
0.78685
0.7593231
0.6982727
0.65397644
0.64678955
0.58573914
0.52708435
0.5354614
0.6204529
0.6443939
0.6156769
0.6264343
0.61447144
0.5905304
0.5869446
0.63482666
0.71621704
0.67074585
0.5869446
0.53666687
0.5989075
0.6563721
0.63601685
0.5941162
0.61447144
0.6731262
0.70306396
0.62882996
0.5127106
0.39060974
0.3882141
0.4456787
0.43730164
0.45166016
0.49716187
0.51989746
0.5474396
0.55940247
0.5522156
0.51031494
0.4313202
0.40975952
0.49716187
0.5354614
0.5079346
0.37145996
0.27928162
0.42292786
0.53904724
0.54862976
0.6048889
0.6671448
0.66833496
0.61087036
0.5905304
0.6300354
0.6623535
0.5977173
0.53427124
0.54862976
0.5522156
0.5390625
0.5354614
0.52708435
0.5330658
0.52827454
0.5187073
0.5187073
0.49716187
0.474411
0.48039246
0.48039246
0.53067017
0.5617981
0.5103302
0.59532166
0.6838989
0.6551819
0.65037537
0.6204529
0.5713806
0.58813477
0.5917206
0.58454895
0.61328125
0.5390625
0.4528656
0.45046997
0.5007477
0.5809479
0.6563721
0.68270874
0.64678955
0.6013031
0.58573914
0.56777954
0.54504395
0.51750183
0.4456787
0.3738556
0.355896
0.4061737
0.43969727
0.4648285
0.57496643
0.6264343
0.55223083
0.43849182
0.41456604
0.4827881
0.5713806
0.5989075
0.6587677
0.62524414
0.53427124
0.48039246
0.43011475
0.40856934
0.43251038
0.4528656
0.41096497
0.35949707
0.37625122
0.40977478
0.4815979
0.57736206
0.6731262
0.7186127
0.7162323
0.647995
0.58573914
0.5905304
0.53785706
0.513916
0.6587677
0.66355896
0.55700684
0.52948
0.55581665
0.5701752
0.48757935
0.40377808
0.41096497
0.4253235
0.47201538
0.47680664
0.4420929
0.40856934
0.41455078
0.42173767
0.43969727
0.434906
0.40498352
0.4133606
0.4815979
0.5079346
0.42294312
0.40138245
0.4420929
0.42892456
0.36427307
0.3439331
0.29005432
0.23139954
0.2589264
0.26371765
0.22302246
0.26132202
0.35231018
0.4827881
0.4995575
0.4923706
0.51272583
0.51631165
0.46003723
0.3918152
0.32357788
0.31758118
0.3259735
0.34272766
0.30441284
0.27809143
0.24935913
0.23977661
0.24935913
0.26252747
0.26611328
0.37504578
0.43371582
0.47920227
0.5330658
0.5067291
0.44448853
0.36906433
0.40138245
0.44088745
0.34632874
0.2577362
0.2972412
0.38583374
0.38342285
0.27449036
0.2361908
0.23139954
0.1787262
0.14640808
0.14282227
0.25175476
0.3044281
0.3307495
0.33314514
0.3271637
0.3666687
0.45645142
0.553421
0.49716187
0.40019226
0.41455078
0.56658936
0.5713806
0.4133606
0.37504578
0.4971466
0.5079193
0.4133606
0.3846283
0.31878662
0.28526306
0.21702576
0.19429016
0.23020935
0.17274475
0.14759827
0.16197205
0.3056183
0.49116516
0.3846283
0.142807
-0.048721313
-0.022384644
-0.0020446777
-0.15287781
-0.09901428
-0.39349365
-0.92381287
-0.56707764
-0.14329529
-0.046325684
-0.22111511
-0.9585266
-0.7693939
-0.017608643
0.19908142
-0.048736572
-0.3408203
-0.39588928
-0.17321777
0.06858826
0.059005737
0.045837402
0.020706177
0.017120361
0.116485596
0.37506104
0.7928467
1.2034454
1.4320984
1.6619415
1.7337646
1.6858826
1.3734283
1.0406494
1.0107117
1.2788696
1.4500427
1.2764587
0.85269165
0.55940247
0.7030487
1.1878815
1.4596252
1.5757446
1.4668121
1.3255463
1.2740784
1.28125
1.2058411
1.0071259
0.8371277
0.7641144
0.7305908
0.54623413
-0.22949219
-0.74783325
-0.13612366
0.6013031
1.0059204
0.8347473
0.3379364
-0.154068
-0.06788635
0.31399536
0.11288452
-0.28814697
-0.56707764
-0.66882324
-0.32525635
0.13442993
0.22541809
-0.0068359375
-0.1828003
-0.06188965
0.17034912
0.29484558
0.26013184
0.46603394
1.0310669
1.236969
1.3351288
2.0952911
2.320343
1.5146942
0.9125519
1.1615448
1.8343201
2.1587372
2.2820282
2.1431732
1.9061432
1.5087128
1.1172485
0.8287506
0.66116333
0.47320557
0.3379364
0.37625122
0.70425415
1.0442352
1.0262756
0.86346436
0.7030487
0.60609436
0.8682556
1.2285919
1.2106323
1.2118225
1.1483765
0.5761719
0.24098206
0.47322083
0.7533264
1.1459808
1.4332886
1.1459808
0.57736206
0.41575623
0.6013031
0.54145813
0.32836914
0.24815369
0.35350037
0.5258789
0.49116516
0.33195496
0.40498352
0.7796631
1.2142181
1.3506927
1.2644958
1.1639404
1.2034454
1.9145203
2.529831
2.3370972
2.083313
1.8211517
1.7098236
1.6332092
1.3542786
1.0466309
0.8359375
0.67433167
0.4540558
0.35949707
0.49595642
0.7892456
1.1352081
1.4919434
1.7900238
1.6882782
1.2776642
0.8371277
0.6312256
0.810791
1.2824554
1.7253876
1.6260223
1.2860413
0.96881104
0.5498352
0.35231018
0.39300537
0.51750183
0.8323517
1.2249908
1.2345734
0.8000183
0.5510254
0.48399353
0.33914185
0.18591309
-0.06549072
-0.21632385
-0.06549072
0.21343994
0.08055115
0.023101807
0.54504395
0.76651
1.1495819
1.746933
1.7900238
1.5122986
1.8223419
2.4556122
2.3873749
2.0581818
1.9324799
2.1994324
2.3825836
2.0246582
1.5218658
1.0777435
0.98197937
1.1471863
1.4428558
1.6607361
1.7636871
1.7217865
1.8450928
2.2353516
2.6339874
2.4053345
1.8726196
1.3542786
0.89819336
0.83114624
1.241745
1.5805359
1.7636871
1.5206757
1.0538025
0.72698975
0.6587677
0.7485504
1.1854858
1.7122192
2.0210724
1.885788
1.4967346
1.063385
0.7461548
0.36906433
0.24337769
0.23020935
0.23858643
0.4073639
0.54981995
0.49716187
0.48399353
0.71383667
1.2836456
1.9085388
2.2054138
2.2975922
2.6220093
2.9943085
2.8039703
2.5549774
2.4448395
2.375412
2.3179474
2.2269745
2.201828
2.0892944
1.9959259
2.0066986
1.7517242
1.4332886
1.1136627
0.96881104
1.2321777
1.6080627
2.043808
2.3825836
2.3071747
1.7924194
1.3135834
1.1878815
1.4763794
1.470398
1.134018
0.7210083
0.51031494
0.40977478
0.4636383
0.5079193
0.7246094
1.1292267
1.3554688
1.4775848
1.5122986
1.628418
1.7146149
1.731369
1.6547546
1.6547546
1.4225159
0.9987488
0.70544434
0.7748871
1.0430298
1.2740784
1.1914825
0.9340973
0.83114624
0.77249146
1.2501373
1.9300842
2.0186768
2.371811
2.9164886
2.9775543
2.7261658
2.562149
2.414917
1.8678284
1.4380798
1.4847565
1.6164398
1.6511536
1.3985748
1.1052856
1.0561981
1.166336
1.2812653
1.3913879
1.5398254
1.5553894
1.2201996
0.8538971
1.1759186
1.4871521
1.4069519
1.3746338
1.1328125
1.1435852
1.0705719
0.97839355
1.2225952
1.6056671
1.9660034
2.1814728
2.234146
2.115631
1.7816467
1.5793304
1.5541992
1.612854
1.6822815
1.4404755
1.1411896
1.0466309
0.79403687
0.5653839
0.71383667
1.0226898
1.2980194
1.5601807
1.5518036
1.3566742
1.7445374
2.1240082
2.01268
1.667923
2.0557861
2.5130768
2.6615143
2.861435
3.3809662
3.2911835
2.4448395
1.636795
1.2621002
1.0119019
0.8395233
0.88142395
0.82995605
0.64320374
0.58813477
0.6958771
0.66833496
0.39900208
0.12365723
0.18231201
0.4456787
0.6204529
0.9987335
1.2190094
1.1016846
1.1519775
1.1603546
1.078949
1.0729675
1.1962585
1.0765533
0.8682556
0.7377777
0.66116333
0.62882996
0.6838989
0.8646698
0.9724121
0.78086853
0.57496643
0.5354614
0.55223083
0.7293854
1.0561981
1.463211
1.6343994
1.746933
2.0545807
2.5585632
2.4963074
1.7840424
1.0502167
0.8036041
0.88142395
1.1040802
1.4608307
1.3470917
0.83114624
0.47561646
0.5713806
0.67433167
0.51989746
0.38104248
0.6815033
1.1052856
1.4692078
1.4691925
0.9412842
0.52708435
0.434906
0.35350037
0.15837097
-0.06188965
-0.31448364
-0.22828674
0.14401245
0.48399353
0.5725708
0.22181702
-0.27020264
-0.4748993
-0.25582886
0.114089966
0.08294678
0.13204956
0.16674805
0.1320343
0.13563538
0.22181702
0.4540558
0.44807434
0.11048889
-0.23428345
-0.26420593
-0.11457825
0.09133911
0.061401367
0.2972412
0.54862976
0.50912476
0.5510254
1.0166931
1.36026
1.458435
1.1507721
0.83354187
0.8215637
1.2178192
1.7098236
1.6667175
0.97839355
0.28167725
0.09492493
0.3594818
0.36427307
-0.34561157
-0.30969238
0.51031494
0.5354614
0.40138245
0.06260681
-0.23786926
-0.16725159
-0.07865906
0.042251587
0.12963867
-0.049926758
-0.058303833
0.20625305
0.14041138
-0.38391113
-0.9489441
-1.3535614
-1.445755
-1.2518158
-0.9477539
-0.44258118
0.023086548
0.2589264
0.17514038
-0.04273987
-0.28575134
-0.4282074
-0.39349365
-0.28575134
-0.24864197
-0.28456116
-0.25343323
-0.10020447
0.12246704
0.33674622
0.3918152
0.46243286
0.66116333
1.2860413
1.8594513
1.7373505
1.3111877
1.3937836
1.9839478
2.3023834
2.50589
2.4556122
2.1407776
1.6667175
0.78445435
-0.09541321
-0.5754547
-0.5970001
-0.19238281
0.5115204
1.0322571
1.3016052
1.320755
1.1842957
0.85269165
0.57377625
0.49954224
0.5570221
0.7677002
0.87065125
0.731781
0.7090454
0.4061737
0.26132202
0.24098206
0.03866577
0.14880371
0.61686707
0.9257202
0.9831848
1.047821
1.0322571
0.9520569
0.8646698
0.6192627
0.28048706
0.12246704
0.1787262
0.114089966
0.13084412
0.3594818
0.47680664
0.6276398
0.75572205
0.78445435
0.88861084
1.0310669
1.3878021
2.1994324
2.2305603
1.6739044
1.478775
1.3243561
1.276474
1.4572296
1.5302582
1.2082367
0.79164124
0.6659546
0.91973877
1.1208496
1.0777435
0.9987488
0.8634796
0.810791
1.0059204
1.1842957
1.1699219
1.0095062
0.72340393
0.5438385
0.30322266
0.21702576
-0.011627197
-0.58862305
-1.0100098
-0.8759308
-0.11576843
0.24815369
0.011123657
-0.64727783
-1.138092
-0.8196564
0.054229736
0.48997498
0.27330017
-0.15167236
-0.43418884
-0.20913696
0.4935608
1.0741577
0.8179779
0.5354614
0.7174225
0.6970825
-0.07267761
-0.76937866
-0.5239868
-0.22470093
-0.11695862
-0.052322388
-0.10858154
0.18710327
0.9915619
1.0418396
0.5833435
0.54623413
0.99993896
1.5134888
1.2345734
0.7305908
0.60728455
0.4133606
0.23738098
0.12844849
-0.2797699
-0.6341095
-0.73587036
-0.9297943
0.009933472
0.70425415
0.23020935
-0.44377136
-0.62931824
-0.5108185
-0.70713806
-0.3300476
0.39300537
1.3387146
2.1335907
1.2644958
0.27330017
0.2002716
0.3307495
0.7497406
1.7720642
0.17633057
-0.47608948
-0.31567383
-0.18519592
0.07936096
0.23858643
0.32118225
0.10571289
-0.12414551
-0.24266052
-0.57066345
-0.9369812
-1.0052032
-0.70951843
-0.39707947
-0.09422302
0.08654785
-0.031967163
0.0039520264
-0.017608643
-0.1421051
-0.34440613
-0.12055969
0.52708435
0.889801
0.6312256
0.15238953
0.0039367676
0.2577362
0.70544434
1.1196442
1.2992096
1.3171692
1.134018
0.8179779
0.58454895
0.48039246
0.43251038
0.57496643
0.8000183
0.9257202
1.0202942
1.1256409
1.1819
0.92811584
0.39421082
0.09371948
0.1607666
0.31999207
0.32357788
0.111694336
-0.5503235
-1.1560516
-0.97888184
-0.3372345
0.03147888
-0.015213013
-0.09063721
-0.24266052
-0.23547363
0.09732056
0.40019226
0.23739624
-0.33602905
-0.916626
-1.0040131
-0.7418518
-0.5335541
-0.32885742
-0.24266052
-0.22470093
-0.30012512
-0.4569397
-0.40426636
-0.21992493
0.2589264
0.89819336
0.88142395
0.23738098
-0.45214844
-0.71551514
-0.50961304
0.22779846
1.1687317
1.6858826
1.7660828
1.3518829
0.5917206
-0.010421753
-0.034362793
0.19309998
0.5510254
0.9724121
1.1208496
1.2082367
1.3375244
1.3291321
1.2692871
0.9771881
0.37504578
-0.015213013
0.41096497
1.4141388
1.8845978
1.473999
0.8682556
0.5330658
0.5246887
0.6216583
0.68510437
0.5282898
0.32357788
0.2182312
0.014709473
-0.32167053
-0.6341095
-0.4976349
0.030273438
0.4887848
0.771286
0.984375
1.0729675
1.2429504
1.415329
1.5817261
1.9061432
2.083313
2.15036
2.0210571
1.3447113
0.8562927
0.9436798
1.3830109
1.7337646
1.5601807
0.98916626
0.9329071
1.4225159
1.7337646
1.5350494
1.1004944
0.78086853
0.76290894
0.78326416
0.8287506
0.82276917
0.88500977
0.85987854
0.7305908
0.8048096
1.1100769
1.5063019
1.9707947
2.301178
2.0964813
1.6499634
1.039444
0.5354614
0.6683502
1.3063965
1.731369
1.830719
1.9815674
2.0509949
2.0066986
1.6930542
1.415329
1.1076813
0.72221375
0.6228485
0.78686523
0.9700012
1.0382538
1.2633057
1.5877228
1.4823761
1.0430298
0.9532471
1.1866913
1.4009705
1.4572296
1.5613708
2.1802826
2.3694153
1.7217865
1.276474
1.1280212
1.0454254
0.83473206
0.60250854
0.7904358
1.0155029
0.88261414
0.78326416
0.84191895
0.9616394
1.2082367
1.4871674
1.3566742
1.0753632
0.9257202
0.86586
0.97120667
1.1124725
1.1819
1.1172485
0.8957825
0.76530457
0.80241394
0.7964325
1.0382385
1.2309723
1.1459808
0.9269104
0.7593231
0.69706726
0.5641937
0.55462646
0.7820587
0.810791
0.45765686
0.19548035
0.355896
0.73657227
0.83114624
0.46961975
0.27809143
0.30203247
0.5510254
0.7820587
0.93769836
0.89938354
0.59532166
0.6994629
1.4356842
1.7732697
1.3961792
0.94247437
0.88023376
1.236969
1.7948151
1.8929749
1.549408
1.221405
0.9987335
0.8359375
0.97720337
1.296814
1.3566742
1.2273865
1.1016998
1.1076813
1.2297821
1.1806946
1.0561981
1.0023346
0.95684814
0.76649475
0.5390625
0.42773438
0.67433167
0.92811584
0.6671448
0.31878662
0.25653076
0.35110474
0.54504395
0.75453186
0.8969879
0.9161377
0.8048096
0.6503906
0.54862976
0.43371582
0.20387268
0.16197205
0.29364014
0.45526123
0.67910767
0.71144104
0.5617981
0.60250854
0.9376831
1.3518829
1.612854
1.5314484
1.3818207
1.4440613
1.320755
0.9736023
0.5989075
0.395401
0.33076477
0.57855225
1.1902771
1.4009705
1.3506927
1.1507721
0.83114624
0.9149475
1.4440613
1.8235474
1.9193115
1.8522797
1.6882782
1.5865173
1.5194855
1.470398
1.3470917
1.2513275
1.20224
0.8036194
0.5438385
0.8957825
1.0921173
0.9879608
0.9736023
1.2585144
1.3028107
1.1136627
1.0861206
1.0813446
0.99754333
0.70544434
0.34033203
0.29484558
0.45765686
0.60250854
0.61686707
0.51631165
0.50912476
0.7305908
0.9759979
1.0155029
1.0550079
1.2429504
1.2585144
1.1902771
1.1819
1.4201202
1.5960999
1.0729675
0.5701752
0.68629456
0.94607544
1.0849304
1.0035248
1.1256409
1.3291473
1.2333679
0.9939575
0.92811584
1.2597046
1.5470123
1.7241821
1.6296234
1.5781403
1.6834869
1.7876282
1.7193909
1.3865967
1.1220398
1.0119019
1.0071259
1.1807098
1.1866913
1.3722382
1.315979
0.7677002
0.16316223
-0.043945312
-0.009231567
-0.10739136
-0.12774658
0.27450562
0.731781
1.039444
1.1842957
1.2010498
1.1088715
0.8467102
0.61686707
0.64201355
0.7593231
0.7748871
0.7305908
0.80241394
0.94007874
1.0382385
1.2225952
1.0466309
0.61328125
0.78086853
1.3028107
1.9396667
1.9612122
1.454834
1.5278625
1.9348755
2.4999084
2.7093964
2.4879303
2.1970367
2.423294
2.718979
2.7321472
2.5238495
2.1491547
1.8678436
1.9839478
2.2437286
2.335907
2.6471558
2.9033203
2.8650208
2.5896912
2.3179474
2.1599274
1.9241028
1.375824
0.9927521
1.063385
1.5937042
2.3227386
1.8426971
0.76290894
0.37504578
0.889801
1.6248169
2.0653534
2.162323
2.0522003
1.8726196
1.8929749
1.9001617
1.5685577
1.0035248
0.72579956
1.1064758
1.5709534
1.5482178
1.1483765
0.8072052
0.7928467
0.9532471
1.2585144
1.5541992
1.6535492
2.122818
2.6698914
2.4699707
2.0390167
2.2305603
2.82193
3.2480927
3.1750793
2.7919922
2.364624
2.0126953
1.5721436
0.89100647
0.29484558
0.014709473
0.13084412
0.69467163
1.5194855
1.8522644
1.6260223
1.3662415
1.20224
1.1076813
1.1412048
1.3052063
1.3866119
1.4273071
1.573349
1.7960052
1.9827576
1.7062225
1.5458221
2.1276093
2.9703674
3.3294983
3.1439362
2.6591187
2.138382
1.6092682
1.3722382
1.292038
1.2621002
1.3111877
1.2429504
1.0382385
0.9484558
1.1196442
1.43927
2.1096497
2.7369232
2.5609589
1.9336853
1.8630524
2.5442047
3.3043518
3.1140137
2.7536926
3.1056366
2.7177734
1.9360809
2.0904999
2.7141876
2.6231995
2.043808
1.4847565
0.9472656
0.5641937
0.5713806
0.73298645
0.7066498
0.5019531
0.40737915
0.4600525
0.6024933
0.7605133
0.8155823
0.7425537
0.75453186
1.0765533
1.6212311
1.5613708
1.3614655
1.6020813
1.8031921
1.944458
2.2317505
2.280838
2.0462036
1.8043976
1.4955292
1.1459808
0.7174225
0.3726654
0.2182312
0.10450745
-0.048721313
-0.14929199
-0.21990967
-0.30491638
-0.20195007
0.20387268
0.8143921
1.6116486
2.1611328
2.4568176
3.1056366
3.905304
3.7065887
2.7297516
2.3742065
1.8391113
1.0190887
1.423706
2.241333
2.4412537
1.8546753
1.1878815
0.8574829
0.7700958
0.70783997
0.5821533
0.4133606
0.31759644
0.5187073
0.77967834
0.64320374
0.26132202
-0.10618591
-0.1421051
0.14401245
0.79522705
1.5051117
1.320755
0.45765686
-0.15167236
0.0015411377
0.03387451
-0.23188782
-0.13491821
0.20266724
0.31040955
0.2182312
0.21583557
0.26252747
0.3666687
0.6013031
0.6049042
0.54145813
0.37625122
-0.14929199
-0.35040283
0.047042847
0.5977173
-0.0116119385
-0.85317993
-0.7681885
-0.6329193
-0.44258118
0.36427307
1.2094269
0.44448853
-0.9082489
-1.2206879
0.1715393
0.22781372
-0.9633179
-1.1811829
-0.7598114
-0.041549683
0.53666687
0.75213623
0.7389679
0.78086853
0.78326416
0.44448853
0.5115204
1.0945129
1.4165344
1.1459808
0.7964325
0.60369873
0.5426483
0.5893402
0.3774414
0.42173767
0.513916
0.19787598
-0.2689972
-0.10739136
0.27330017
0.7533417
0.23258972
-0.10739136
-0.46292114
-0.34680176
0.106903076
0.34033203
0.33795166
0.33195496
0.17274475
-0.06668091
-0.011627197
0.138031
0.41815186
0.6803131
0.72221375
0.49835205
0.474411
0.59651184
0.771286
1.2501373
1.8187561
1.715805
1.142395
0.7377777
0.55581665
0.6096802
0.95803833
1.41893
1.5565948
1.3686523
1.1088715
0.77967834
0.568985
0.70066833
0.99035645
1.1795044
1.2680969
1.2441559
1.2297821
1.2273865
1.221405
1.1507721
0.8167877
0.2469635
0.13563538
0.42771912
0.5043335
0.4815979
0.7641144
0.9987335
1.1771088
1.3889923
1.454834
1.2357635
0.8550873
0.56658936
0.42173767
0.44926453
0.51989746
0.5426483
0.5653839
0.59651184
0.70544434
0.82995605
0.92092896
1.0825348
1.2585144
1.3638458
1.8139648
1.9444427
1.3291473
0.7593231
0.8323364
1.221405
1.5170898
1.296814
1.0969086
1.2752686
1.4249115
1.3219604
1.2860413
1.4213257
1.5805359
1.7768555
1.7409363
1.4536438
1.2597046
1.276474
1.1842957
0.9807892
0.7246094
0.46244812
0.32836914
0.6396179
0.9532471
0.74256897
0.6551819
0.96162415
1.3171692
1.399765
1.2561188
1.1447906
1.1352081
1.2932281
1.3482971
0.94607544
0.2649231
-0.10499573
0.17633057
0.6659546
0.8371277
0.6875
0.48397827
0.4025879
0.57736206
0.8766327
1.2573242
1.4261017
1.4249115
1.6775055
1.9037476
1.6152496
1.2010498
0.8766327
0.83833313
0.9879761
0.94487
0.96881104
1.1639404
1.4069519
1.7517242
1.6248322
0.84191895
0.63482666
0.84072876
1.1651459
1.4273071
1.384201
1.1651306
1.0897217
1.2585144
1.4799805
1.3291473
0.6695404
0.24935913
0.3918152
0.25294495
0.12246704
0.38581848
0.7174225
1.1208496
1.5589905
1.7505188
1.5362396
1.1842957
0.9664154
0.75094604
0.51031494
0.41575623
0.5330658
0.5474243
0.56059265
0.6216583
0.6838989
0.87065125
1.1004944
1.2201996
1.2992096
1.2908325
1.3291321
1.727768
2.3562622
2.3191376
1.3111877
0.43969727
0.14042664
0.41456604
1.0897217
1.470398
1.4572296
1.1711273
0.9951477
1.0418396
1.0358582
0.90057373
0.91015625
1.1543579
1.4967346
1.4847717
1.3686371
1.4141388
1.3087921
1.2621002
1.4560242
1.3123779
0.6886902
0.32237244
0.50553894
0.74375916
0.9041748
0.9628296
1.2034454
1.4584198
1.6152496
1.6607361
1.4249115
1.0705719
0.6623535
0.3379364
0.15718079
0.12246704
0.2002716
0.39660645
0.76651
1.0011292
1.0011444
0.91134644
0.76530457
1.0119171
1.2680817
1.2824554
1.305191
1.5075073
2.0222626
2.3526611
2.1024628
1.6068726
1.296814
1.1615448
1.1723175
1.3901978
1.4847565
1.43927
1.43927
1.2644958
1.0035248
0.98558044
1.0310669
1.1459808
1.4608307
1.6236267
1.4560394
1.2884369
1.3518829
1.5482178
1.5697632
1.2800598
0.72102356
0.45167542
0.6779175
0.60849
0.47201538
0.6204529
0.9233246
1.2405548
1.2549133
1.0825348
0.9149475
0.74017334
0.5797577
0.434906
0.3882141
0.38702393
0.37625122
0.54623413
0.8036194
0.9484558
0.9197235
0.8287506
0.89100647
1.0155029
1.0514069
1.1723175
1.2848511
1.4213104
1.5685577
1.4213257
1.0693665
0.9640198
1.1783142
1.2824554
1.2597046
1.2429504
1.2489319
1.1603546
0.85269165
0.61805725
0.68629456
0.9532471
1.3087921
1.5458069
1.5565948
1.4668121
1.4320831
1.2908325
1.0861359
1.0490265
0.84910583
0.33674622
0.021896362
0.55940247
0.75453186
0.60369873
0.7401581
0.8550873
0.8969879
0.75213623
0.54862976
0.5031433
0.6599579
0.7461548
0.6910858
0.6312256
0.5809479
0.41815186
0.22781372
0.37504578
0.7593231
1.1004944
1.0753479
0.8574829
0.94487
1.2393494
1.454834
1.4368744
1.3674469
1.628418
1.9396667
2.09169
2.2066193
1.960022
1.4428558
0.7593231
0.41215515
0.5151062
0.75453186
0.7976227
0.79763794
1.02388
1.2285767
1.4045563
1.6296082
1.8343201
1.7588959
1.5948944
1.4811707
1.4476471
1.5326538
1.5051117
1.0035248
0.28526306
-0.04273987
0.30801392
0.54862976
0.46961975
0.34751892
0.16915894
0.19068909
0.39898682
0.54145813
0.4971466
0.40737915
0.44448853
0.7210083
0.94247437
0.78326416
0.5187073
0.5833435
0.70306396
0.73657227
0.66116333
0.61686707
0.62882996
0.7569275
0.70425415
0.4013977
0.37265015
0.70544434
1.344696
2.039032
2.0629578
1.5422211
1.0454254
0.90657043
0.72340393
0.45884705
0.45046997
0.21104431
0.81318665
1.1938629
0.8754425
0.4073639
0.08294678
0.37504578
0.71383667
0.8694458
1.0406494
1.1675262
1.2824554
1.379425
1.2992096
0.85388184
0.434906
0.29125977
0.26611328
0.17393494
-0.0738678
-0.52397156
-0.76698303
-0.09661865
0.6731262
0.16915894
-0.6305237
-0.7131195
-0.4174347
0.27209473
0.70306396
0.44807434
0.17993164
0.03627014
0.1894989
0.5701752
0.6001129
0.37625122
0.24577332
0.2469635
0.276886
0.17034912
0.039855957
0.07337952
0.16197205
0.12246704
0.056610107
0.31759644
0.7569275
0.7736969
1.0047302
1.6415863
1.8798065
1.3267517
0.7593231
0.9185333
1.384201
1.6343994
1.7002411
1.6763
1.4273071
1.0645752
0.68270874
0.1559906
-0.15168762
0.019500732
0.34872437
0.553421
0.6875
0.8574829
1.1040802
1.2597046
1.126831
0.83833313
0.78445435
0.7964325
0.7485504
0.8371277
1.2692871
1.2297821
0.5354614
-0.023590088
-0.27378845
-0.37434387
-0.027175903
0.3774414
0.6563721
0.64678955
0.52349854
0.43850708
0.25653076
0.03387451
-0.1708374
-0.3480072
-0.24505615
3.5095215E-4
0.20625305
0.30322266
0.31280518
0.5115204
0.6443939
0.5079346
0.4815979
0.88261414
1.478775
1.4919434
1.2872467
1.2836609
1.5278625
1.9791718
2.4711761
2.2209778
1.5158844
0.9472656
0.8143921
0.95803833
0.8670654
0.71025085
0.61328125
0.6910858
1.0909119
1.557785
1.6942596
1.0681763
0.3271637
0.053024292
0.07098389
0.2074585
0.52708435
0.6886902
0.59532166
0.10211182
-0.2402649
-0.3707428
-0.3192749
-0.14808655
0.043441772
0.23738098
0.4492798
0.58813477
0.67433167
0.7569275
0.63601685
0.36068726
0.17274475
0.12605286
0.11167908
0.26371765
0.48997498
0.4061737
0.18232727
0.21104431
0.3487091
0.35708618
0.34631348
0.3738556
0.6707306
1.2273865
1.5853271
1.4452667
1.3542786
1.415329
1.4823761
1.4907532
1.3087921
1.1160583
1.0131073
0.85269165
0.48039246
0.18112183
0.13922119
0.12963867
0.25054932
0.40856934
0.5318756
0.74375916
0.7281952
0.5187073
0.26731873
-0.15646362
-0.18400574
0.21343994
-0.22111511
-0.9022522
-0.7909241
-1.1309052
-1.3739166
-1.3212433
-1.2913208
-0.9848633
-0.93577576
-1.0554962
-1.0734406
-0.8471985
-0.49046326
-0.39588928
-0.5539093
-0.57185364
-0.31089783
0.09971619
0.28286743
0.013519287
-0.17800903
-0.25343323
-0.1133728
0.11288452
0.1787262
-0.06309509
-0.3372345
0.34991455
1.4093475
1.1543579
0.67552185
0.8957825
1.0885162
0.96762085
1.0621948
1.3842163
1.3626556
1.0274658
0.9161377
0.87184143
0.5989075
0.34631348
0.40019226
0.5713806
0.6515808
0.7305908
0.67910767
0.6013031
0.5211029
0.037460327
-0.47729492
-0.60658264
-0.054718018
1.0095215
0.9951477
0.045837402
-0.69755554
-0.9286041
-0.703537
0.07577515
0.54623413
0.3882141
0.2469635
0.43730164
0.73417664
1.0669708
1.1244354
0.8550873
0.40977478
0.030273438
-0.0738678
0.13204956
0.32955933
0.54862976
0.8000183
1.142395
1.305191
1.276474
1.9432526
2.390976
1.5601807
0.92211914
1.320755
1.8522644
2.0150757
2.1276093
1.9863434
1.4464569
0.8718567
0.63601685
0.67910767
0.7928467
0.79045105
0.8048096
0.82037354
0.95803833
1.3063965
1.3925934
1.1292267
0.75213623
0.30801392
0.06858826
0.45884705
1.1016998
1.4907532
1.6894684
0.8467102
-0.22590637
-0.41384888
-0.13612366
-0.036758423
0.142807
0.36906433
0.568985
0.821579
1.2297821
1.5649719
1.6356049
1.5781403
1.4081573
0.99635315
0.6276398
0.4995575
0.3918152
0.09013367
-0.13014221
0.047042847
0.71621704
1.1962585
1.0681763
0.9724121
1.4967346
1.7098236
1.4464569
1.4572296
2.115631
2.538208
2.225769
1.722992
1.4404755
1.1830902
0.7904358
0.2912445
0.042251587
0.3152008
0.86586
0.83354187
1.0142975
1.4021606
0.98197937
0.11528015
-0.09780884
-0.11816406
-0.61016846
-0.7633972
-0.63890076
-0.16723633
0.11886597
-0.012817383
-0.5455322
-1.0734406
-1.2446289
-1.2661896
-1.2973022
-1.0854187
-0.5970001
-0.12294006
-0.010421753
-0.11695862
-0.25582886
-0.32765198
-0.41503906
-0.585022
-0.580246
-0.6424866
-0.6233368
-0.3875122
-0.19117737
-0.20196533
-0.3085022
-0.38630676
-0.16723633
0.40498352
0.731781
1.0358582
1.6499634
1.8786011
1.2070465
0.7533417
0.8431244
1.1639404
1.5039215
1.8175507
1.9803619
1.7493286
1.454834
1.3554688
1.213028
0.96043396
0.9329071
1.0526123
1.0298615
0.9879608
0.9233246
0.7485504
0.11288452
-0.50242615
-0.36476135
0.44328308
1.3195648
1.8809967
1.5063171
0.54504395
-0.07147217
-0.23188782
-0.15527344
-0.029571533
0.08534241
0.11647034
0.23258972
0.573761
0.8143921
0.81677246
0.60369873
0.23020935
0.06500244
0.13563538
0.50434875
0.7856598
0.9017792
0.68629456
0.573761
0.79522705
0.9149475
0.6013031
0.7677002
1.5565948
1.810379
1.652359
1.6080627
1.7792511
1.9636078
1.8055878
1.4201202
1.2285767
1.1040802
0.9185333
0.7533264
0.6779175
0.80003357
1.0274811
1.078949
1.0813446
1.1986542
1.1723175
0.6838989
-0.06430054
-0.58503723
-0.3982849
0.57496643
1.6032715
2.0162811
1.166336
-0.37553406
-0.76937866
-0.040359497
0.64559937
0.889801
0.7030487
0.43611145
0.23738098
0.27928162
0.395401
0.53067017
0.5905304
0.5246887
0.47680664
0.6013031
0.53785706
0.27809143
0.30203247
0.51631165
0.64678955
0.8574829
1.0574036
1.0993042
1.3027954
1.8091888
2.1192322
1.9707947
1.7373505
1.3722382
1.3303375
1.5087128
1.2285919
0.85269165
0.43850708
0.3846283
0.8036194
1.0669708
0.94487
0.72340393
0.84910583
1.02388
1.087326
1.1244354
1.0693665
0.84552
0.6192627
0.54504395
0.94487
1.5877228
2.0126953
1.9408569
1.0119171
-0.19238281
-0.86395264
-0.7633972
-0.2582245
0.36068726
0.66474915
0.7126312
0.7880554
0.885025
0.8550873
0.74375916
0.5617981
0.38702393
0.31399536
0.22421265
0.3343506
0.5031433
0.86586
0.984375
0.78445435
0.73298645
0.77368164
0.72940063
1.0202789
1.3171692
1.1064758
0.8838196
0.7988281
0.6013031
0.3547058
0.26971436
0.37026978
0.90657043
2.083313
2.82193
2.1335907
0.76530457
0.33195496
0.61087036
0.72579956
0.88142395
1.2034454
1.1471863
0.7102356
0.3918152
0.5546112
0.8694458
1.0849304
1.0729675
0.984375
0.71144104
-0.22351074
-0.9046631
-0.69036865
-0.45812988
0.008728027
0.5713806
0.7772827
0.82995605
0.98677063
1.1124725
1.1376038
1.0059204
0.70544434
0.32476807
-0.0032348633
-0.604187
-1.1416931
-1.4517365
-1.2841339
-0.57066345
0.22421265
0.8981781
1.3123779
1.928894
2.7800293
3.08049
2.8829803
2.5825043
2.217392
2.0653534
2.0713348
1.964798
1.8055878
1.5146942
1.0693665
0.6228485
0.31759644
0.14282227
0.36787415
0.67552185
0.9305115
1.1459808
1.1531677
0.75213623
0.30801392
0.106903076
0.1272583
0.56539917
1.063385
1.178299
0.9436798
0.45884705
-0.017608643
-0.09182739
0.13922119
0.53666687
1.1388092
1.5757446
1.4955444
1.2058411
0.9592285
0.8443146
0.6671448
0.3618927
0.053024292
-0.025985718
-0.047531128
0.09971619
0.66474915
1.0980988
1.0526123
0.6384125
0.48997498
0.53067017
0.6503906
1.1316223
1.5757446
1.6020813
1.6272125
1.5410309
1.4656067
1.3459015
1.276474
1.2417603
1.2297821
0.97839355
0.6491852
0.6024933
0.86586
1.1256409
1.2178192
1.0310669
0.79164124
0.7988281
1.0119019
0.84310913
0.42652893
0.2182312
0.56658936
1.0370483
1.4201202
1.4356842
0.7880554
-0.010421753
-0.20913696
-0.035568237
0.4492798
1.008316
1.0729523
0.6192627
0.07815552
-0.09303284
0.103302
0.24336243
0.030288696
-0.10739136
0.021896362
0.10211182
0.29005432
0.46961975
0.51631165
0.5043335
0.76651
1.0729675
1.2405548
1.3590698
1.8630524
1.9229126
1.4775848
1.2058411
1.0980988
1.2333679
1.636795
1.9157104
1.7660828
1.3854065
0.96162415
0.66833496
0.5869446
0.7461548
0.7102356
0.74375916
0.98197937
1.0897217
1.0825348
1.0274658
0.81318665
0.45526123
0.28167725
0.69467163
1.43927
1.9983215
1.7852325
0.9269104
0.17274475
0.4456787
1.1603546
1.399765
1.4404755
1.6260223
1.8235474
1.7684784
1.2836456
0.6815033
0.4492798
0.2074585
0.09611511
0.33914185
0.5761719
0.5510254
0.5222931
0.6599579
0.8072052
0.7246094
0.91015625
1.221405
1.0502167
0.6264496
0.94247437
1.6595459
2.047409
2.0653534
1.7062225
1.4428711
1.2106323
0.9041748
0.72579956
0.5019531
0.31280518
0.2469635
0.25294495
0.5007477
0.8467102
0.9759979
0.9700012
0.93888855
0.9269104
0.889801
0.4241333
0.08534241
0.24935913
0.9233246
1.6930542
2.0665588
1.7768555
0.9149475
-0.18040466
-0.60658264
-0.43778992
-0.28814697
0.11048889
0.47080994
0.46722412
0.434906
0.5318756
0.63243103
0.66355896
0.5725708
0.29484558
-0.07626343
-0.20075989
-0.17202759
-0.17800903
0.009933472
0.31280518
0.36068726
0.46484375
0.43611145
0.31999207
0.2409668
0.71383667
1.6068726
2.2473145
2.4029388
2.1120453
1.5398254
0.9652252
0.5414429
0.5211029
0.71502686
0.64559937
0.5007477
0.53666687
0.73417664
0.82276917
0.73657227
0.5318756
0.56777954
0.6408081
0.33674622
-0.13372803
-0.32885742
-0.034362793
0.7760773
1.4955292
1.0538025
0.30921936
-0.17202759
-0.4641266
-0.23188782
0.09133911
0.28286743
0.46961975
0.45166016
0.43251038
0.54145813
0.7581177
0.8694458
0.8143921
0.63601685
0.35350037
0.06619263
0.1499939
0.39300537
0.47201538
0.34751892
0.5713806
0.8969879
1.1938629
1.2884369
0.92811584
0.6024933
1.0298615
1.5673676
1.7924194
1.8438873
1.6858826
1.5302582
1.4811707
1.1902771
0.63482666
0.07815552
-0.07984924
0.14640808
0.35829163
0.58813477
0.7473602
0.6384125
0.5282898
0.6695404
0.6228485
0.6108856
0.7425537
0.4241333
0.011123657
0.20266724
0.6551819
0.79045105
0.44688416
-0.045135498
-0.27018738
-0.051132202
0.18830872
0.13084412
-0.047531128
-0.15287781
0.24456787
0.8167877
1.197464
1.33992
1.1052856
0.7186127
0.35112
-0.0846405
-0.23547363
-0.14808655
-0.33963013
-0.5179901
-0.37434387
-0.03555298
0.2074585
0.4528656
0.47201538
0.56777954
0.9269104
1.336319
1.9420624
2.225769
2.234146
1.9504395
1.6056671
1.3183746
1.1543579
1.0969086
0.90896606
0.76530457
0.83833313
1.2022552
1.3159637
1.063385
0.43730164
-0.11935425
-0.043945312
0.29005432
0.35231018
0.16197205
-0.154068
-0.48208618
-0.5934143
-0.42462158
-0.20075989
-0.25343323
-0.28456116
-0.2618103
-0.35279846
-0.8112793
-1.208725
-1.2805481
-1.0973816
-0.84121704
-0.53834534
-0.29293823
-0.20674133
-0.19717407
-0.15646362
-0.08345032
-0.18759155
-0.054718018
0.11167908
0.12965393
-0.053527832
-0.21511841
-0.10499573
0.1787262
0.23498535
-0.95014954
-1.608551
0.19787598
0.7892456
0.23977661
-0.70355225
-1.0040131
-0.36476135
0.7305908
1.4751892
1.6547546
1.4057465
1.1795044
0.9652252
0.6958771
0.54862976
0.20266724
-0.1828003
-0.1828003
0.19308472
0.87783813
1.5422211
1.394989
0.9233246
0.6695404
0.6659546
0.7605133
0.8048096
0.81318665
0.8586731
0.80241394
0.6707306
0.56539917
0.6096802
0.76290894
0.8443146
0.7569275
0.62524414
0.75453186
0.8215637
0.76530457
0.70783997
0.8945923
1.2273865
1.4249115
1.296814
1.0406342
0.83114624
0.6838989
0.6563721
0.64678955
0.5785675
0.4995575
0.44328308
0.54504395
0.66474915
0.68510437
0.65397644
0.6216583
0.61328125
0.63482666
0.6384125
0.57855225
0.53785706
0.5797577
0.5641937
0.5043335
0.48039246
0.5653839
0.6779175
0.60849
0.4456787
0.3056183
0.33674622
0.51631165
0.62405396
0.5869293
0.53427124
0.558197
0.57496643
0.5151062
0.5438385
0.56059265
0.52349854
0.49595642
0.5211029
0.61328125
0.6815033
0.6180725
0.4923706
0.46003723
0.5510254
0.5869446
0.41215515
0.29125977
0.29125977
0.28407288
0.23498535
0.19668579
0.21343994
0.24098206
0.28407288
0.2828827
0.29005432
0.355896
0.3738556
0.40856934
0.45166016
0.43969727
0.3774414
0.34751892
0.39060974
0.5151062
0.54862976
0.51631165
0.46842957
0.45645142
0.54504395
0.60369873
0.60250854
0.6994629
0.6108856
0.3965912
0.29963684
0.37145996
0.45765686
0.46722412
0.41456604
0.45645142
0.474411
0.39300537
0.33914185
0.33674622
0.3846283
0.41815186
0.3738556
0.37145996
0.41815186
0.47920227
0.55462646
0.55581665
0.51989746
0.44088745
0.46124268
0.4420929
0.4456787
0.5821533
0.5785675
0.4971466
0.4540558
0.51031494
0.5079346
0.46603394
0.43011475
0.41455078
0.42533875
0.42771912
0.41456604
0.434906
0.46603394
0.45765686
0.41096497
0.3774414
0.36068726
0.38342285
0.38702393
0.311615
0.25054932
0.42533875
0.52708435
0.49116516
0.67552185
0.76290894
0.52827454
0.3008423
0.2685089
0.36427307
0.3547058
0.30682373
0.36547852
0.42892456
0.41215515
0.39898682
0.3918152
0.38581848
0.46244812
0.53427124
0.5079346
0.42892456
0.40138245
0.39779663
0.41456604
0.35231018
0.36787415
0.49476624
0.44926453
0.44807434
0.58454895
0.5498352
0.41575623
0.33314514
0.34153748
0.3738556
0.39660645
0.51031494
0.43011475
0.36547852
0.42652893
0.5067291
0.52948
0.5067291
0.49835205
0.50553894
0.4456787
0.36906433
0.40138245
0.44448853
0.38583374
0.30682373
0.37504578
0.39060974
0.35829163
0.47801208
0.5246887
0.4253235
0.3271637
0.34631348
0.43849182
0.44688416
0.37983704
0.35949707
0.37026978
0.36068726
0.3152008
0.27449036
0.311615
0.4313202
0.5318756
0.5438385
0.45526123
0.3379364
0.34631348
0.4241333
0.3726654
0.30203247
0.32836914
0.32118225
0.46243286
0.57736206
0.37983704
0.24456787
0.32118225
0.48518372
0.5330658
0.40377808
0.3056183
0.3834381
0.45645142
0.44328308
0.3044281
0.2972412
0.40019226
0.37983704
0.25894165
0.16436768
0.13801575
0.17034912
0.20985413
0.30203247
0.41455078
0.52948
0.42652893
0.36427307
0.48399353
0.36068726
0.14759827
0.13084412
0.26971436
0.4025879
0.39779663
0.31040955
0.23977661
0.16914368
0.17991638
0.20864868
0.24935913
0.34991455
0.45046997
0.38223267
0.3056183
0.2876587
0.25413513
0.2409668
0.23738098
0.20266724
0.27809143
0.2912445
0.23379517
0.32357788
0.27209473
0.06619263
0.03147888
0.23019409
0.37983704
0.38581848
0.31759644
0.2972412
0.23260498
0.15957642
0.10809326
0.12007141
0.20387268
0.29244995
0.27090454
0.17753601
0.1715393
0.20506287
0.2864685
0.28886414
0.2074585
0.15357971
0.22181702
0.14759827
0.19787598
0.17993164
0.061401367
-0.014022827
0.044647217
0.1715393
0.27928162
0.3965912
0.2936554
0.08294678
0.2756958
0.22302246
0.29244995
0.007537842
-0.877121
