8.758713
9.231567
9.629013
9.57634
9.358459
9.538025
9.660126
9.541611
9.326141
9.299805
9.427887
9.365646
9.1645355
9.129822
9.138199
9.120239
9.200439
9.464996
9.71759
9.417114
8.963425
9.011307
9.534439
9.854065
9.708008
9.241135
8.928696
8.959824
9.157349
9.251923
9.24115
9.358459
9.338104
9.225586
9.158539
9.253113
9.370438
9.4769745
9.466202
9.231567
9.068756
9.272278
9.484146
9.500916
9.447052
9.24115
9.210022
9.441055
9.685272
9.806168
9.793015
9.721176
9.494934
9.268677
9.413528
9.737946
9.770264
9.524857
9.351273
9.363251
9.431488
9.504501
9.506897
9.39917
9.315369
9.290222
9.332123
9.377609
9.500916
9.584717
9.5954895
9.621826
9.504501
9.305786
9.289032
9.312973
9.232773
9.308182
9.57753
9.672104
9.576324
9.371628
9.235168
9.281845
9.40036
9.405151
9.362045
9.326141
9.311768
9.360855
9.423096
9.478165
9.439865
9.378815
9.403946
9.435074
9.443451
9.442261
9.363251
9.2196045
9.196854
9.3033905
9.490143
9.401566
9.261505
9.328537
9.5164795
9.607452
9.487747
9.393173
9.345291
9.362045
9.411133
9.468597
9.383606
9.287827
9.3405
9.650543
9.922287
9.747513
9.407532
9.06398
8.98735
9.123825
9.262695
9.208832
9.229172
9.300995
9.401566
9.502106
9.474579
9.225586
9.117844
9.352478
9.621826
9.630203
9.451828
9.4219055
9.506897
9.49852
9.341705
9.168121
9.1058655
9.156143
9.296204
9.439865
9.522461
9.4614105
9.2591095
9.159744
9.291428
9.494934
9.760681
9.81456
9.59668
9.292618
9.186081
9.424301
9.614639
9.388382
9.030457
9.099884
9.48056
9.663727
9.357254
8.994537
8.982574
9.232773
9.429092
9.4614105
9.454224
9.478165
9.494934
9.564362
9.666122
9.663712
9.456619
9.194458
9.229172
9.51767
9.63858
9.502121
9.383591
9.502106
9.745117
9.804977
9.631409
9.330933
9.296219
9.3381195
9.145386
8.867645
8.783859
8.805405
8.868851
9.098694
9.411133
9.553589
9.65654
9.836105
10.031235
9.917511
9.578735
9.394379
9.32135
9.24115
9.152557
9.114258
9.086716
9.024475
9.02327
9.107071
9.120239
9.10347
9.275864
9.383606
9.2638855
9.344101
9.716385
9.8923645
9.632599
9.308182
9.1800995
9.210022
9.312973
9.279449
9.249527
9.3405
9.412323
9.338104
9.273468
9.281845
9.3022
9.317764
9.304596
9.232758
9.171707
9.216003
9.298599
9.364441
9.384796
9.408737
9.376419
9.315369
9.1645355
9.086716
9.374023
9.719986
9.800186
9.636185
9.369232
9.237549
9.3405
9.420715
9.40155
9.369232
9.308182
9.218399
9.255508
9.335709
9.341705
9.365646
9.473373
9.636185
9.63739
9.364441
9.016083
8.885605
8.992157
9.236359
9.409943
9.399155
9.274658
9.141785
9.062775
9.205231
9.535629
9.743927
9.620621
9.459015
9.496124
9.566757
9.456619
9.3022
9.189667
9.159744
9.187271
9.311783
9.385986
9.314163
9.237549
9.262695
9.336914
9.378799
9.353668
9.365646
9.403946
9.412323
9.384796
9.347687
9.354874
9.427902
9.515289
9.463806
9.24115
9.250717
9.633789
9.854065
9.619431
9.268677
9.0460205
9.061584
9.210022
9.32135
9.283035
9.205231
9.271072
9.448242
9.553589
9.417114
9.1848755
9.121429
9.214813
9.354874
9.473389
9.432678
9.534439
9.6397705
9.545212
9.291428
9.135803
9.194458
9.394379
9.455429
9.232773
9.042435
9.18129
9.601471
9.6792755
9.441055
9.210022
9.14418
9.345291
9.518875
9.40036
9.105881
8.983765
9.148972
9.4614105
9.497314
9.290222
9.1453705
9.187271
9.253113
9.20163
8.969406
8.9275055
9.10347
9.136993
9.062775
9.192062
9.300995
9.257904
9.243546
9.336914
9.380005
9.394363
9.3022
9.280655
9.3824005
9.386002
9.253113
9.044815
8.713226
8.483368
8.5563965
8.897568
9.306992
9.561966
9.490143
9.529648
9.7690735
10.535217
9.872025
8.958633
9.154953
9.524857
10.313751
9.970184
8.520493
8.21283
8.992142
9.439865
9.196854
8.436691
7.975815
8.167343
8.501343
8.50972
8.643784
8.903564
9.123825
9.365646
9.484161
9.6744995
10.085098
11.241501
12.470917
13.000046
12.594223
11.73111
11.151718
11.02243
10.662109
9.67569
8.680908
8.610275
8.976578
9.120239
8.665344
7.980606
7.8046265
8.091934
8.392395
8.575546
8.278671
7.5843506
7.688507
8.316986
8.7144165
9.512878
10.814133
11.939407
11.586273
10.8919525
12.308121
14.660416
13.894272
10.797379
8.53006
7.6777344
7.83934
8.64978
9.417114
9.448242
8.373245
7.031296
6.443512
6.8002625
7.1677704
6.9630585
6.743988
7.297058
8.182907
9.016098
10.313751
12.071091
13.302902
12.873154
10.933838
10.016861
11.292969
12.698364
12.482895
11.648514
11.016449
10.164108
8.990952
8.2715
8.872437
9.022079
8.223602
7.198883
6.7727203
6.8984222
7.439514
7.961441
7.9794006
7.8237762
8.160156
8.843704
9.53923
9.967789
10.513672
11.333679
11.649719
11.796951
12.333252
12.411072
11.374374
10.085098
10.186859
11.661682
12.302139
11.316925
9.4374695
7.771103
6.684143
5.8724976
5.281128
5.360138
6.3345795
7.2563477
7.581955
8.176926
9.737946
11.270233
12.041168
12.321289
12.891113
12.966522
11.749069
10.84407
11.393539
11.865189
10.993698
9.57634
9.196854
9.391983
9.061584
8.361267
7.818985
7.617874
7.3461304
6.589569
5.929962
6.1885376
7.510132
9.158539
9.856461
9.51767
9.098694
9.108261
9.731949
10.634567
11.020035
10.630981
9.687668
9.456619
10.571121
11.73111
11.660492
10.492111
9.728363
10.220367
11.419861
11.67366
10.511261
8.382828
6.6350555
5.8808746
5.9467163
6.201706
6.703293
7.1653748
7.4658356
8.515701
9.844482
10.343674
10.375992
10.459793
11.136154
12.03038
12.512817
12.057922
10.976944
9.948624
9.348877
9.219589
9.818146
10.237137
9.590698
8.401978
7.593933
7.763916
8.864059
9.606262
9.311768
7.841736
6.5799866
7.0731964
8.489365
9.536835
9.740341
9.402756
9.135803
9.289032
10.05159
11.027222
10.688431
9.643372
10.396347
12.054321
12.059113
10.519653
9.366837
9.849274
11.478531
12.152496
10.985321
8.624634
6.7966614
6.336975
6.427948
6.408798
6.5488586
6.909195
7.2120667
7.459854
8.0069275
8.981369
10.019257
11.247482
12.16806
12.20517
11.591049
11.12059
11.479721
11.901093
11.758652
11.118195
10.207199
9.588303
9.183685
8.72998
8.373245
8.1254425
7.6501923
7.1402283
6.984619
6.992996
7.400009
8.283463
9.108261
9.490143
9.46022
9.308182
9.581116
10.13179
10.361633
10.113831
9.626617
10.038406
11.370789
12.081863
11.003265
9.198044
8.190094
8.2200165
9.073547
9.740341
9.468597
8.475006
7.2719116
6.4100037
6.1334686
6.542877
7.0971375
7.5017548
7.7938538
8.585129
9.910324
10.460983
9.820541
9.573944
10.524429
11.6197815
11.503662
9.978561
9.891174
11.587463
12.992859
12.901871
11.245087
9.221985
8.199661
8.054825
8.33255
8.330154
7.6238556
6.6709595
6.249588
6.363312
6.8912354
7.633438
8.197281
8.723999
9.48056
9.924683
9.010101
8.647385
9.676895
10.714783
10.404724
9.316559
9.265091
10.978134
12.622955
12.694778
11.077499
9.508102
8.959824
9.262695
10.173691
10.557953
9.910324
8.895187
7.9375
7.1569977
6.5811768
6.368103
6.8672943
7.920746
8.769485
9.253113
9.308182
9.41951
10.417892
12.086655
12.870758
12.449371
10.899124
9.364441
8.791031
10.842865
13.893082
14.443741
12.165665
9.201645
7.8441315
8.19368
8.909546
8.443878
7.0779877
6.090378
6.3309937
7.1450195
7.542465
7.475418
7.62027
8.014114
8.613861
9.292618
9.832504
10.204819
10.877579
11.29776
10.703995
10.46817
11.272629
12.279388
12.245865
11.587463
11.246292
11.053558
10.753082
10.1844635
9.314163
8.297821
7.348526
6.964264
7.0660095
7.2551575
7.273117
7.2312164
7.4622498
7.9027863
8.103897
8.495346
9.336914
10.452606
12.007645
13.270584
12.563095
11.140945
11.1098175
12.548737
13.448959
12.401489
10.301773
9.380005
9.599075
9.474579
8.782654
7.482605
6.079605
5.2440186
5.874893
7.518524
8.691681
9.201645
9.115448
8.834122
8.806595
8.867645
8.774277
9.014893
10.156921
11.185242
10.64534
9.660126
10.282623
11.765839
12.189606
11.301361
10.630981
10.460999
10.117416
9.642181
9.107071
8.437881
7.688507
7.142624
7.1569977
7.475418
7.810608
7.9267273
7.731598
7.4778137
7.665756
8.322968
8.876022
9.613449
10.64415
11.919067
12.549927
11.405502
9.7295685
9.503311
11.559921
13.165237
13.018005
11.216354
8.996933
8.168549
8.710831
9.40155
9.424301
9.013687
7.2958527
4.49823
6.0257263
8.640198
9.703217
9.67569
9.172913
9.141785
9.662521
9.881592
9.553589
9.332123
9.7535095
10.598648
10.711182
10.291
10.158127
10.771042
10.869202
10.05397
9.205231
9.257904
9.882797
10.255081
9.984543
9.049606
7.8405457
6.957077
6.620682
6.814621
7.024109
7.094742
7.1522064
7.688507
9.005325
10.393951
10.869202
10.840469
11.029617
11.63295
11.589859
11.161301
11.683228
13.162842
13.978073
12.5403595
9.904343
8.482178
8.532455
9.208817
9.607452
9.123825
7.933914
6.6625977
6.147827
6.7140656
7.7292023
8.4319
9.1250305
9.719986
10.179672
10.2634735
9.767868
9.222
9.492538
10.237137
10.5998535
9.934265
9.108261
9.831314
12.042358
12.879135
11.7778015
10.433456
9.957016
10.489716
11.2283325
11.0703125
9.791809
8.3517
7.3197937
6.861313
6.7810974
6.981018
7.427536
7.659775
7.9003906
8.293045
8.803009
9.26149
9.766663
10.276627
10.9122925
11.289383
10.675278
9.521271
9.639786
11.055954
11.843643
11.090668
9.65654
9.008911
9.436279
9.900742
9.623016
8.536041
7.5843506
7.470627
7.9111633
8.296631
8.343323
8.366074
8.817368
9.214798
9.431488
9.309387
9.293823
9.012497
8.467819
8.394791
9.06398
9.802582
9.65773
8.781464
9.790619
12.846817
14.016373
12.3272705
10.019257
8.700058
8.467819
9.882797
11.801743
11.099045
9.441055
8.059601
7.379654
8.157776
10.056366
11.089462
10.836884
9.777451
10.319733
11.670059
11.249878
10.117416
9.712799
10.3580475
11.603027
12.061523
11.813705
11.928635
12.201569
11.702377
10.235931
8.543228
7.688507
7.775894
7.8608856
7.945877
8.150589
8.47261
8.957428
9.341705
8.012909
7.340149
8.403168
9.042419
9.615829
9.572739
9.443451
9.6744995
9.685272
9.364441
9.784622
11.334885
10.7734375
10.136581
10.316147
10.421494
10.343674
10.294586
10.593872
9.041229
8.050034
8.236786
9.41832
10.947006
10.653732
9.839691
8.873642
7.774704
6.902008
6.7607574
7.325775
7.7184296
7.7100525
7.5963287
7.9710236
9.043625
10.291
11.031998
10.90033
10.790192
11.122986
11.7933655
12.1297455
12.581055
13.085037
12.954559
11.85202
10.027634
8.51091
7.6944885
7.8369446
8.100311
8.022491
7.977005
8.190094
8.691681
9.123825
8.805405
8.002136
7.626251
8.028473
8.817368
9.370422
9.978561
10.709991
11.495285
11.582672
11.114609
10.815338
10.913498
11.294174
11.427048
10.624985
9.054398
7.901596
7.9518585
8.811386
9.406342
9.40036
8.962219
8.718018
8.810181
8.780258
8.4175415
7.9327087
7.4490814
7.2635345
7.372467
8.270294
9.99173
11.532394
12.704361
13.097
12.688797
11.388748
9.837296
9.547592
10.736328
12.128555
12.007645
10.343674
8.66893
7.91716
7.8872223
8.036865
8.368454
8.715622
8.896378
8.745544
8.211639
7.585556
7.0959473
7.312607
8.045242
9.02327
9.89595
10.745895
11.412689
11.769424
11.830475
11.269028
10.373596
10.304169
11.506058
11.694
10.018066
8.598297
8.552811
9.10228
9.06398
8.470215
8.020111
8.142212
8.671326
9.253113
9.470993
8.797028
7.617874
7.2407837
7.913559
8.898773
9.633789
9.838501
9.878006
10.161713
11.670059
13.229889
12.818085
11.364807
10.757874
10.666885
9.907928
8.480988
7.7411804
8.718002
10.283813
10.538803
9.585907
8.483383
7.8477173
7.621475
7.4933777
7.2743073
7.170166
7.2204437
7.6274567
8.573166
9.818146
10.763855
10.68605
10.008484
9.867233
10.692032
11.714355
12.093842
11.808929
11.466553
10.635757
9.175308
7.8920135
8.026093
8.92392
9.322556
9.123825
8.820953
8.678513
8.478592
8.21283
7.826172
7.355713
7.431122
7.912369
8.581543
9.447052
10.417892
11.216354
11.570709
11.579086
11.759842
12.34642
12.77858
11.947784
10.858429
10.814133
10.687241
9.468597
7.684906
6.4842224
7.154602
8.939468
10.37001
10.279037
8.921509
7.890808
7.6513977
7.637024
7.4718323
7.4885864
8.0464325
9.014893
10.207199
11.128967
11.327698
10.8572235
10.646545
11.106232
11.406708
10.778229
9.878006
9.426697
9.043625
8.258331
8.026093
9.032852
10.283813
10.598663
9.978561
9.104675
8.374451
7.803421
7.465851
7.3425446
7.4538727
7.8716583
8.704849
9.831314
10.616608
11.046371
11.507263
11.804138
11.694
11.828079
11.990875
11.193619
10.178482
9.722382
9.377609
8.508514
7.410782
6.9355316
7.4107666
8.421127
9.394379
9.527252
8.792236
8.109879
7.9949646
7.893219
7.5903473
7.349716
7.929123
9.0903015
10.075531
10.455002
10.40712
10.677658
11.0703125
11.334869
11.398315
10.810547
10.179672
10.383179
10.818924
10.185654
8.872437
7.9626465
8.100311
8.74794
9.020874
8.928696
8.893982
9.057983
8.613861
7.553238
6.8648987
6.86969
7.6346283
8.937088
10.013275
10.64415
11.029617
11.170868
11.179245
10.909897
10.866806
10.975739
10.30896
9.631409
9.903137
10.660904
10.569931
9.26149
8.051224
7.8441315
8.777863
10.167694
10.56395
9.602676
8.326553
7.9387054
8.258316
8.58992
8.478592
8.111084
8.385208
9.366837
10.466965
10.926666
10.947006
10.826111
10.860825
11.115799
10.555557
9.374023
8.097916
7.3748627
7.3772583
7.6789246
8.306213
9.208817
10.126999
10.550766
10.094681
9.394379
8.975388
8.704849
8.3385315
7.8596954
7.7064667
8.059601
9.00412
10.265854
11.292969
11.638931
10.954193
10.374802
10.630981
11.176865
11.276215
10.616623
9.976166
10.13298
10.396347
9.679291
8.09433
7.036087
7.355713
8.218811
8.671326
8.549225
8.041641
8.0021515
8.320572
8.539642
8.64978
8.617462
8.531265
8.569565
8.932297
9.444656
9.821732
10.015671
10.069534
10.006088
10.037216
10.0264435
10.511276
11.156509
11.176865
10.09108
8.521683
7.7100525
7.9087677
8.514496
8.76709
8.633011
8.467819
8.64978
8.972992
8.884415
8.27269
7.665756
7.6310425
8.076355
8.775467
9.454224
9.97258
9.985733
9.7547
9.374023
9.387192
10.344864
11.393524
11.763428
11.737106
12.017212
11.807724
10.968567
9.759491
8.392395
7.6621704
7.993759
8.915543
9.218399
8.726379
8.082352
7.7256165
7.68132
7.5280914
7.368881
7.609497
8.173325
8.489365
8.152985
7.6896973
7.917145
8.74675
9.395569
9.602676
9.247131
8.843704
9.0460205
10.2491
11.915466
12.727097
11.854416
10.28981
9.268677
9.013702
9.447052
10.025253
10.030029
9.431488
8.422333
7.70047
7.637024
7.7734985
7.846527
7.5963287
7.3186035
7.463455
8.018906
8.755127
9.810959
11.247482
12.32608
12.426636
11.265442
10.107849
10.677673
12.822876
15.140457
15.694717
13.545914
10.496902
8.363663
6.8768616
5.9515076
5.676178
5.9970093
6.687729
7.233597
7.2587433
7.244385
7.467041
8.051224
8.743149
8.862854
8.421127
8.178116
8.72998
10.064743
11.084686
10.608231
10.125809
11.830475
13.470505
12.596619
10.541199
9.660126
10.319733
11.253464
11.346848
10.493317
9.116653
7.984192
7.3114166
6.912781
6.6422424
6.609909
6.818207
7.380844
7.951874
7.9782104
8.150589
8.90715
10.2108
11.61499
12.901886
12.911453
11.063126
8.726395
8.404373
11.626968
15.139267
15.104538
12.255447
9.457825
8.009323
7.6537933
7.568802
7.1438293
6.5524597
6.5009766
7.0660095
7.633438
7.684906
7.3461304
7.1641693
7.3820496
7.8130035
8.218826
8.549225
8.952652
9.925888
10.896744
10.927856
11.404312
13.316071
14.716675
13.866745
12.275787
11.977722
12.121368
11.656891
10.305359
8.478592
7.012146
6.272339
6.210083
6.426758
6.451889
6.6362457
7.281494
7.9817963
8.5013275
8.648575
8.507324
8.673721
9.755905
11.746674
13.597397
13.155655
10.669281
9.387192
11.8173065
14.962097
15.172775
12.746246
10.250305
8.520493
7.577179
7.1486053
7.0013733
6.878067
6.751175
6.886444
7.0145264
7.119873
7.5244904
8.2044525
8.684494
8.508514
8.422333
8.958618
9.837296
10.130585
10.143753
10.312546
9.784622
10.3628235
12.196793
12.669647
11.090668
9.484161
9.487747
10.641754
11.671265
11.005661
9.478165
7.896805
7.0301056
7.218048
7.5508423
7.6932983
7.6430054
7.656189
8.15538
8.995743
10.240723
10.744705
10.049194
10.375992
11.697586
12.101013
11.1996
11.027222
12.930603
13.286148
11.655701
9.905533
9.151367
8.755127
8.138611
8.0859375
8.137421
8.073975
8.132629
8.60788
9.256714
9.554779
9.279449
8.913132
8.592316
8.883209
9.534424
10.1689
10.196426
10.246704
10.371201
9.870819
9.145386
8.890396
9.510483
10.862015
11.012848
9.273468
8.102707
7.99736
8.421127
8.902359
9.365646
9.523651
9.32254
9.40155
9.297409
8.592316
7.890808
7.8249664
8.483383
9.481766
10.62738
11.167282
10.769836
10.3424835
10.373596
10.960175
11.258255
10.374802
9.795395
10.428665
11.237915
11.006866
9.733154
8.030869
6.775116
6.7858887
8.084747
9.171707
9.415924
9.121429
8.831741
8.825745
9.134613
9.690063
10.3077545
10.517258
9.976166
9.335709
9.352478
10.140167
11.132568
11.344452
10.955383
10.366409
9.793015
9.202835
8.442673
8.306213
8.850891
9.314163
9.266281
9.000534
8.53006
7.9027863
7.4059906
7.367676
7.7663116
8.395981
9.010101
9.65654
10.415497
11.575485
12.819275
13.436981
13.228683
11.964554
10.463379
9.891174
10.311356
10.044403
8.921524
7.7184296
7.4718323
8.263107
8.897568
8.7144165
8.306213
8.405563
8.490555
8.294235
7.9398956
7.957855
8.495346
9.131012
9.692444
10.322128
10.72316
10.180862
9.357254
9.544006
10.696823
11.686829
12.018417
11.304947
9.827728
8.460632
8.168533
8.631821
8.743149
8.301422
8.144608
8.609085
9.104675
9.08432
8.683289
8.225998
8.154175
8.381622
8.803009
9.663727
10.414307
10.839279
10.936249
10.538803
10.044403
10.104248
10.630981
11.02243
11.452194
11.796951
11.207977
9.721176
8.231995
7.6705475
8.11348
8.574356
8.289444
7.817795
7.7507477
8.497742
9.190857
8.773071
8.162552
8.3517
9.266281
10.15094
10.603439
10.411911
10.179672
10.427475
10.908707
11.121796
10.601059
10.100662
10.282623
9.937851
9.024475
8.684494
8.929901
8.883209
8.376846
8.158966
8.454651
8.703644
8.794617
8.655762
8.285858
8.01532
8.319382
9.239944
10.250305
10.796173
10.573517
10.173691
10.088684
10.354446
10.9362335
10.811737
10.360428
10.732727
11.649704
11.6138
10.059967
8.167343
7.209671
7.5903473
8.31459
8.447464
8.106293
7.973419
8.132629
8.083542
7.827362
7.6035004
7.8237762
8.57077
9.554779
10.226349
10.745895
11.276215
11.334869
10.506485
10.13298
10.847656
11.251083
10.96138
10.007294
8.836517
7.8489227
7.68013
8.437881
8.922714
8.558792
8.400787
8.777863
9.035248
8.889206
8.476196
8.240372
8.372055
8.825745
9.582321
10.253891
10.604645
10.936249
11.1194
10.931442
10.859619
11.210373
11.015244
9.839691
9.524857
10.636963
11.495285
10.34967
8.350494
7.6238556
8.597107
9.456619
9.375214
8.659348
8.281067
8.479797
8.708435
8.719208
8.718018
8.797028
8.949051
9.262695
9.779846
10.092285
9.905533
9.781036
10.183258
10.810547
11.1098175
10.636963
10.280228
10.329315
9.698441
8.598297
8.079956
8.600693
9.310577
9.192062
8.70723
8.380432
8.236786
8.173325
7.988968
7.8932037
8.145798
8.554016
9.285446
10.281418
11.039185
11.425858
11.424652
10.810547
10.322128
10.839279
11.59465
11.027222
10.207199
10.356842
10.492111
9.61824
8.15657
7.0073547
7.0779877
7.8728485
8.701248
9.256699
9.251923
8.789841
8.3936
8.418732
8.434296
8.297836
8.679703
9.631393
10.413101
10.483734
9.904343
9.876801
10.779419
11.539581
11.047577
10.222763
10.194031
10.055176
9.16333
8.466614
8.7934265
9.166931
8.76828
8.249939
8.454651
8.691681
8.229599
7.3628845
6.918762
7.0899506
7.7902527
8.8089905
10.064743
11.222351
11.494095
10.827301
10.24791
10.597458
11.363602
11.417465
9.968979
8.401978
8.387604
10.250305
11.807724
11.758652
10.525635
9.254303
8.934677
9.435074
9.998917
9.775055
8.9275055
7.9829865
7.3221893
7.3748627
7.7962494
7.925522
8.056015
8.561188
9.165726
9.57753
9.838501
10.312546
11.016449
11.360016
10.982925
9.93306
9.976166
10.543594
10.030029
9.067566
8.394791
8.0177
8.263107
8.910751
9.673294
9.715195
8.941864
7.807007
7.245575
7.554428
8.211639
8.685684
8.855682
9.00412
9.370438
9.820541
10.124603
10.0707245
10.087494
10.287415
10.602249
9.99292
9.210022
9.292618
10.373596
11.352829
11.162491
10.202423
8.804199
8.03566
9.692444
10.085098
9.062775
7.930313
7.413162
7.9279327
8.411545
8.264313
7.834549
7.470642
7.3102264
7.415573
7.605896
7.589142
7.565201
7.6621704
7.912369
8.455841
9.241135
10.020462
10.37001
9.951019
10.443039
12.229111
13.306503
12.217148
9.567947
8.281067
8.777863
9.861252
10.54718
10.498093
10.047989
9.220795
8.145798
7.3820496
6.989395
6.830185
6.700897
6.5285187
6.9187775
7.8369446
8.923904
9.632599
9.7140045
9.609848
10.075516
11.570709
12.439789
11.575485
10.38797
10.780609
12.509232
12.996445
11.450989
9.59668
8.962219
8.807785
8.763504
8.625839
8.000946
7.2276154
7.245575
8.006943
8.478592
8.52887
8.710831
9.099884
9.328537
9.214813
8.849701
8.690475
8.957428
9.667313
10.416687
10.291
9.7295685
10.559158
12.830048
13.336426
11.836456
10.195236
9.535629
9.855255
10.097076
9.81456
8.911942
7.8560944
7.094742
6.7308197
6.6817474
6.981018
7.629837
8.281067
8.653366
8.743149
9.110657
9.869629
10.823715
11.537186
11.592255
10.9362335
10.438248
11.097855
12.479294
13.161652
12.316498
10.502884
8.879623
8.603088
9.177704
9.411133
8.794632
7.5089417
6.3740845
6.1011505
6.5596313
7.2120667
7.874054
8.683289
9.156143
9.071167
8.977783
9.248322
9.649353
9.851669
9.958206
10.156921
9.99292
10.233551
11.23671
11.95018
11.173264
9.506897
8.603088
9.192062
10.183258
10.674072
10.38916
9.3405
8.0416565
7.2312164
6.897217
6.7463837
6.7894745
7.213257
7.6956787
8.130234
8.627029
9.257904
9.866028
10.298187
10.681259
10.7339325
10.500488
10.124603
10.166504
10.702805
10.950607
10.656113
10.4370575
10.061157
9.238754
8.716812
8.856873
9.277054
9.147766
8.49176
7.822586
7.5077515
7.719635
8.308594
9.037643
9.293823
9.047211
8.901169
8.953842
9.612244
10.927856
12.000458
11.823288
10.799774
10.082703
10.296982
10.38797
9.824127
9.036438
9.190872
9.733154
9.961792
10.01207
9.891174
9.299805
8.261917
7.3664856
7.1258698
7.3138123
7.5269012
7.6107025
7.899185
8.073975
8.126648
8.398392
8.908356
9.900742
11.343246
12.243469
11.568298
10.550781
11.23671
12.716324
13.191574
11.471344
9.108261
8.059601
8.498947
9.16333
9.308182
8.621048
7.3425446
6.5871735
7.044464
8.15538
8.843704
8.92392
8.606674
8.2990265
8.715622
9.371628
9.706818
9.680481
9.655334
9.299805
9.078339
11.526413
14.495224
14.660416
12.341629
10.760269
10.779419
10.913498
10.44902
9.425491
8.309799
7.707657
7.4885864
7.4538727
7.553238
7.4323273
7.194092
6.936722
7.031296
7.775894
8.5516205
9.134598
9.625412
10.320938
11.364792
11.862793
11.94899
12.880325
14.018768
13.987656
11.987289
9.53923
8.82814
9.514084
9.856461
9.345291
8.030869
6.6230927
6.008972
6.7092743
7.751953
8.227203
8.163757
8.03566
8.230789
8.629425
8.977783
9.335709
9.456619
9.523666
10.05159
10.597458
10.374802
11.077499
12.830048
13.720688
11.67485
8.764694
8.008133
9.200439
10.6992035
10.9913025
9.7187805
7.7699127
6.7248383
6.846939
7.095932
7.0695953
7.161789
7.684906
8.060806
7.9506683
8.045242
8.684494
9.966583
11.326492
12.065109
11.51564
10.043198
9.97258
11.55394
13.205948
13.112564
11.107422
9.038834
8.653366
9.310577
9.752304
9.237549
8.03566
7.074402
6.976227
7.7962494
7.921936
8.263107
8.671326
7.9243317
6.166992
6.8804626
9.159744
9.977356
9.366837
8.586334
9.281845
10.202408
10.098267
10.14975
10.695618
11.124176
9.962997
8.543228
8.502533
9.81575
11.125381
11.380356
10.31015
8.327759
6.8289948
6.265152
6.360916
6.6817474
7.0265045
7.5831604
8.564789
9.686462
10.514862
10.592667
10.377197
10.5208435
11.456985
12.236298
11.476135
10.2108
10.457397
12.591827
14.589783
14.182785
12.1094055
9.667313
8.395996
8.002136
7.748352
7.0899506
6.05925
5.2164917
5.265579
6.122696
6.759552
7.2168427
7.8237762
8.987366
10.057571
10.258682
9.885193
9.759491
10.15094
10.850052
11.443817
12.373962
13.087433
12.423035
10.830902
10.082703
10.641754
11.349243
11.150528
9.962997
8.325363
7.110306
6.3740845
5.8162384
5.64386
6.105942
6.9834137
7.9123535
8.404373
8.990952
9.65654
10.077911
10.608231
11.574295
12.486481
12.118973
11.167282
11.339661
12.6026
13.259811
12.467331
10.732742
9.103485
8.454651
8.446274
8.466614
8.107498
7.230011
6.490204
6.7463837
7.632248
8.223618
8.296631
8.448669
8.853287
9.1453705
9.389587
9.804977
9.897156
9.885193
10.046799
10.053986
11.326492
13.629715
14.322845
11.71315
8.679703
7.9590454
9.545212
11.21756
11.508453
9.985733
7.6106873
5.8784943
5.1949463
5.186569
5.7264557
6.6123047
7.5711823
8.17572
8.946655
9.599075
10.117416
10.678864
11.405502
12.224319
12.569077
12.036377
11.433029
11.398315
11.413879
10.794983
9.961807
9.63739
9.688858
9.14418
8.423523
8.202057
8.287064
7.8058167
6.6733704
6.0221405
6.5680237
7.767517
8.934692
9.565567
9.725967
9.79541
9.782227
9.776245
9.960602
10.110245
10.013275
10.038422
11.234314
13.028778
13.300507
11.472534
9.684067
9.500916
10.3472595
10.772232
9.797791
8.078766
6.584778
5.782715
5.619919
5.949112
6.328598
6.8086395
7.5005493
8.428314
9.3033905
10.093475
10.94223
11.591049
12.019623
12.091431
11.379166
10.605835
10.938629
11.999268
12.20517
11.197205
10.274246
9.771469
8.761108
7.1641693
5.861725
5.949127
6.9235535
7.9243317
8.445068
8.07637
7.4646454
7.965042
8.676102
8.580338
7.993759
8.223618
9.365646
10.591476
11.02243
10.46936
10.051575
11.103836
12.992859
13.268188
10.86322
8.375641
8.087143
9.940247
11.7933655
11.958557
10.225159
8.143402
6.687729
5.7886963
5.2715607
5.5995636
6.7224426
7.9027863
8.486969
8.758713
9.205231
10.025253
10.949402
11.489304
11.462967
11.170868
10.911102
11.249878
12.393112
12.990463
12.014816
10.3293
9.336914
9.47937
9.761887
9.16214
7.9327087
6.7930756
6.032913
6.028122
6.77153
7.625061
8.1206665
8.635422
9.043625
9.229172
9.453033
9.801392
10.082703
9.755905
9.55838
9.500916
10.101852
12.005249
13.495636
12.257828
10.056366
9.1298065
10.173691
11.510849
11.5407715
10.001297
8.036865
6.6518097
5.727661
5.3769073
5.550476
6.1885376
6.925949
7.589142
8.538452
9.493729
10.256287
11.017639
11.81012
12.405075
12.452972
11.492889
10.538803
10.96257
11.901108
11.6138
10.326904
9.380005
8.915527
8.50972
8.465424
8.780258
8.653366
7.7459717
6.8481445
6.6697693
7.1019287
7.830948
8.4223175
8.889206
9.00412
9.048416
9.41951
9.903137
10.54599
11.169678
11.084686
11.011658
11.963348
13.03595
12.1082
9.946243
8.460632
8.836533
10.732727
11.897507
11.009262
8.7934265
7.103119
6.2759247
5.88208
5.782715
6.074814
6.680542
7.906372
8.861664
9.02327
9.372818
10.395142
11.355225
11.926239
12.147705
11.564713
11.024826
11.723938
12.548737
12.177628
10.478943
8.980179
8.732376
8.850891
8.756317
8.533661
7.899185
7.158188
6.734421
6.5955505
6.902008
7.325775
7.8596954
8.520493
9.344086
9.836105
9.691254
9.338104
9.071152
9.579926
10.656113
11.27861
11.593445
11.879547
11.538376
10.390366
9.091507
8.667725
9.706818
11.051163
11.285797
10.36882
9.500916
8.676117
7.561615
6.478241
5.691742
5.7025146
6.582382
7.525696
8.348099
8.696472
8.841309
9.388382
10.973343
12.782166
13.624924
12.850403
11.678452
11.229538
11.181641
10.595062
9.626617
8.996933
8.652176
8.343323
8.634216
9.127426
8.8461
7.9111633
7.0827637
6.7894897
6.958267
7.44429
8.058411
8.804199
9.612244
10.067139
10.464584
10.416702
10.506485
11.219955
11.248688
10.119812
9.710403
11.049957
12.093826
11.081085
9.402756
8.945465
9.970184
10.766251
10.255096
8.542038
7.037277
6.6589966
7.094742
7.328171
6.846939
6.4339447
7.099533
8.403168
9.511688
9.459015
8.490555
8.269089
10.068344
12.85759
14.635284
13.869141
12.418259
11.784973
11.207977
10.3472595
9.575134
9.011307
8.5121155
8.395981
8.58873
8.429504
7.5161285
6.4602814
5.9347534
6.210083
7.110306
7.9422913
8.709625
9.484161
10.233536
10.634567
10.293396
9.508102
9.655334
10.676468
11.270233
11.132568
11.579086
12.551132
12.112991
10.113831
8.236786
7.6669464
8.764694
10.240723
10.88237
9.8133545
7.865677
6.8014526
6.7224426
6.8002625
6.6470337
7.0576324
8.143402
9.230377
9.608658
9.086716
8.950241
9.7547
10.838074
11.2881775
11.690414
11.654495
11.405502
11.156509
10.590271
10.057556
9.812164
9.4769745
8.950241
8.615067
8.805389
8.864059
8.060806
7.1198883
6.7260437
6.514145
6.486618
6.9558716
7.8357544
8.734772
9.315369
9.186081
8.885605
9.284241
10.040802
10.543594
10.246704
9.363251
9.243546
10.458588
11.904694
11.1888275
9.265091
8.263123
8.854477
10.469376
12.105804
12.171646
10.288605
8.010529
6.3417664
5.4726715
5.5277405
6.490204
7.69928
8.374435
8.29184
8.203262
8.373245
9.10228
10.118622
11.037994
11.142136
10.3077545
9.587112
9.961792
11.225937
12.10939
11.751465
10.377197
8.957428
8.0177
7.862076
8.593521
9.441055
9.236359
7.9398956
6.9067993
6.7918854
7.238388
7.6549835
7.992569
8.50972
8.972992
9.116638
9.178894
9.059189
9.168121
9.57872
10.1054535
10.765045
10.46698
9.626617
10.22995
12.373947
13.164047
12.051941
10.60704
9.97377
9.806183
9.97258
9.929474
9.453033
8.580338
7.649002
7.268326
7.568802
7.91835
7.953064
8.069183
8.811386
9.5164795
10.621399
11.036789
6.4255524
7.984192
10.203613
9.97377
9.593094
11.103836
11.974121
11.065521
9.897156
9.643372
9.925888
10.232346
9.883987
9.14418
8.506119
8.583939
9.211212
9.503311
9.210022
8.702454
8.497742
9.099884
10.405914
10.99968
10.460999
9.217194
8.604294
8.868851
9.274658
9.591888
9.777451
9.681671
9.502106
9.369232
9.245926
9.096298
9.040024
9.206436
9.763077
10.375992
10.476547
10.07074
9.692444
9.366837
9.06517
9.089111
9.375214
9.560776
9.447037
9.183685
9.147766
9.357269
9.526062
9.474579
9.399155
9.442261
9.668503
9.737946
9.594284
9.49971
9.420715
9.358459
9.348877
9.348877
9.474579
9.572739
9.408737
9.14299
8.92511
8.891586
9.311768
9.856445
9.8528595
9.348877
9.02327
9.309387
9.791809
9.855255
9.522461
9.312973
9.47937
9.597885
9.467392
9.364441
9.455429
9.624222
9.6349945
9.432678
9.2638855
9.299805
9.503311
9.448242
9.227982
9.116653
9.176498
9.335709
9.552399
9.65773
9.570343
9.417114
9.205231
9.016083
8.998138
9.285446
9.544006
9.518875
9.3428955
9.253113
9.346481
9.395569
9.292618
9.199249
9.217209
9.33931
9.4614105
9.500916
9.444656
9.348877
9.334518
9.272263
9.043625
9.08432
9.451843
9.63858
9.406342
9.134598
9.10347
9.232773
9.284241
9.287827
9.293808
9.3428955
9.316559
9.275864
9.399155
9.540421
9.602676
9.553589
9.450638
9.387192
9.330933
9.364441
9.389587
9.445847
9.448242
9.103485
8.878418
9.281845
9.834915
9.936661
9.523666
9.113052
9.16333
9.415924
9.407532
9.201645
9.141785
9.202835
9.244736
9.266281
9.334518
9.451828
9.444641
9.406342
9.335724
9.316559
9.380005
9.524857
9.544006
9.414719
9.230362
8.998123
9.0855255
9.370438
9.603867
9.453033
9.078339
8.885605
9.157349
9.527252
9.599075
9.527252
9.469788
9.415924
9.420715
9.408737
9.370438
9.380005
9.318954
9.287827
9.284241
9.327332
9.377609
9.370438
9.243546
9.180084
9.067566
8.899979
9.022079
9.368027
9.584717
9.620621
9.49733
9.122635
9.156143
9.500916
9.626602
9.429092
9.146576
9.119034
9.326141
9.487747
9.468597
9.394379
9.385986
9.444656
9.478165
9.48056
9.494934
9.455429
9.430283
9.426697
9.196854
9.078339
9.257904
9.490143
9.470993
9.272278
9.165726
9.316559
9.511688
9.450638
9.287827
9.327332
9.335724
9.280655
9.226776
9.192062
9.150162
9.235153
9.443451
9.575134
9.417114
9.278259
9.333328
9.33931
9.217209
8.895187
8.959824
9.51767
9.904343
9.578735
8.995743
8.856873
9.189667
9.455429
9.364441
9.237549
9.328537
9.463806
9.405151
9.280655
9.310577
9.391983
9.383591
9.365646
9.3824005
9.430283
9.449432
9.377609
9.278244
9.249527
9.174103
9.095093
9.310577
9.692459
9.828918
9.526062
9.177704
9.041229
9.194458
9.423096
9.474579
9.371628
9.279449
9.279449
9.429092
9.435074
9.290222
9.2603
9.413528
9.468597
9.385986
9.425491
9.464996
9.403946
9.336914
9.238754
9.032852
9.126221
9.536835
9.798996
9.593094
9.218399
9.057983
9.219589
9.359665
9.353668
9.374023
9.394379
9.40155
9.4374695
9.46022
9.376419
9.300995
9.333328
9.370438
9.375214
9.2638855
9.178894
9.316559
9.430283
9.403946
9.156143
9.16333
9.484161
9.704422
9.573944
9.4769745
9.661331
10.203613
9.283035
8.17572
9.201645
9.760696
10.279037
9.807373
8.476196
