23.200989
24.742126
22.116089
22.761536
23.640442
23.554993
24.56665
23.103333
22.29004
23.077393
25.52948
23.704529
22.738647
23.329163
22.052002
22.166443
23.16742
23.890686
23.640442
23.016357
22.88971
22.116089
23.014832
24.076843
22.953796
23.014832
22.953796
22.950745
23.14148
21.81549
23.14148
23.14148
22.416687
22.766113
22.640991
22.7417
22.95227
23.76709
22.91565
22.91565
23.516846
22.354126
20.826721
22.953796
22.80426
22.679138
21.315002
22.80426
22.68219
21.829224
21.742249
21.829224
22.805786
21.203613
22.990417
22.351074
21.640015
21.853638
22.892761
21.855164
22.392273
22.367859
21.97876
22.265625
22.904968
21.614075
21.614075
22.779846
22.802734
21.203613
21.704102
21.829224
23.054504
22.40448
22.827148
23.20404
21.765137
21.640015
23.165894
23.143005
22.17865
22.227478
23.139954
21.141052
22.71576
23.678589
22.95227
21.81549
23.680115
23.205566
22.479248
22.203064
23.554993
21.980286
22.828674
22.99347
22.32666
22.80426
22.390747
22.950745
23.144531
23.580933
22.328186
23.016357
23.641968
22.453308
23.40393
22.851562
25.117493
24.429321
23.080444
22.20459
22.91565
23.493958
23.51532
22.640991
23.678589
22.415161
23.468018
23.490906
22.329712
21.516418
22.013855
22.229004
23.040771
23.96698
23.078918
22.613525
23.327637
22.29004
22.677612
22.991943
22.639465
22.930908
23.265076
23.927307
23.304749
21.014404
23.426819
23.016357
24.205017
22.853088
22.3526
24.67804
24.67804
24.67804
22.453308
22.229004
22.416687
22.953796
23.103333
21.916199
22.764587
24.3042
22.265625
24.017334
21.702576
23.16742
24.092102
23.016357
22.802734
22.827148
23.452759
22.991943
22.303772
21.765137
22.990417
22.91565
22.203064
22.454834
22.328186
21.243286
22.20459
21.766663
21.916199
21.640015
21.980286
21.64154
22.953796
22.225952
21.64154
21.917725
21.743774
22.305298
23.143005
21.679688
21.229553
22.26715
21.704102
22.677612
22.328186
22.827148
22.242737
22.140503
22.615051
23.120117
21.450806
21.89331
20.7901
22.116089
21.203613
19.85321
20.414734
22.20459
22.265625
21.10138
22.415161
22.71576
23.579407
22.303772
22.892761
22.679138
21.81549
21.702576
22.779846
22.7417
22.892761
21.226501
22.26715
22.91565
21.81549
22.142029
22.416687
22.416687
22.416687
23.516846
21.852112
23.641968
22.740173
22.390747
22.702026
22.789001
22.828674
23.602295
21.72699
23.36731
23.951721
22.740173
22.390747
23.36731
22.953796
23.077393
22.17865
22.138977
22.853088
22.702026
23.017883
23.902893
22.116089
22.892761
21.414185
22.891235
23.327637
22.32666
22.828674
22.917175
23.329163
21.813965
22.740173
22.227478
22.164917
23.554993
21.476746
22.97821
22.802734
22.891235
22.828674
23.452759
23.014832
23.014832
22.390747
22.354126
23.390198
22.914124
22.802734
23.96698
22.265625
22.116089
22.975159
22.576904
23.602295
21.664429
22.740173
23.640442
23.452759
23.239136
23.016357
22.717285
22.615051
22.95227
21.617126
22.3526
22.866821
22.265625
21.560669
23.40393
23.579407
23.40393
22.679138
23.840332
23.40393
22.679138
22.227478
22.453308
22.453308
22.640991
24.615479
22.389221
23.991394
22.99347
22.88971
23.953247
23.454285
24.11499
24.053955
22.953796
23.951721
23.617554
23.390198
22.3526
23.602295
22.891235
23.802185
23.553467
23.388672
23.904419
22.95227
24.180603
23.802185
22.724915
22.953796
22.114563
24.7406
23.641968
23.513794
24.092102
24.679565
24.339294
24.203491
21.914673
24.94049
23.57788
23.928833
24.705505
24.70398
23.602295
23.951721
23.426819
23.040771
22.892761
23.643494
23.678589
24.337769
23.452759
24.528503
23.20404
23.165894
22.95227
22.827148
23.101807
23.080444
24.632263
22.865295
22.891235
23.228455
24.630737
24.029541
23.678589
22.140503
23.640442
24.717712
24.029541
24.803162
23.74115
24.613953
25.090027
24.113464
24.964905
24.589539
24.7406
26.339722
26.339722
26.339722
24.177551
23.965454
25.027466
24.090576
23.576355
23.925781
25.653076
25.239563
26.942444
25.3891
25.239563
25.880432
25.340271
25.325012
24.653625
25.065613
25.779724
23.82965
25.817871
24.739075
23.513794
23.739624
24.053955
24.693298
23.20404
22.903442
23.11554
23.181152
22.103882
23.80371
22.181702
22.268677
22.718811
21.968079
21.86737
21.7453
20.306396
22.181702
20.907593
22.166443
21.49353
20.86792
20.516968
22.782898
22.032166
22.57843
22.895813
23.243713
23.81897
23.718262
21.60492
23.03009
23.6557
22.245789
23.069763
22.99347
24.305725
25.506592
24.880981
24.81842
24.969482
23.890686
24.281311
23.806763
25.608826
24.194336
24.305725
23.892212
24.21875
24.36676
23.719788
24.44458
23.82965
22.706604
22.105408
22.579956
22.54181
22.54181
22.54181
23.683167
21.669006
22.807312
21.51947
22.158813
22.033691
21.496582
20.205688
20.907593
20.170593
20.521545
20.909119
20.332336
20.497131
19.833374
20.996094
19.869995
21.658325
20.147705
21.659851
21.77124
20.457458
20.710754
21.710205
21.083069
19.918823
21.583557
21.022034
22.372437
21.669006
22.721863
22.019958
20.831299
22.059631
21.83075
21.89331
22.05658
23.782349
22.955322
24.407959
23.620605
23.59314
22.906494
22.70813
22.369385
23.207092
23.031616
22.621155
24.369812
22.557068
22.54181
24.694824
22.930908
23.158264
23.558044
22.080994
21.580505
21.733093
22.271729
22.53418
22.642517
21.994019
23.39325
22.833252
23.431396
23.68164
21.932983
22.122192
22.784424
22.309875
22.994995
23.158264
22.68219
24.369812
21.994019
24.49646
23.269653
23.269653
23.269653
24.406433
24.906921
24.656677
23.742676
22.329712
24.221802
22.369385
23.031616
23.68164
23.869324
24.59259
24.59259
24.33014
24.36676
24.743652
25.619507
24.156189
24.969482
23.744202
24.53003
24.055481
23.96698
23.806763
24.182129
23.05603
23.968506
24.867249
24.84436
23.493958
23.532104
22.779846
23.532104
23.205566
23.268127
22.51892
23.306274
22.43042
23.432922
23.768616
24.305725
24.156189
23.405457
22.956848
21.855164
23.268127
23.231506
22.828674
23.680115
23.99292
22.805786
24.719238
23.103333
23.327637
24.179077
24.156189
25.343323
23.54126
22.51892
22.291565
20.353699
22.807312
22.917175
22.164917
23.954773
23.643494
24.64447
24.404907
24.679565
23.979187
24.118042
24.017334
24.679565
23.641968
24.743652
22.866821
23.556519
24.053955
24.053955
24.053955
23.042297
23.16742
22.206116
22.268677
22.90802
21.681213
20.73059
20.256042
21.51947
20.295715
19.107056
20.481873
20.858765
20.733643
19.670105
21.743774
20.55664
20.295715
19.918823
20.52002
17.741394
20.643616
20.353699
20.666504
19.567871
19.943237
19.567871
21.795654
21.166992
21.357727
20.440674
18.65387
20.4422
20.854187
20.70465
21.206665
19.342041
22.206116
21.017456
20.031738
18.751526
20.73059
18.132019
20.169067
20.169067
17.218018
19.006348
16.981506
18.405151
17.843628
18.215942
18.669128
16.157532
17.732239
16.55426
18.319702
17.732239
18.444824
18.359375
20.108032
18.507385
18.44635
19.73114
19.732666
20.333862
19.258118
17.843628
20.645142
18.006897
18.507385
18.981934
19.732666
21.97113
20.207214
19.793701
19.795227
20.106506
20.106506
20.106506
19.145203
17.381287
18.421936
18.696594
19.233704
18.086243
17.008972
17.036438
15.133667
14.096069
15.447998
15.283203
13.020325
12.973022
13.723755
13.659668
11.309814
11.373901
10.897827
10.784912
9.898376
8.522034
6.845093
6.7611694
7.046509
6.8603516
5.697632
3.5339355
2.307129
2.0568848
0.27008057
0.10681152
-1.4190674
-0.7659912
-1.8920898
-2.0187378
-3.0944824
-4.069519
-5.256653
-4.9942017
-4.6081543
-6.4590454
-6.2698364
-7.7957153
-7.899475
-9.333801
-8.294678
-8.27179
-7.296753
-6.9595337
-7.3120117
-7.08313
-6.3598633
-7.772827
-8.746338
-8.459473
-10.536194
-9.020996
-9.147644
-9.083557
-11.00769
-9.7091675
-9.6710205
-10.559082
-10.772705
-10.65979
-10.746765
-10.409546
-10.273743
-12.060547
-12.536621
-13.887024
-14.053345
-14.215088
-15.841675
-16.003418
-17.85431
-17.105103
-17.105103
-17.816162
-20.980835
-19.670105
-20.996094
-21.45691
-22.122192
-23.220825
-21.972656
-22.523499
-24.136353
-22.846985
-24.827576
-23.06366
-24.82605
-25.262451
-25.36621
-24.890137
-26.402283
-25.115967
-25.865173
-26.402283
-25.590515
-27.030945
-26.716614
-26.527405
-27.217102
-27.191162
-27.279663
-28.070068
-28.19519
-27.470398
-28.007507
-28.61023
-27.696228
-27.008057
-28.218079
-27.319336
-26.3443
-28.521729
-27.355957
-28.797913
-28.909302
-27.42157
-27.285767
-28.009033
-27.44751
-28.387451
-27.885437
-28.675842
-27.262878
-28.427124
-27.7359
-28.425598
-27.365112
-29.052734
-28.878784
-29.716492
-29.153442
-28.941345
-29.59137
-27.929688
-29.493713
-27.40326
-26.516724
-27.742004
-27.806091
-27.616882
-28.11737
-28.869629
-28.56903
-27.40326
-29.9057
-27.554321
-27.279663
-25.354004
-27.65503
-25.9552
-26.992798
-26.992798
-28.245544
-27.656555
-25.267029
-25.315857
-26.243591
-26.416016
-26.116943
-26.930237
-25.163269
-25.790405
-25.642395
-24.502563
-23.83728
-23.187256
-24.664307
-23.376465
-22.999573
-23.312378
-23.150635
-22.77832
-24.891663
-24.751282
-23.750305
-23.651123
-23.103333
-23.039246
-24.70398
-24.227905
-23.5672
-24.25232
-24.85199
-26.141357
-25.126648
-24.603271
-25.106812
-24.441528
-24.316406
-24.542236
-23.506165
-23.692322
-24.456787
-24.253845
-25.143433
-24.980164
-25.067139
-24.606323
-24.291992
-23.96698
-24.067688
-23.381042
-23.379517
-23.040771
-21.549988
-22.128296
-22.564697
-20.98999
-20.73822
-21.963501
-21.27533
-20.96405
-21.812439
-20.863342
-20.588684
-19.488525
-19.761658
-19.161987
-18.574524
-18.450928
-17.349243
-17.199707
-18.67218
-16.885376
-18.164062
-16.706848
-16.098022
-17.410278
-18.362427
-15.313721
-15.313721
-15.313721
-16.28418
-16.700745
-15.533447
-15.59906
-17.300415
-14.97345
-15.811157
-14.7491455
-14.99939
-14.286804
-14.872742
-14.271545
-12.70752
-15.248108
-14.474487
-12.368774
-12.457275
-12.669373
-12.045288
-12.734985
-12.084961
-10.467529
-10.105896
-10.469055
-8.378601
-8.029175
-7.9040527
-6.954956
-6.7382812
-7.926941
-7.3013306
-6.428528
-6.0516357
-6.0272217
-6.802368
-7.0877075
-5.6655884
-4.3518066
-4.88739
-5.3894043
-4.2022705
-4.4784546
-5.3634644
-4.975891
-5.4260254
-4.2373657
-3.3752441
-2.7877808
-3.0014038
-2.4765015
-1.7272949
-3.413391
-2.0767212
-3.0166626
-1.1398315
-0.15258789
-1.7288208
-0.81329346
-0.5874634
-1.9805908
-1.7700195
-1.9561768
-1.2680054
-1.0055542
-0.38146973
-1.4801025
-1.5182495
0.0793457
-0.48217773
0.1159668
0.39520264
-0.39672852
-0.047302246
-0.63323975
-1.045227
-2.3086548
-3.9138794
-3.9138794
-3.9138794
-5.014038
-4.953003
-5.718994
-4.7302246
-3.7322998
-4.5791626
-5.0308228
-3.6315918
-3.630066
-4.6447754
-4.020691
-6.3461304
-4.6447754
-4.145813
-4.6676636
-5.4351807
-4.35791
-3.2363892
-2.9342651
-2.6733398
-1.9714355
-2.961731
-3.2989502
-4.248047
-2.4856567
-3.7506104
-4.437256
-4.48761
-3.1280518
-3.8391113
-4.7164917
-3.9154053
-6.1416626
-5.6030273
-3.753662
-4.6539307
-4.029846
-6.3552856
-5.194092
-5.671692
-4.095459
-5.3588867
-5.770874
-4.9484253
-5.3359985
-4.7836304
-6.3964844
-6.4849854
-5.671692
-6.274414
-5.987549
-7.2143555
-6.0287476
-7.167053
-5.014038
-6.0058594
-5.531311
-5.805969
-5.783081
-5.781555
-5.680847
-5.696106
-4.180908
-7.258606
-5.680847
-4.7439575
-6.3842773
-5.74646
-7.0114136
-6.536865
-6.7214966
-5.848694
-5.8258057
-7.0388794
-5.8761597
-5.13916
-6.929016
-6.929016
-6.929016
-7.356262
-6.1050415
-5.203247
-5.89447
-6.1203003
-6.4712524
-5.418396
-6.5826416
-4.6829224
-5.607605
-6.3705444
-5.0704956
-4.6676636
-4.7546387
-6.7108154
-5.3588867
-5.508423
-5.4595947
-3.5842896
-4.7332764
-5.984497
-4.522705
-4.60968
-4.173279
-4.0237427
-4.072571
-5.4260254
-5.012512
-2.987671
-4.588318
-2.5390625
-1.121521
-5.7998657
-3.163147
-3.0761719
-3.9260864
-3.5995483
-1.9134521
-3.7353516
-3.2211304
-2.784729
-2.5100708
-2.659607
-1.0360718
-0.9613037
-0.7461548
-2.746582
-0.8956909
-2.4719238
-0.7461548
-2.1972656
-2.2216797
-0.5844116
0.064086914
0.3768921
-1.3961792
-1.8722534
-0.83465576
-1.3092041
-1.159668
-0.8972168
-1.5563965
-0.8666992
-1.5579224
-1.2069702
-0.43182373
-1.0559082
-1.3916016
-0.9170532
-0.0030517578
-0.9536743
-1.6174316
0.2960205
-0.390625
-1.4678955
-1.3916016
0.7095337
0.23345947
0.23345947
1.3961792
-0.41503906
0.9841919
1.1505127
1.5853882
0.87280273
0.8972168
1.9989014
2.7252197
0.8117676
0.8483887
1.9744873
2.3147583
1.5029907
1.9760132
2.9144287
0.9857178
0.2746582
0.9384155
2.2521973
2.4017334
3.0410767
2.7664185
2.3376465
2.1652222
3.1646729
3.6026
2.2521973
2.0004272
3.7017822
2.7542114
4.953003
2.5375366
3.100586
1.2527466
1.3504028
1.3168335
0.36315918
0.9780884
1.9760132
0.40283203
2.7297974
0.58898926
-0.3112793
0.81329346
1.3504028
0.58898926
-0.28686523
-1.348877
0.27618408
-0.2883911
-0.41351318
0.31433105
-0.28686523
-0.8743286
1.1260986
0.4638672
1.0238647
-1.5396118
-1.6418457
-0.59814453
-0.8102417
-0.8743286
-1.3473511
-1.6357422
-1.348877
-1.2863159
-1.3504028
-0.34942627
-2.6000977
-2.5772095
-2.3620605
-3.239441
-2.0751953
-1.8875122
-3.6758423
-2.3864746
-3.0761719
-3.0761719
-2.8259277
-3.5751343
-3.7628174
-4.1137695
-4.776001
-4.0252686
-5.088806
-3.2989502
-4.26178
-5.2993774
-5.8624268
-5.5862427
-6.488037
-5.7113647
-6.213379
-6.6497803
-5.9509277
-6.9610596
-6.2973022
-4.801941
-5.7144165
-6.298828
-7.3379517
-8.024597
-8.372498
-7.975769
-6.8984985
-7.058716
-7.0861816
-8.087158
-6.109619
-6.8359375
-7.485962
-7.2113037
-9.085083
-8.248901
-7.185364
-8.485413
-8.332825
-9.306335
-8.895874
-9.483337
-8.294678
-8.207703
-8.395386
-9.744263
-10.618591
-9.329224
-9.480286
-9.118652
-9.918213
-10.932922
-9.892273
-11.079407
-9.854126
-10.891724
-9.22699
-10.806274
-11.943054
-11.77063
-11.21521
-13.131714
-11.49292
-11.903381
-13.844299
-12.590027
-11.904907
-12.591553
-14.666748
-12.815857
-14.604187
-12.487793
-13.963318
-13.050842
-13.2751465
-14.175415
-13.900757
-12.132263
-13.551331
-13.551331
-13.113403
-12.823486
-14.710999
-14.634705
-16.16211
-14.7491455
-14.569092
-14.607239
-13.795471
-14.582825
-15.455627
-13.565063
-13.705444
-15.731812
-14.390564
-13.293457
-15.04364
-14.289856
-16.178894
-14.312744
-14.764404
-15.763855
-14.350891
-14.312744
-15.475464
-14.686584
-14.865112
-15.263367
-17.590332
-15.490723
-16.825867
-14.952087
-18.379211
-16.615295
-16.653442
-17.428589
-16.86554
-16.86554
-17.840576
-19.129944
-19.129944
-19.27948
-18.118286
-19.81659
-19.277954
-18.440247
-18.615723
-18.554688
-18.4906
-19.152832
-19.477844
-19.689941
-18.914795
-21.18988
-20.664978
-19.776917
-19.302368
-19.026184
-19.239807
-21.35315
-20.162964
-19.126892
-19.302368
-19.213867
-19.56482
-19.877625
-19.625854
-20.689392
-19.152832
-21.125793
-20.063782
-21.128845
-19.651794
-20.639038
-20.776367
-22.12677
-22.12677
-22.12677
-21.04187
-20.639038
-21.41571
-21.351624
-21.626282
-21.437073
-22.639465
-22.57843
-23.14148
-22.453308
-22.76764
-23.495483
-24.27826
-24.494934
-24.494934
-25.094604
-25.6958
-24.206543
-24.55597
-25.309753
-26.446533
-27.096558
-26.074219
-26.42517
-26.675415
-27.861023
-27.83966
-26.202393
-26.67694
-27.928162
-26.994324
-27.180481
-28.172302
-28.947449
-28.19519
-28.297424
-28.074646
-28.738403
-28.009033
-27.53601
-27.12555
-28.575134
-28.715515
-26.850891
-28.851318
-29.405212
-28.45459
-25.914001
-28.216553
-28.581238
-27.992249
-26.867676
-28.556824
-26.956177
-26.997375
-26.971436
-24.647522
-25.335693
-24.272156
-25.437927
-25.564575
-24.186707
-23.83728
-23.710632
-24.024963
-23.55194
-23.529053
-23.442078
-22.753906
-20.64209
-21.240234
-21.627808
-20.114136
-19.989014
-19.952393
-19.79065
-21.276855
-21.276855
-21.276855
-19.363403
-19.129944
-18.06488
-18.063354
-18.02826
-17.404175
-17.402649
-18.318176
-16.46576
-16.365051
-15.675354
-16.651917
-15.50293
-15.200806
-14.100647
-16.490173
-15.527344
-15.2771
-17.028809
-16.52832
-14.328003
-14.590454
-13.613892
-10.562134
-11.975098
-11.38916
-13.302612
-12.576294
-10.762024
-10.676575
-10.22644
-10.598755
-8.436584
-9.013367
-6.335449
-5.584717
-4.463196
-2.949524
-4.586792
-2.1972656
-1.8814087
-1.3580322
-0.90789795
1.1672974
1.9424438
2.7297974
1.9821167
2.6306152
5.0216675
5.0445557
6.4453125
6.8984985
5.870056
7.949829
8.987427
8.9279175
8.9279175
9.114075
10.276794
11.715698
10.342407
10.592651
12.068176
11.631775
11.932373
11.694336
13.011169
12.283325
11.2838745
12.471008
13.61084
14.997864
14.134216
15.512085
15.612793
14.962769
16.175842
16.175842
15.963745
16.778564
15.628052
15.715027
14.968872
14.941406
17.16919
18.24646
16.282654
17.4469
18.197632
18.760681
18.385315
20.114136
18.66455
20.391846
21.154785
20.36438
21.652222
20.214844
19.551086
20.239258
19.900513
21.380615
21.128845
19.802856
21.24176
21.066284
21.842957
21.46759
20.930481
22.419739
22.381592
21.304321
21.240234
22.277832
23.5672
22.990417
22.40448
22.003174
22.816467
22.68982
21.502686
21.528625
21.716309
19.740295
22.279358
21.5271
21.212769
21.148682
22.476196
23.062134
21.748352
23.039246
23.350525
23.751831
21.299744
23.286438
24.91455
26.017761
25.428772
24.14093
25.8667
27.694702
26.358032
27.146912
27.210999
28.033447
27.609253
29.222107
27.996826
26.960754
24.894714
25.170898
22.483826
22.584534
21.91925
21.91925
21.91925
21.969604
21.858215
21.12732
21.380615
20.715332
21.690369
21.75293
21.026611
22.163391
22.12677
22.24884
23.26355
23.313904
23.310852
21.611023
22.233582
23.147583
24.183655
22.90802
21.57135
21.633911
22.558594
22.686768
21.295166
21.247864
21.833801
22.419739
20.947266
20.581055
19.943237
22.37091
22.268677
21.354675
21.257019
21.731567
20.50476
22.393799
20.819092
22.457886
21.247864
22.64862
23.652649
23.373413
23.374939
22.81189
23.374939
23.373413
22.187805
23.286438
23.085022
23.249817
21.870422
23.747253
24.021912
24.908447
23.622131
24.282837
23.831177
25.619507
22.605896
26.545715
24.594116
23.991394
23.428345
24.717712
24.201965
24.163818
22.888184
23.101807
21.24939
22.698975
22.676086
25.074768
24.549866
24.38507
24.797058
24.510193
24.510193
24.510193
25.109863
24.961853
24.835205
24.83368
27.050781
24.635315
25.85907
25.546265
27.67334
26.460266
27.522278
27.537537
29.888916
26.399231
28.248596
29.626465
28.501892
28.938293
28.541565
28.27301
28.9505
29.849243
30.599976
29.725647
31.452942
29.79126
30.351257
31.239319
31.451416
31.925964
30.914307
32.49054
31.715393
31.777954
31.237793
30.548096
29.974365
32.36389
31.736755
32.037354
32.362366
30.950928
31.674194
32.077026
32.637024
34.376526
33.06427
33.589172
33.68988
34.65271
35.151672
35.68878
35.040283
35.453796
35.539246
34.025574
35.881042
35.794067
36.584473
37.109375
35.54535
38.34839
37.05902
36.987305
36.87439
38.00049
37.026978
38.502502
37.902832
39.216614
40.379333
38.627625
40.029907
39.445496
39.942932
39.819336
38.806152
38.806152
38.806152
39.46991
41.210938
38.945007
39.94751
41.19568
39.405823
41.645813
41.519165
41.070557
40.67993
40.231323
39.730835
40.67993
40.829468
42.118835
40.855408
41.51764
40.940857
41.331482
40.6662
41.392517
43.93158
42.643738
42.42859
43.119812
41.766357
43.556213
41.89148
42.643738
42.871094
41.703796
41.870117
43.811035
42.959595
43.00995
43.121338
43.910217
44.496155
43.24646
42.660522
42.770386
44.59839
43.397522
44.911194
43.722534
44.30847
44.86084
44.883728
44.284058
43.936157
45.510864
44.79828
46.16394
44.088745
45.661926
43.911743
45.159912
45.224
45.94879
45.220947
44.657898
44.03534
44.470215
43.208313
43.93463
43.208313
43.623352
45.863342
46.36078
44.78607
44.058228
44.935608
44.934082
44.72351
45.72296
45.307922
46.03424
46.03424
46.03424
45.759583
45.373535
45.658875
46.470642
44.407654
45.99762
46.136475
46.850586
46.20056
45.576477
46.424866
45.539856
46.102905
44.88678
46.766663
44.976807
46.70105
46.450806
44.59839
43.585205
46.824646
45.324707
44.721985
46.235657
47.161865
45.472717
47.325134
43.875122
45.988464
46.035767
45.996094
45.94879
45.158386
45.20569
43.76831
44.680786
44.218445
44.326782
44.267273
43.518066
43.704224
44.74182
43.640137
46.528625
44.73877
43.099976
45.010376
44.577026
43.562317
44.26422
45.39032
44.325256
44.63806
43.06183
44.54956
43.951416
43.577576
44.95392
44.155884
44.743347
45.054626
45.326233
45.30182
45.777893
45.942688
45.552063
44.802856
43.203735
46.09375
45.30487
45.1416
45.532227
45.492554
44.703674
43.641663
44.88983
44.851685
44.851685
44.851685
47.0047
45.36743
44.70215
44.6167
44.664
43.737793
44.53888
42.938232
42.599487
42.18445
42.70935
41.973877
40.771484
41.93268
42.55829
41.95404
42.556763
41.293335
41.644287
41.481018
42.36908
41.39557
43.44635
42.141724
42.74292
41.204834
42.45758
40.39154
40.994263
41.35742
41.334534
41.523743
41.711426
41.648865
42.037964
42.562866
41.563416
41.838074
42.12494
41.584778
39.7583
40.9317
42.396545
39.85443
39.767456
39.353943
38.50403
39.27765
38.604736
39.256287
39.95819
39.292908
39.25476
39.967346
38.002014
38.876343
37.48932
37.249756
36.672974
37.046814
36.010742
35.572815
33.68225
33.944702
33.5083
33.680725
33.906555
33.88214
33.406067
33.87909
32.05414
33.01544
31.6391
32.1167
32.678223
32.740784
33.33893
33.33893
32.42798
31.515503
31.70166
31.828308
32.5531
33.491516
34.031677
33.206177
34.28192
32.318115
32.966614
32.36847
32.70569
33.306885
32.904053
32.49359
33.242798
33.569336
31.906128
32.643127
32.592773
32.15332
32.366943
32.592773
32.45392
32.380676
32.704163
30.853271
33.692932
34.21631
33.406067
33.0307
31.454468
32.380676
31.57959
30.766296
30.451965
29.16565
29.562378
29.60205
28.826904
27.210999
26.248169
26.872253
27.226257
25.360107
25.92163
26.42212
25.732422
25.733948
26.934814
26.522827
25.523376
25.460815
26.086426
25.77362
27.186584
25.375366
25.849915
26.2146
26.127625
26.901245
27.931213
26.20697
26.379395
27.456665
27.957153
25.15564
26.893616
25.770569
25.535583
27.859497
26.071167
26.698303
27.607727
26.42212
28.459167
26.983643
26.983643
26.983643
26.356506
25.923157
27.020264
25.531006
26.931763
26.867676
26.41449
27.416992
27.067566
25.317383
26.98059
26.567078
26.567078
25.967407
25.379944
26.202393
24.502563
24.653625
25.790405
24.80011
24.479675
24.71466
24.154663
25.253296
23.902893
22.491455
24.214172
24.090576
25.102234
23.504639
24.067688
24.568176
25.442505
24.72992
24.632263
24.668884
24.130249
23.780823
24.72992
24.815369
24.317932
24.404907
26.020813
25.41809
24.041748
25.730896
26.605225
24.154663
27.018738
26.542664
26.019287
26.043701
26.54419
26.557922
26.231384
25.479126
24.980164
26.042175
24.775696
26.628113
25.938416
24.537659
25.375366
25.813293
24.084473
23.649597
24.412537
23.934937
22.946167
22.447205
21.159363
22.070312
21.858215
21.31958
21.858215
19.67926
19.67926
19.67926
22.711182
20.794678
20.947266
19.970703
21.958923
21.046448
21.458435
21.31958
22.647095
22.297668
20.15686
22.132874
21.611023
20.947266
23.54889
21.095276
21.984863
21.572876
21.696472
20.26062
20.94574
20.323181
18.1427
21.0083
19.633484
19.259644
18.556213
17.805481
18.617249
18.553162
17.590332
17.89093
17.015076
16.62445
16.221619
16.946411
14.582825
13.48114
12.164307
10.876465
10.163879
10.101318
7.3394775
8.465576
6.739807
4.576111
4.40979
3.3355713
2.532959
1.6860962
0.21057129
-0.22735596
-2.015686
-0.3768921
-1.7028809
-2.1636963
-1.9897461
-3.1295776
-3.17688
-2.1652222
-4.714966
-3.390503
-4.2770386
-4.5288086
-4.2770386
-5.5007935
-6.1553955
-6.567383
-7.1655273
-7.7911377
-9.555054
-9.45282
-9.889221
-9.492493
-10.227966
-10.038757
-10.575867
-10.575867
-10.575867
-11.929321
-11.140442
-12.428284
-13.502502
-12.802124
-13.65509
-14.717102
-15.866089
-17.131042
-17.668152
-19.47937
-20.544434
-20.480347
-22.03064
-22.465515
-24.406433
-23.052979
-23.15216
-25.654602
-25.90332
-25.125122
-27.851868
-25.941467
-27.352905
-26.527405
-26.315308
-28.76587
-28.03955
-27.064514
-28.015137
-28.242493
-26.50299
-25.314331
-26.628113
-26.78833
-25.27771
-26.063538
-24.23706
-25.151062
-26.377869
-24.864197
-25.852966
-26.25122
-25.314331
-24.627686
-25.004578
-25.442505
-25.592041
-24.879456
-27.1698
-24.27826
-25.782776
-24.943542
-24.75586
-25.482178
-25.132751
-25.44403
-26.733398
-26.757812
-27.833557
-26.069641
-27.70996
-26.737976
-25.44403
-27.272034
-27.359009
-26.916504
-28.419495
-29.733276
-27.920532
-29.797363
-29.833984
-28.707886
-29.518127
-28.793335
-29.933167
-28.295898
-28.295898
-28.295898
-29.26941
-29.771423
-28.767395
-28.396606
-28.831482
-29.559326
-27.2583
-28.071594
-27.044678
-27.981567
-26.79596
-28.269958
-27.770996
-26.882935
-25.942993
-26.820374
-27.33612
-26.771545
-25.819397
-26.797485
-27.563477
-26.834106
-24.69635
-25.45929
-25.022888
-23.432922
-22.805786
-24.673462
-23.258972
-24.009705
-24.983215
-25.022888
-24.15924
-24.421692
-25.909424
-25.798035
-23.368835
-24.534607
-26.423645
-26.045227
-25.845337
-26.731873
-27.770996
-26.17035
-27.45819
-26.646423
-25.917053
-27.418518
-27.227783
-27.5177
-27.856445
-27.478027
-28.244019
-27.667236
-27.255249
-26.953125
-26.667786
-26.127625
-27.793884
-27.107239
-26.730347
-26.15509
-26.194763
-24.819946
-24.880981
-26.069641
-27.20642
-25.631714
-25.07019
-26.455688
-25.38147
-25.631714
-24.317932
-24.668884
-24.946594
-25.506592
-24.967957
-23.904419
-23.904419
-23.904419
-23.780823
-23.930359
-23.118591
-25.395203
-24.842834
-23.718262
-25.720215
-24.256897
-24.493408
-24.906921
-23.756409
-24.693298
-24.905396
-25.782776
-24.180603
-25.382996
-26.156616
-25.531006
-27.194214
-26.068115
-27.919006
-26.416016
-26.942444
-27.566528
-27.565002
-27.478027
-25.727844
-27.479553
-25.901794
-25.553894
-25.039673
-24.839783
-25.128174
-25.064087
-23.652649
-23.312378
-24.177551
-23.275757
-24.627686
-23.739624
-24.737549
-22.90039
-23.588562
-23.638916
-22.213745
-22.389221
-21.476746
-22.990417
-22.877502
-23.075867
-22.964478
-22.340393
-22.92633
-22.775269
-23.37799
-22.714233
-22.924805
-23.565674
-23.55194
-24.090576
-22.215271
-24.05243
-23.464966
-24.276733
-22.651672
-25.128174
-23.901367
-25.064087
-23.275757
-24.589539
-23.86322
-23.110962
-23.512268
-24.71466
-25.024414
-24.899292
-25.239563
-25.239563
-25.58899
-23.23761
-25.498962
-23.736572
-22.92633
-22.198486
-22.924805
-22.175598
-21.136475
-20.663452
-21.84906
-21.287537
-21.574402
-20.562744
-22.198486
-21.011353
-21.03424
-21.4859
-19.998169
-21.510315
-20.922852
-20.448303
-19.873047
-19.911194
-18.247986
-18.058777
-19.94934
-20.973206
-20.889282
-21.662903
-21.186829
-22.04895
-21.22345
-21.984863
-19.659424
-21.136475
-20.347595
-20.907593
-21.51184
-22.523499
-22.096252
-22.608948
-21.009827
-21.946716
-22.698975
-22.259521
-21.598816
-23.085022
-21.818542
-23.54889
-22.521973
-22.610474
-21.76056
-21.88263
-21.247864
-21.246338
-19.282532
-19.433594
-21.636963
-18.869019
-20.220947
-18.34259
-21.659851
-20.63446
-21.19751
-20.97168
-19.622803
-22.259521
-20.596313
-19.322205
-20.098877
-19.473267
-18.769836
-19.560242
-20.985413
-19.725037
-18.80951
-18.934631
-19.474792
-19.474792
-21.302795
-19.161987
-18.97583
-20.050049
-19.851685
-19.598389
-19.5755
-21.925354
-21.246338
-21.047974
-22.798157
-25.376892
-22.073364
-23.986816
-22.67456
-22.235107
-23.937988
-22.673035
-22.862244
-21.28601
-22.486877
-20.097351
-20.535278
-23.564148
-22.045898
-22.987366
-22.98584
-22.348022
-23.425293
-22.424316
-22.761536
-21.50879
-21.611023
-21.84906
-22.988892
-21.784973
-21.699524
-22.860718
-22.325134
-22.047424
-22.261047
-22.236633
-21.287537
-22.486877
-19.909668
-22.235107
-19.88678
-20.288086
-21.636963
-20.86029
-21.224976
-21.0495
-22.48993
-22.83783
-21.612549
-23.451233
-22.92633
-23.901367
-23.175049
-25.02594
-25.36316
-24.900818
-27.163696
-25.863647
-25.99945
-25.58899
-25.71106
-25.276184
-25.064087
-26.0849
-24.273682
-26.062012
-26.274109
-26.661682
-24.710083
-25.300598
-24.986267
-24.986267
-24.986267
-24.54834
-23.234558
-23.510742
-23.947144
-24.298096
-23.709106
-21.382141
-24.772644
-23.735046
-23.29712
-25.836182
-22.721863
-22.79663
-23.02246
-23.361206
-22.009277
-21.636963
-23.110962
-22.612
-21.07544
-23.086548
-21.923828
-22.113037
-24.235535
-22.174072
-25.338745
-23.77472
-23.023987
-24.362183
-22.636414
-23.736572
-24.485779
-24.511719
-26.237488
-24.549866
-24.987793
-24.398804
-24.923706
-24.836731
-23.886108
-25.276184
-25.48523
-23.950195
-25.524902
-26.087952
-25.48523
-24.40033
-24.449158
-25.462341
-26.815796
-24.812317
-25.436401
-24.526978
-22.610474
-22.58606
-23.98529
-22.737122
-24.441528
-24.615479
-22.697449
-23.838806
-23.362732
-23.925781
-22.799683
-22.07489
-22.239685
-22.137451
-22.613525
-22.390747
-23.30017
-22.737122
-24.46289
-23.866272
-25.050354
-24.11499
-25.238037
-24.012756
-22.01233
-22.01233
-22.01233
-24.964905
-25.524902
-24.6521
-24.986267
-23.736572
-28.477478
-26.438904
-26.087952
-26.791382
-26.58844
-27.124023
-26.239014
-25.872803
-27.75116
-25.712585
-25.961304
-26.522827
-25.271606
-23.007202
-24.60785
-25.549316
-24.234009
-24.485779
-23.07129
-22.697449
-23.04535
-23.757935
-22.958374
-22.158813
-23.02246
-22.610474
-22.921753
-23.0484
-23.0484
-21.858215
-23.171997
-23.150635
-22.261047
-24.29657
-24.073792
-21.826172
-23.149109
-22.285461
-23.086548
-23.54889
-23.57483
-23.550415
-23.54889
-23.086548
-23.988342
-25.276184
-23.388672
-25.427246
-23.77472
-25.239563
-23.512268
-25.837708
-26.498413
-25.151062
-26.78833
-25.236511
-25.933838
-26.023865
-26.023865
-26.712036
-25.839233
-25.523376
-26.235962
-24.835205
-24.461365
-25.775146
-24.676514
-25.024414
-25.750732
-23.773193
-25.149536
-23.937988
-23.937988
-23.937988
-23.448181
-24.963379
-23.962402
-23.272705
-24.40033
-23.710632
-23.924255
-25.561523
-23.298645
-24.960327
-24.238586
-24.937439
-23.512268
-24.337769
-23.937988
-25.086975
-23.861694
-23.614502
-24.137878
-23.052979
-23.901367
-25.465393
-24.05243
-25.1297
-24.11499
-24.841309
-24.739075
-23.614502
-25.427246
-25.177002
-26.278687
-26.878357
-27.330017
-25.340271
-25.653076
-26.252747
-26.66626
-26.101685
-25.590515
-27.719116
-26.902771
-25.92926
-26.6922
-25.753784
-24.90387
-24.092102
-25.068665
-25.2182
-24.531555
-24.217224
-24.632263
-24.195862
-22.018433
-23.529053
-21.994019
-22.88208
-21.995544
-21.870422
-22.242737
-22.280884
-21.64154
-23.095703
-20.857239
-20.680237
-21.292114
-21.45691
-22.14508
-20.9198
-21.89331
-19.541931
-21.11969
-19.50531
-21.206665
-20.857239
-21.354675
-23.532104
-22.216797
-22.969055
-22.969055
-22.969055
-24.821472
-23.61908
-23.532104
-24.694824
-24.569702
-23.36731
-24.7818
-24.531555
-24.507141
-25.106812
-25.068665
-23.492432
-25.04425
-24.095154
-25.04425
-24.806213
-24.717712
-22.494507
-25.384521
-23.770142
-23.70758
-23.25592
-22.970581
-22.782898
-22.970581
-22.37091
-23.248291
-23.406982
-22.53418
-22.90802
-22.019958
-22.148132
-22.781372
-21.057129
-22.369385
-20.831299
-21.206665
-22.08252
-20.12024
-21.871948
-20.831299
-20.26825
-21.11969
-20.518494
-20.55664
-19.480896
-20.770264
-21.269226
-22.367859
-21.392822
-21.017456
-22.242737
-22.05658
-22.717285
-22.868347
-21.704102
-23.405457
-24.055481
-23.905945
-22.766113
-23.96698
-24.467468
-25.868225
-25.2182
-25.242615
-25.654602
-25.239563
-24.96643
-24.337769
-25.305176
-25.30365
-24.07837
-23.927307
-23.902893
-25.152588
-24.615479
-22.766113
-22.177124
-22.225952
-22.225952
-23.802185
-23.303223
-24.053955
-23.777771
-23.942566
-24.21875
-21.665955
-22.80426
-22.180176
-21.990967
-22.454834
-24.21875
-23.530579
-24.14093
-24.053955
-24.055481
-22.740173
-24.468994
-24.378967
-23.614502
-24.316406
-25.8667
-23.80371
-24.427795
-25.152588
-24.926758
-25.463867
-23.989868
-26.878357
-24.053955
-25.003052
-25.611877
-25.439453
-26.190186
-24.987793
-25.810242
-26.150513
-25.875854
-26.089478
-25.987244
-26.525879
-25.65155
-26.751709
-26.475525
-26.501465
-26.437378
-25.65155
-27.81372
-24.864197
-25.874329
-25.076294
-25.486755
-26.651001
-26.176453
-26.1734
-26.27716
-25.048828
-25.74768
-27.000427
-25.964355
-26.652527
-26.998901
-25.39978
-24.987793
-25.375366
-26.67389
-26.213074
-24.736023
-25.58899
-24.836731
-26.5625
-27.36206
-25.675964
-25.486755
-25.51117
-25.874329
-25.874329
-25.874329
-25.465393
-26.539612
-26.062012
-25.98877
-24.51477
-25.050354
-26.904297
-26.652527
-27.102661
-26.063538
-24.42627
-24.964905
-25.05188
-24.80011
-26.690674
-25.875854
-27.000427
-26.126099
-26.023865
-26.152039
-26.66626
-25.61493
-24.45221
-24.713135
-26.565552
-23.762512
-25.241089
-25.801086
-24.1745
-24.987793
-26.301575
-26.190186
-25.590515
-24.775696
-25.96283
-26.3031
-25.027466
-24.014282
-25.552368
-25.84076
-25.61493
-26.127625
-25.30365
-23.777771
-24.836731
-24.238586
-26.065063
-26.501465
-24.427795
-27.252197
-25.611877
-24.987793
-25.653076
-23.866272
-24.59259
-25.27771
-25.401306
-24.815369
-25.776672
-25.613403
-24.96643
-24.777222
-24.365234
-25.115967
-25.239563
-23.989868
-24.05243
-24.238586
-24.879456
-25.004578
-25.152588
-24.964905
-24.777222
-26.254272
-24.214172
-25.004578
-24.813843
-24.142456
-24.142456
-25.154114
-26.028442
-25.27771
-25.004578
-23.739624
-24.513245
-24.528503
-25.157166
-24.987793
-24.655151
-24.404907
-24.90387
-24.07837
-25.091553
-25.216675
-23.866272
-25.340271
-24.51477
-24.465942
-23.51532
-23.390198
-23.902893
-24.07837
-24.7818
-23.904419
-23.391724
-23.303223
-25.180054
-23.80371
-23.80371
-23.240662
-23.34137
-25.028992
-23.51532
-23.45581
-24.07837
-25.305176
-23.928833
-25.865173
-24.51477
-24.615479
-23.777771
-24.017334
-23.840332
-24.342346
-23.739624
-23.991394
-24.403381
-25.154114
-25.242615
-23.96698
-25.042725
-23.991394
-24.142456
-25.067139
-25.065613
-23.989868
-25.8667
-24.142456
-24.029541
-23.390198
-25.30365
-24.342346
-23.74115
-24.653625
-24.403381
-23.99292
-23.277283
-24.142456
-24.589539
-23.091125
-25.1297
-23.51532
-24.528503
-23.553467
-25.216675
-23.991394
-24.029541
-22.842407
-22.842407
-23.57788
-25.215149
-25.1297
-22.680664
-23.091125
-24.07837
-24.655151
-24.942017
-23.414612
-23.431396
-24.879456
-24.465942
-23.989868
-23.553467
-24.716187
-25.091553
-24.214172
-23.989868
-25.367737
-23.579407
-24.880981
-24.467468
-23.616028
-22.676086
-25.093079
-24.96643
-24.615479
-24.96643
-23.114014
-23.277283
-26.280212
-24.378967
-23.8266
-24.180603
-24.528503
-24.11499
-23.777771
-23.176575
-24.942017
-24.316406
-24.238586
-23.490906
-23.8266
-23.114014
-24.316406
-25.027466
-23.36731
-23.327637
-22.891235
-24.116516
-23.214722
-25.152588
-23.927307
-24.27826
-24.238586
-24.014282
-24.116516
-23.214722
-23.48938
-23.991394
-24.427795
-23.388672
-24.96643
-24.838257
-24.87793
-24.015808
-23.240662
-24.679565
-23.68164
-25.30365
-23.11554
-24.926758
-24.615479
-23.864746
-23.68164
-22.987366
-24.528503
-24.365234
-24.365234
-23.51532
-21.740723
-23.390198
-23.57788
-25.177002
-22.927856
-23.991394
-23.301697
-22.550964
-23.362732
-21.72699
-21.702576
