-26.579285
-26.556396
-26.516724
-24.302673
-25.842285
-26.013184
-23.997498
-24.954224
-26.481628
-24.94812
-25.022888
-26.315308
-25.250244
-26.608276
-25.738525
-28.16925
-26.036072
-27.00653
-24.77417
-25.58136
-26.620483
-26.8219
-26.45874
-25.639343
-25.872803
-25.6958
-27.093506
-25.987244
-26.489258
-26.675415
-26.489258
-26.031494
-27.27356
-26.47705
-26.333618
-26.358032
-25.567627
-25.871277
-26.626587
-26.321411
-26.461792
-27.2583
-25.64392
-26.330566
-24.388123
-26.342773
-26.559448
-25.914001
-26.571655
-24.160767
-25.66681
-25.343323
-26.371765
-27.182007
-24.812317
-24.206543
-25.642395
-24.279785
-26.507568
-26.112366
-25.169373
-27.453613
-24.882507
-24.263
-25.17395
-24.873352
-24.873352
-25.602722
-24.082947
-24.319458
-25.19989
-25.801086
-24.827576
-23.83728
-25.271606
-25.282288
-25.785828
-25.184631
-24.967957
-25.154114
-25.309753
-25.58899
-23.74115
-25.068665
-25.1297
-25.546265
-25.567627
-26.675415
-27.37732
-26.50299
-26.06659
-25.010681
-26.776123
-26.408386
-26.797485
-26.072693
-24.963379
-25.608826
-25.741577
-24.917603
-27.137756
-26.782227
-25.917053
-25.123596
-25.27008
-25.297546
-25.863647
-25.543213
-26.52893
-26.254272
-26.664734
-26.53656
-25.863647
-27.104187
-25.698853
-27.096558
-25.546265
-25.289917
-26.335144
-25.997925
-26.681519
-28.208923
-26.493835
-28.642273
-26.464844
-25.994873
-26.016235
-24.801636
-24.777222
-27.244568
-25.12207
-25.881958
-25.875854
-26.515198
-26.594543
-25.794983
-27.824402
-26.107788
-25.67749
-27.528381
-26.73645
-26.612854
-26.037598
-25.778198
-25.778198
-25.778198
-26.062012
-27.114868
-26.51062
-26.330566
-25.717163
-26.393127
-25.714111
-25.23346
-25.90332
-27.035522
-26.07727
-25.730896
-26.290894
-25.886536
-25.723267
-24.964905
-26.446533
-24.545288
-26.37024
-25.785828
-25.576782
-27.08435
-27.87323
-26.519775
-26.794434
-25.854492
-26.843262
-26.550293
-25.630188
-25.184631
-26.408386
-25.94757
-23.773193
-25.131226
-25.94757
-27.157593
-27.192688
-25.798035
-26.794434
-26.719666
-26.72882
-25.02594
-26.420593
-25.12207
-26.794434
-25.271606
-27.308655
-25.759888
-25.869751
-27.894592
-25.14038
-28.219604
-27.467346
-26.516724
-27.487183
-26.48468
-26.730347
-26.53656
-26.66626
-26.394653
-25.74768
-25.587463
-26.017761
-26.37024
-26.507568
-27.105713
-27.438354
-26.535034
-27.128601
-26.663208
-26.812744
-26.080322
-27.4292
-25.558472
-26.37024
-28.048706
-26.51062
-26.51062
-26.51062
-26.461792
-25.616455
-24.964905
-25.708008
-26.046753
-26.768494
-27.055359
-26.797485
-25.83313
-25.778198
-26.617432
-25.494385
-26.013184
-26.809692
-27.380371
-25.872803
-24.94812
-26.531982
-25.567627
-27.070618
-26.463318
-27.108765
-25.979614
-26.516724
-26.812744
-27.42157
-25.743103
-26.3031
-26.031494
-26.797485
-27.389526
-26.608276
-25.6073
-26.776123
-26.351929
-27.406311
-27.539062
-27.436829
-27.97699
-26.028442
-27.384949
-25.72937
-25.98877
-26.000977
-26.000977
-26.046753
-27.563477
-26.737976
-27.198792
-26.028442
-26.757812
-25.90332
-26.516724
-24.923706
-27.082825
-24.765015
-26.831055
-26.013184
-24.77417
-25.683594
-26.283264
-25.886536
-26.657104
-26.327515
-25.567627
-27.163696
-26.495361
-25.737
-25.90332
-25.852966
-25.863647
-27.354431
-25.099182
-26.342773
-25.65918
-26.626587
-26.342773
-25.894165
-24.99237
-24.99237
-26.333618
-24.429321
-24.519348
-27.030945
-26.530457
-25.857544
-26.564026
-27.516174
-25.952148
-26.586914
-25.872803
-25.494385
-25.263977
-25.975037
-25.732422
-25.83313
-26.048279
-26.41449
-25.708008
-24.905396
-26.437378
-24.804688
-27.95105
-25.19226
-25.819397
-26.330566
-25.753784
-24.267578
-26.300049
-24.743652
-25.83313
-27.000427
-25.012207
-24.446106
-24.409485
-25.610352
-24.491882
-25.985718
-27.311707
-25.479126
-24.765015
-24.731445
-25.982666
-26.464844
-26.812744
-25.727844
-25.85144
-23.944092
-25.683594
-23.988342
-25.740051
-25.273132
-25.109863
-24.507141
-23.731995
-25.596619
-26.301575
-24.21112
-25.28534
-23.45581
-25.080872
-25.245667
-23.446655
-25.302124
-24.31488
-24.909973
-24.482727
-23.976135
-24.034119
-24.694824
-25.454712
-24.121094
-24.090576
-24.118042
-24.725342
-23.571777
-23.571777
-23.571777
-23.677063
-24.925232
-23.34137
-24.00055
-24.758911
-22.627258
-24.060059
-24.383545
-22.834778
-23.464966
-23.31543
-24.41864
-22.880554
-22.686768
-24.43695
-22.892761
-24.394226
-23.291016
-24.403381
-23.503113
-22.950745
-23.27118
-23.41919
-24.331665
-22.572327
-22.885132
-22.094727
-22.758484
-22.92633
-21.492004
-22.372437
-23.423767
-22.650146
-23.735046
-22.947693
-22.270203
-23.080444
-23.135376
-23.220825
-21.873474
-23.165894
-23.020935
-22.29004
-22.665405
-23.443604
-22.16034
-23.568726
-23.078918
-22.601318
-23.34137
-24.642944
-22.608948
-23.632812
-25.706482
-24.143982
-23.667908
-23.59314
-23.262024
-23.727417
-22.529602
-22.984314
-21.77887
-23.014832
-24.545288
-22.828674
-24.215698
-23.287964
-22.84851
-24.526978
-21.318054
-24.10431
-23.320007
-23.596191
-25.357056
-24.911499
-25.785828
-25.013733
-25.013733
-25.013733
-26.385498
-25.11444
-22.671509
-23.171997
-23.474121
-24.971008
-24.273682
-23.820496
-23.220825
-23.735046
-25.228882
-24.746704
-23.849487
-23.124695
-24.038696
-23.698425
-23.283386
-22.135925
-26.019287
-23.96698
-24.261475
-24.75586
-25.082397
-26.07727
-24.404907
-25.508118
-26.048279
-25.802612
-25.737
-25.419617
-26.46637
-26.608276
-26.065063
-26.045227
-25.686646
-24.938965
-25.854492
-26.065063
-25.300598
-25.143433
-26.67694
-25.601196
-25.93689
-27.340698
-27.339172
-26.38855
-26.081848
-26.443481
-24.371338
-26.733398
-25.013733
-26.62201
-25.180054
-25.805664
-23.532104
-25.668335
-25.857544
-26.197815
-26.7807
-25.849915
-24.578857
-24.50409
-23.036194
-25.843811
-23.808289
-25.164795
-26.779175
-26.937866
-24.954224
-26.026917
-25.195312
-26.568604
-24.473572
-25.134277
-25.839233
-27.261353
-26.823425
-26.823425
-26.823425
-26.020813
-25.526428
-26.307678
-25.559998
-27.139282
-28.038025
-26.574707
-25.775146
-26.805115
-25.131226
-24.76654
-25.52948
-24.476624
-23.416138
-26.747131
-25.04425
-26.304626
-25.082397
-25.292969
-25.514221
-26.472473
-25.689697
-27.406311
-27.838135
-26.65863
-27.215576
-25.05951
-27.801514
-27.104187
-26.655579
-27.128601
-27.113342
-27.26593
-26.060486
-25.961304
-26.527405
-26.399231
-25.793457
-27.397156
-25.996399
-27.832031
-27.08435
-28.048706
-26.57013
-26.060486
-26.509094
-26.49231
-26.309204
-26.45874
-27.134705
-26.435852
-25.717163
-25.540161
-26.42517
-27.374268
-26.696777
-28.565979
-27.60315
-28.770447
-28.433228
-30.30243
-28.611755
-28.741455
-28.089905
-29.353333
-30.044556
-27.775574
-28.068542
-29.736328
-28.700256
-28.105164
-27.763367
-27.825928
-28.083801
-27.264404
-28.759766
-27.922058
-27.922058
-27.922058
-27.992249
-26.800537
-28.36914
-28.077698
-27.922058
-29.467773
-28.138733
-28.79181
-28.13263
-29.10614
-29.02069
-29.684448
-29.237366
-29.551697
-28.387451
-27.955627
-27.71759
-29.10614
-30.316162
-28.929138
-29.769897
-28.309631
-27.670288
-27.667236
-29.699707
-29.672241
-29.699707
-31.440735
-29.003906
-30.690002
-28.721619
-30.632019
-30.552673
-29.771423
-31.71997
-31.303406
-30.296326
-28.826904
-29.618835
-31.791687
-28.48053
-28.903198
-31.158447
-29.534912
-29.534912
-30.143738
-30.064392
-30.622864
-29.161072
-31.625366
-28.546143
-31.28357
-30.96466
-29.844666
-29.989624
-29.789734
-29.386902
-28.598022
-30.447388
-29.138184
-30.406189
-29.820251
-28.211975
-28.097534
-27.015686
-29.170227
-28.152466
-28.500366
-28.61023
-27.850342
-27.349854
-27.334595
-26.78833
-28.207397
-27.462769
-28.225708
-25.78125
-25.78125
-25.78125
-26.625061
-28.35083
-28.936768
-28.161621
-27.82898
-28.399658
-27.500916
-29.795837
-28.05481
-27.81372
-27.632141
-27.593994
-27.104187
-28.504944
-28.489685
-26.948547
-27.087402
-27.8656
-27.410889
-25.630188
-24.621582
-25.14038
-25.932312
-27.056885
-28.03955
-26.889038
-25.587463
-25.3891
-23.76709
-24.967957
-27.03247
-24.169922
-24.84436
-27.857971
-26.565552
-26.231384
-25.52185
-26.020813
-25.056458
-26.071167
-25.58899
-25.654602
-26.004028
-25.456238
-25.700378
-25.975037
-25.340271
-25.15564
-27.366638
-25.842285
-26.715088
-27.531433
-24.456787
-25.271606
-25.80719
-25.759888
-24.780273
-26.124573
-25.790405
-25.805664
-28.485107
-26.727295
-27.49939
-26.950073
-26.785278
-26.92566
-26.791382
-25.267029
-25.83313
-26.98059
-26.985168
-26.745605
-25.944519
-24.91455
-26.023865
-25.756836
-26.583862
-23.97461
-23.97461
-25.524902
-25.20752
-23.30017
-25.013733
-25.210571
-25.514221
-24.22638
-24.441528
-24.732971
-25.730896
-25.07782
-24.349976
-22.929382
-25.570679
-25.010681
-24.337769
-24.334717
-25.927734
-24.931335
-25.74768
-25.164795
-27.529907
-24.980164
-26.808167
-27.882385
-26.387024
-26.698303
-25.914001
-25.616455
-25.778198
-23.771667
-24.867249
-24.841309
-24.368286
-25.100708
-27.60315
-24.378967
-24.491882
-24.86267
-25.592041
-24.53003
-23.512268
-23.286438
-24.464417
-24.523926
-23.28186
-22.680664
-24.7818
-22.842407
-23.973083
-23.54889
-24.473572
-22.671509
-22.42279
-23.709106
-22.48993
-22.676086
-24.142456
-23.544312
-22.819519
-22.711182
-22.613525
-23.597717
-23.841858
-24.357605
-23.274231
-23.890686
-22.554016
-22.569275
-22.868347
-23.597717
-22.937012
-23.143005
-23.130798
-22.587585
-24.186707
-22.447205
-23.08197
-23.08197
-21.76056
-22.660828
-21.653748
-23.054504
-22.303772
-23.101807
-20.806885
-21.304321
-23.0896
-21.722412
-21.98639
-21.832275
-21.681213
-21.946716
-20.497131
-20.262146
-22.257996
-22.261047
-20.429993
-19.906616
-19.26117
-20.819092
-19.412231
-20.3125
-19.181824
-18.737793
-18.960571
-18.19458
-16.63208
-19.40918
-20.33844
-20.228577
-21.113586
-17.45758
-17.112732
-17.72461
-17.868042
-18.46466
-18.400574
-17.823792
-17.378235
-17.120361
-17.866516
-19.544983
-18.190002
-18.449402
-19.514465
-18.904114
-18.574524
-18.086243
-20.376587
-20.837402
-20.954895
-20.17212
-19.612122
-20.59021
-19.999695
-19.447327
-20.179749
-20.90149
-20.359802
-19.398499
-19.844055
-19.032288
-20.87555
-19.490051
-20.199585
-19.732666
-19.989014
-19.833374
-20.100403
-22.38617
-20.448303
-21.549988
-20.547485
-22.721863
-21.392822
-19.090271
-19.090271
-19.090271
-22.679138
-21.284485
-22.20459
-20.358276
-20.114136
-21.076965
-22.331238
-21.968079
-20.613098
-20.283508
-21.40503
-21.54541
-23.283386
-22.920227
-21.192932
-22.828674
-21.929932
-22.529602
-22.026062
-21.29364
-21.711731
-23.500061
-23.316956
-21.974182
-23.414612
-24.145508
-24.28894
-23.327637
-25.78125
-25.3891
-25.650024
-24.212646
-24.682617
-25.566101
-26.223755
-26.577759
-23.895264
-23.246765
-24.954224
-24.645996
-23.968506
-23.675537
-25.41504
-26.45874
-25.704956
-27.470398
-25.917053
-27.389526
-27.529907
-28.111267
-27.445984
-27.853394
-27.479553
-26.878357
-28.460693
-27.508545
-28.018188
-28.76587
-28.93219
-28.456116
-29.153442
-29.034424
-26.904297
-29.141235
-27.149963
-28.72467
-27.952576
-27.82898
-28.19519
-26.617432
-28.781128
-26.498413
-26.00708
-27.853394
-28.63617
-28.837585
-27.624512
-27.624512
-27.624512
-28.43628
-27.496338
-27.622986
-27.89154
-27.36206
-27.468872
-28.050232
-25.85907
-27.079773
-26.805115
-26.760864
-27.172852
-26.499939
-25.852966
-26.379395
-26.049805
-27.215576
-25.454712
-26.51825
-24.365234
-24.986267
-24.679565
-26.203918
-25.067139
-24.21875
-24.99237
-25.480652
-24.1333
-22.3526
-23.902893
-22.859192
-24.191284
-23.405457
-23.530579
-22.511292
-21.806335
-22.523499
-22.019958
-21.336365
-19.508362
-19.761658
-19.657898
-19.676208
-19.448853
-18.708801
-17.959595
-19.720459
-18.632507
-19.508362
-17.079163
-18.55774
-17.546082
-16.677856
-16.299438
-16.685486
-15.158081
-14.199829
-14.6698
-14.332581
-14.981079
-14.241028
-12.521362
-13.25531
-12.004089
-13.478088
-13.848877
-12.55188
-10.868835
-10.879517
-11.752319
-12.129211
-10.386658
-9.744263
-8.125305
-8.091736
-8.187866
-7.7697754
-7.7697754
-7.7697754
-6.716919
-7.2753906
-5.882263
-4.6539307
-5.0964355
-3.2989502
-4.1915894
-4.6844482
-3.5247803
-4.3395996
-3.6270142
-3.3966064
-4.634094
-3.5842896
-1.0299683
-0.390625
-1.3092041
-0.8255005
-0.42266846
0.53253174
-0.5508423
1.7791748
0.2746582
1.8127441
2.2735596
2.8579712
4.966736
2.6947021
3.8635254
4.084778
5.857849
4.9560547
5.053711
5.8120728
5.2200317
6.829834
6.677246
7.2387695
7.243347
6.781006
6.678772
6.385803
8.633423
8.293152
9.039307
8.874512
8.7677
6.7337036
8.779907
9.751892
11.959839
11.203003
11.889648
12.692261
11.207581
11.239624
12.112427
11.871338
10.646057
11.25946
10.359192
10.284424
9.361267
10.5896
10.890198
11.395264
9.825134
10.246277
10.55603
10.151672
9.80072
9.344482
10.920715
9.669495
9.806824
9.025574
10.176086
10.935974
10.935974
11.274719
9.790039
10.493469
9.692383
9.590149
9.870911
10.322571
9.150696
9.172058
8.930969
10.144043
9.729004
8.200073
7.244873
7.8964233
7.9452515
8.204651
8.293152
7.5668335
7.4508667
7.6065063
7.458496
7.1411133
8.842468
6.8222046
8.11615
8.853149
7.9086304
7.624817
8.753967
5.3497314
8.195496
7.9574585
8.436584
7.836914
7.585144
6.2957764
7.0907593
6.604004
7.8964233
7.196045
5.1651
7.533264
8.239746
8.16803
7.2799683
7.2280884
8.996582
6.993103
6.767273
8.576965
9.0271
7.2158813
7.0510864
7.3028564
8.171082
6.6085815
8.958435
8.677673
9.770203
6.552124
7.7453613
8.065796
6.6497803
7.2509766
8.175659
8.924866
9.703064
7.485962
8.430481
11.018372
8.450317
9.646606
8.917236
9.52301
9.138489
8.570862
10.372925
10.372925
10.084534
9.87854
10.037231
9.126282
9.8526
9.869385
10.574341
9.890747
9.390259
9.783936
9.152222
9.736633
10.176086
8.544922
10.646057
11.51123
10.813904
9.980774
9.82666
11.804199
11.29303
12.420654
11.175537
10.687256
9.585571
10.865784
11.187744
9.77478
11.306763
11.578369
11.193848
11.935425
11.439514
11.909485
11.201477
11.845398
11.445618
12.588501
12.094116
9.613037
10.699463
11.86676
11.3220215
10.72998
10.583496
10.935974
9.536743
11.068726
9.881592
11.857605
10.441589
12.548828
11.199951
10.522461
11.190796
11.126709
9.518433
12.060547
10.189819
11.598206
11.088562
12.565613
10.50415
9.989929
11.471558
8.737183
11.515808
10.264587
10.023499
10.087585
10.313416
8.714294
9.973145
9.875488
9.545898
9.375
9.844971
7.8689575
8.656311
8.656311
8.668518
8.792114
6.904602
7.7651978
7.8918457
6.150818
5.4611206
5.163574
6.425476
4.586792
4.789734
4.8461914
2.9312134
4.663086
3.0151367
4.4769287
4.6936035
2.5344849
2.935791
1.0131836
1.7669678
2.458191
1.0223389
1.0131836
1.5518188
2.017212
1.0269165
0.50964355
0.8621216
1.4404297
-0.6134033
-0.21209717
1.6174316
0.6347656
-0.12054443
-0.015258789
-0.14648438
0.1586914
-0.033569336
0.5340576
0.076293945
-1.1489868
0.1449585
-1.0238647
-1.9119263
-0.9628296
-2.3330688
0.39978027
-0.37841797
-2.2079468
-1.7883301
-3.4561157
-2.9510498
-2.34375
-3.3432007
-2.558899
-2.3635864
-3.0014038
-2.3788452
-3.0685425
-4.109192
-2.9769897
-3.1265259
-3.1478882
-4.058838
-3.2989502
-3.4713745
-3.2241821
-1.7501831
-2.3590088
-4.246521
-3.9611816
-3.465271
-3.8070679
-3.3935547
-4.3380737
-4.3380737
-4.3380737
-3.3325195
-4.5700073
-4.5806885
-4.5959473
-4.91333
-3.8879395
-4.219055
-3.5842896
-4.2160034
-3.88031
-1.8997192
-2.798462
-5.0201416
-2.5650024
-2.871704
-3.4942627
-3.6590576
-4.350281
-4.0771484
-2.5665283
-3.6758423
-4.171753
-3.9154053
-2.4215698
-3.3172607
-4.7576904
-2.130127
-2.3590088
-3.8894653
-2.5665283
-1.7166138
-3.8482666
-2.3208618
-4.1625977
-4.6035767
-3.817749
-2.420044
-2.56958
-3.503418
-2.2399902
-2.6412964
-2.4169922
-0.8590698
-2.3239136
-1.6662598
-1.0025024
-1.8737793
-2.999878
-3.07312
-2.607727
-3.6605835
-4.0374756
-2.4215698
-3.2531738
-1.9851685
-2.2964478
-0.51116943
-1.876831
-3.6499023
-1.852417
-1.8234253
-1.953125
-2.2262573
-3.2852173
-4.1656494
-2.7511597
-1.2298584
-0.6011963
-1.3336182
-0.9109497
-3.060913
-3.8482666
-4.5440674
-4.992676
-2.7114868
-3.741455
-4.8828125
-4.8828125
-4.8828125
-4.9484253
-3.8208008
-3.6483765
-5.1742554
-4.534912
-4.4891357
-5.252075
-3.8955688
-5.8151245
-3.85437
-5.807495
-6.3049316
-5.0094604
-7.444763
-6.6329956
-6.5719604
-5.7662964
-6.968689
-6.866455
-5.342102
-7.344055
-7.510376
-8.082581
-8.869934
-9.379578
-8.563232
-10.444641
-9.851074
-11.57074
-9.416199
-10.169983
-11.723328
-10.853577
-11.59668
-12.564087
-13.578796
-12.123108
-12.361145
-12.742615
-13.566589
-14.213562
-13.685608
-14.134216
-14.770508
-13.540649
-13.647461
-15.075684
-15.150452
-15.097046
-14.912415
-14.704895
-16.06903
-15.333557
-16.963196
-16.441345
-18.60199
-19.059753
-16.9281
-17.466736
-17.726135
-17.67273
-17.959595
-18.341064
-17.782593
-18.539429
-20.658875
-20.20111
-20.031738
-20.86792
-20.19043
-20.913696
-22.038269
-21.302795
-21.128845
-20.388794
-20.733643
-22.045898
-22.045898
-21.310425
-22.644043
-22.872925
-22.702026
-25.198364
-23.971558
-24.642944
-25.083923
-25.314331
-25.737
-27.36206
-25.090027
-24.659729
-27.198792
-24.723816
-27.37732
-28.089905
-25.845337
-25.917053
-26.45874
-26.152039
-27.6474
-26.576233
-27.18811
-27.626038
-28.269958
-28.987122
-28.373718
-28.822327
-28.086853
-29.029846
-29.719543
-30.473328
-29.574585
-29.864502
-29.80194
-30.064392
-29.777527
-31.62384
-30.271912
-30.84259
-30.813599
-31.338501
-32.870483
-31.959534
-32.94983
-33.120728
-32.374573
-33.56018
-32.019043
-33.358765
-32.998657
-31.854248
-33.947754
-33.906555
-34.495544
-33.847046
-32.670593
-34.002686
-34.60388
-33.703613
-34.96704
-32.92694
-34.384155
-34.492493
-33.26416
-34.805298
-34.690857
-34.135437
-33.90045
-34.873962
-37.493896
-36.36322
-36.351013
-39.656067
-39.37378
-38.760376
-38.760376
-38.760376
-40.107727
-40.272522
-37.812805
-38.44452
-37.831116
-37.94403
-38.07373
-38.095093
-36.52954
-37.283325
-34.831238
-36.175537
-36.758423
-34.469604
-36.514282
-34.179688
-35.194397
-36.00769
-34.565735
-35.246277
-34.803772
-34.90448
-35.69641
-34.03778
-36.201477
-36.146545
-35.3302
-36.054993
-34.51996
-35.74524
-35.968018
-35.180664
-35.5011
-36.891174
-35.665894
-35.68573
-34.561157
-35.261536
-35.64453
-36.201477
-35.383606
-37.524414
-34.902954
-36.125183
-36.299133
-36.125183
-35.360718
-36.801147
-35.22644
-35.942078
-35.980225
-33.866882
-35.44922
-33.795166
-32.82013
-35.30426
-33.74176
-32.530212
-33.213806
-33.65631
-31.67572
-32.937622
-32.339478
-31.750488
-31.248474
-30.786133
-30.776978
-30.670166
-30.070496
-29.830933
-28.985596
-29.475403
-29.92096
-29.226685
-28.425598
-26.879883
-27.386475
-27.386475
-27.386475
-26.876831
-28.140259
-27.346802
-26.889038
-26.83258
-26.307678
-25.334167
-25.796509
-25.718689
-25.932312
-24.653625
-25.764465
-24.594116
-23.246765
-23.449707
-24.91455
-23.927307
-24.182129
-25.92163
-23.875427
-21.629333
-23.059082
-21.975708
-23.41156
-22.288513
-24.952698
-22.337341
-22.581482
-20.761108
-22.0932
-21.09375
-22.109985
-22.883606
-22.593689
-21.360779
-19.560242
-21.562195
-21.318054
-20.40863
-20.402527
-19.485474
-20.645142
-19.515991
-21.06018
-18.710327
-18.811035
-19.650269
-18.704224
-19.604492
-17.921448
-17.274475
-17.399597
-15.79895
-18.183899
-17.555237
-17.622375
-18.206787
-18.83545
-19.592285
-20.17212
-18.128967
-18.934631
-18.061829
-19.494629
-18.896484
-20.188904
-20.5719
-21.26007
-21.310425
-20.358276
-20.437622
-19.763184
-20.471191
-23.272705
-21.099854
-22.024536
-23.428345
-23.428345
-23.428345
-22.821045
-23.37799
-22.697449
-24.343872
-23.184204
-24.14093
-21.954346
-22.383118
-24.223328
-23.446655
-23.646545
-25.170898
-23.904419
-24.168396
-23.858643
-25.395203
-23.565674
-24.308777
-25.390625
-23.558044
-24.299622
-24.203491
-24.552917
-23.930359
-25.312805
-24.272156
-25.413513
-24.568176
-24.858093
-26.246643
-25.479126
-27.348328
-27.304077
-26.571655
-26.278687
-26.838684
-26.373291
-25.25177
-25.341797
-27.342224
-27.749634
-27.107239
-26.254272
-26.187134
-26.521301
-26.46637
-27.244568
-25.990295
-27.98767
-27.142334
-27.662659
-28.755188
-28.578186
-29.277039
-28.575134
-27.900696
-28.268433
-27.824402
-28.527832
-29.426575
-28.53241
-31.324768
-29.44336
-29.377747
-31.30188
-29.83551
-31.343079
-33.54492
-29.844666
-32.18689
-29.919434
-31.26831
-30.046082
-32.058716
-31.985474
-31.660461
-29.692078
-29.692078
-29.692078
-30.010986
-32.019043
-30.749512
-30.099487
-30.648804
-31.210327
-31.24237
-31.217957
-32.325745
-31.30188
-31.690979
-33.125305
-33.25653
-30.111694
-33.56476
-31.35376
-32.443237
-32.154846
-31.455994
-32.09839
-31.517029
-32.19757
-31.713867
-31.646729
-31.176758
-31.393433
-32.39746
-32.27997
-31.28357
-32.287598
-29.989624
-31.39038
-30.175781
-30.873108
-32.141113
-31.208801
-32.131958
-31.43158
-32.25708
-33.494568
-31.66809
-31.60553
-30.584717
-30.456543
-30.345154
-30.879211
-29.074097
-32.025146
-31.445312
-30.845642
-29.733276
-30.363464
-30.055237
-30.56488
-29.728699
-31.306458
-32.096863
-32.341003
-32.1167
-33.13141
-31.295776
-28.956604
-29.141235
-30.473328
-30.81665
-29.885864
-30.093384
-31.552124
-31.881714
-31.43158
-29.789734
-32.818604
-31.28357
-32.817078
-32.87506
-32.02057
-32.01294
-32.01294
-32.01294
-31.788635
-33.54492
-31.863403
-33.56018
-32.922363
-32.78351
-34.114075
-34.657288
-34.34906
-33.718872
-33.535767
-34.2041
-33.770752
-33.08716
-32.62329
-31.071472
-31.974792
-32.633972
-33.668518
-32.0282
-33.34198
-33.724976
-33.47931
-32.258606
-32.551575
-33.68225
-35.003662
-32.80487
-33.403015
-34.17511
-34.664917
-35.281372
-34.677124
-35.88257
-35.74524
-35.10437
-36.816406
-33.943176
-35.116577
-33.883667
-33.953857
-35.220337
-34.873962
-35.083008
-35.71167
-34.509277
-35.455322
-34.18579
-33.189392
-35.440063
-34.99298
-35.144043
-34.677124
-35.224915
-33.621216
-34.931946
-33.807373
-33.180237
-33.158875
-32.063293
-33.958435
-33.972168
-32.958984
-34.317017
-34.062195
-32.50122
-33.850098
-33.843994
-32.513428
-31.555176
-33.60901
-30.514526
-31.758118
-30.87616
-31.57959
-30.526733
-30.78003
-30.78003
-30.110168
-30.737305
-29.826355
-30.274963
-29.948425
-30.81665
-32.048035
-30.863953
-31.266785
-29.855347
-28.59497
-31.05011
-29.98352
-31.344604
-29.80194
-30.316162
-30.566406
-30.26123
-31.704712
-31.495667
-29.0802
-29.8172
-29.522705
-29.0802
-29.353333
-28.648376
-28.762817
-28.826904
-29.031372
-27.1698
-27.552795
-29.067993
-29.119873
-29.411316
-28.385925
-30.218506
-27.93274
-28.623962
-27.648926
-29.18396
-27.857971
-27.902222
-27.487183
-27.13623
-28.096008
-27.508545
-27.029419
-27.145386
-26.412964
-26.71814
-25.624084
-26.712036
-26.783752
-28.295898
-27.067566
-26.612854
-28.201294
-27.58789
-27.851868
-28.623962
-28.335571
-27.371216
-28.604126
-30.223083
-28.204346
-29.103088
-28.91388
-29.940796
-28.971863
-29.664612
-31.36444
-29.884338
-29.963684
-29.803467
-29.405212
-31.150818
-27.886963
-29.450989
-29.450989
-29.450989
-28.388977
-29.241943
-27.474976
-26.785278
-25.35553
-26.104736
-25.160217
-25.737
-25.769043
-26.16272
-25.939941
-25.653076
-25.195312
-26.58081
-25.108337
-24.880981
-26.927185
-27.534485
-25.204468
-23.562622
-26.501465
-24.49646
-26.081848
-24.201965
-25.45166
-25.541687
-24.378967
-24.998474
-24.16687
-25.816345
-25.489807
-26.063538
-25.428772
-25.453186
-26.841736
-26.087952
-26.84021
-25.53711
-24.690247
-24.519348
-25.471497
-23.965454
-25.143433
-25.880432
-24.415588
-23.779297
-23.562622
-25.013733
-24.307251
-24.311829
-24.380493
-24.958801
-25.379944
-25.268555
-24.658203
-22.842407
-24.557495
-23.736572
-22.679138
-22.615051
-20.355225
-19.952393
-22.627258
-22.157288
-20.838928
-21.195984
-21.907043
-20.384216
-20.573425
-21.220398
-21.720886
-20.751953
-22.113037
-21.530151
-22.877502
-21.568298
-21.568298
-21.568298
-22.120667
-22.17102
-22.206116
-20.872498
-22.442627
-22.343445
-20.799255
-21.530151
-21.343994
-21.681213
-22.328186
-22.10083
-23.239136
-22.511292
-21.93451
-21.707153
-22.143555
-22.924805
-22.305298
-23.304749
-22.01538
-21.794128
-21.820068
-22.03064
-22.090149
-22.880554
-23.02246
-23.344421
-21.31958
-19.206238
-21.653748
-21.647644
-20.75653
-20.588684
-18.586731
-17.497253
-17.747498
-16.575623
-16.574097
-16.921997
-16.374207
-16.66565
-16.822815
-18.000793
-16.11023
-17.24701
-16.444397
-17.567444
-15.168762
-16.152954
-17.144775
-17.156982
-17.236328
-17.46521
-17.958069
-18.61267
-19.798279
-17.85431
-19.560242
-17.849731
-18.43872
-17.297363
-18.73169
-18.862915
-17.96875
-20.162964
-17.721558
-18.045044
-18.859863
-17.835999
-19.561768
-19.126892
-19.024658
-18.354797
-19.480896
-20.402527
-21.040344
-21.040344
-21.040344
-18.0542
-19.993591
-19.578552
-20.7016
-19.796753
-18.566895
-18.624878
-17.211914
-17.680359
-18.623352
-18.88733
-17.114258
-18.197632
-18.255615
-19.67926
-18.388367
-18.206787
-18.832397
-17.715454
-18.229675
-18.98346
-20.446777
-16.999817
-17.852783
-18.275452
-18.247986
-18.363953
-17.770386
-17.69104
-17.584229
-18.600464
-17.51709
-18.061829
-19.319153
-19.969177
-19.25354
-20.672607
-21.06018
-18.977356
-19.302368
-18.930054
-19.119263
-19.026184
-19.702148
-19.67163
-18.896484
-19.215393
-19.52362
-18.276978
-16.714478
-16.777039
-16.921997
-15.400696
-18.115234
-17.373657
-16.88385
-17.382812
-16.51001
-16.236877
-16.558838
-16.20636
-15.481567
-13.571167
-14.979553
-14.401245
-15.792847
-17.344666
-17.376709
-15.925598
-14.630127
-15.910339
-16.20636
-15.133667
-17.158508
-16.067505
-14.581299
-14.657593
-14.657593
-14.657593
-15.612793
-15.458679
-16.378784
-16.732788
-16.05835
-15.888977
-13.830566
-15.359497
-15.788269
-16.600037
-15.924072
-17.526245
-16.879272
-16.66565
-17.266846
-16.986084
-15.148926
-16.04309
-17.677307
-16.496277
-15.402222
-16.487122
-16.679382
-15.663147
-16.52832
-17.547607
-17.38739
-16.799927
-17.20581
-16.648865
-17.60559
-15.763855
-17.56897
-17.43164
-16.58783
-16.72821
-17.56134
-15.763855
-15.248108
-17.549133
-18.128967
-18.037415
-17.451477
-16.946411
-18.363953
-16.950989
-18.798828
-19.898987
-19.943237
-17.814636
-18.270874
-19.044495
-17.530823
-18.88733
-17.341614
-19.93103
-18.814087
-19.589233
-18.093872
-17.300415
-17.46521
-16.529846
-18.467712
-17.338562
-17.971802
-16.20636
-17.773438
-17.530823
-15.829468
-16.688538
-16.635132
-15.888977
-16.577148
-16.151428
-17.61322
-17.674255
-16.616821
-17.626953
-17.626953
-17.626953
-18.34259
-17.315674
-16.66565
-17.50946
-16.760254
-17.59491
-15.869141
-17.469788
-16.726685
-15.67688
-17.280579
-16.90979
-17.507935
-16.921997
-14.625549
-15.107727
-16.072083
-15.455627
-15.37323
-16.093445
-16.615295
-17.347717
-15.545654
-15.589905
-17.575073
-16.946411
-17.3172
-17.518616
-17.65747
-16.975403
-18.354797
-18.171692
-17.26532
-19.111633
-18.258667
-19.787598
-18.899536
-17.964172
-18.908691
-18.122864
-19.721985
-18.701172
-18.2724
-17.384338
-18.97583
-19.125366
-18.61267
-18.67981
-19.125366
-18.850708
-18.685913
-18.182373
-18.695068
-19.607544
-17.176819
-16.874695
-17.6651
-18.087769
-18.281555
-16.93573
-16.685486
-16.638184
-17.347717
-17.997742
-16.583252
-16.235352
-16.482544
-16.708374
-16.171265
-17.582703
-18.017578
-18.00232
-17.41333
-16.674805
-17.785645
-17.50946
-16.85791
-16.85791
-16.127014
-16.18042
-18.132019
-18.048096
-16.900635
-16.764832
-17.6651
-17.915344
-17.585754
-16.627502
-18.373108
-17.131042
-18.055725
-16.345215
-18.406677
-18.18695
-18.371582
-18.382263
-18.766785
-18.833923
-20.611572
-18.77594
-18.605042
-17.375183
-17.915344
-19.294739
-18.586731
-18.65387
-16.041565
-17.156982
-17.15393
-17.486572
-18.977356
-18.722534
-18.005371
-17.585754
-18.035889
-19.16504
-18.070984
-18.444824
-17.24701
-18.76831
-18.83545
-18.273926
-17.526245
-19.804382
-18.240356
-19.076538
-20.593262
-18.47229
-18.902588
-19.64569
-19.615173
-20.272827
-20.191956
-20.497131
-20.573425
-20.118713
-19.567871
-21.012878
-20.16449
-21.937561
-19.447327
-21.670532
-20.62378
-20.942688
-20.837402
-21.444702
-21.221924
-20.373535
-19.506836
-20.986938
-21.609497
-20.852661
-21.818542
-20.051575
-21.257019
-21.876526
-21.10138
-21.10138
-19.64569
-20.1828
-19.691467
-20.967102
-19.56482
-20.385742
-19.438171
-20.91217
-20.497131
-20.162964
-20.249939
-19.87915
-19.007874
-19.248962
-18.409729
-19.9234
-19.526672
-20.393372
-20.541382
-19.725037
-20.97168
-20.574951
-20.587158
-21.141052
-21.302795
-19.633484
-20.703125
-19.78302
-19.952393
-19.459534
-19.496155
-20.664978
-20.64209
-18.830872
-18.41278
-20.37201
-18.675232
-19.664001
-19.140625
-19.013977
-20.375061
-21.716309
-19.839478
-19.750977
-19.664001
-19.9234
-19.47937
-20.225525
-18.804932
-18.79425
-18.786621
-18.63556
-17.460632
-18.714905
-17.588806
-17.541504
-17.359924
-17.245483
-17.224121
-17.022705
-18.240356
-15.219116
-16.371155
-17.666626
-17.100525
-17.349243
-18.46466
-16.734314
-16.708374
-18.492126
-17.770386
-17.54303
-17.875671
-19.23523
-18.431091
-17.492676
-17.375183
-17.375183
-17.375183
-18.545532
-18.812561
-18.481445
-18.838501
-17.649841
-20.343018
-18.748474
-18.415833
-19.11621
-18.341064
-18.893433
-18.933105
-19.21997
-18.786621
-18.325806
-19.480896
-17.468262
-18.00232
-17.355347
-17.866516
-17.245483
-16.752625
-16.7099
-17.778015
-18.411255
-17.788696
-17.581177
-16.801453
-15.803528
-17.236328
-17.285156
-17.033386
-16.264343
-15.594482
-15.950012
-15.390015
-16.862488
-17.503357
-17.332458
-16.868591
-15.9713745
-16.342163
-15.785217
-16.905212
-14.675903
-16.799927
-16.099548
-15.209961
-16.157532
-15.26947
-17.338562
-17.689514
-16.070557
-17.240906
-18.888855
-18.066406
-17.211914
-13.916016
-14.71405
-17.71698
-16.802979
-16.494751
-16.210938
-16.931152
-15.382385
-15.344238
-16.589355
-16.592407
-14.889526
-16.9281
-17.211914
-16.848755
-14.202881
-16.139221
-14.984131
-15.98053
-15.312195
-15.664673
-15.664673
-15.664673
-14.442444
-15.264893
-15.927124
-16.152954
-14.727783
-14.614868
-13.945007
-14.675903
-14.81781
-13.795471
-15.960693
-14.831543
-16.061401
-15.661621
-15.106201
-16.804504
-17.16919
-16.964722
-17.645264
-18.148804
-15.563965
-17.663574
-18.25409
-18.507385
-17.411804
-19.276428
-19.300842
-19.107056
-18.759155
-17.565918
-18.310547
-18.351746
-17.254639
-17.559814
-17.988586
-19.7052
-17.5354
-17.514038
-19.17572
-18.35022
-16.54663
-18.75763
-17.965698
-16.78772
-18.167114
-18.925476
-17.70935
-18.167114
-17.245483
-17.721558
-17.611694
-16.030884
-17.76886
-16.818237
-16.09497
-17.41333
-18.130493
-17.442322
-16.879272
-16.801453
-17.811584
-19.099426
-17.552185
-17.85736
-17.887878
-16.908264
-16.790771
-17.884827
-17.52472
-18.832397
-19.021606
-17.752075
-18.243408
-18.26477
-18.80188
-18.099976
-19.831848
-19.831848
-19.831848
-19.526672
-18.371582
-18.185425
-19.682312
-18.962097
-18.817139
-18.499756
-19.94934
-19.218445
-19.326782
-19.075012
-19.599915
-17.718506
-17.755127
-18.30597
-19.29779
-19.850159
-16.931152
-18.336487
-16.871643
-17.245483
-17.759705
-16.638184
-16.50238
-17.692566
-16.18805
-17.738342
-16.931152
-17.004395
-16.567993
-15.0894165
-13.156128
-14.500427
-14.735413
-13.708496
-14.332581
-14.350891
-15.550232
-14.295959
-13.15155
-15.440369
-14.292908
-14.344788
-13.685608
-14.265442
-13.882446
-14.227295
-14.68811
-13.131714
-14.196777
-13.871765
-14.125061
-14.213562
-14.471436
-14.028931
-13.020325
-12.501526
-12.6449585
-14.085388
-14.381409
-14.224243
-14.077759
-12.004089
-14.906311
-14.4973755
-13.696289
-13.726807
-12.753296
-13.288879
-13.645935
-13.392639
-12.586975
-13.258362
-12.767029
-13.604736
-13.822937
-14.3966675
-13.343811
-13.343811
-13.343811
-11.880493
-12.924194
-12.753296
-11.911011
-12.817383
-12.792969
-12.844849
-13.589478
-12.374878
-12.692261
-13.464355
-12.190247
-12.24823
-10.829163
-12.24823
-12.838745
-12.858582
-12.11853
-11.59668
-11.248779
-11.569214
-11.405945
-11.053467
-11.517334
-10.595703
-10.430908
-11.485291
-12.593079
-11.155701
-12.251282
-14.022827
-9.9105835
-11.975098
-11.880493
-11.956787
-12.467957
-12.037659
-13.435364
-12.863159
-12.187195
-13.536072
-12.904358
-13.392639
-13.227844
-13.218689
-13.163757
-13.360596
-14.311218
-13.787842
-14.932251
-14.179993
-13.626099
-13.441467
-13.516235
-12.908936
-13.638306
-12.783813
-12.82196
-12.208557
-13.694763
-12.080383
-12.840271
-12.322998
-12.284851
-12.736511
-13.517761
-13.690186
-12.915039
-15.045166
-11.691284
-14.439392
-12.702942
-14.378357
-13.163757
-14.283752
-14.4088745
-14.154053
-13.832092
-14.46991
-14.46991
-14.52179
-13.874817
-12.709045
-13.002014
-14.489746
-12.976074
-12.57782
-14.144897
-13.336182
-11.854553
-12.585449
-12.976074
-12.640381
-13.755798
-13.014221
-13.128662
-14.15863
-12.077332
-12.861633
-11.512756
-12.876892
-13.545227
-13.453674
-14.26239
-13.825989
-14.755249
-15.087891
-13.790894
-14.376831
-12.709045
-13.670349
-17.07611
-13.568115
-14.346313
-14.321899
-16.381836
-14.08844
-14.076233
-13.150024
-14.6987915
-13.81073
-13.900757
-14.407349
-14.700317
-14.694214
-15.167236
-13.900757
-13.700867
-13.244629
-15.603638
-13.270569
-15.579224
-14.544678
-14.082336
-16.067505
-14.059448
-14.498901
-15.632629
-14.1189575
-14.51416
-13.781738
-16.104126
-12.547302
-14.321899
-13.88855
-15.187073
-15.600586
-14.7994995
-14.486694
-15.997314
-14.564514
-15.982056
-14.352417
-14.816284
-13.9328
-15.603638
-15.603638
-15.603638
-13.562012
-13.616943
-15.90271
-13.172913
-13.668823
-13.276672
-13.912964
-13.323975
-14.096069
-13.154602
-12.927246
-13.98468
-13.543701
-13.258362
-13.314819
-13.008118
-15.646362
-14.666748
-15.148926
-14.355469
-13.893127
-13.717651
-12.463379
-14.309692
-13.153076
-14.416504
-13.232422
-15.391541
-13.557434
-13.864136
-14.511108
-13.583374
-12.503052
-14.294434
-14.819336
-14.053345
-12.786865
-14.24408
-13.2751465
-13.856506
-14.022827
-13.903809
-12.913513
-13.764954
-14.776611
-12.779236
-14.031982
-13.931274
-13.040161
-14.404297
-14.672852
-14.627075
-12.945557
-12.408447
-11.66687
-13.987732
-13.5772705
-13.827515
-14.634705
-12.840271
-12.915039
-13.531494
-13.05542
-13.835144
-14.454651
-12.722778
-14.5401
-14.419556
-13.050842
-13.78479
-13.825989
-13.6779785
-13.83667
-13.874817
-13.66272
-13.478088
-14.286804
-12.992859
-12.992859
-12.298584
-13.278198
-13.987732
-14.242554
-13.468933
-14.738464
-13.475037
-12.107849
-14.321899
-14.208984
-13.160706
-12.739563
-13.771057
-13.648987
-13.81073
-13.743591
-14.735413
-12.44812
-13.490295
-13.902283
-14.198303
-13.163757
-13.008118
-13.150024
-12.399292
-12.672424
-13.111877
-13.056946
-12.995911
-13.75885
-13.127136
-13.8671875
-12.4435425
-14.360046
-11.894226
-13.465881
-11.691284
-12.852478
-14.613342
-12.905884
-13.951111
-13.002014
-11.495972
-14.2074585
-12.413025
-13.468933
-13.905334
-13.618469
-13.520813
-11.706543
-13.148499
-13.775635
-13.905334
-12.992859
-12.892151
-14.723206
-13.790894
-13.850403
-12.229919
-13.13324
-13.74054
-13.676453
-12.413025
-12.246704
-13.941956
-14.68811
-12.379456
-14.338684
-12.687683
-14.414978
-12.971497
-13.182068
-13.902283
-14.543152
-13.130188
-14.268494
-12.837219
-13.897705
-13.372803
-13.372803
-13.887024
-15.338135
-13.182068
-11.997986
-12.666321
-13.771057
-12.416077
-13.798523
-12.857056
-12.77771
-13.050842
-13.032532
-13.027954
-13.893127
-14.385986
-13.648987
-13.66272
-15.432739
-12.135315
-13.581848
-10.760498
-13.909912
-13.574219
-14.173889
-13.191223
-13.487244
-14.4088745
-14.250183
-14.491272
-15.408325
-13.563538
-13.624573
-13.638306
-12.678528
-13.780212
-14.984131
-14.222717
-13.600159
-13.0355835
-12.876892
-13.961792
-14.480591
-12.875366
-15.254211
-13.182068
-15.1901245
-12.792969
-13.755798
-12.788391
-12.998962
-13.591003
-15.046692
-13.920593
-12.8845215
-14.726257
-14.549255
-14.219666
-14.353943
-13.908386
-14.363098
-13.499451
-14.961243
-14.250183
-12.945557
-13.813782
-12.716675
-13.127136
-12.867737
-12.338257
-12.913513
-14.186096
-13.687134
-13.951111
-13.935852
-12.338257
-14.215088
-14.543152
-11.529541
-11.529541
-13.597107
-14.39209
-14.503479
-13.887024
-15.040588
-14.306641
-13.905334
-15.097046
-15.080261
-15.730286
-14.280701
-12.760925
