-0.8783264
-1.0279541
-0.9333954
-0.83522034
-0.70355225
-0.85676575
-1.4206085
-2.2346344
-2.5327148
-2.2190704
-1.8587494
-1.545105
-1.0040131
-0.3994751
-0.035568237
-0.005630493
-0.14808655
-0.30490112
-0.48806763
-0.51919556
-0.34202576
-0.3707428
-0.52638245
-0.5718689
-0.56707764
-0.31687927
-0.14569092
-0.016403198
0.23858643
0.34272766
0.49476624
1.0358582
1.7852325
1.894165
1.3674469
1.1603546
1.478775
1.9312897
2.5106812
2.6471405
1.9695892
0.99754333
0.12844849
-0.2869568
-0.25701904
0.06977844
0.5246887
0.9484558
1.197464
1.2465363
1.0406494
0.5402527
3.5095215E-4
-0.0020446777
0.40377808
0.95803833
1.2932281
1.2537231
1.1412048
0.7892456
0.21105957
-0.1421051
-0.4174347
-0.7310791
-0.71791077
-0.36476135
0.106903076
0.6515808
0.93170166
0.8048096
0.5977173
0.6599579
0.6838989
0.5067291
0.16795349
-0.1026001
-0.1026001
-0.051132202
-0.057113647
0.14759827
0.5318756
0.4935608
0.30203247
0.52108765
0.81918335
1.0753479
1.2070312
1.2190094
1.3878021
1.6116486
1.6427765
1.7014465
1.8714294
1.8367157
1.5075073
1.0226746
0.34751892
-0.20555115
-0.2857666
-8.392334E-4
0.4313202
0.80960083
1.2166138
1.588913
1.394989
0.8036194
0.5246887
0.41815186
0.36187744
0.5917206
1.0310669
1.4572296
1.8450928
1.9851532
1.2453461
0.31759644
-0.16723633
-0.39468384
-0.22590637
0.14042664
0.5438385
0.7700958
0.75094604
0.7497406
0.8838196
0.8407135
0.6731262
0.4863739
0.23260498
0.054214478
-0.03794861
-0.272583
-0.5622864
-0.3408203
0.09133911
0.2876587
0.7102356
0.93888855
1.0550079
1.2848511
1.2585144
0.98677063
0.7928314
0.95085144
1.6248169
2.316742
2.5286407
2.2425232
1.336319
0.38223267
-0.008026123
-0.024795532
0.21104431
0.43969727
0.7772827
1.1998444
1.4284973
1.5697632
1.423706
0.84552
0.4253235
0.43730164
0.97120667
1.5266724
1.5242615
1.4572296
1.197464
0.5522156
-0.15527344
-0.6269226
-0.7969208
-0.36476135
0.37026978
0.65397644
0.6228485
0.46603394
0.355896
0.5330658
0.747345
0.7605133
0.5905304
0.37864685
0.35231018
0.2864685
0.106903076
0.20147705
0.53427124
0.7988281
0.7820587
1.0023346
1.2836609
1.3674469
1.6044769
1.6403809
1.7660828
2.2317505
2.491516
2.6902466
2.869812
2.5705261
1.9923401
1.2896423
0.51631165
0.055419922
0.16197205
0.47201538
0.8072052
1.1364136
1.2429504
1.0609894
1.0430298
1.0430298
0.7677002
0.34033203
0.08415222
0.27090454
0.6228485
0.8969879
1.1699219
1.4117432
1.1112671
0.6623535
0.34632874
-0.043945312
0.06739807
0.62524414
0.80960083
0.6503906
0.5833435
0.56539917
0.64559937
0.8359375
0.9700165
0.93888855
0.6587677
0.28286743
-0.061904907
-0.35040283
-0.48686218
-0.32286072
-0.10379028
0.07696533
0.29963684
0.5510254
0.8143921
1.2501373
2.0928955
2.5657501
2.5597534
2.6387787
2.6663055
2.443634
2.1012726
1.6643372
1.0514069
0.7090454
0.810791
1.008316
0.9640198
0.8562927
1.0202942
1.2154083
1.1795044
1.0430298
0.9329071
0.96881104
0.984375
0.8179779
0.5725708
0.44328308
0.34153748
0.142807
-0.1708374
-0.38391113
-0.57185364
-0.47969055
-0.23188782
-0.35398865
-0.5970001
-0.66882324
-0.3408203
0.31280518
0.66474915
0.44688416
0.09133911
0.18830872
0.48399353
0.41934204
0.17514038
0.037460327
-0.0020446777
0.40737915
1.1100616
1.2956238
0.64559937
-0.32286072
-0.6712189
-0.29174805
-0.06309509
-0.12055969
-0.40068054
-0.57785034
-0.23188782
0.28526306
0.2804718
0.41815186
0.8670502
1.1675262
1.5434265
1.6595459
1.3327332
1.0346527
1.296814
2.0773315
2.2353516
1.3099823
0.35829163
-0.09182739
0.24337769
0.47680664
-0.188797
-0.08105469
-0.564682
0.28407288
1.5386353
0.46124268
0.16197205
0.10331726
-0.49525452
-0.44377136
0.5653839
0.58454895
-0.3587799
-0.45812988
-0.4282074
-0.8088989
-1.1333008
-1.6049652
-1.6911469
-0.91064453
-0.15287781
-0.42103577
-1.0494995
-0.9633179
-0.74783325
-0.46652222
-0.1421051
-0.014022827
-0.08345032
-0.25941467
-0.3025055
-0.19117737
-0.28097534
-0.4844818
-0.6149597
-0.8711395
-0.97169495
-0.5550995
-0.14808655
-0.15048218
-0.3192749
-0.44258118
-0.51919556
-0.5179901
-0.54911804
-0.7526245
-0.8974762
-0.64727783
-0.228302
-0.020004272
0.16436768
0.050628662
-0.30969238
-0.57785034
-0.25582886
0.6336212
1.3016052
1.6487732
1.5996857
1.2812653
0.9077606
0.75813293
0.54623413
0.35708618
0.513916
0.7677002
0.9915619
1.0741577
1.0921173
1.1244354
0.9532471
0.5989075
0.4528656
0.568985
0.45645142
0.0410614
-0.3875122
-0.722702
-0.6520691
-0.42941284
-0.45335388
-0.58143616
-0.5227814
-0.26420593
0.09971619
0.42892456
0.49595642
0.30682373
-0.08224487
-0.50842285
-0.9621124
-1.2985077
-1.1524506
-0.8112793
-0.63171387
-0.80648804
-0.66763306
-0.03794861
0.3846283
0.3726654
0.23020935
0.050628662
-0.09303284
0.06021118
0.43011475
0.7976227
1.1735077
1.7529144
1.8043823
1.1208496
0.58454895
0.6408081
1.1136627
1.4656067
1.2273865
0.87783813
0.7485504
0.7066498
0.62882996
0.56300354
0.56300354
0.6120758
0.76890564
0.8550873
0.8000183
0.8562927
0.8874054
0.67910767
0.28048706
0.017120361
-0.034362793
0.045837402
0.14401245
-0.10499573
-0.15766907
-0.07984924
0.056610107
0.33076477
0.5007477
0.5797577
0.6408081
0.53666687
0.1787262
-0.033172607
-0.052322388
-0.2103424
-0.33842468
-0.29891968
-0.13012695
0.09971619
0.11767578
-0.0032348633
0.111694336
0.28286743
0.22302246
0.05781555
0.15597534
0.52349854
0.83114624
0.9065552
0.83354187
0.6096802
0.5941162
1.0430298
1.3566742
1.0574036
0.55223083
0.48876953
0.8862152
0.98677063
0.6994629
0.44328308
0.41096497
0.2469635
0.03866577
0.1212616
0.5222931
1.0202942
1.2118225
1.1950684
1.221405
1.1675415
0.905365
0.57496643
0.5522156
0.5905304
0.58813477
0.68629456
0.6276398
0.45645142
0.53785706
0.47920227
0.44447327
0.5761719
0.8083954
1.1016846
1.2788696
1.1411896
0.9831848
0.95803833
0.9089508
0.63601685
0.1272583
-0.07984924
0.08294678
0.3271637
0.15597534
-0.09422302
-0.07505798
0.024291992
0.12605286
0.22062683
0.31878662
0.42294312
0.5582123
0.60849
0.7066498
0.80241394
0.76290894
0.70544434
0.8215637
1.1352081
1.652359
2.0270538
1.8881836
1.667923
1.4823761
1.1938782
1.0717621
1.2417603
1.4249115
1.5242615
1.5589752
1.5482025
1.5386353
1.549408
1.4668121
1.2441559
1.0490112
0.98677063
0.9987488
1.0382385
1.0861359
1.0418396
1.0490265
0.9987488
0.8538971
0.59413147
0.4205475
0.24456787
-0.04034424
-0.046325684
0.33076477
0.24456787
-0.12414551
-0.27737427
-0.2223053
-0.20794678
-0.24624634
0.32478333
0.41934204
-0.7717743
-1.4732819
0.038650513
1.2046356
0.5318756
