8.227203
8.929901
9.439865
9.797791
10.494507
11.12059
11.715546
11.249878
9.832504
8.2990265
7.775894
8.44986
9.723572
11.072708
11.443817
10.695618
9.407547
7.8560944
6.892441
6.976227
7.376068
7.5927277
7.949463
8.922714
10.166504
10.523239
10.083893
9.79541
9.962997
10.7435
11.176849
10.981735
10.656113
11.140945
12.408676
12.502045
11.0260315
9.025665
7.7926483
8.09552
9.165726
9.879196
9.718796
8.8078
7.542465
6.754776
6.708084
7.2587433
8.229599
9.292618
9.976166
10.111435
9.704422
9.128616
9.226776
10.07074
10.90271
10.945816
10.100662
9.481766
10.025253
11.1493225
11.033203
9.718796
8.576752
8.525284
9.863632
11.611404
11.963348
10.3628235
8.497742
7.28627
6.6039276
6.1849365
6.150223
6.8361664
7.66098
8.346909
9.146576
10.2239685
10.677658
10.681259
10.791397
11.600632
12.34642
12.178833
11.253464
11.072708
12.025604
12.195587
10.642944
8.3936
6.7703247
6.5596313
7.7423706
9.512878
10.500488
9.820541
8.106293
6.8684845
6.4997864
6.7092743
7.3820496
8.115875
8.543228
8.615051
8.561188
8.704834
9.743927
11.565918
13.148483
12.672028
10.391556
9.660126
11.333679
12.654083
11.887939
10.027649
9.014893
9.49852
10.574722
10.905121
9.943848
8.558792
7.54126
7.024109
6.852936
6.5524597
6.1215057
6.005371
6.6781464
7.905182
9.077148
9.663727
9.850464
10.478943
11.264252
11.409088
11.130173
11.105026
11.86998
12.767807
12.487686
10.976944
9.274658
8.546829
8.82576
9.429092
9.652939
9.025665
7.6944885
6.5009766
5.8880615
6.1885376
7.155792
8.242767
9.091507
9.669708
9.838501
9.673294
9.557175
9.870819
10.300583
10.480148
10.07193
9.693649
10.46817
12.005249
12.534378
11.246292
9.481766
8.818573
9.640976
10.86322
10.984116
9.816956
8.433105
7.3461304
6.517746
5.8689117
5.5792084
5.9191895
6.5332947
7.2874756
8.441483
9.615829
10.0108795
9.989334
10.50528
11.526413
12.018417
11.643723
10.948212
10.985321
11.974121
12.348816
11.275024
9.481766
8.19249
8.11348
8.764694
9.220795
8.842514
8.038055
7.4143677
7.076782
6.9822083
7.0695953
7.300644
7.8285675
8.514496
9.178894
9.541626
9.407547
9.315369
9.807373
10.996094
11.679642
10.5603485
9.551193
10.862015
12.952164
12.77858
10.90033
9.740341
9.901947
10.2491
10.118622
9.248322
8.15657
7.3437347
6.7930756
6.5249176
6.4997864
6.9319305
7.6513977
8.2595215
8.260712
8.120651
8.266708
9.052002
9.995316
10.583099
10.875183
11.061935
10.857239
10.458588
10.90152
11.983704
12.241074
10.893143
9.213608
8.429504
8.66774
8.992157
8.856873
8.325363
7.7806854
7.4095764
7.2479706
7.060028
7.115097
7.467041
8.038055
8.599503
9.352478
9.948639
9.611038
8.920319
8.874832
9.514084
10.38916
10.827301
10.470566
9.544006
8.743149
9.71759
12.626541
14.019974
12.4062805
10.285019
9.753494
10.384384
10.641754
9.965393
8.795822
7.7962494
7.6549835
8.297836
8.703644
8.642593
8.605484
9.08313
10.383179
11.063126
10.39035
9.159744
8.361267
8.495346
8.8078
9.077133
9.939056
10.748291
10.531616
9.997711
10.088684
10.443024
12.320084
15.039902
14.850754
12.184814
9.251923
7.834549
7.9195557
7.7423706
8.74794
7.83934
7.5041504
8.27388
8.774277
9.626617
8.864059
6.186142
8.101501
9.97377
8.914337
8.619858
9.02327
8.989746
9.632599
9.962997
9.700836
10.439438
10.597458
9.742737
9.244736
9.468597
10.287415
11.160095
10.899124
9.760681
9.831314
11.492889
11.88913
10.507675
8.823349
8.301422
8.893982
9.55957
9.411133
8.800613
8.563583
8.695267
9.132202
8.908356
8.258331
7.8992004
7.9554596
8.123047
8.278671
8.68808
8.946655
9.127411
9.614639
10.238327
10.530426
10.38797
10.4023285
10.865616
11.449799
11.476135
11.504868
11.61499
11.4857025
10.72554
9.73674
9.136993
8.903564
8.467819
8.008133
8.066788
8.543228
8.726395
8.497742
8.071579
8.009323
8.309799
8.698853
9.174103
9.396774
9.245941
9.201645
9.566757
9.909134
10.082703
10.176071
10.143768
10.0503845
9.752304
10.099457
11.102631
11.653305
10.791382
9.272263
8.885605
9.73674
10.21199
9.502121
8.385208
8.170929
8.582733
8.569565
7.9111633
7.233612
6.997772
7.249161
8.101501
9.16214
10.003693
10.530426
11.304947
12.229111
12.559509
11.902298
10.731537
10.100662
10.969757
12.352402
13.216721
12.842026
11.107422
9.044815
7.6142883
7.0588226
7.341339
7.8513184
8.073975
8.101501
8.182907
8.321777
8.542038
8.685684
8.392395
8.038055
8.160156
8.603088
9.221985
10.270645
11.193619
11.461761
11.162491
10.4813385
10.039612
10.190445
10.128204
9.927078
9.802582
9.454224
8.805405
8.425919
8.822159
9.465012
9.518875
9.044815
8.735977
8.770691
8.90715
8.84491
8.422333
8.047638
8.150589
8.622253
9.334518
9.8528595
10.195236
10.754288
11.447403
11.678436
11.161301
10.413101
10.17009
10.731537
10.872787
10.354446
10.450211
10.748291
10.207199
9.017288
7.9710236
7.3700714
7.562805
8.349304
9.220795
9.808563
9.745117
9.057983
8.203247
7.8165894
8.002136
8.3780365
8.428314
8.446274
8.999329
9.889969
10.337692
10.50528
10.346069
10.113831
10.492111
10.990112
10.968567
10.444229
9.81575
9.55957
9.733154
9.986938
10.093475
9.81456
9.212418
8.723999
8.673721
8.850891
8.683289
8.479782
8.249939
8.119461
8.440292
8.814972
8.921509
8.829346
8.781464
8.883209
9.050812
8.872437
8.519302
8.9275055
9.697235
9.99292
9.825333
9.788223
10.109039
10.46698
10.385574
10.094681
10.038406
10.386765
10.731537
10.561554
10.251495
9.8923645
9.611053
9.463806
9.136993
8.575562
8.167343
7.968628
7.7806854
7.8513184
8.278671
8.520493
8.421127
8.339722
8.501343
8.804199
8.889191
8.7934265
8.835327
9.26149
10.07074
10.561554
10.419098
9.9318695
9.709213
10.209595
11.179245
11.556335
10.256287
8.898773
8.999329
10.477753
11.200806
8.703644
7.209671
7.975815
9.363251
8.879623
