-0.19267273
-0.37057495
-0.43501282
-0.4600525
-0.47442627
-0.47442627
-0.43608093
-0.30133057
-0.15431213
-0.1282196
-0.26989746
-0.45098877
-0.53408813
-0.48135376
-0.30293274
-0.09625244
0.04170227
0.055541992
-0.07495117
-0.2416687
-0.28961182
-0.22836304
-0.16603088
-0.13673401
-0.0770874
0.057678223
0.15673828
0.16313171
0.11679077
0.06086731
0.03956604
-0.008377075
-0.16390991
-0.4600525
-0.6342163
-0.39720154
0.09335327
0.46087646
0.45822144
0.094436646
-0.33753967
-0.5276947
-0.41264343
-0.12449646
0.12799072
0.18070984
0.059280396
-0.12449646
-0.2565918
-0.260849
-0.16017151
-3.9672852E-4
0.16366577
0.28883362
0.3453064
0.38258362
0.45129395
0.5381012
0.52693176
0.31547546
-0.013702393
-0.17349243
-0.043533325
0.13331604
0.12638855
-0.059509277
-0.28108215
-0.30291748
-0.050994873
0.21321106
0.23664856
0.1269226
0.034240723
-0.012634277
-0.050994873
-0.05897522
-0.01423645
0.008666992
-0.026489258
-0.047790527
0.016662598
0.083236694
0.08963013
0.035827637
-0.024353027
-0.039260864
-0.083480835
-0.24008179
-0.31784058
-0.116500854
0.23504639
0.43104553
0.31652832
-0.064834595
-0.50479126
-0.6933441
-0.4733734
-0.034484863
0.2590027
0.26220703
0.13757324
0.040634155
0.018249512
0.02784729
0.012390137
-0.014770508
-0.049926758
-0.120224
-0.20172119
-0.121292114
0.20254517
0.6622162
0.81614685
0.38790894
-0.1942749
-0.3561859
-0.08987427
0.1855011
0.20735168
0.0715332
-0.01902771
0.04862976
0.21000671
0.311203
0.30801392
0.23291016
0.17219543
0.16152954
0.14129639
0.056610107
-0.067489624
-0.11703491
-0.03767395
0.09388733
0.14396667
0.090164185
0.028900146
-0.048858643
-0.19692993
-0.3977356
-0.5255585
-0.4339447
-0.113845825
0.2238617
0.36393738
0.21586609
-0.090408325
-0.34181213
-0.39294434
-0.24913025
-0.033950806
0.10455322
0.11785889
0.027313232
-0.038208008
-0.027023315
0.024642944
0.078445435
0.085372925
0.03956604
0.008132935
0.073654175
0.22972107
0.37512207
0.40602112
0.23132324
-0.093063354
-0.28108215
-0.12982178
0.16685486
0.28297424
0.15994263
-0.02861023
-0.08508301
0.059814453
0.25846863
0.35328674
0.35754395
0.32292175
0.26593018
0.16633606
0.061935425
-0.0030517578
-0.07388306
-0.15698242
-0.16230774
-0.07815552
-0.027023315
-0.06536865
-0.09094238
-0.06323242
-0.08401489
-0.21076965
-0.3982544
-0.42382812
-0.14367676
0.24783325
0.42892456
0.264328
-0.118637085
-0.46697998
-0.5953369
-0.52023315
-0.35032654
-0.16123962
-0.0035858154
0.09602356
0.14822388
0.14450073
0.083236694
0.0124053955
-0.046722412
-0.07229614
-0.04460144
0.02357483
0.12638855
0.27871704
0.52586365
0.6851196
0.44117737
-0.06376648
-0.2416687
0.057678223
0.35009766
0.33570862
0.14768982
0.015060425
0.0028076172
0.059799194
0.110946655
0.14503479
0.1855011
0.21800232
0.18231201
0.06300354
-0.02809143
-0.026489258
-0.04032898
-0.15112305
-0.27043152
-0.30291748
-0.16656494
0.029434204
0.10295105
0.07525635
0.06086731
0.02571106
-0.10638428
-0.18521118
-0.08615112
0.05821228
0.025177002
-0.16763306
-0.3519287
-0.3812256
-0.27682495
-0.15698242
-0.054718018
0.028915405
0.085372925
0.10081482
0.05821228
-0.014770508
-0.08187866
-0.12768555
-0.13780212
-0.0728302
0.0443573
0.11413574
0.11785889
0.1269226
0.1892395
0.3191986
0.47898865
0.5349121
0.37246704
0.03691101
-0.17190552
0.044891357
0.36660767
0.31227112
-0.09359741
-0.4446106
-0.49839783
-0.32583618
-0.1394043
-0.095199585
-0.15272522
-0.13301086
0.0033416748
0.11946106
0.11732483
-0.010513306
-0.16603088
-0.20439148
-0.11917114
-0.0062408447
0.027313232
-0.04032898
-0.13354492
-0.20439148
-0.2331543
-0.1750946
-0.10424805
-0.12023926
-0.16444397
-0.23580933
-0.38920593
-0.39241028
-0.104782104
0.30215454
0.5322571
0.45661926
0.15567017
-0.15379333
-0.31037903
-0.35246277
-0.46484375
-0.6342163
-0.7018585
-0.6938782
-0.50479126
0.019317627
0.075790405
-0.1351471
-0.13674927
-0.017974854
0.115737915
0.19030762
0.13064575
-0.0259552
-0.26989746
-0.2528534
0.21479797
0.5967102
0.5056305
0.19189453
0.014526367
0.09336853
0.3058777
0.31600952
0.09976196
-0.029159546
0.10241699
0.29736328
0.2627411
0.01878357
-0.17774963
-0.21183777
-0.1543274
-0.14633179
-0.18681335
-0.19906616
-0.15644836
-0.06802368
-0.013168335
-0.020095825
-0.01637268
0.03263855
0.073654175
0.066726685
0.031036377
-0.038742065
-0.10159302
-0.12768555
-0.1394043
-0.17988586
-0.27575684
-0.36044312
-0.34553528
-0.27522278
-0.29599
-0.36257935
-0.32688904
-0.14154053
0.031036377
0.06939697
0.05342102
0.026245117
-0.06964111
-0.23422241
-0.30984497
-0.23794556
-0.08560181
0.044891357
0.090164185
0.10720825
0.15142822
0.21160889
0.27711487
0.28990173
0.22225952
0.15461731
0.14343262
0.09388733
-0.008911133
-0.10319519
-0.17295837
-0.24380493
-0.33114624
-0.3423462
-0.19639587
0.05821228
0.19828796
0.12904358
0.034240723
0.068862915
0.1301117
0.035308838
-0.19799805
-0.3396759
-0.2917328
-0.16123962
-0.08508301
-0.08454895
-0.102645874
-0.08081055
-0.033416748
0.0012054443
-0.0019836426
-0.066970825
-0.116500854
-0.09945679
-0.055252075
-0.04460144
-0.11810303
-0.21611023
-0.22462463
-0.16070557
-0.0493927
0.08430481
0.20628357
0.2590027
0.21479797
0.12585449
0.061401367
0.0113220215
-0.055786133
-0.10638428
-0.1005249
-0.021697998
0.12265015
0.26113892
0.31599426
0.29310608
0.2723236
0.23716736
0.14183044
0.05873108
0.055541992
0.101882935
0.12478638
0.03956604
-0.0962677
-0.13887024
-0.14047241
-0.09625244
0.026245117
0.12799072
0.088027954
-0.056854248
-0.15272522
-0.111709595
-0.011566162
0.03263855
0.010787964
-9.3078613E-4
0.033172607
0.104019165
0.16687012
0.19030762
0.19242859
0.18177795
0.15141296
0.0954895
0.057144165
0.08483887
0.15727234
0.18231201
0.104019165
-0.022766113
-0.09146118
-0.038208008
-0.036605835
-0.19906616
-0.3311615
-0.3082428
-0.19799805
-0.1159668
-0.12875366
-0.2219696
-0.2842865
-0.25552368
-0.14259338
0.044891357
0.22172546
0.3026886
0.29364014
0.27552795
0.32292175
0.39004517
0.33303833
0.16526794
0.042236328
0.020385742
0.0028076172
-0.03553772
-0.099990845
-0.17137146
-0.18095398
-0.116500854
-0.020629883
0.05342102
0.10562134
0.17272949
0.24783325
0.2749939
0.24676514
0.17166138
0.072052
0.00920105
0.024108887
0.082717896
0.13970947
0.1934967
0.18496704
0.13969421
0.15834045
0.22225952
0.26966858
0.2638092
0.26167297
0.29362488
0.32398987
0.27285767
0.15248108
0.10241699
0.111465454
0.061401367
-0.047790527
-0.10585022
-0.0690918
-0.020629883
-0.08987427
-0.28321838
-0.44300842
-0.44726562
-0.33595276
-0.22355652
-0.15005493
-0.12715149
-0.10371399
-0.0259552
0.04649353
0.043823242
0.0049438477
-0.031280518
-0.045669556
0.012390137
0.12904358
0.19721985
0.17591858
0.13597107
0.14024353
0.17805481
0.16152954
0.054473877
-0.061645508
-0.08241272
0.0012054443
0.056610107
0.013458252
-0.11489868
-0.2496643
-0.27256775
-0.13619995
0.0443573
0.0443573
-0.069625854
-0.099990845
-3.8146973E-4
0.1934967
0.2004242
0.039031982
0.012390137
0.05340576
