17.463684
16.409302
16.65039
18.011475
18.099976
17.640686
18.682861
19.107056
19.120789
19.19403
18.64624
18.092346
19.294739
19.78302
19.145203
21.018982
19.874573
19.647217
21.539307
19.802856
20.365906
21.185303
20.890808
21.749878
20.431519
20.431519
21.403503
21.983337
22.399902
21.051025
21.089172
20.95337
21.162415
20.082092
20.135498
21.601868
20.724487
20.14618
21.97876
20.39795
20.233154
19.396973
18.544006
18.658447
17.297363
18.667603
16.326904
18.461609
18.510437
17.729187
18.52417
19.99054
19.029236
18.318176
18.074036
18.301392
16.636658
18.096924
18.247986
18.534851
18.048096
17.15393
18.301392
18.252563
19.198608
17.103577
17.887878
18.59436
18.551636
19.970703
19.981384
18.71643
20.066833
20.19806
20.883179
20.71228
19.976807
21.228027
20.150757
20.362854
19.195557
20.832825
20.075989
19.754028
17.695618
18.157959
17.991638
17.599487
18.614197
18.302917
18.356323
18.814087
18.60962
17.637634
16.001892
16.799927
14.981079
16.445923
16.223145
16.221619
16.73584
16.73584
15.016174
17.845154
16.18805
17.463684
18.637085
15.345764
16.30249
15.142822
16.94336
16.786194
16.983032
16.018677
16.175842
17.45758
16.812134
15.560913
16.098022
14.909363
17.028809
14.982605
16.366577
16.548157
17.028809
16.73584
17.208862
16.38794
17.538452
16.82129
16.13617
16.900635
16.604614
16.828918
15.974426
15.473938
15.582275
16.459656
16.181946
16.329956
15.008545
15.606689
16.329956
16.093445
15.249634
15.907288
14.4592285
12.460327
14.859009
14.335632
14.451599
15.869141
14.454651
14.233398
15.113831
14.720154
15.612793
14.855957
14.115906
15.594482
14.427185
13.279724
14.762878
13.299561
15.713501
15.234375
13.516235
14.387512
13.781738
16.197205
14.918518
14.833069
15.55481
14.170837
16.786194
16.786194
14.595032
15.467834
15.615845
15.4296875
16.802979
16.349792
13.430786
15.214539
15.068054
15.481567
15.193176
14.881897
16.049194
15.779114
16.04004
15.397644
14.961243
14.950562
16.571045
14.840698
15.556335
15.058899
14.038086
15.188599
14.968872
15.696716
14.404297
15.696716
13.595581
13.433838
13.85498
14.950562
14.570618
15.235901
14.694214
15.255737
14.260864
14.401245
13.842773
14.562988
13.833618
13.926697
16.098022
14.639282
16.26587
14.11438
16.560364
14.930725
15.939331
16.28418
14.205933
14.863586
16.319275
15.464783
14.923096
16.007996
16.65039
16.007996
16.7984
17.053223
16.799927
16.938782
16.848755
17.504883
17.704773
16.061401
17.098999
16.679382
15.600586
16.461182
16.819763
15.65094
16.299438
16.299438
16.299438
16.751099
16.004944
14.910889
15.122986
15.698242
15.585327
15.713501
16.4917
15.672302
16.830444
14.564514
17.024231
17.845154
16.505432
17.75055
16.462708
16.804504
17.10968
16.54663
17.991638
16.41388
16.273499
16.758728
15.699768
17.547607
16.645813
16.15448
15.075684
17.755127
16.078186
14.099121
16.151428
17.59491
16.441345
17.16919
14.761353
16.760254
15.882874
15.263367
16.552734
16.05835
16.16211
15.608215
16.249084
15.536499
15.736389
16.009521
14.512634
14.63623
14.814758
14.72168
14.212036
15.46936
12.915039
13.874817
13.261414
13.365173
13.446045
12.576294
12.619019
12.620544
11.39679
9.794617
10.868835
9.739685
8.694458
9.733582
10.517883
10.446167
11.46698
9.327698
8.84552
9.04541
9.04541
9.04541
8.132935
8.894348
9.510803
6.892395
6.567383
7.546997
6.6619873
8.126831
7.688904
6.2301636
3.6087036
4.312134
4.425049
4.5455933
2.3361206
4.15802
3.591919
1.8081665
0.7369995
2.1102905
1.0391235
-1.2023926
0.45776367
-0.9979248
0.17547607
-0.2960205
0.7797241
-0.2166748
-0.58135986
-0.7110596
-1.28479
-1.7105103
-2.3788452
-2.9678345
-2.0599365
-3.1082153
-1.965332
-3.5354614
-3.4332275
-3.7857056
-4.3380737
-5.181885
-5.01709
-4.057312
-6.289673
-5.1193237
-5.52063
-4.525757
-5.9921265
-5.3344727
-4.748535
-5.4779053
-7.130432
-5.26886
-4.508972
-7.9818726
-5.975342
-6.718445
-5.4138184
-6.9641113
-7.0495605
-7.9605103
-7.4554443
-8.511353
-9.12323
-8.31604
-9.886169
-9.745789
-8.72345
-9.2300415
-9.875488
-8.584595
-9.875488
-9.875488
-9.2803955
-9.590149
-8.721924
-9.017944
-9.127808
-9.526062
-10.073853
-9.197998
-8.503723
-10.662842
-9.753418
-10.15625
-9.025574
-11.486816
-9.761047
-10.588074
-11.642456
-11.720276
-11.77063
-12.171936
-12.911987
-12.385559
-13.330078
-13.48114
-13.026428
-11.37085
-12.976074
-13.327026
-12.17804
-12.710571
-12.32605
-12.82196
-12.918091
-12.428284
-11.476135
-10.935974
-10.9313965
-10.960388
-9.506226
-10.192871
-9.661865
-10.948181
-10.926819
-9.8526
-9.423828
-9.638977
-9.701538
-9.034729
-10.713196
-8.74939
-9.555054
-8.682251
-9.111023
-10.031128
-8.932495
-8.616638
-7.8063965
-8.06427
-7.359314
-9.143066
-7.48291
-8.616638
-6.970215
-6.8115234
-6.576538
-6.7581177
-5.923462
-5.26886
-6.213379
-6.112671
-4.2633057
-6.1431885
-6.452942
-6.452942
-6.452942
-6.17218
-3.5232544
-3.5079956
-5.2093506
-3.1677246
-2.6885986
-3.5629272
-1.7974854
-4.425049
-2.6687622
-2.2216797
-2.4673462
-1.3504028
-1.2039185
-1.3717651
-1.4251709
-0.5996704
-2.9525757
0.1373291
-1.3290405
-0.7598877
-0.05645752
0.21972656
-0.77056885
0.22583008
-0.17089844
-0.6500244
0.0015258789
0.73547363
1.3900757
1.701355
2.760315
1.7227173
1.5945435
2.1316528
-0.55389404
1.3397217
0.08850098
0.63323975
1.7852783
0.7873535
1.4404297
1.4846802
2.4353027
1.2939453
1.071167
1.3092041
0.692749
1.1230469
1.7837524
-0.1586914
0.5157471
1.1276245
-0.20751953
1.1291504
-0.819397
1.7425537
0.42114258
1.701355
0.10070801
-1.2008667
-0.11138916
1.9500732
0.55389404
0.45013428
1.6296387
1.1138916
-1.4160156
-0.37994385
-0.7019043
-1.3504028
-0.21057129
0.2166748
0.2166748
-0.10223389
-0.018310547
-0.26397705
-1.3885498
0.6713867
0.8956909
-0.12817383
0.28381348
0.5996704
0.66986084
-1.2405396
1.4770508
-0.44555664
-0.5661011
0.36010742
-0.5126953
1.109314
1.2512207
-0.2029419
-1.0314941
0.4837036
-0.0015258789
1.248169
-0.7141113
-0.059509277
0.08392334
0.69885254
1.9454956
0.0
-0.42266846
0.21362305
0.7385254
-0.43792725
0.0
0.55389404
1.1627197
1.7990112
0.06866455
