-30.000305
-31.008911
-31.08368
-29.61731
-29.281616
-28.009033
-28.88794
-29.258728
-28.895569
-28.770447
-28.59497
-27.095032
-27.207947
-25.775146
-25.527954
-24.909973
-25.543213
-23.731995
-26.625061
-25.97351
-25.534058
-25.517273
-24.74823
-24.569702
-23.728943
-23.728943
-21.31958
-24.490356
-23.995972
-24.134827
-24.327087
-25.901794
-24.201965
-22.97821
-22.9599
-24.516296
-23.786926
-24.943542
-23.422241
-24.757385
-23.796082
-23.716736
-21.34552
-21.870422
-23.336792
-23.701477
-22.839355
-22.901917
-21.81549
-22.125244
-23.750305
-22.042847
-23.072815
-22.950745
-22.111511
-23.516846
-22.280884
-22.361755
-23.535156
-22.776794
-24.51477
-23.38562
-23.516846
-24.603271
-24.137878
-24.827576
-24.468994
-23.8266
-22.871399
-22.149658
-24.134827
-22.615051
-23.34137
-23.808289
-22.561646
-24.455261
-23.371887
-22.143555
-25.352478
-23.704529
-23.680115
-23.0896
-25.172424
-22.325134
-22.595215
-23.564148
-23.669434
-24.920654
-23.719788
-23.161316
-22.83783
-24.111938
-22.956848
-25.112915
-22.644043
-21.617126
-22.216797
-23.062134
-22.421265
-22.116089
-23.422241
-23.422241
-22.20459
-22.953796
-22.991943
-22.979736
-23.564148
-22.351074
-21.218872
-21.350098
-20.603943
-21.980286
-21.354675
-22.079468
-23.660278
-21.910095
-23.90747
-21.871948
-23.683167
-22.801208
-23.73352
-22.676086
-22.372437
-22.769165
-23.73352
-23.422241
-23.672485
-23.382568
-23.158264
-22.628784
-24.128723
-23.571777
-23.05603
-24.154663
-23.928833
-22.76764
-23.036194
-23.104858
-22.583008
-22.63794
-24.601746
-23.692322
-22.63794
-22.918701
-22.12677
-22.265625
-24.526978
-22.229004
-24.241638
-21.76361
-22.999573
-21.972656
-23.764038
-22.868347
-24.360657
-22.502136
-21.954346
-23.478699
-21.479797
-21.401978
-22.038269
-22.213745
-23.558044
-22.766113
-20.391846
-23.6557
-22.592163
-21.846008
-20.924377
-22.627258
-22.842407
-23.635864
-22.123718
-22.427368
-24.113464
-24.113464
-23.61145
-22.917175
-23.631287
-22.724915
-24.208069
-21.147156
-24.351501
-24.27063
-24.014282
-22.401428
-23.413086
-22.547913
-22.572327
-23.475647
-21.046448
-23.500061
-20.533752
-22.320557
-22.04132
-21.897888
-23.242188
-22.029114
-22.415161
-22.343445
-22.059631
-21.769714
-22.348022
-21.769714
-21.237183
-21.54541
-22.018433
-22.320557
-23.461914
-21.104431
-22.555542
-21.963501
-23.05603
-22.549438
-23.905945
-21.936035
-21.920776
-22.654724
-23.26355
-23.234558
-23.87085
-23.713684
-24.234009
-23.239136
-24.182129
-24.423218
-23.988342
-24.586487
-23.85254
-24.438477
-25.636292
-24.76654
-25.268555
-24.76654
-25.984192
-25.289917
-26.289368
-25.172424
-25.202942
-25.341797
-25.479126
-24.443054
-24.557495
-24.69635
-23.777771
-24.971008
-23.884583
-26.818848
-25.431824
-25.431824
-25.431824
-25.178528
-24.66278
-24.51477
-23.576355
-25.273132
-25.20752
-25.062561
-24.29657
-24.412537
-25.868225
-25.592041
-24.377441
-25.328064
-26.89209
-24.594116
-25.93689
-25.160217
-24.24469
-24.836731
-25.737
-28.089905
-25.637817
-27.365112
-27.864075
-26.132202
-28.364563
-28.373718
-27.609253
-27.896118
-28.041077
-29.560852
-28.57666
-28.816223
-28.276062
-27.833557
-27.658081
-30.20935
-29.47998
-30.445862
-29.104614
-28.656006
-27.856445
-29.72107
-30.072021
-29.492188
-29.882812
-30.555725
-30.07965
-29.173279
-32.070923
-31.336975
-31.912231
-31.904602
-31.573486
-30.493164
-31.307983
-30.60913
-32.009888
-32.807922
-30.499268
-30.804443
-31.15387
-30.514526
-31.176758
-31.192017
-29.803467
-29.971313
-29.966736
-29.890442
-30.570984
-29.440308
-31.282043
-30.60608
-30.60608
-30.60608
-30.70221
-30.194092
-30.142212
-30.957031
-31.26831
-30.638123
-29.042053
-30.293274
-30.944824
-30.255127
-28.007507
-30.018616
-30.491638
-29.93927
-28.884888
-28.082275
-28.572083
-29.159546
-29.667664
-27.226257
-31.65741
-28.674316
-29.399109
-29.167175
-27.302551
-27.763367
-27.91748
-25.442505
-28.825378
-29.071045
-26.966858
-26.289368
-26.818848
-25.991821
-25.946045
-26.803589
-26.42517
-25.668335
-24.563599
-23.355103
-25.932312
-24.172974
-25.135803
-23.648071
-22.090149
-22.875977
-22.85614
-24.465942
-22.911072
-22.695923
-23.41919
-20.547485
-21.653748
-21.704102
-20.637512
-19.181824
-19.082642
-19.58313
-18.489075
-18.43872
-19.232178
-19.380188
-18.041992
-18.745422
-17.16156
-17.814636
-17.616272
-16.804504
-16.877747
-17.756653
-16.642761
-15.606689
-16.642761
-16.642761
-15.275574
-15.428162
-14.324951
-13.555908
-13.134766
-13.978577
-13.700867
-13.717651
-14.050293
-12.87384
-12.319946
-11.993408
-12.030029
-12.12616
-10.794067
-10.095215
-10.545349
-8.94165
-9.724426
-10.108948
-8.262634
-7.7835083
-7.7407837
-7.3287964
-6.7733765
-6.7352295
-6.2957764
-5.239868
-5.7769775
-5.0354004
-5.062866
-4.9682617
-3.7780762
-2.8030396
-3.7124634
-2.0568848
-3.1265259
-4.359436
-3.6254883
-1.7089844
-2.0446777
0.2319336
-0.93078613
-0.6286621
-2.0690918
0.7156372
-0.73394775
0.09918213
0.0061035156
0.65460205
1.81427
1.8478394
0.33111572
2.268982
1.3565063
3.652954
2.2369385
2.154541
0.24414062
3.579712
3.1585693
3.652954
2.9708862
3.8894653
4.322815
3.9077759
4.7943115
5.1116943
4.4937134
6.0577393
5.4397583
5.383301
5.484009
5.484009
5.484009
7.107544
6.550598
6.3552856
7.8323364
7.8430176
6.878662
7.3028564
7.4768066
7.835388
6.9854736
5.1452637
6.289673
5.484009
5.886841
6.4956665
6.477356
5.2719116
5.4641724
3.730774
5.2856445
4.6569824
6.416321
5.845642
3.6834717
4.624939
3.831482
5.0491333
5.671692
4.8934937
5.0598145
4.499817
4.4403076
4.5562744
4.15802
2.7542114
3.8574219
4.2770386
3.050232
3.6361694
2.7420044
1.8539429
2.3239136
1.0635376
3.4179688
2.7328491
3.6270142
2.9434204
2.5863647
4.1030884
3.0471802
1.5411377
2.067566
3.340149
1.0131836
2.8823853
2.597046
0.74005127
2.6992798
1.4907837
0.7598877
2.5726318
3.440857
2.5924683
1.7745972
4.3380737
2.0248413
2.671814
1.5335083
2.130127
4.573059
3.591919
4.5822144
3.5995483
3.5995483
4.8721313
3.0136108
5.2230835
4.0374756
4.1549683
2.8030396
3.9413452
4.9453735
4.232788
5.1208496
3.9840698
3.503418
5.621338
4.2556763
4.307556
4.273987
4.8065186
5.1605225
3.7155151
5.683899
5.621338
4.3899536
5.618286
4.9697876
5.1361084
5.1849365
6.2530518
5.1345825
7.043457
4.3045044
4.7180176
6.161499
4.093933
4.084778
6.2042236
4.824829
5.543518
4.974365
