12.244675
11.306152
10.417892
9.334518
9.154953
10.154526
10.395157
9.291428
8.233185
7.481415
7.7100525
8.211639
8.447464
8.289459
7.617874
7.3186035
8.716812
10.153336
10.684845
10.178482
9.087906
8.922714
9.8085785
10.277832
10.142563
9.868423
9.997711
10.717163
11.561127
11.082291
9.601471
7.8141937
7.700485
8.998138
9.607452
9.584702
9.186081
8.788635
8.690475
8.579147
8.005737
7.183319
7.2946625
7.870468
8.5516205
9.201645
10.243118
11.194809
11.658096
10.845261
8.782654
8.070374
8.946655
10.287415
11.224747
11.127777
9.849274
9.0112915
10.720764
12.691193
12.560699
10.529221
8.639008
7.985382
8.469025
9.183685
9.099884
8.447464
8.166153
8.3780365
8.627029
8.756317
8.624634
8.120651
7.8644714
8.149384
8.478592
8.580338
8.476196
8.576752
9.02327
9.248322
9.152557
9.008911
9.425507
10.9517975
12.405075
11.705978
10.1497345
10.154526
11.433029
11.666473
10.208405
8.899963
8.891586
9.667313
10.280228
10.383179
10.274246
9.901947
9.109467
8.411545
8.625839
9.178894
9.406342
9.116653
8.606674
8.680908
9.402756
9.777451
9.363251
8.661743
8.721603
9.6792755
10.5208435
10.281418
10.271851
11.361206
12.552322
12.257843
10.166504
8.229584
7.716034
8.738358
9.581116
9.357269
8.555206
8.154175
8.106293
7.8357544
7.380844
6.9271545
6.909195
7.328171
7.960251
8.816177
9.8923645
10.590271
10.30896
9.396774
9.214813
9.881592
10.319733
10.034821
10.015671
10.6154175
11.342056
11.103836
10.262268
9.854065
9.905533
9.906723
9.685272
9.453033
9.363251
9.175308
8.755127
8.109879
7.60112
7.328171
7.2072754
7.305435
8.102707
9.171707
9.924698
10.409515
10.384384
9.995316
9.589508
9.463806
9.886383
10.561554
11.962158
13.365158
13.982864
13.8415985
12.640915
10.657318
8.752731
7.5963287
7.316208
7.7842712
8.307404
8.354095
7.901581
7.50296
7.2563477
7.2671356
7.5125275
7.7196198
7.738785
7.8273773
8.218811
8.7096405
9.146576
9.551193
10.087494
10.797379
11.667664
11.6592865
10.480148
9.960602
9.980957
9.459015
8.464218
8.065598
8.526474
9.110657
9.158539
8.719208
8.409164
8.518097
8.410355
7.901596
7.505356
7.452667
8.018906
9.257904
10.451416
11.13974
11.342056
10.941025
10.532806
10.789001
11.495285
11.352829
10.256287
9.678085
10.016861
10.13179
9.254318
8.41275
8.202057
8.327759
8.494156
8.697662
8.684494
8.448669
8.111084
7.8441315
7.8357544
8.0464325
8.3517
8.727585
9.131012
9.584702
10.135376
10.425079
10.234741
9.945038
10.2682495
10.6633
10.109039
9.81456
10.457397
10.677658
9.591888
8.403183
8.223602
9.146576
9.898346
9.858856
9.407532
9.131012
9.008896
8.853287
8.504929
7.8560944
7.309021
7.455078
8.373245
9.394363
9.680481
9.233963
8.891586
8.989746
9.266281
10.03363
11.052353
12.086655
12.488876
12.774979
12.371567
11.054749
9.488937
8.613861
9.116638
9.719986
9.797791
9.4769745
8.974197
8.532455
8.1601715
7.9351044
7.8321533
7.538864
7.4418945
7.957855
8.764694
9.352478
9.442261
9.1645355
9.348877
9.9270935
10.083908
9.737946
9.546402
10.244324
10.610626
9.65773
8.758713
8.779068
9.3824005
9.605057
9.269867
9.031662
9.080734
8.937088
8.358887
7.5831604
7.0588226
7.222824
7.738785
8.311005
8.5516205
8.639008
8.841309
9.218399
10.196426
10.82132
10.790192
11.088272
10.829697
10.356842
10.571121
11.298965
11.598236
10.513672
8.830536
7.9518585
8.336136
9.0065155
8.994537
8.294235
7.7615204
7.8285675
8.282272
8.579147
8.261917
7.7495575
7.7375946
8.1254425
8.683304
8.897583
8.922714
8.932297
8.825745
9.097488
9.510498
9.935455
9.986938
9.490143
9.571548
9.976166
9.906738
9.285431
8.775482
8.503723
8.599503
9.169312
9.449432
9.133408
8.579147
8.416336
8.574356
8.636612
8.315781
7.7926483
7.6741486
8.217621
9.123825
9.878006
9.854065
8.58992
8.835327
10.092285
11.421066
11.324097
10.563934
10.845261
11.172073
11.601822
12.068695
12.455368
11.987289
10.447815
8.958633
8.021301
7.7806854
7.8680725
7.9387054
7.8357544
7.604706
7.561615
7.534073
7.468231
7.6585846
7.771103
7.707657
7.562805
7.5556183
7.7938538
8.107483
8.562393
8.783859
8.950256
8.872437
8.768295
9.132217
9.363251
9.002914
8.787445
10.628586
13.209534
12.970123
10.604645
9.448242
9.905533
10.683655
10.702805
10.146149
9.565552
9.237549
9.150162
8.896378
8.3517
7.960251
8.363663
9.054398
9.447052
9.168121
8.689285
8.451065
8.406769
8.604279
9.152557
10.076721
11.04039
10.873993
9.7535095
10.176086
13.225098
16.052643
16.165176
13.2526245
9.157349
7.060028
7.067215
7.656189
7.5041504
6.977417
6.913986
7.2790985
7.513733
7.530487
7.66098
7.8237762
7.932724
8.119461
8.087143
8.067978
8.311005
8.957428
10.006088
10.183258
9.010101
9.350082
12.359589
14.636475
13.392685
11.206787
10.747101
11.729919
12.376358
11.863998
10.313736
8.943069
8.3936
8.366058
8.336136
8.051224
7.6166687
7.3940125
7.4107666
7.402405
7.6226654
8.236786
8.801804
9.703232
11.363602
12.752243
12.312912
10.425079
8.470215
8.005737
9.925888
12.618164
13.785339
12.371567
10.112625
8.723999
8.502533
8.633026
7.996155
7.099533
6.924759
7.4179535
7.988983
8.406769
8.394791
8.173325
8.009323
8.27269
8.969406
9.59668
10.135376
10.924271
10.800964
9.918701
10.3472595
11.941803
12.644501
11.746674
10.879974
11.476135
12.105804
11.583878
10.140167
8.732376
7.660965
7.1641693
7.386841
7.5843506
7.380844
7.1725616
7.463455
8.101501
8.409164
8.394791
8.257126
8.214035
8.506134
10.652527
12.922226
12.104614
8.339737
6.86969
10.690826
14.899841
14.629288
11.507263
8.990952
8.837723
9.722382
9.842087
8.696457
7.465851
7.371277
7.538864
7.5963287
7.8525085
8.773071
9.91272
10.129395
9.87442
10.075516
9.983353
9.467407
9.08432
8.883209
9.503311
11.504868
12.482895
10.055176
7.5831604
8.483383
10.839279
11.646118
11.349243
9.791809
7.2802887
8.067993
9.054398
8.988556
7.3042297
7.3832397
9.39917
10.899124
11.172073
11.264252
11.421066
11.240295
11.440216
12.084259
12.072281
11.011658
10.123398
10.459793
11.719147
11.88913
10.690826
8.935883
8.058411
8.685684
9.500916
9.6397705
9.138184
8.514496
8.065582
7.751953
8.081146
8.484573
8.410355
8.564789
8.82695
9.151367
9.26149
9.741531
9.910324
10.3233185
11.033203
11.241501
10.920685
10.58429
10.377182
9.910324
8.983765
8.485779
8.552811
8.574356
8.643784
8.830536
9.052002
9.3405
8.941864
8.309799
8.169739
8.141006
8.072769
8.27269
9.206436
10.440643
11.091858
10.887161
10.446625
10.577118
11.373184
12.01004
11.292969
9.974976
9.636185
10.525635
10.586685
9.4769745
8.217621
7.9470673
8.465424
8.941864
8.799423
8.188889
7.8955994
8.332535
8.824554
8.993347
8.870041
8.804199
9.217194
9.873215
10.153336
9.7547
9.257904
9.396759
10.146149
10.8129425
10.791397
10.483734
10.559158
10.763855
10.186859
9.172913
8.697662
8.679703
8.442688
7.6896973
7.4418945
7.9075775
8.494156
8.485779
7.854904
7.2120514
7.1725616
7.724411
8.6354065
9.189667
9.316559
9.552383
10.043198
10.2682495
10.259872
10.304169
10.443039
10.974548
10.859619
10.385574
9.921097
10.174881
10.480148
9.775055
8.337341
7.178543
7.386841
8.878418
10.05159
9.857651
8.850891
7.9913635
7.897995
7.9087677
7.7770844
7.787857
8.160156
8.752731
9.063965
8.965805
9.18248
9.309372
9.409943
9.793015
10.493317
10.696823
10.17009
9.778641
10.217972
11.083481
10.638168
6.989395
6.6973114
8.427109
9.740326
9.5954895
