-0.45318604
1.914978
0.6866455
0.8514404
0.81329346
0.72631836
0.8743286
-0.9109497
-0.9750366
-1.0635376
-0.50354004
-0.4623413
-1.2878418
-0.2883911
-0.9780884
-1.6662598
-1.9897461
-0.8895874
-0.14038086
-1.1047363
0.8331299
-1.8341064
0.6210327
0.08087158
-2.0187378
-0.54473877
-2.8320312
-2.293396
-0.54473877
-1.8966675
-2.0843506
-0.54626465
-1.7715454
-1.4587402
-0.9841919
-2.709961
-1.8371582
-2.1636963
-2.6885986
-3.6254883
-2.9388428
-1.6281128
-3.288269
-2.029419
-3.414917
-1.7776489
-3.1539917
-2.229309
-1.4038086
-2.293396
-1.7562866
-2.381897
-1.8203735
-2.0339966
-2.34375
-2.319336
-1.3687134
-1.4968872
-1.4099121
-0.7461548
-1.9729614
-2.7328491
-0.5584717
-1.0696411
-2.3468018
-0.680542
0.0076293945
-0.8087158
-0.6225586
-0.38452148
0.06713867
-0.77056885
-0.7080078
0.06713867
0.06713867
-1.373291
-0.21820068
-0.58135986
-0.6454468
0.831604
-0.30975342
-0.5218506
0.34332275
0.34179688
0.27923584
1.1672974
1.2023926
2.0187378
2.6184082
2.079773
2.4932861
2.6428223
2.7938843
2.7679443
3.1585693
3.1829834
3.2440186
2.9327393
2.458191
3.2836914
2.1453857
2.394104
2.3712158
1.184082
2.935791
1.6464233
2.5238037
1.6830444
1.8112183
2.1484375
2.4612427
1.1474609
1.4633179
0.8987427
2.1865845
1.9775391
4.1137695
1.3519287
3.8497925
3.640747
1.9363403
1.979065
1.625061
2.3391724
1.3519287
1.6693115
2.0401
1.0925293
2.1026611
2.191162
2.31781
0.75531006
3.0441284
1.0055542
1.6937256
1.6937256
2.9571533
2.56958
4.9209595
3.4332275
2.444458
3.0715942
4.18396
3.5217285
2.7679443
3.3706665
3.0700684
1.9454956
3.6102295
3.4591675
2.9205322
2.507019
2.7313232
2.470398
2.2720337
2.1087646
2.1087646
2.1087646
3.869629
1.8188477
4.084778
4.058838
2.2323608
1.9226074
3.5705566
2.507019
1.9226074
1.8844604
2.545166
3.4194946
3.5064697
1.6677856
2.468872
1.9546509
1.8829346
2.380371
3.0700684
1.1901855
1.6052246
1.5045166
-0.20751953
0.06866455
0.9414673
-0.8468628
-0.63323975
-0.6576538
-0.38146973
-1.2466431
-1.2207031
-1.1734009
-0.3479004
-0.44555664
-1.1947632
-1.6983032
-1.8234253
-1.411438
-1.6983032
-2.1362305
-1.5457153
-1.008606
-2.3468018
-1.7608643
-1.6586304
-2.2979736
-3.010559
-3.4210205
-2.9708862
-1.5472412
-3.3599854
-2.6000977
-1.6357422
-3.6727905
-3.5491943
-3.4866333
-3.2730103
-3.3843994
-4.548645
-2.923584
-3.9871216
-2.607727
-3.6117554
-5.5618286
-5.2124023
-3.6376953
-4.525757
-4.574585
-4.736328
-2.722168
-5.8624268
-4.8339844
-5.5236816
-4.0359497
-5.6121826
-7.650757
-5.82428
-7.336426
-7.1273804
-5.6747437
-7.336426
-7.336426
-7.336426
-7.998657
-7.084656
-6.9000244
-6.9000244
-6.6238403
-7.3379517
-7.2753906
-7.0602417
-7.208252
-7.774353
-6.7993164
-7.0220947
-7.385254
-7.421875
-7.8582764
-7.234192
-8.683777
-7.8201294
-8.171082
-9.222412
-8.421326
-9.094238
-9.120178
-8.232117
-10.058594
-7.6690674
-9.268188
-10.203552
-9.080505
-9.764099
-10.328674
-10.806274
-10.179138
-11.514282
-11.578369
-11.865234
-11.552429
-11.366272
-11.950684
-11.553955
-11.741638
-12.428284
-13.17749
-12.776184
-13.964844
-13.438416
-14.814758
-12.962341
-13.652039
-13.111877
-13.424683
-13.713074
-14.584351
-14.372253
-15.248108
-15.235901
-15.77301
-13.233948
-14.434814
-14.294434
-16.397095
-15.933228
-16.531372
-15.994263
-16.435242
-16.307068
-16.305542
-15.0177
-16.680908
-16.055298
-15.231323
-16.679382
-15.80658
-16.242981
-15.5807495
-16.142273
-17.341614
-16.825867
-15.042114
-15.042114
-15.042114
-16.078186
-15.701294
-17.926025
-17.817688
-16.462708
-19.40155
-18.09082
-18.4021
-17.340088
-19.239807
-17.428589
-18.489075
-18.527222
-18.02826
-19.844055
-18.65387
-20.666504
-19.87915
-19.129944
-19.628906
-20.355225
-18.65387
-18.528748
-19.941711
-19.689941
-20.291138
-20.228577
-19.691467
-20.72754
-21.064758
-22.05658
-21.128845
-22.618103
-21.455383
-22.05658
-22.743225
-22.079468
-22.169495
-21.20819
-21.57898
-22.743225
-22.23053
-23.268127
-21.618652
-22.077942
-20.7901
-22.917175
-20.166016
-22.26715
-21.75293
-21.391296
-23.365784
-20.503235
-22.427368
-22.142029
-20.814514
-22.789001
-23.266602
-22.554016
-23.452759
-23.327637
-22.576904
-21.951294
-22.763062
-23.112488
-23.739624
-24.053955
-24.391174
-25.028992
-22.727966
-24.467468
-25.630188
-24.508667
-24.206543
-25.494385
-25.369263
-24.8703
-25.756836
-25.970459
-26.531982
-26.531982
-26.531982
-25.724792
-27.400208
-26.449585
-26.92566
-27.651978
-27.116394
-27.841187
-28.192139
-27.755737
-29.50592
-28.694153
-28.42102
-28.134155
-28.198242
-29.17633
-27.159119
-28.260803
-27.049255
-26.913452
-28.237915
-27.928162
-27.490234
-27.278137
-27.079773
-27.056885
-27.368164
-27.593994
-26.045227
-27.096558
-26.747131
-25.909424
-25.43335
-26.637268
-25.538635
-24.523926
-23.960876
-22.711182
-23.524475
-21.888733
-21.775818
-22.589111
-21.464539
-21.401978
-20.925903
-19.580078
-18.667603
-18.478394
-17.915344
-17.590332
-16.464233
-15.692139
-16.712952
-15.968323
-16.093445
-14.39209
-14.692688
-14.627075
-13.40332
-14.279175
-12.167358
-12.454224
-12.704468
-11.801147
-12.1032715
-10.562134
-9.562683
-10.726929
-8.352661
-8.377075
-8.999634
-8.851624
-8.848572
-7.788086
-6.5856934
-7.987976
-8.999634
-7.649231
-7.749939
-6.19812
-6.19812
-6.19812
-7.398987
-6.6101074
-4.0115356
-5.2948
-3.6712646
-3.6956787
-3.6941528
-2.9205322
-2.0950317
-2.1209717
-1.9317627
-1.0360718
-0.8453369
0.75531006
0.68969727
1.6067505
0.9185791
2.709961
1.0070801
4.458618
3.8955688
6.47583
6.70166
6.50177
8.226013
6.390381
8.26416
9.05304
7.1899414
9.802246
9.741211
9.867859
10.966492
12.507629
12.9470825
11.933899
13.671875
14.111328
13.33313
14.6484375
14.9383545
13.612366
14.775085
16.340637
15.802002
17.282104
15.489197
17.767334
16.429138
17.338562
16.72821
18.218994
17.729187
17.730713
17.892456
17.20581
18.481445
17.829895
18.457031
18.417358
19.206238
17.829895
19.60907
19.02008
20.098877
21.310425
21.499634
20.072937
20.013428
21.586609
23.814392
23.97461
23.565674
22.779846
25.131226
24.295044
25.268555
21.942139
23.832703
24.009705
24.009705
24.009705
23.608398
25.997925
24.01123
23.384094
23.735046
22.885132
21.098328
23.072815
22.071838
20.999146
22.573853
23.236084
23.220825
24.447632
23.54889
24.134827
24.409485
25.794983
27.684021
25.318909
25.984192
26.834106
25.619507
25.881958
26.330566
28.382874
26.618958
27.531433
28.031921
27.218628
27.407837
26.4328
25.582886
25.996399
25.019836
24.420166
24.743652
25.543213
25.332642
24.545288
24.482727
23.895264
23.918152
23.358154
22.920227
23.580933
22.981262
22.79663
23.794556
22.032166
23.417664
23.35968
22.380066
22.817993
23.542786
22.694397
21.24176
21.84143
20.965576
21.151733
19.9646
20.614624
19.94934
21.58966
22.441101
23.002625
20.925903
20.812988
22.02301
23.028564
21.958923
21.548462
22.084045
23.661804
22.610474
21.871948
20.858765
21.398926
21.357727
21.232605
21.232605
21.232605
21.832275
21.29364
20.793152
21.31958
20.732117
20.954895
21.257019
22.329712
21.858215
21.380615
21.255493
21.66748
22.29309
22.045898
21.728516
22.355652
20.97931
22.769165
22.517395
23.017883
25.305176
23.017883
23.666382
23.70758
24.70398
22.866821
22.2641
22.288513
23.576355
22.824097
23.638916
22.447205
24.926758
22.535706
23.887634
23.925781
24.012756
23.94867
25.54779
24.797058
23.6557
25.158691
23.608398
23.843384
25.19226
24.090576
25.067139
24.291992
24.964905
25.942993
25.190735
24.276733
25.163269
25.566101
25.85144
25.250244
25.688171
25.624084
25.787354
24.150085
25.061035
25.686646
25.161743
25.161743
25.212097
24.021912
24.061584
26.374817
24.899292
27.264404
27.163696
26.887512
27.478027
28.553772
28.927612
29.141235
29.829407
30.064392
29.65393
29.39148
29.39148
28.274536
28.92456
29.302979
30.9021
29.162598
29.676819
30.863953
29.48761
30.126953
30.488586
30.900574
32.063293
31.588745
32.25403
32.29065
32.711792
32.03888
32.087708
32.250977
32.850647
32.600403
