-18.359375
-19.82727
-19.389343
-19.42749
-19.876099
-18.977356
-18.478394
-19.511414
-18.734741
-16.767883
-16.708374
-17.21344
-16.94336
-17.634583
-15.6814575
-15.711975
-17.085266
-17.495728
-15.1901245
-14.8880005
-14.347839
-13.650513
-14.680481
-13.90686
-13.264465
-11.355591
-13.150024
-14.039612
-11.355591
-11.842346
-11.416626
-10.897827
-10.803223
-10.342407
-9.841919
-9.936523
-10.139465
-7.888794
-7.7667236
-7.356262
-5.7998657
-5.419922
-7.054138
-5.4016113
-6.262207
-6.338501
-5.329895
-4.057312
-5.24292
-2.9754639
-2.3376465
-1.9241333
-2.3223877
-0.82244873
-1.1703491
-2.5115967
-0.21362305
0.12054443
0.44403076
0.8987427
0.117492676
1.095581
1.1993408
0.5554199
2.645874
1.1520386
1.1825562
1.9439697
1.9775391
3.6392212
2.1209717
2.6992798
2.684021
3.6483765
3.6483765
3.6026
2.3788452
3.7231445
3.7384033
4.9957275
4.689026
5.1208496
4.232788
6.5216064
5.316162
5.795288
6.2835693
4.7576904
5.8380127
8.253479
6.7459106
7.359314
6.2942505
7.0632935
5.369568
6.890869
6.7611694
6.7199707
7.2875977
8.088684
6.5216064
8.065796
6.965637
6.7459106
6.529236
6.6375732
7.6934814
7.698059
7.3638916
8.123779
6.1813354
7.6324463
6.6818237
9.559631
7.3516846
6.67572
7.437134
6.8222046
8.337402
5.7159424
7.63855
5.607605
7.597351
6.8588257
6.517029
4.0390015
7.119751
5.241394
5.769348
6.0531616
5.604553
4.901123
4.1000366
5.0720215
4.032898
5.102539
4.234314
4.974365
5.227661
5.001831
5.5755615
2.5680542
5.01709
4.522705
5.9188843
3.7948608
4.399109
4.928589
3.6254883
3.7750244
3.4805298
3.4622192
3.3340454
2.708435
2.7923584
1.7623901
1.7623901
1.7623901
3.678894
3.4317017
3.0563354
3.5202026
2.9922485
2.1865845
3.062439
3.767395
1.1184692
2.1957397
4.2160034
3.6697388
3.5339355
5.5648804
4.234314
4.0863037
3.4164429
5.5908203
4.399109
6.324768
4.359436
4.954529
4.400635
3.6483765
5.848694
5.0064087
3.9657593
4.084778
4.974365
7.084656
4.675293
5.6167603
6.416321
5.4473877
4.6691895
6.503296
5.883789
6.665039
5.433655
6.336975
5.7037354
5.5786133
7.0358276
7.394409
7.371521
7.2143555
6.121826
5.760193
6.9900513
7.9940796
6.852722
7.9711914
8.013916
6.390381
7.0098877
8.522034
7.899475
8.041382
7.701111
9.153748
8.6380005
7.7453613
8.360291
9.158325
9.191895
9.892273
9.985352
10.1119995
9.194946
10.176086
9.915161
9.751892
9.14917
11.3220215
10.810852
10.713196
10.784912
10.412598
10.476685
12.161255
10.412598
10.412598
10.412598
9.918213
10.848999
12.255859
12.713623
11.199951
12.243652
12.228394
10.53772
11.564636
11.582947
12.232971
11.598206
12.637329
11.424255
10.76355
10.8078
11.947632
10.754395
12.24823
12.072754
11.352539
10.516357
11.74469
12.071228
12.001038
11.940002
10.481262
11.157227
11.849976
9.338379
10.53772
10.420227
12.373352
8.792114
8.807373
10.28595
8.03833
10.932922
9.657288
10.327148
12.431335
9.654236
10.209656
9.315491
10.165405
8.51593
9.217834
9.283447
9.138489
7.9055786
8.627319
7.28302
6.112671
6.1401367
5.961609
7.9055786
6.083679
6.1798096
4.9331665
6.236267
5.581665
3.1845093
3.8574219
4.0374756
5.2856445
2.9663086
2.508545
3.161621
2.1759033
3.5552979
3.0197144
1.7181396
2.3910522
1.6159058
3.2928467
0.82855225
0.15411377
-0.6134033
1.335144
1.335144
1.335144
0.050354004
-2.2109985
-1.4251709
-0.15411377
-1.8051147
-2.2644043
-1.3870239
-1.4297485
-0.91400146
-1.6159058
-1.6571045
-1.1413574
-1.5914917
-1.4022827
0.81481934
-0.79803467
-1.512146
-1.4663696
-0.23040771
-1.7532349
-1.0116577
-1.1032104
-2.1636963
-2.2155762
-3.4561157
-3.3172607
-3.1402588
-2.960205
-1.9943237
-3.9749146
-2.4475098
-2.7389526
-3.3843994
-3.0456543
-1.9897461
-4.309082
-4.272461
-1.8493652
-1.461792
-3.5125732
-4.0039062
-4.88739
-3.881836
-3.7704468
-3.85437
-5.2993774
-4.9179077
-2.696228
-4.3060303
-5.340576
-4.1290283
-5.8807373
-4.220581
-4.649353
-4.144287
-3.95813
-6.4727783
-5.407715
-5.383301
-5.74646
-6.652832
-5.874634
-6.591797
-7.699585
-7.2753906
-7.434082
-5.606079
-5.6427
-5.79834
-4.6554565
-5.166626
-5.2001953
-3.440857
-5.570984
-6.529236
-5.909729
-6.1798096
-6.3919067
-6.5338135
-7.1655273
-7.1655273
-7.1655273
-5.064392
-6.9641113
-6.613159
-7.0739746
-6.6375732
-6.5719604
-7.0526123
-6.3217163
-6.42395
-5.747986
-8.113098
-7.9101562
-6.2210083
-6.777954
-6.1691284
-7.974243
-9.05304
-7.923889
-7.727051
-7.647705
-6.842041
-7.7072144
-6.802368
-6.163025
-5.519104
-4.4921875
-4.6310425
-4.382324
-5.319214
-4.9819946
-5.406189
-5.973816
-3.7094116
-4.9957275
-3.7826538
-6.011963
-4.73938
-5.809021
-3.5964966
-5.529785
-5.41687
-5.793762
-6.8389893
-6.8344116
-4.8980713
-4.6905518
-6.0699463
-4.675293
-6.163025
-6.578064
-5.7281494
-7.511902
-5.282593
-5.444336
-5.8029175
-6.4193726
-8.265686
-7.2921753
-7.4691772
-7.3516846
-6.3308716
-7.2265625
-8.886719
-7.3654175
-8.564758
-7.7285767
-8.526611
-7.9345703
-7.0526123
-9.387207
-8.886719
-10.299683
-9.593201
-9.262085
-8.859253
-7.8598022
-8.099365
-10.06012
-9.544373
-9.544373
-9.544373
-10.78949
-11.088562
-10.473633
-12.120056
-12.307739
-11.729431
-12.187195
-11.987305
-11.491394
-11.181641
-12.1032715
-12.579346
-12.623596
-12.690735
-11.454773
-13.575745
-14.064026
-14.176941
-15.267944
-14.660645
-14.071655
-16.160583
-17.053223
-16.166687
-16.073608
-16.636658
-15.318298
-16.799927
-16.13617
-17.202759
-18.295288
-17.103577
-17.16919
-18.36853
-19.424438
-20.065308
-18.63861
-20.916748
-18.637085
-19.66858
-20.613098
-21.258545
-19.69757
-20.558167
-19.670105
-22.83783
-19.100952
-21.11969
-20.883179
-20.48645
-22.366333
-23.55194
-22.17865
-22.636414
-22.331238
-23.124695
-22.621155
-22.01233
-22.920227
-21.385193
-23.782349
-22.01233
-24.868774
-23.509216
-25.019836
-26.600647
-25.117493
-25.778198
-26.716614
-26.473999
-26.382446
-24.702454
-25.675964
-26.37024
-26.42212
-27.371216
-26.98822
-26.861572
-27.56958
-28.640747
-28.640747
-28.640747
-28.927612
-30.210876
-30.166626
-30.325317
-31.819153
-30.97229
-32.11975
-31.39801
-32.499695
-34.387207
-33.57086
-33.229065
-32.11975
-32.366943
-34.713745
-33.439636
-32.357788
-32.261658
-31.443787
-31.806946
-32.725525
-33.267212
-33.2901
-31.938171
-32.196045
-32.559204
-33.67462
-33.04901
-32.859802
-33.35724
-33.668518
-35.386658
-36.027527
-36.77368
-36.201477
-37.893677
-36.328125
-36.897278
-36.923218
-38.03711
-38.786316
-38.076782
-37.127686
-38.409424
-39.909363
-39.109802
-37.634277
-39.346313
-38.816833
-38.59558
-37.73651
-39.172363
-37.8006
-38.66577
-37.879944
-38.560486
-39.48059
-37.78839
-39.492798
-38.69629
-38.153076
-38.876343
-38.72223
-38.684082
-39.263916
-37.106323
-38.52997
-38.389587
-36.305237
-37.112427
-35.98633
-36.958313
-37.197876
-37.145996
-38.235474
-36.1557
-37.10327
-37.113953
-35.69336
-35.243225
-35.243225
-35.243225
-35.498047
-34.91516
-34.79767
-36.447144
-37.072754
-35.67505
-36.12671
-34.088135
-36.724854
-34.439087
-35.668945
-36.22284
-36.369324
-35.66284
-33.947754
-34.09424
-34.155273
-34.838867
-33.17871
-34.820557
-33.79059
-34.51538
-33.255005
-33.607483
-33.650208
-32.839966
-31.478882
-32.05719
-31.402588
-30.654907
-30.654907
-30.186462
-30.419922
-31.542969
-29.72107
-30.607605
-31.504822
-29.086304
-29.267883
-28.407288
-27.49176
-26.696777
-28.892517
-26.124573
-25.714111
-24.54071
-24.693298
-24.282837
-22.83783
-24.934387
-23.728943
-23.173523
-22.9599
-22.671509
-21.861267
-23.094177
-21.250916
-20.777893
-21.846008
-22.380066
-21.409607
-19.725037
-21.128845
-20.671082
-21.559143
-19.641113
-19.955444
-21.220398
-20.532227
-19.252014
-19.992065
-19.699097
-19.874573
-19.514465
-18.72406
-18.431091
-18.400574
-17.463684
-17.367554
-16.77246
-16.77246
-15.710449
-15.977478
-16.751099
-16.055298
-15.65094
-16.418457
-16.505432
-15.0390625
-14.883423
-13.670349
-14.529419
-13.73291
-15.261841
-12.70752
-12.258911
-11.097717
-11.779785
-11.906433
-10.723877
-11.436462
-10.690308
