20.811462
22.41211
21.435547
21.499634
23.075867
23.072815
22.445679
24.821472
25.23346
23.75946
23.335266
23.634338
24.736023
24.88556
25.334167
25.897217
25.48523
25.209045
25.170898
25.236511
26.022339
26.522827
25.14801
26.496887
23.67096
26.14746
25.358582
24.336243
22.384644
23.0484
22.161865
22.175598
22.573853
21.44928
21.109009
21.574402
20.658875
20.184326
20.410156
19.812012
19.598389
19.636536
18.18695
18.661499
20.159912
19.873047
19.28711
18.18695
19.572449
19.598389
19.262695
19.413757
18.72406
17.56134
19.535828
19.410706
19.223022
20.223999
20.561218
19.184875
19.145203
21.659851
19.470215
18.395996
19.496155
18.24646
20.37201
20.097351
20.718384
21.795654
22.859192
21.446228
21.62323
22.634888
21.296692
21.598816
21.107483
21.107483
21.107483
21.788025
21.572876
19.4458
21.786499
21.26007
21.572876
20.28656
20.79773
21.051025
19.03534
21.614075
20.663452
19.874573
19.28711
18.12439
18.75
17.713928
18.162537
19.264221
18.18695
18.763733
18.164062
17.75055
17.10205
18.104553
17.185974
19.454956
19.850159
19.351196
20.703125
20.726013
21.551514
22.077942
19.812012
19.787598
20.100403
23.114014
22.076416
20.36438
20.92743
20.562744
21.30127
22.32666
23.362732
23.77472
23.275757
22.525024
24.424744
24.588013
24.440002
25.003052
25.02594
24.502563
25.190735
24.803162
24.05243
24.801636
22.48993
22.86377
22.451782
21.977234
22.053528
22.055054
20.014954
19.641113
21.679688
19.992065
18.06488
19.665527
22.03064
22.268677
19.856262
20.077515
22.181702
19.16809
20.86792
20.86792
20.86792
20.243835
19.519043
20.480347
18.518066
20.71991
20.603943
21.290588
21.141052
21.1792
21.89331
21.806335
22.242737
21.052551
22.390747
22.180176
22.328186
21.765137
21.86737
23.316956
23.277283
22.262573
25.816345
24.804688
25.692749
24.279785
25.254822
24.153137
25.856018
25.193787
24.72992
25.10376
26.15509
25.256348
25.256348
26.257324
24.778748
24.731445
24.943542
25.44403
24.005127
24.493408
25.595093
23.695374
23.13385
23.90747
22.718811
23.342896
22.805786
24.406433
22.569275
23.843384
23.258972
23.258972
21.408081
22.221375
23.535156
22.843933
23.257446
25.196838
24.44458
24.382019
24.493408
26.356506
23.90747
25.958252
27.23236
25.318909
26.60675
25.03357
26.695251
25.692749
26.38092
27.542114
29.206848
28.918457
27.540588
30.453491
29.39148
29.39148
29.39148
28.666687
29.142761
27.89154
29.180908
27.853394
27.5177
28.230286
27.731323
28.056335
26.316833
27.043152
26.069641
25.167847
24.81842
25.466919
23.979187
23.805237
21.803284
22.407532
20.393372
22.595215
21.955872
20.52002
20.143127
19.892883
20.306396
22.270203
20.555115
19.955444
20.619202
20.579529
19.454956
22.11914
21.743774
22.991943
23.181152
21.307373
21.868896
23.03009
23.031616
25.032043
21.931458
22.966003
22.343445
22.618103
23.07129
21.556091
23.2193
22.120667
22.142029
22.016907
21.582031
21.057129
22.467041
20.64209
20.30487
19.143677
18.417358
17.791748
17.54303
18.2724
16.169739
15.5685425
16.107178
14.845276
15.04364
13.9678955
13.88092
15.106201
12.345886
11.807251
11.204529
11.158752
11.1831665
11.1831665
11.1831665
9.770203
9.579468
8.56781
7.017517
7.192993
8.456421
6.2576294
6.2789917
6.2576294
6.6436768
6.0028076
6.0424805
4.7790527
4.055786
3.8406372
4.031372
3.2409668
3.1799316
1.763916
3.7399292
5.2764893
3.8909912
4.4021606
5.567932
7.7941895
7.23114
6.1935425
5.592346
5.5648804
4.4921875
5.403137
4.1915894
5.317688
1.9882202
1.9515991
2.078247
-0.42266846
-0.18615723
-0.5844116
-1.1764526
-1.2374878
-3.7872314
-2.810669
-4.2633057
-4.450989
-6.491089
-5.078125
-6.552124
-6.640625
-8.241272
-9.90448
-11.106873
-11.209106
-13.169861
-10.882568
-12.8463745
-12.956238
-14.247131
-13.168335
-12.710571
-15.036011
-15.85083
-14.370728
-16.201782
-15.16571
-15.226746
-16.777039
-15.701294
-17.30194
-16.32843
-16.929626
-18.215942
-17.955017
-17.89093
-17.115784
-17.503357
-18.754578
-18.754578
-16.641235
-19.030762
-17.614746
-16.764832
-16.365051
-17.276001
-15.638733
-16.966248
-15.777588
-16.900635
-16.363525
-16.63971
-15.913391
-16.71753
-16.053772
-17.266846
-17.11731
-18.318176
-18.592834
-17.218018
-18.318176
-18.719482
-18.695068
-18.8797
-18.252563
-18.218994
-18.917847
-18.595886
-20.083618
-20.509338
-18.5318
-19.921875
-18.882751
-20.17212
-18.56842
-20.532227
-21.046448
-21.269226
-19.758606
-19.233704
-20.986938
-20.335388
-22.061157
-19.984436
-20.822144
-19.960022
-20.111084
-18.734741
-19.836426
-20.335388
-19.132996
-19.92035
-18.156433
-18.196106
-19.0094
-16.944885
-20.269775
-21.022034
-19.293213
-19.769287
-21.99707
-19.569397
-21.044922
-20.256042
-20.54596
-21.670532
-21.63086
-20.257568
-22.169495
-21.48285
-20.532227
-22.685242
-22.558594
-23.182678
-24.023438
-24.845886
-23.683167
-23.683167
-25.05951
-24.560547
-25.210571
-26.248169
-23.373413
-26.159668
-25.57373
-25.660706
-27.285767
-27.972412
-26.998901
-27.076721
-28.137207
-28.512573
-28.55072
-28.4729
-28.29895
-27.31018
-27.372742
-27.44751
-27.861023
-28.535461
-27.371216
-28.259277
-29.524231
-30.06134
-29.200745
-28.759766
-29.04663
-25.621033
-28.46222
-28.076172
-27.859497
-28.42102
-27.79541
-27.75879
-26.594543
-27.033997
-26.757812
-25.906372
-26.069641
-27.218628
-26.757812
-25.428772
-25.340271
-26.115417
-25.239563
-22.349548
-24.513245
-25.679016
-25.613403
-26.028442
-26.551819
-26.553345
-27.114868
-25.802612
-26.737976
-28.715515
-27.677917
-27.088928
-28.129578
-27.464294
-28.942871
-30.107117
-28.630066
-28.88031
-28.00293
-27.542114
-29.566956
-29.568481
-30.192566
-30.819702
-29.891968
-28.530884
-28.919983
-30.10559
-27.94342
-27.94342
-27.94342
-30.143738
-28.947449
