24.119568
23.753357
23.480225
24.212646
25.13733
23.545837
22.595215
23.33374
23.382568
23.628235
23.4375
23.754883
23.90747
24.061584
22.972107
23.190308
23.138428
23.098755
22.65625
23.39325
23.057556
24.128723
23.950195
23.832703
24.186707
24.510193
23.257446
25.572205
25.028992
24.830627
25.584412
27.311707
25.634766
26.782227
24.429321
26.654053
25.518799
24.74823
25.784302
26.716614
27.397156
27.83966
28.370667
27.568054
26.031494
25.854492
26.934814
26.794434
27.108765
27.398682
28.230286
28.393555
28.292847
27.427673
26.675415
25.22583
26.200867
26.768494
27.528381
27.345276
25.323486
26.083374
24.357605
24.511719
24.650574
24.351501
25.341797
25.31128
23.075867
24.511719
24.22638
25.187683
25.650024
24.772644
26.609802
26.947021
24.424744
24.424744
24.424744
27.549744
26.646423
25.65155
27.542114
26.174927
26.649475
27.490234
27.122498
28.465271
27.178955
28.677368
28.695679
27.441406
28.5141
27.644348
28.588867
29.179382
28.083801
29.814148
28.375244
30.319214
29.670715
29.615784
29.963684
32.11212
29.386902
30.426025
28.730774
29.249573
30.717468
29.423523
27.957153
27.740479
26.716614
28.01056
28.48053
27.15149
27.734375
28.375244
28.591919
27.539062
26.634216
27.479553
26.895142
26.937866
27.453613
26.635742
26.589966
26.907349
28.326416
28.549194
27.250671
29.05426
29.144287
29.382324
28.562927
29.371643
29.368591
28.981018
28.935242
29.736328
30.613708
32.19757
29.05426
31.013489
30.99823
31.925964
31.672668
31.303406
33.48236
33.085632
33.496094
31.355286
32.077026
31.828308
32.62024
32.62024
32.62024
33.26416
32.73468
32.858276
32.17621
32.463074
29.563904
29.65393
29.486084
29.928589
30.316162
30.882263
29.638672
28.4729
28.219604
28.912354
29.063416
28.84674
30.018616
29.484558
29.04358
26.748657
30.091858
29.389954
30.229187
29.614258
29.882812
29.733276
30.535889
30.740356
31.674194
29.708862
30.851746
31.462097
31.462097
32.026672
30.67627
31.681824
32.572937
32.063293
31.158447
32.084656
32.23114
32.273865
33.639526
33.1604
33.572388
32.93457
33.010864
32.644653
33.418274
32.424927
35.090637
35.092163
34.13391
34.101868
35.131836
33.447266
33.50525
33.906555
33.085632
32.356262
32.084656
33.184814
33.161926
33.280945
32.292175
32.192993
31.356812
32.02057
32.374573
30.22461
30.314636
29.594421
29.96521
29.780579
28.012085
28.675842
28.968811
28.968811
28.968811
28.448486
29.229736
28.921509
29.66919
28.485107
29.316711
29.690552
30.206299
30.818176
29.588318
30.111694
31.427002
30.441284
31.115723
30.767822
30.862427
31.991577
29.284668
31.538391
31.845093
32.131958
31.04248
33.30536
32.096863
30.7724
32.40509
33.099365
30.567932
31.495667
31.303406
30.856323
32.006836
31.349182
31.73523
30.45044
31.054688
31.394958
31.602478
30.888367
32.47223
32.01599
32.325745
31.732178
30.799866
30.838013
32.917786
32.711792
33.070374
32.933044
31.632996
31.756592
33.00171
33.22296
30.664062
31.57959
32.398987
33.11615
32.585144
33.224487
33.47931
35.601807
34.890747
34.233093
34.165955
35.299683
34.457397
34.60388
35.16693
35.183716
36.268616
36.335754
35.6781
36.691284
36.97815
36.97815
36.97815
37.942505
35.75287
36.631775
35.998535
36.454773
36.90796
38.209534
36.90796
38.208008
37.963867
36.86371
37.306213
36.854553
37.91809
37.01935
37.6297
36.372375
37.23297
35.02655
35.85663
33.181763
36.027527
35.653687
36.531067
37.1109
36.894226
37.475586
36.824036
36.520386
36.676025
36.216736
36.351013
36.78589
36.04889
35.61859
37.08191
36.465454
36.061096
36.16333
35.635376
34.921265
35.310364
37.16278
36.102295
35.50415
33.94165
34.553528
33.21991
33.77838
34.143066
33.779907
32.470703
31.30188
32.200623
31.922913
31.234741
33.099365
30.763245
32.211304
29.666138
29.507446
27.957153
30.895996
27.04773
26.461792
27.314758
26.6922
26.541138
26.908875
25.593567
24.932861
25.776672
24.085999
24.822998
24.346924
24.583435
24.269104
24.269104
25.12207
22.653198
24.856567
23.675537
25.161743
27.204895
25.689697
24.507141
24.092102
25.245667
25.167847
25.126648
25.657654
22.669983
24.047852
24.179077
24.339294
23.027039
23.001099
21.594238
23.027039
21.543884
20.25299
22.82257
23.777771
21.03424
22.380066
21.406555
21.50116
21.299744
22.138977
20.230103
19.65332
20.483398
21.70868
21.018982
21.37909
21.928406
20.539856
20.315552
18.934631
18.597412
19.08722
19.500732
17.67273
18.214417
18.04657
18.22815
18.078613
18.59436
19.90509
18.658447
20.185852
18.16101
18.197632
18.469238
19.33136
18.515015
19.60907
18.824768
19.819641
21.148682
21.386719
21.061707
19.290161
20.4422
20.88623
21.058655
20.954895
21.038818
21.02356
19.726562
21.185303
21.829224
19.979858
21.464539
22.33429
22.33429
22.15271
20.057678
20.404053
20.991516
19.631958
20.428467
19.354248
21.492004
21.572876
21.48285
20.173645
19.288635
19.59076
19.972229
21.110535
21.995544
20.858765
22.860718
22.131348
21.261597
19.628906
22.843933
22.138977
22.88208
20.846558
20.925903
19.882202
20.237732
21.643066
21.939087
18.978882
18.733215
19.638062
21.009827
20.373535
20.805359
21.684265
19.752502
19.792175
21.775818
21.463013
22.320557
21.368408
24.142456
23.583984
24.055481
24.749756
25.1297
25.279236
24.3927
25.134277
23.490906
25.300598
25.288391
25.076294
24.531555
26.286316
25.44403
24.861145
25.375366
24.36676
25.756836
24.40033
23.527527
24.871826
23.550415
24.243164
23.295593
23.461914
23.45581
24.095154
23.143005
22.845459
22.875977
21.5271
21.96045
20.223999
20.223999
20.223999
19.93866
18.07251
