1624764614956
1624764614957
1624764614971
1624764615006
1624764615015
1624764615028
1624764615049
1624764615069
1624764615089
1624764615109
1624764615129
1624764615149
1624764615168
1624764615189
1624764615209
1624764615229
1624764615249
1624764615269
1624764615289
1624764615310
1624764615329
1624764615350
1624764615370
1624764615390
1624764615410
1624764615429
1624764615451
1624764615469
1624764615489
1624764615511
1624764615530
1624764615551
1624764615569
1624764615590
1624764615610
1624764615630
1624764615650
1624764615670
1624764615689
1624764615710
1624764615729
1624764615750
1624764615770
1624764615790
1624764615810
1624764615830
1624764615850
1624764615870
1624764615889
1624764615910
1624764615930
1624764615949
1624764615970
1624764615990
1624764616010
1624764616030
1624764616050
1624764616070
1624764616090
1624764616110
1624764616130
1624764616150
1624764616169
1624764616190
1624764616210
1624764616230
1624764616250
1624764616270
1624764616290
1624764616311
1624764616329
1624764616350
1624764616370
1624764616390
1624764616410
1624764616430
1624764616450
1624764616470
1624764616490
1624764616510
1624764616530
1624764616550
1624764616570
1624764616590
1624764616610
1624764616630
1624764616650
1624764616670
1624764616690
1624764616710
1624764616730
1624764616750
1624764616770
1624764616793
1624764616809
1624764616830
1624764616850
1624764616870
1624764616890
1624764616911
1624764616930
1624764616949
1624764616976
1624764616989
1624764617011
1624764617030
1624764617050
1624764617073
1624764617090
1624764617110
1624764617131
1624764617150
1624764617171
1624764617190
1624764617211
1624764617231
1624764617251
1624764617271
1624764617292
1624764617310
1624764617330
1624764617351
1624764617370
1624764617389
1624764617410
1624764617430
1624764617450
1624764617470
1624764617492
1624764617510
1624764617530
1624764617551
1624764617570
1624764617590
1624764617610
1624764617630
1624764617650
1624764617670
1624764617690
1624764617711
1624764617730
1624764617750
1624764617770
1624764617790
1624764617811
1624764617830
1624764617850
1624764617870
1624764617890
1624764617910
1624764617930
1624764617950
1624764617970
1624764617990
1624764618010
1624764618030
1624764618050
1624764618070
1624764618090
1624764618110
1624764618131
1624764618152
1624764618170
1624764618189
1624764618210
1624764618230
1624764618250
1624764618272
1624764618291
1624764618311
1624764618331
1624764618351
1624764618371
1624764618391
1624764618411
1624764618431
1624764618451
1624764618471
1624764618491
1624764618512
1624764618531
1624764618551
1624764618570
1624764618591
1624764618611
1624764618632
1624764618651
1624764618671
1624764618692
1624764618712
1624764618732
1624764618751
1624764618771
1624764618791
1624764618811
1624764618831
1624764618851
1624764618871
1624764618891
1624764618910
1624764618931
1624764618951
1624764618971
1624764618991
1624764619011
1624764619031
1624764619051
1624764619070
1624764619091
1624764619111
1624764619132
1624764619152
1624764619171
1624764619190
1624764619211
1624764619231
1624764619251
1624764619271
1624764619291
1624764619311
1624764619331
1624764619351
1624764619372
1624764619391
1624764619413
1624764619432
1624764619452
1624764619472
1624764619491
1624764619511
1624764619532
1624764619552
1624764619572
1624764619592
1624764619611
1624764619631
1624764619651
1624764619672
1624764619691
1624764619712
1624764619731
1624764619750
1624764619771
1624764619792
1624764619812
1624764619831
1624764619850
1624764619871
1624764619891
1624764619911
1624764619931
1624764619952
1624764619972
1624764619991
1624764620011
1624764620031
1624764620051
1624764620072
1624764620092
1624764620111
1624764620131
1624764620151
1624764620172
1624764620192
1624764620212
1624764620232
1624764620253
1624764620272
1624764620292
1624764620311
1624764620331
1624764620351
1624764620371
1624764620391
1624764620411
1624764620431
1624764620451
1624764620472
1624764620492
1624764620512
1624764620532
1624764620551
1624764620572
1624764620592
1624764620613
1624764620633
1624764620651
1624764620671
1624764620692
1624764620712
1624764620732
1624764620752
1624764620788
1624764620790
1624764620810
1624764620839
1624764620856
1624764620873
1624764620890
1624764620911
1624764620936
1624764620953
1624764620972
1624764620992
1624764621012
1624764621033
1624764621051
1624764621072
1624764621092
1624764621111
1624764621132
1624764621151
1624764621172
1624764621192
1624764621213
1624764621232
1624764621252
1624764621272
1624764621293
1624764621311
1624764621332
1624764621352
1624764621372
1624764621392
1624764621412
1624764621432
1624764621452
1624764621471
1624764621492
1624764621512
1624764621532
1624764621552
1624764621572
1624764621592
1624764621612
1624764621632
1624764621652
1624764621672
1624764621692
1624764621712
1624764621732
1624764621752
1624764621772
1624764621792
1624764621812
1624764621832
1624764621852
1624764621872
1624764621892
1624764621912
1624764621932
1624764621953
1624764621973
1624764621993
1624764622013
1624764622033
1624764622053
1624764622073
1624764622092
1624764622112
1624764622132
1624764622152
1624764622173
1624764622193
1624764622213
1624764622232
1624764622252
1624764622272
1624764622292
1624764622312
1624764622332
1624764622352
1624764622372
1624764622392
1624764622412
1624764622432
1624764622452
1624764622472
1624764622492
1624764622512
1624764622532
1624764622552
1624764622572
1624764622592
1624764622612
1624764622632
1624764622652
1624764622672
1624764622692
1624764622712
1624764622732
1624764622754
1624764622772
1624764622793
1624764622817
1624764622832
1624764622851
1624764622872
1624764622892
1624764622912
1624764622932
1624764622954
1624764622973
1624764622993
1624764623014
1624764623034
1624764623052
1624764623073
1624764623092
1624764623112
1624764623132
1624764623152
1624764623172
1624764623192
1624764623212
1624764623233
1624764623252
1624764623272
1624764623292
1624764623313
1624764623332
1624764623352
1624764623372
1624764623392
1624764623412
1624764623432
1624764623453
1624764623473
1624764623493
1624764623512
1624764623532
1624764623552
1624764623572
1624764623592
1624764623612
1624764623632
1624764623653
1624764623673
1624764623693
1624764623713
1624764623734
1624764623754
1624764623773
1624764623794
1624764623812
1624764623832
1624764623854
1624764623880
1624764623892
1624764623912
1624764623933
1624764623953
1624764623972
1624764623992
1624764624013
1624764624032
1624764624053
1624764624072
1624764624092
1624764624113
1624764624132
1624764624153
1624764624173
1624764624193
1624764624213
1624764624233
1624764624253
1624764624272
1624764624294
1624764624313
1624764624333
1624764624353
1624764624373
1624764624393
1624764624413
1624764624433
1624764624453
1624764624473
1624764624493
1624764624513
1624764624533
1624764624554
1624764624573
1624764624594
1624764624615
1624764624633
1624764624653
1624764624675
1624764624694
1624764624715
1624764624734
1624764624753
1624764624773
1624764624793
1624764624813
1624764624833
1624764624853
1624764624873
1624764624893
1624764624914
1624764624934
1624764624953
1624764624973
1624764624994
1624764625013
1624764625033
1624764625053
1624764625073
1624764625093
1624764625113
1624764625133
1624764625153
1624764625173
1624764625194
1624764625213
1624764625233
1624764625253
1624764625273
1624764625293
1624764625313
1624764625333
1624764625353
1624764625373
1624764625393
1624764625413
1624764625434
1624764625453
1624764625473
1624764625494
1624764625514
1624764625534
1624764625554
1624764625575
1624764625594
1624764625614
1624764625635
1624764625654
1624764625675
1624764625695
1624764625714
1624764625733
1624764625753
1624764625773
1624764625793
1624764625820
1624764625833
1624764625852
1624764625872
1624764625893
