0.42294312
0.13563538
0.22421265
1.1555634
0.8083954
0.37025452
0.20985413
0.048233032
0.047042847
0.07337952
-0.06430054
-0.039154053
0.0745697
0.032669067
0.007537842
0.0745697
0.17274475
0.20866394
0.23500061
0.3594818
0.47201538
0.46842957
0.4409027
0.47561646
0.5258789
0.48518372
0.40138245
0.37983704
0.42294312
0.46003723
0.5211029
0.5354614
0.568985
0.5941162
0.534256
0.5115204
0.50912476
0.55581665
0.61686707
0.60250854
0.66833496
0.7461548
0.59651184
0.513916
0.5821533
0.70425415
0.7856598
0.7784729
0.76651
0.72221375
0.64320374
0.5785675
0.56777954
0.6491852
0.6312256
0.5641937
0.57855225
0.71144104
0.8359375
0.86227417
0.77249146
0.7281952
0.7928314
0.7880554
0.66116333
0.4205475
0.3451233
0.4648285
0.5701752
0.73179626
0.94247437
1.0514221
0.9652252
0.83354187
0.7533264
0.67193604
0.5989075
0.56658936
0.4827881
0.43251038
0.434906
0.5067291
0.50912476
0.43251038
0.4121704
0.45166016
0.51989746
0.64201355
0.71502686
0.7976227
0.8347473
0.8945923
0.9149475
0.9041748
0.810791
0.76290894
0.6731262
0.59173584
0.68510437
0.78086853
0.74375916
0.76530457
0.87065125
0.98197937
1.1136627
1.1675415
1.0262756
0.87783813
0.8431244
0.80003357
0.7090454
0.6443939
0.68270874
0.73298645
0.80599976
0.88742065
0.9089508
0.9065552
0.9077606
0.90657043
0.8359375
0.7018585
0.6336212
0.6575775
0.72940063
0.7018585
0.57736206
0.6024933
0.6396179
0.6120758
0.5007477
0.5629883
0.67552185
0.7533417
0.8826294
0.9700165
0.9831848
0.9329071
0.87423706
0.8909912
0.92453
0.8874054
0.83833313
0.82276917
0.79045105
0.75572205
0.7593231
0.7856598
0.86227417
0.8957825
0.8670654
0.8957825
0.9185333
0.84791565
0.8323517
0.8550873
0.7772827
0.80241394
0.8550873
0.82395935
0.7533417
0.7353821
0.806015
0.9640198
1.1292267
1.1304321
1.0059204
0.99754333
1.0466156
1.0538025
0.94847107
0.87783813
0.8957825
0.9340973
0.91734314
0.8934021
0.87783813
0.8790283
0.8754425
0.9077606
0.9436798
0.92211914
0.889801
0.8957977
0.8754425
0.81199646
0.8215637
0.8323517
0.7892456
0.83354187
0.90296936
0.8742523
0.7988281
0.7569275
0.6910858
0.6599579
0.6204529
0.58454895
0.56777954
0.6156616
0.6767273
0.7138214
0.7641144
0.78086853
0.7569275
0.72579956
0.76171875
0.84910583
0.86346436
0.83354187
0.79522705
0.8359375
0.9041748
0.93888855
0.86586
0.73298645
0.70306396
0.6599579
0.60609436
0.62524414
0.7760773
1.0669861
1.2034454
1.0969086
0.92211914
0.88261414
0.900589
0.8359375
0.7461548
0.7198181
0.78326416
0.7856598
0.7162323
0.6443939
0.65397644
0.7305908
0.8155823
0.83833313
0.8036194
0.8000183
0.8083954
0.8359375
0.826355
0.6587677
0.70306396
0.88023376
0.8730469
0.84910583
0.96043396
1.0466309
0.9951477
0.81677246
0.6515808
0.55700684
0.4815979
0.5031433
0.5797577
0.6982727
0.88023376
1.0442352
1.0980988
1.0777435
0.99993896
0.83473206
0.6731262
0.5977173
0.55581665
0.52708435
0.49716187
0.48399353
0.5390625
0.60250854
0.64320374
0.6671448
0.76649475
0.83114624
0.7210083
0.59651184
0.5977173
0.67433167
0.6994629
0.7305908
0.80241394
0.8790283
0.94487
0.9245148
0.88142395
0.850296
0.79164124
0.7533264
0.7245941
0.70066833
0.7018585
0.7569275
0.8981781
1.0155029
1.0023346
0.8371277
0.6503906
0.5151062
0.48397827
0.592926
0.7892456
0.9352875
1.0561981
1.2142181
1.2740784
1.1567535
0.9221344
0.8215637
0.7856598
0.81199646
0.8981781
0.82037354
0.727005
0.7126312
0.7892456
0.9125519
1.0047302
1.063385
1.0502167
1.118454
1.1495819
1.1148529
0.98197937
0.8048096
0.7413635
0.7820587
0.86586
0.771286
0.6551819
0.63124084
0.5821533
0.59532166
0.6731262
0.8934021
0.9759979
0.97839355
1.0945129
1.1854858
1.2788544
1.3482971
1.1723175
0.8574829
0.7030487
0.6515808
0.5031433
0.35110474
0.29244995
0.35829163
0.40138245
0.33195496
0.07575989
0.08892822
0.17514038
0.1787262
0.10092163
0.023086548
0.3547058
0.42771912
0.26611328
0.27090454
0.25294495
0.3379364
0.355896
0.19070435
0.15119934
-0.008026123
-0.12654114
-0.04034424
0.17752075
0.25175476
-0.14329529
-0.24266052
-0.09541321
-0.22470093
-0.37313843
-0.3599701
-0.4569397
-0.5263672
-0.28814697
0.07098389
0.36427307
0.81199646
1.4452515
2.201828
2.4699707
1.7732697
1.1543579
1.2393646
1.5637665
1.9875488
2.3215332
2.5070953
2.4771576
2.2078094
1.7900238
1.3985748
1.0705719
0.8143921
0.8155823
0.8730469
0.7976227
0.67433167
0.83833313
1.0071259
0.889801
0.62405396
0.60728455
0.85987854
1.0514069
1.1208496
1.1519623
1.2261963
1.0286713
0.7964325
0.99635315
0.6503906
-0.23188782
-0.55630493
-0.44377136
0.03147888
0.6731262
0.9113617
0.36547852
-0.27139282
-0.580246
-0.39349365
0.10809326
0.4935608
0.7844696
0.68629456
0.31878662
0.18351746
0.27330017
0.21704102
0.17155457
0.2290039
0.33076477
0.52948
1.039444
1.5194855
2.3335114
2.8650208
2.0689545
0.85987854
0.30082703
0.5402527
0.93170166
1.1543579
1.0933228
0.53785706
-0.154068
-0.7717743
-0.9776764
-0.48446655
0.35350037
0.9736023
1.3518829
1.4763794
1.2549133
0.9412842
0.7856598
0.8036194
0.8766327
0.8670654
1.0370483
1.296814
1.3147736
1.2692871
1.5362396
1.3267517
0.73298645
0.5797577
0.8646698
1.5853119
2.1335907
1.8271332
0.88742065
0.10092163
0.03147888
0.13084412
0.044647217
-0.11456299
-0.25343323
-0.1828003
0.19429016
0.4636383
0.55223083
0.84910583
1.2154236
1.4332886
1.6380005
1.6715088
1.2285919
0.692276
1.2405548
2.0569763
2.2209778
2.4125214
2.2904205
1.5362396
1.265686
1.8343201
2.3777924
1.9408569
1.0370483
0.48997498
0.38581848
0.58932495
0.8550873
1.2345734
1.5362396
1.7912292
1.8869934
1.5877075
1.1615448
0.9340973
0.88500977
1.3782196
2.155136
2.359848
2.2461243
1.6858826
0.6563721
-0.10978699
-0.15287781
0.014724731
0.45884705
1.1088715
1.5015259
1.3255463
0.77368164
0.43251038
0.38104248
0.27330017
0.20866394
0.17393494
0.2577362
0.54145813
0.9233246
0.821579
1.1926727
2.0162811
2.141983
1.4751892
0.82995605
0.66474915
0.93530273
0.97120667
0.47799683
0.46124268
1.173523
2.110855
2.778839
3.0373993
3.245697
3.1595001
2.2592926
0.9436798
0.011123657
-0.1421051
0.2469635
1.1136627
1.9228973
2.1443634
1.6906586
1.1220398
0.9472656
1.2190094
1.4069519
1.5458221
1.667923
1.8115692
1.7541199
0.92930603
0.3738556
0.24337769
0.31159973
0.64559937
1.5362396
1.6750946
1.0107117
0.54504395
0.8730469
1.5230713
1.4835663
1.1196442
0.7485504
0.5438385
0.86227417
1.1064758
1.0178986
0.6336212
0.5821533
1.3686523
1.9552155
1.7038269
1.6487732
1.9181061
1.9851532
1.2273865
0.4253235
0.26371765
0.5438385
0.94966125
2.0450134
3.4025269
3.2361298
1.8690338
0.57377625
0.23379517
0.4456787
0.49954224
0.40498352
0.6443939
1.2776642
1.8055878
1.6427765
1.5398254
0.7593231
0.5318756
0.8215637
1.4931335
1.8594513
2.0222626
2.1515503
1.77565
1.0334473
0.6982727
0.54862976
0.41455078
0.6312256
1.0023346
1.2896423
1.0406494
0.4121704
0.06259155
0.09492493
0.23139954
0.4636383
0.5701752
0.5079346
0.32836914
0.16914368
0.51631165
1.0741577
1.252533
1.236969
1.4117432
1.3985748
1.3040009
1.7780609
2.232956
2.155136
1.6343994
1.0717621
1.2692871
1.9169159
2.311966
1.9743805
1.3123779
0.7964325
0.32955933
0.20385742
0.34153748
0.5701752
0.95085144
1.454834
1.8486786
1.722992
1.3147736
1.0250854
0.9616394
1.2201996
1.7732697
2.138382
2.4532166
2.641159
2.0653534
1.2273865
0.98916626
0.91374207
1.0921173
1.5482025
1.9241028
1.7852478
1.2238007
0.8443146
0.92930603
1.1675262
1.213028
1.1555634
1.1759186
1.3806152
1.4464569
1.2130127
1.1352081
1.1651306
1.3889923
1.557785
1.4692078
1.3375244
1.5110931
2.098877
2.3394928
2.0581665
1.6188354
1.3854065
1.6092682
2.2006378
2.3789978
1.9169159
1.3638611
1.2477417
1.1076813
0.5725708
0.3918152
0.79164124
1.257309
1.5805359
1.7612915
1.75531
1.8822021
1.8307343
1.6966553
1.6595459
1.9564209
2.3335114
2.0390167
1.5075073
1.0214844
0.5079346
0.43969727
0.50553894
0.142807
0.19908142
0.99635315
1.3423004
0.9640198
0.7533417
1.2106323
1.2549133
0.8550873
0.3199768
0.06260681
0.17274475
0.68629456
0.99754333
0.95684814
0.9915619
1.1627502
1.1986542
0.84910583
0.63243103
1.008316
1.9767761
2.74411
2.988327
2.6926422
1.8582611
1.6631317
2.0881042
2.2509003
1.5086975
0.3547058
-0.13491821
0.19429016
0.42652893
0.24577332
0.1559906
0.32118225
0.5258789
0.8275604
1.1208496
1.3937836
1.5314484
1.0585938
0.7593231
1.3506927
1.7457428
1.5757446
1.6463623
1.2537231
0.4420929
0.48638916
0.97120667
0.98316956
0.73298645
0.7892456
1.3171692
1.7062378
1.4979248
1.126831
0.82276917
0.7533417
0.9137573
1.078949
0.9412842
0.44926453
-0.24624634
-0.68678284
-0.5658722
-0.26660156
0.11407471
0.2912445
0.09971619
-0.059509277
0.28526306
1.4680023
2.2784424
2.1515503
1.6798859
1.5948944
1.430893
1.0765533
0.7030487
0.37625122
0.23139954
0.33674622
0.49476624
0.42173767
0.42652893
0.5582123
0.8538971
0.9664154
0.8838196
0.8347473
0.79164124
0.81918335
0.93888855
1.1220398
1.3806152
1.315979
1.1052856
1.0693665
0.826355
0.276886
-0.11216736
0.11528015
0.4492798
0.76530457
1.3099976
1.8953705
2.1994324
2.036621
1.7493286
1.4895477
1.2273865
0.88023376
0.6192627
0.29244995
0.32836914
0.44926453
0.4313202
0.5414429
0.94487
1.3901978
1.4464569
1.0945129
0.8730469
1.2142181
2.0605621
2.5370178
2.3646393
1.9995117
1.7253876
1.7792511
2.24852
2.526245
2.4053345
2.24971
1.7217865
1.1759186
0.8790283
0.81318665
1.0334625
1.3590698
1.3159637
1.0526123
0.83833313
0.83473206
0.80122375
0.84191895
1.3171692
1.7601013
1.8510742
1.9540253
2.0797272
1.8235474
1.1806946
0.63482666
0.5713806
1.0885162
1.6511536
1.8594513
1.830719
1.5805359
1.2992096
1.2417603
1.1986542
1.0765533
1.0166931
1.1830902
1.2956238
0.9149475
0.41575623
0.5079346
1.1555634
1.6236267
1.6607361
1.4727936
1.3973694
1.9037476
2.5884857
2.5549774
2.2856293
2.2784424
2.3574524
2.201828
1.9408569
1.9157104
1.7996063
1.7373505
1.7086182
1.5601807
1.3243561
1.276474
1.6008759
1.8414917
1.8750153
1.9013519
1.8558655
1.7397461
1.6212311
1.5075073
1.5841217
1.8510742
1.8738251
1.430893
1.2130127
1.2441559
1.0442352
0.77368164
0.7293854
0.73298645
0.7413635
0.8838196
1.2010498
1.4297028
1.5242615
1.5853271
1.6380005
1.6834869
1.6727142
1.5924988
1.4117432
1.4380798
1.6236267
1.276474
1.1483765
1.5302582
1.691864
1.6739044
1.7409515
1.7445374
2.1096497
2.5609589
2.6818695
2.6160278
2.82193
3.254074
3.5437775
3.6036377
3.2516785
2.7656708
2.562149
2.4173126
2.2473145
1.925293
1.7194061
1.8798065
2.0892944
2.1683197
2.4675903
2.608841
2.289215
1.7732697
1.384201
1.415329
1.8367157
2.052185
1.7984009
1.7002411
1.6667328
1.8115692
1.8965607
2.0031128
2.2293549
2.292801
2.0210724
1.6116638
1.4404755
1.7732697
1.8738251
1.4763947
1.3063965
1.265686
1.1220398
1.02388
0.8550873
0.7389679
0.76171875
0.7389679
0.7964325
1.1148529
1.41893
1.3339386
1.1615448
1.3387146
1.9193115
2.3430939
2.3095703
2.0402222
1.8833923
2.0402222
2.1994324
2.3071747
2.2042236
1.8929749
1.4452515
1.0729675
1.0071259
0.92930603
0.85269165
0.9556427
1.0993042
1.2022552
1.2872467
1.2094269
1.0693665
1.0909119
1.1543732
1.1292267
1.0585938
1.2130127
1.4979401
1.5601807
1.4404755
1.2872467
1.0286713
0.87184143
0.747345
0.5833435
0.48399353
0.52349854
0.54862976
0.66116333
0.9077606
1.0574036
0.9257202
0.83114624
0.83114624
0.9508667
1.1316223
1.063385
0.7018585
0.34153748
0.22781372
0.35829163
0.6013031
0.82037354
0.9915619
1.0574036
0.9747925
1.4057617
2.4005432
2.131195
1.1854858
1.0358582
1.063385
1.3387146
1.7696686
2.3478699
2.6591187
2.4185028
1.3698425
0.35110474
0.023101807
0.23139954
0.53785706
0.9197235
1.2273865
1.3099823
1.0980988
0.89938354
0.7640991
0.6503906
0.6192627
0.61686707
0.39421082
0.1499939
0.09611511
0.28286743
0.03387451
-0.46531677
-0.7286835
-0.75382996
-0.5467224
-0.2582245
0.15478516
0.29484558
0.3487091
0.47201538
0.10211182
-0.21392822
0.025497437
-0.008026123
-0.23309326
-0.53474426
-1.1416779
-1.4577179
-1.1285095
-0.78733826
-0.782547
-0.7897339
-0.55270386
-0.37194824
0.07577515
0.8766327
1.2201996
0.984375
0.77368164
0.7198181
0.93530273
1.2321777
1.3387146
1.2094269
1.2094269
1.1866913
0.92930603
0.3918152
-0.15527344
-0.32286072
0.039855957
0.5617981
0.74017334
0.7593231
0.97839355
1.1112671
0.84191895
0.35829163
0.045837402
0.14161682
0.23258972
0.30322266
0.4313202
0.6312256
0.5606079
0.18112183
0.025497437
0.009918213
0.20625305
0.7892456
0.8838196
0.49116516
0.34391785
0.3738556
0.46603394
0.68629456
0.78445435
0.5354614
0.109298706
-0.38990784
-0.659256
-0.39230347
0.05781555
0.2864685
0.36906433
0.34751892
0.29484558
0.3379364
0.78686523
1.5075073
1.8750153
1.7409515
1.5518036
1.5314484
1.6882782
2.0270538
2.0222626
1.573349
1.0980988
0.7497406
0.5222931
0.60009766
0.9484558
1.157959
1.2178192
1.1711273
1.0729675
1.10289
1.087326
0.8000183
0.51631165
0.48876953
0.6803131
0.75453186
0.48039246
0.27928162
0.013519287
-0.18519592
-0.3480072
-0.35638428
-0.26062012
0.16316223
0.74375916
1.0538177
1.1352081
1.0059204
0.7760773
0.5701752
0.40977478
0.4133606
0.5414429
0.6551666
0.90057373
1.2046356
1.186676
1.0166931
0.90296936
1.2585144
1.894165
2.1790771
2.3370972
2.3430939
1.7361603
0.7401581
0.5905304
1.2070312
1.6032715
1.5541992
1.8319244
2.3335114
2.155136
1.5529938
0.9185333
0.34632874
0.15957642
0.49476624
0.7964325
0.83473206
0.6707306
0.513916
0.64559937
0.89100647
0.93170166
0.79164124
0.4540558
0.4061737
0.6156769
0.50912476
0.1787262
-0.21632385
-0.41983032
-0.32286072
0.45166016
1.2657013
1.4261017
1.0454254
0.67193604
0.76530457
1.1866913
1.4117432
1.4536438
0.98677063
0.49595642
0.14880371
-0.40905762
-0.7418518
-0.935791
-0.8184662
-0.44018555
-0.13731384
-0.11097717
-0.1313324
-0.3408203
-0.7143097
-0.5467224
-0.19117737
0.28886414
0.7569275
1.2489319
1.3686523
0.17274475
-0.50842285
0.18470764
1.2106323
1.75531
1.6990509
1.7972107
1.6882782
1.3590698
0.86346436
0.9305115
1.276474
1.355484
1.0526123
0.57496643
0.42892456
0.6563721
0.7533417
0.7748871
0.73298645
0.49835205
0.41575623
0.69467163
0.6312256
0.37265015
-0.48208618
-0.861557
-0.5539093
-0.13612366
-0.023590088
0.3487091
0.9041748
1.2046356
1.8235474
2.557373
2.2138062
1.1136627
0.2936554
-0.27618408
-0.62693787
-0.49525452
-0.233078
-0.08105469
0.005142212
0.3774414
0.96881104
1.2261963
1.2417603
1.3219604
1.7744598
2.40773
2.225769
0.94487
-0.312088
-0.777771
-0.4174347
0.8862152
1.6786957
1.9959259
2.1503448
1.7505188
1.4775848
1.5458221
1.3040009
0.46842957
-0.18640137
0.025497437
0.42294312
0.3056183
0.3846283
0.8838196
1.3063965
1.6212311
2.16951
2.6459503
2.7153778
2.4580078
2.1994324
1.454834
0.57736206
0.18591309
0.22302246
0.592926
1.6403809
2.209015
2.32872
2.5525818
2.6387787
2.6124268
1.9133301
0.850296
0.09732056
-0.2797699
-0.24624634
0.2577362
0.85987854
1.2058411
1.0418396
0.47080994
0.1894989
0.09971619
0.43370056
1.1962585
1.8295288
2.0689545
1.770874
1.5350494
1.4620209
1.2992096
1.5230713
2.0964813
2.1766815
1.9109344
1.7936249
1.6511688
1.6870728
1.4428711
0.74375916
0.23738098
0.14401245
0.4360962
0.82037354
1.0574036
1.1088715
1.2345734
1.2872467
1.3830109
1.6631317
1.9013519
2.0485992
2.031845
1.6715088
1.236969
0.8036041
0.8239746
1.241745
1.0957031
0.8550873
1.2836456
1.7481232
1.7098236
1.4284973
1.0585938
1.1148682
1.3243561
1.1435852
0.731781
0.46124268
0.55223083
0.9616394
1.4261017
1.5194855
1.5865173
1.6894684
1.4165344
1.1376038
1.0382538
0.9759979
0.93888855
1.1519623
1.3830109
1.3494873
1.3686523
1.2106323
0.9652252
1.4751892
2.3622437
2.0701447
1.5086975
1.3614655
1.7122192
2.3239288
2.3155518
1.6763
0.7976227
0.27449036
0.49716187
1.1639404
1.6511688
1.6870728
1.5206757
1.2393646
1.1519775
1.4069519
1.5206757
1.6415863
2.031845
1.7936249
1.2333832
1.1364136
1.4560394
2.2640839
2.924881
2.4723663
2.004303
1.8199463
1.3734283
0.826355
0.42771912
0.26013184
0.40498352
0.64320374
0.7066498
0.6910858
0.67193604
0.67433167
0.8036194
0.9376831
0.6731262
0.38223267
0.6838989
1.4488525
2.0485992
1.9791718
1.7014465
1.9085388
2.375412
1.7792511
0.92211914
0.8754425
1.3147736
1.8834076
2.2126007
1.9037476
1.3746338
1.2537231
1.557785
1.7110138
1.5541992
1.4093475
0.9915619
0.6491852
1.0035248
1.2333679
1.2501373
1.5446167
1.59729
1.3303375
1.1531677
0.99394226
0.95803833
0.7748871
0.38822937
1.0693665
2.0857086
2.0809174
1.6703186
0.99035645
0.7533264
1.2836609
1.5984802
1.1591492
0.40498352
-0.09901428
3.5095215E-4
0.6120758
1.3255463
1.8055878
1.5709534
0.76651
-0.07865906
-0.049926758
1.4105377
2.2916107
1.5039215
0.7353821
0.76530457
1.463211
1.9528351
1.2477417
0.79045105
0.96762085
1.0514069
1.5757446
2.0102997
1.6547546
0.8108063
0.22779846
0.14759827
0.52349854
1.0250702
1.2860413
1.1519775
0.7497406
0.5701752
0.99993896
1.6020813
1.762497
1.5051117
1.0669708
0.7497406
0.4169464
0.54504395
1.791214
2.4292755
1.7277832
1.217804
0.79164124
0.9017792
1.8367157
2.4400482
1.7289734
0.7018585
0.047042847
-0.28575134
-8.392334E-4
0.7246094
1.1411896
1.0358429
0.92811584
1.0897217
1.1890717
1.1819
1.1447906
0.84910583
0.5354614
0.9340973
1.612854
1.8163605
1.9516296
2.2269745
2.0414124
1.394989
1.0490265
1.1148682
1.6056671
1.7289734
1.5194855
1.3255463
0.8083954
0.39060974
0.45046997
0.9364929
1.3866119
1.3111877
1.0142975
1.0490265
1.3506927
1.6487732
1.6978455
1.4608307
1.0178986
0.90657043
0.97480774
0.95684814
1.470398
2.241333
2.2437286
2.0665588
1.767273
1.379425
1.2800598
0.81199646
0.2182312
-0.06549072
-0.16365051
-0.44377136
-0.50123596
-0.42462158
-0.29293823
0.15478516
0.8431244
1.4117432
1.371048
1.078949
1.0131073
1.142395
1.2776642
1.4692078
1.4775848
0.85987854
0.38223267
0.17393494
0.4420929
1.4320984
2.557373
2.7165833
2.102478
1.7768555
1.8091736
1.6236267
1.0921173
0.63482666
0.36787415
0.32476807
0.6707306
0.93289185
0.87423706
0.57377625
0.4540558
0.44088745
0.592926
0.93888855
1.0861359
0.97839355
0.88861084
0.5103302
-0.1600647
-0.3994751
0.002746582
0.50193787
0.92092896
0.8395233
0.23139954
-0.17202759
-0.5155945
-0.42939758
-0.31089783
-0.64009094
-1.0088043
-1.1871796
-1.0435181
-0.55989075
0.05781555
0.60609436
0.8239746
0.6384125
0.4061737
0.34153748
0.34751892
0.21464539
-0.47010803
-0.3192749
0.11528015
0.43011475
0.76530457
0.9304962
1.1555634
1.3423157
1.7253876
1.8845978
1.0310669
0.06500244
-0.32048035
-0.046325684
0.28407288
0.08654785
0.1894989
0.59532166
0.78445435
0.7293854
0.5905304
0.43371582
0.24217224
0.3726654
0.7557373
0.80960083
0.4313202
0.050628662
-0.1133728
0.020706177
0.39300537
-0.020004272
-0.3372345
-0.3875122
-1.0566864
-1.600174
-2.0766296
-1.8874664
-1.2446289
-0.9082489
-1.0375366
-1.1105652
-0.9872589
-0.5658722
-0.09780884
0.0039367676
-0.18759155
-0.42941284
-0.50242615
-0.42581177
-0.34561157
-0.26062012
-0.34202576
-0.31329346
0.06498718
0.3774414
0.64678955
1.0933075
1.463211
2.194641
3.407318
3.3893433
2.3131561
1.6044769
1.5709534
2.0737305
2.7010193
2.9105072
2.5956726
2.1730957
1.5793304
0.89219666
0.36427307
-0.17800903
-0.24147034
0.13922119
0.53427124
0.8167877
1.0107117
1.1100616
1.2668915
1.3925781
1.5685577
1.8582611
2.115631
2.1371765
1.6822815
1.7648926
2.2389374
1.7146149
1.039444
0.48039246
0.14759827
0.37983704
1.2908325
1.7253876
1.2585144
0.70783997
0.6875
1.0418396
1.3770294
1.4967346
1.4536438
1.276474
1.0621796
0.97239685
1.12323
1.1447906
0.96762085
0.86586
0.92211914
1.1938629
1.7409515
2.3335114
3.1559143
3.6072235
2.6854553
1.8510742
1.751709
1.7062225
1.5482178
1.4165344
1.3231506
1.3830109
1.5482178
1.6068726
1.4871521
1.4021606
1.2704926
1.2848511
1.3889923
1.6535492
2.0378265
2.3610382
2.4244843
2.201828
1.9217072
1.8642426
1.8127747
1.885788
1.9264984
1.8510742
1.9504395
1.6260223
0.34631348
-0.37434387
-0.3408203
-0.30012512
-0.055908203
0.36427307
0.7605133
0.9113617
1.1591492
1.5206757
1.6810913
1.51828
1.0897217
0.5151062
0.042251587
-0.10140991
0.044647217
0.316391
0.5043335
0.7174225
1.0490112
1.3818054
1.8630371
2.5477905
3.032608
3.355835
3.0302124
2.2760468
1.8594513
1.8738251
2.1395721
2.4053345
2.7225647
2.905716
2.6579285
2.2365417
1.9636078
1.9659882
1.9133301
1.7601013
1.6068726
1.4572296
1.5817261
1.9420471
1.9995117
1.6176453
1.1459808
0.7126312
0.43849182
0.4253235
0.8048096
1.0621948
1.0741577
1.162735
0.8790283
0.28167725
-0.047531128
0.16436768
0.55940247
0.9412842
0.97120667
0.7461548
0.58454895
0.4887848
0.5917206
0.6443939
0.5019531
0.40737915
0.4025879
0.38941956
0.34632874
0.4456787
0.61447144
0.6240387
0.67552185
0.63243103
0.72102356
1.0849304
0.7605133
-0.43778992
-1.0123901
-0.5048218
-0.034362793
-0.2223053
0.08534241
0.17393494
1.186676
1.5111084
0.22421265
-0.024795532
0.7162323
1.5745392
2.4963226
3.1379547
2.9212952
1.9899445
1.1878815
0.91734314
1.0454254
0.9963379
0.6096802
0.28167725
0.28886414
0.747345
1.4739838
1.8953705
1.9013519
1.4105377
0.70544434
0.40377808
0.6001129
0.76290894
0.6838989
0.80122375
0.75094604
0.2469635
-8.544922E-4
-0.28456116
0.21104431
0.77249146
0.5079346
0.05781555
-0.3767395
-0.70832825
-0.55989075
0.0015411377
0.60609436
0.98197937
1.2848511
1.3949738
1.039444
0.67671204
0.74017334
0.9017792
0.9113617
1.4931488
2.3406982
1.8367157
0.9544525
1.2752686
1.3375244
0.747345
1.0059204
0.84072876
0.61686707
1.573349
2.759674
3.08049
2.7297516
1.7960205
1.0526123
1.1519623
1.6248322
1.7062225
1.2908325
1.197464
1.4608307
1.549408
1.4368896
1.3470917
1.2429504
0.88023376
0.37983704
0.68629456
1.1878815
0.7401581
0.5079346
1.0166931
1.3578644
1.410553
1.5769348
1.9432526
2.4400482
2.8291168
3.3055573
3.087677
1.9121246
0.89100647
0.51272583
0.35350037
0.16435242
0.09371948
0.12965393
0.49835205
1.1280365
1.300415
0.99035645
0.87065125
1.3865967
1.8007965
1.6008759
0.87184143
0.061401367
0.7880554
2.8327026
2.9931183
2.4723663
1.7744598
1.02388
1.3782196
2.1790771
2.3155518
1.6727142
0.51272583
-0.21871948
0.047042847
0.7413635
1.0813446
1.10289
0.94247437
0.6072998
0.31159973
0.25534058
0.8215637
1.3255463
1.6499634
1.5601807
1.1196442
0.80241394
0.6551819
0.6228485
1.3339233
2.4448395
2.395752
1.9636078
1.7349548
1.557785
1.5829315
1.557785
1.4668121
1.0597992
0.66593933
0.5510254
0.8072052
1.173523
1.4727936
2.0821075
2.4005432
2.2688599
1.7253723
1.2489319
1.4069519
1.1938629
0.29125977
-0.30491638
0.42173767
1.6535492
1.7361603
1.8750153
2.1874695
2.4568024
2.8686066
3.4994812
3.297165
2.277237
1.0669708
0.16435242
-0.10020447
-0.055908203
0.05781555
0.2972412
0.4205475
0.47799683
0.8957977
1.430893
1.7601013
1.6846771
1.727768
2.1659088
2.1287994
1.5589752
1.0969086
0.78326416
0.7784729
1.5230713
1.6870728
1.4021606
1.4201202
1.6715088
2.0976868
1.8750153
1.0370483
0.276886
-0.22949219
-0.33961487
0.15478516
0.8167877
1.0933075
1.3638611
1.1699219
0.42773438
0.14761353
0.45046997
1.226181
1.8738251
1.6487732
1.2022552
1.5434265
2.474762
2.5908813
1.9767761
1.6152496
1.8905792
3.0996552
3.9244537
3.4480133
2.0773315
0.7533417
0.16436768
0.39300537
0.92811584
1.4069519
1.5194855
1.3135834
1.236969
1.3351288
1.3063965
1.4811707
1.7517242
1.925293
1.7840424
1.1507721
0.4528656
0.19189453
-0.010421753
0.13682556
1.4332886
1.7900238
1.3123779
1.1926727
1.2980194
1.6104584
1.9324799
1.6583405
0.8072052
0.1787262
0.020706177
0.28048706
0.98677063
1.6499634
1.988739
2.1958466
2.2473145
2.107254
2.0390167
1.806778
1.5158844
1.6763
1.7577057
1.5589905
1.6020813
1.8869934
1.4344788
0.6024933
0.2182312
0.4456787
1.0119171
1.5661621
1.6691132
1.3746338
1.00354
0.7952423
0.78685
0.6503906
0.4456787
0.29963684
0.2577362
0.52349854
0.84910583
1.047821
1.4225159
1.6248169
1.0561981
0.76171875
1.3327332
2.098877
2.3143463
1.9336853
2.1611328
2.5286407
1.5805359
1.399765
1.4644165
1.3471069
1.7481232
1.9588165
1.1124725
0.2972412
-0.0032348633
0.007537842
0.5821533
1.1328125
1.4668121
1.9516296
2.1287994
1.8223419
1.8666382
2.115631
2.1359863
1.988739
1.5194855
1.008316
1.3219604
2.2712708
2.5034943
2.6004639
2.5310364
2.301178
2.6291962
2.854248
2.3778076
1.4644165
0.826355
0.82995605
1.4847717
1.9157257
1.8319244
1.7373505
1.6894684
1.6954498
1.8115692
1.9851532
2.0761414
2.0533905
1.9145203
1.6846771
1.463211
1.0526123
0.63960266
0.5869293
0.47320557
0.47680664
0.84191895
0.7688904
0.42053223
0.049438477
-0.33125305
-0.34440613
-0.10499573
-0.028381348
-0.008026123
0.21343994
0.4935608
0.6803131
0.78326416
0.75094604
0.6779175
0.59651184
0.3451233
-0.11216736
-0.09780884
0.1499939
0.43730164
1.0502167
1.4560394
1.4560394
1.2561188
1.5769501
2.2113953
2.3550568
1.8690338
1.6774902
1.276474
1.2597046
2.138382
2.3933563
2.0761414
1.6691132
1.1160583
0.66474915
0.46124268
0.4528656
0.4025879
0.33795166
0.474411
0.9041748
1.4823761
2.0102997
2.131195
1.9959259
1.8606567
1.4440613
0.7880554
0.12605286
0.1320343
0.2685089
0.36427307
1.1100769
0.7964325
0.1320343
0.23139954
0.48518372
0.69348145
0.40498352
-0.031967163
-0.12055969
-0.06428528
0.19309998
0.7389679
1.0861206
1.3303375
1.2285919
0.83833313
0.5510254
0.13682556
-0.2510376
-0.18998718
-0.6113739
-0.95973206
-0.5215759
-0.34202576
-0.16244507
-0.233078
-0.19836426
0.1667633
0.62524414
0.96043396
1.02388
0.57496643
0.09732056
0.08773804
0.355896
0.6910858
0.8670654
0.5905304
0.29605103
0.23019409
0.3726654
0.5641937
0.67193604
0.6838989
0.69229126
0.73298645
0.9652252
0.9472656
0.84191895
0.7569275
0.47680664
0.07815552
-0.5934143
-1.1404877
-1.2314606
-0.78733826
-0.20436096
0.17393494
0.30082703
0.3307495
0.5115204
0.6013031
0.85388184
0.91015625
0.7605133
0.70783997
0.52708435
-0.040359497
-0.66882324
-0.78256226
-0.4497528
-0.0020446777
0.6779175
1.2872467
1.6703186
2.130005
1.93367
0.9616394
0.5258789
0.9831848
2.007904
3.1295776
3.850235
4.143524
3.9663544
2.924881
1.5386353
0.40856934
-0.31329346
-0.3815155
0.035064697
0.84191895
1.2070312
1.41893
0.9125519
1.0849304
0.78326416
0.30322266
-0.17800903
-0.48806763
-0.016403198
0.39660645
0.75453186
0.83114624
0.3846283
0.06858826
0.17514038
0.07098389
-0.13252258
0.18710327
0.7090454
0.77249146
0.7090454
0.5893402
0.4648285
0.34751892
0.46961975
0.67433167
0.79164124
0.810791
0.7892456
0.70425415
0.72340393
1.0609894
1.5146942
1.9827576
2.3035889
2.6950378
3.1870422
3.5174408
3.5749054
3.175064
2.6866455
2.6651
2.8602295
2.9284668
2.4759674
2.1850739
2.2760468
2.3239288
2.0928955
1.7577057
1.5051117
1.4284973
1.553009
1.7193909
1.7421417
1.7445374
1.7529144
1.6356049
1.4129333
1.2824554
1.4488525
1.5649719
1.4536438
1.4500427
1.4955292
1.4488525
1.1854858
0.6587677
0.06619263
-0.21990967
-0.16485596
0.14042664
0.6551666
1.1292267
1.2453461
1.1878815
1.1172638
1.0298615
0.7928467
0.47920227
0.08415222
-0.07267761
0.08654785
0.3738556
0.73657227
1.213028
1.6200409
1.6535645
1.7565002
2.3430939
3.0972595
3.245697
2.5705414
2.0545807
2.1287994
2.3502655
2.3311157
2.2868195
2.2545013
2.1216278
2.0462036
1.8989563
1.7457275
1.3518829
1.0178986
1.134018
1.4572296
1.5003204
1.3351288
1.3171692
1.1411896
0.84910583
0.6419983
0.7174225
0.9436798
1.0166931
0.80122375
0.76651
1.008316
0.32118225
-0.56947327
-1.0662689
-1.3044891
-1.3894806
-1.5056
-1.4325867
-1.0495148
-0.7059326
-0.6412964
-0.62693787
-0.50123596
-0.46054077
-0.53474426
-0.71791077
-0.73825073
-0.569458
-0.38032532
0.011123657
0.30322266
0.31999207
0.25654602
0.29484558
0.23498535
0.15359497
0.2577362
0.55940247
0.6551819
0.4456787
0.12963867
0.14161682
0.3439331
0.4887848
0.5211029
0.73417664
1.186676
1.8211517
2.2580872
2.0222626
1.2513275
0.5821533
0.5211029
0.68270874
0.6779175
0.7700958
1.0969086
1.2345734
1.1639404
1.1388092
1.1699219
1.0980988
0.7641144
0.03627014
-0.88072205
-1.5151825
-1.4924316
-1.217102
-1.0171814
-0.69636536
-0.13851929
0.27928162
0.72340393
1.0777588
0.83114624
0.49595642
0.27449036
0.14041138
0.114089966
0.24815369
0.434906
0.64320374
0.81318665
0.8287506
0.6312256
0.48039246
0.4492798
0.5258789
0.5893402
0.54862976
0.7760773
1.1771088
1.7253876
2.074936
1.5613708
0.71383667
0.6228485
0.98197937
1.3830109
1.4464569
1.0466309
0.6958771
0.40856934
0.29605103
0.58096313
1.2154083
1.6930542
1.894165
1.9109344
1.9025574
1.925293
1.8055878
1.6380005
1.5757446
1.5290527
1.478775
1.4141388
1.4775848
1.3806152
1.2249908
0.92930603
0.8036194
1.2788696
1.6224365
1.3470917
0.5641937
-0.2175293
-0.31329346
0.28048706
1.0837402
1.3016052
0.9747925
0.6707306
0.40856934
0.26013184
0.32836914
0.4025879
0.32476807
-0.031967163
-0.3922882
-0.3887024
-0.049926758
0.26971436
0.27449036
0.39300537
0.6396179
0.806015
0.7880554
0.8945923
1.4440613
1.6870728
1.1819
1.0178986
1.2357635
1.1711273
1.2848511
1.8450928
2.1048584
0.59651184
-0.5467224
-0.45933533
0.19189453
0.48399353
0.3343506
-0.18400574
-0.27018738
-0.09541321
0.029083252
0.2936554
0.4241333
0.47680664
0.25653076
-0.037963867
0.027877808
0.37145996
0.7605133
0.92092896
0.65278625
0.15119934
-0.28216553
-0.42941284
-0.44856262
-0.50123596
-0.5335541
-0.48208618
-0.17323303
0.23020935
0.16674805
-0.18878174
-0.36834717
-0.042755127
0.34991455
0.45884705
0.40856934
0.1715393
-0.20913696
-0.43778992
-0.38153076
-0.29414368
-0.08345032
0.24815369
0.4025879
0.3259735
0.32118225
0.47799683
0.75213623
1.6427765
2.1132507
1.7145996
1.0980988
0.60849
0.573761
0.98916626
1.2908325
1.2249908
0.8766327
0.48399353
0.27928162
0.22062683
0.11407471
0.3547058
0.84910583
1.1567688
1.1819
1.1615448
1.0681763
0.77368164
0.34631348
0.24217224
0.83833313
1.1591492
0.81199646
0.8826294
0.72940063
0.23498535
0.13922119
0.12365723
0.1272583
0.21343994
0.26731873
0.4456787
0.54623413
0.4121704
0.1787262
-0.010421753
-0.18998718
0.059005737
0.5007477
0.41575623
-0.18400574
-0.37553406
-0.0020446777
0.27449036
0.37983704
0.44328308
0.22062683
-0.09422302
-0.17681885
0.474411
1.3722382
1.5350494
1.0705719
0.63601685
0.50434875
0.6910858
0.84191895
0.8155823
0.5905304
0.49954224
0.782074
0.8838196
0.8083954
0.8287506
0.8072052
1.0011444
1.2980194
1.3650513
1.1986542
0.6958771
0.21105957
0.13922119
0.44088745
0.8036194
1.02388
1.0047302
0.71025085
0.3092041
-0.2175293
0.37506104
1.1890869
1.0262756
0.79045105
0.7186127
0.53904724
0.15837097
-0.37913513
-0.6053772
-0.35517883
-0.17802429
-0.016403198
0.18351746
0.38702393
0.26013184
-0.04273987
-0.09901428
0.21343994
0.592926
0.8682556
0.7964325
0.23977661
-0.21272278
0.11528015
1.1543579
1.6248169
1.36026
1.3315277
1.5039215
1.3590698
1.221405
1.0837402
0.9077606
0.9436798
1.0454254
1.1208496
1.0980988
1.099289
1.1723175
1.0681763
0.83833313
0.7413635
0.850296
0.8909912
0.8048096
0.74017334
0.6276398
0.58813477
0.71144104
0.60250854
0.52948
0.33076477
0.08534241
0.4061737
0.8646698
0.95085144
0.9628296
0.7928467
0.48757935
0.27449036
0.27330017
0.5785675
0.747345
0.45645142
0.17753601
0.11288452
0.09732056
0.26731873
0.24575806
-0.1133728
-0.33963013
-0.31808472
0.14880371
0.52708435
0.5893402
0.62524414
0.80960083
1.5817261
2.2269745
2.1922455
1.6739044
1.1723175
1.1986542
1.3686523
1.265686
0.7736969
0.21104431
0.09611511
0.37983704
0.76530457
1.0214844
1.0346527
1.1328125
1.3722382
1.3399048
1.1004944
0.81199646
0.58813477
0.55581665
0.63482666
0.8610687
0.9412842
0.8072052
0.5414429
0.31759644
-0.10379028
-0.54792786
-0.624527
-0.2175293
0.10450745
0.53427124
0.9544525
0.96881104
0.59173584
0.12007141
-0.14450073
-0.028381348
0.017120361
-0.1708374
-0.18519592
-0.009216309
-0.014007568
-0.29891968
-0.564682
-0.4677124
-0.11935425
0.3451233
0.58454895
0.5701752
0.4995575
0.7006531
1.5505981
2.351471
2.4783478
2.2305603
1.9133301
1.731369
1.5924988
1.320755
1.039444
0.88261414
1.0561981
1.2429504
1.1256409
0.96043396
1.0358582
1.2776642
1.415329
1.4057617
1.4021606
1.1819
0.83354187
0.43371582
0.2074585
0.18591309
0.14759827
0.15957642
0.1894989
0.050628662
0.15238953
0.57377625
0.7102356
0.47799683
0.15718079
-0.06549072
0.12365723
0.48039246
0.7449646
0.54862976
0.037460327
-0.17681885
-0.06788635
-0.021194458
0.07217407
0.33314514
0.47799683
0.28286743
0.035064697
-0.233078
-0.44735718
-0.4174347
-0.5335541
-0.41864014
-0.024795532
0.32118225
0.34991455
0.27090454
0.6156616
1.20224
1.4009705
0.9149475
0.31518555
0.3774414
0.86586
1.3818207
1.4751892
0.98916626
0.72340393
0.8287506
0.6671448
0.09611511
-0.48088074
-0.659256
-0.37553406
0.07098389
0.39660645
0.6013031
0.8000183
0.75213623
0.07217407
-0.738266
-0.86276245
-0.5132141
-0.42941284
-0.38391113
-0.80171204
-0.8148651
-0.3635559
-0.15408325
-0.5036316
-1.0028229
-1.1177368
-1.3152618
-1.0614777
-0.69636536
-0.32525635
-0.009231567
0.20266724
0.4815979
0.6288452
0.59532166
0.51512146
0.4827881
0.50553894
0.42294312
0.63482666
1.1148682
1.197464
0.8467102
0.5653839
0.2577362
-0.031967163
0.018310547
0.1894989
0.33195496
0.3918152
0.29605103
0.23858643
0.36906433
0.5977173
0.79164124
0.83833313
0.67910767
0.36787415
0.29844666
0.3259735
0.29364014
0.36187744
0.5833435
0.73298645
0.6120758
0.54623413
0.5354614
0.50553894
0.5067291
0.6048889
0.45167542
0.30801392
0.38702393
0.42771912
0.35231018
0.32955933
0.32955933
0.3630829
0.27449036
0.17753601
0.20625305
0.28286743
0.5067291
0.6396179
0.58454895
0.45765686
0.4061737
0.46484375
0.5330658
0.5103302
0.4492798
0.4420929
0.45765686
0.35231018
0.24816895
0.28886414
0.4313202
0.53785706
0.55700684
0.52948
0.48876953
0.43849182
0.37145996
0.33314514
0.35949707
0.46603394
0.54623413
0.48039246
0.4205475
0.48039246
0.5079346
0.42771912
0.33195496
0.34033203
0.29244995
0.29244995
0.36068726
0.45046997
0.6108856
0.73657227
0.75453186
0.7485504
0.8467102
0.9628296
0.90057373
0.68510437
0.42652893
0.2002716
0.13323975
0.18591309
0.09492493
0.0015563965
0.07575989
0.22302246
0.40977478
0.62882996
0.8371277
0.9149475
0.95684814
1.0035248
1.0382385
0.9939575
0.8574829
0.7090454
0.6587677
0.68510437
0.66593933
0.57855225
0.54862976
0.67193604
0.83473206
0.84191895
0.76651
0.647995
0.50434875
0.54862976
0.63243103
0.63960266
0.7473602
0.84910583
0.85987854
0.8467102
0.78445435
0.68629456
0.6815033
0.6396179
0.5677948
0.5366516
0.52349854
0.5498352
0.6013031
0.70783997
0.73417664
0.62405396
0.50912476
0.45765686
0.5629883
0.6276398
0.4935608
0.36547852
0.36787415
0.4815979
0.59651184
0.67193604
0.6731262
0.7473602
0.7677002
0.6994629
0.73417664
0.7341919
0.62405396
0.54862976
0.6276398
0.7174225
0.73657227
0.782074
0.70544434
0.5701752
0.5067291
0.4492798
0.40377808
0.4133606
0.4648285
0.54623413
0.5402527
0.474411
0.52948
0.6791229
0.8048096
0.83354187
0.8179779
0.8754425
0.8766327
0.7425537
0.6096802
0.52827454
0.513916
0.51750183
0.6551666
0.79403687
0.84910583
0.88023376
1.047821
1.217804
1.1819
0.96881104
0.90296936
0.9460602
0.9747925
0.885025
0.76290894
0.64320374
0.63124084
0.63482666
0.56300354
0.48757935
0.44448853
0.5115204
0.63243103
0.7485504
0.8347473
0.8790283
0.8766327
0.87065125
0.8586731
0.82276917
0.70544434
0.50434875
0.51031494
0.6838989
0.7305908
0.5893402
0.5725708
0.6898804
0.74375916
0.7054596
0.6491852
0.6695404
0.6779175
0.6982727
0.7389679
0.7186127
0.64559937
0.54504395
0.58454895
0.71383667
0.7210083
0.60849
0.5917206
0.6731262
0.76171875
0.7772827
0.8323517
0.80241394
0.7605133
0.79045105
0.8072052
0.61328125
0.51272583
0.5474396
0.5402527
0.42771912
0.3918152
0.48518372
0.6001129
0.5941162
0.5151062
0.46124268
0.39779663
0.33674622
0.33195496
0.4360962
0.6468048
0.8083954
0.85388184
0.80241394
0.7593231
0.7413635
0.72579956
0.69348145
0.63960266
0.6300354
0.6503906
0.69467163
0.70783997
0.6875
0.62405396
0.5222931
0.5869446
0.7377777
0.68510437
0.5246887
0.5653839
0.69348145
0.81437683
0.8395233
0.850296
0.79403687
0.72579956
0.6838989
0.66355896
0.6731262
0.68629456
0.67193604
0.61686707
0.58454895
0.65397644
0.65037537
0.48638916
0.3630829
0.35710144
0.37504578
0.36906433
0.38102722
0.45884705
0.5222931
0.53904724
0.47320557
0.5701752
0.68151855
0.6599579
0.65278625
0.73298645
0.84552
0.9245148
0.9520569
0.8766327
0.7413635
0.69348145
0.61686707
0.57736206
0.65278625
0.7641144
0.7928314
0.70783997
0.6635437
0.62405396
0.5761719
0.5330658
0.55940247
0.6120758
0.6671448
0.7138214
0.82276917
0.9927521
0.9472656
0.76651
0.6491852
0.76530457
0.80241394
0.66833496
0.5510254
0.6049042
0.727005
0.7353821
0.69348145
0.6994629
0.71144104
0.66355896
0.5510254
0.47201538
0.45046997
0.49595642
0.5438385
0.52948
0.52349854
0.60009766
0.69229126
0.8072052
0.9233246
0.97720337
0.94247437
0.8371277
0.80241394
0.8682556
0.83833313
0.7820587
0.8562927
0.92692566
0.9233246
0.8574829
0.83354187
0.81918335
0.7856598
0.78445435
0.78326416
0.82276917
0.84191895
0.806015
0.74375916
0.7246094
0.78686523
0.7353821
0.60728455
0.54981995
0.55581665
0.5701752
0.553421
0.55940247
0.6204529
0.67552185
0.7102356
0.7988281
0.84910583
0.85150146
0.87423706
0.8467102
0.6192627
0.43730164
0.44448853
0.5629883
0.6276398
0.58573914
0.50912476
0.5641937
0.7305908
0.8957977
0.9544525
0.9245148
0.94607544
1.008316
0.905365
0.7210083
0.61328125
0.57377625
0.573761
0.6156769
0.5797577
0.6982727
0.7593231
0.7401581
0.6731262
0.6300354
0.66474915
0.73776245
0.6875
0.5043335
0.54623413
0.63482666
0.7377777
0.8143921
0.7892456
0.7593231
0.74494934
0.39779663
0.044647217
0.4456787
0.3594818
0.3439331
0.28048706
-0.08943176
