8.897583
9.670898
10.039612
9.346497
9.107071
9.025665
9.176498
9.245941
9.248322
9.306992
9.394363
9.347687
9.218399
9.202835
9.308182
9.328537
9.272263
9.233963
9.233963
9.213608
9.123825
9.055588
9.193268
9.3979645
9.47937
9.447052
9.226776
9.067566
9.107071
9.255508
9.295013
9.311768
9.464996
9.533234
9.425491
9.362045
9.47818
9.51767
9.40155
9.208832
8.882019
8.707245
9.072357
9.627808
9.731949
9.285446
8.849701
8.872437
9.239944
9.444656
9.200439
8.777863
8.68689
9.091507
9.529648
9.649353
9.451828
9.285431
9.254318
9.427887
9.600281
9.473373
9.2603
9.265076
9.496124
9.67569
9.7164
9.682877
9.669708
9.484161
9.354874
9.499725
9.672104
9.554779
9.154953
8.988556
9.210022
9.463806
9.551193
9.509293
9.494934
9.49733
9.582321
9.601471
9.412338
9.174103
9.096298
9.201645
9.366837
9.330933
9.1645355
8.939484
8.750336
8.707245
8.974182
9.371628
9.698441
9.863632
9.71759
9.661331
9.996521
10.13179
9.7582855
9.269882
9.074753
9.108261
9.427887
9.664917
9.581131
9.411133
9.475769
9.73555
9.905533
9.8085785
9.597885
9.526062
9.571548
9.493729
9.32254
9.248337
9.3033905
9.364441
9.3022
9.250717
9.292618
9.455429
9.533234
9.213608
8.959824
9.202835
9.663712
9.795395
9.564362
9.278259
9.186081
9.403946
9.553589
9.472183
9.305786
9.286636
9.403946
9.467392
9.451828
9.464996
9.508102
9.474579
9.403946
9.385986
9.391983
9.357269
9.357254
9.450638
9.425491
9.226776
9.010101
9.075943
9.243546
8.987366
8.812576
9.274658
9.788223
9.594299
9.00412
8.9263
9.310577
9.450638
9.212418
9.026855
9.206436
9.524857
9.667313
9.503311
9.273468
9.220795
9.369232
9.565567
9.645767
9.538025
9.402756
9.439865
9.49852
9.390778
9.284241
9.134598
9.160934
9.24234
9.095093
9.06636
9.344086
9.585907
9.445847
9.160934
9.110657
9.354874
9.620636
9.5954895
9.353668
9.2196045
9.318954
9.451828
9.41832
9.308182
9.267487
9.3022
9.350082
9.406342
9.455429
9.442261
9.40155
9.40036
9.427902
9.385986
9.254318
9.271072
9.335709
9.237549
9.073547
9.230377
9.589508
9.624222
9.221985
9.019684
9.408737
9.650543
9.4219055
9.1298065
9.117844
9.235153
9.183685
9.068771
9.201645
9.417114
9.494934
9.500916
9.512878
9.522461
9.564362
9.618225
9.73793
9.751114
9.615829
9.455429
9.377609
9.436264
9.267487
9.055603
9.253113
9.655334
9.693649
9.249527
8.830536
8.813782
9.110657
9.424301
9.5212555
9.540421
9.558365
9.583511
9.520065
9.429092
9.411133
9.469788
9.520065
9.432678
9.222
9.129822
9.274673
9.407547
9.403946
9.457825
9.470993
9.408737
9.341705
9.415924
9.378815
9.190872
9.323746
9.698441
9.837296
9.645767
9.396759
9.380005
9.55838
9.53923
9.279449
9.211212
9.358459
9.305786
8.987366
8.854477
8.950241
9.074753
9.281845
9.541611
9.697235
9.603867
9.265076
8.972992
8.903564
9.216003
9.612244
9.747513
9.740341
9.794205
9.546402
9.182495
9.208817
9.439865
9.387192
9.256699
9.4769745
9.806168
9.876801
9.5559845
9.117844
8.835327
8.60907
8.538437
8.975388
9.439865
9.666107
9.741531
9.686462
9.557175
9.535629
9.569153
9.487747
9.229172
8.968201
8.937073
9.078339
9.091507
8.974197
8.810196
8.822159
8.996933
9.159744
9.453033
9.561966
9.271072
8.935883
8.879623
9.3033905
9.670898
9.667313
9.455429
9.318954
9.521271
9.702026
9.6744995
9.506897
9.417114
9.746323
9.921097
9.602661
9.289032
9.061584
9.048401
9.129822
9.295013
9.4614105
9.297409
8.94426
8.824554
8.776672
9.148972
9.706818
10.003693
9.860046
9.469788
9.348877
8.911942
7.9638367
8.260727
8.959824
9.067566
9.148972
9.038834
8.407959
8.258331
8.897583
9.552399
9.983337
10.529221
11.269028
11.257065
10.274246
10.288605
11.641327
12.802521
12.85759
11.4461975
9.905533
9.189667
9.380005
9.669708
9.190872
8.297821
7.7268066
7.6669617
8.058411
8.242767
7.7926483
7.3138123
7.360504
7.6274567
7.8764496
7.8764496
7.772293
7.9997406
8.548019
9.192062
10.111435
11.4066925
12.515213
12.34642
10.960175
10.996094
12.613373
12.9557495
10.94223
8.6354065
7.8058167
8.2990265
9.652939
10.619003
10.2634735
8.723999
7.131851
6.230438
6.222061
6.819412
7.525696
7.9243317
8.000946
8.192474
8.603088
9.0855255
9.673294
10.700409
12.057922
13.0503235
12.753433
11.668869
11.761047
12.934204
13.407059
12.311707
10.524445
8.704849
7.268326
7.8764496
9.160934
9.436264
8.597107
7.420349
6.675766
6.359726
6.8098297
7.8130035
8.744339
8.843704
8.361267
7.8573
8.231995
9.459015
10.648926
11.055954
11.418671
12.067505
12.582245
12.868362
12.455368
11.367203
10.0659485
9.533234
9.836105
10.093475
10.057571
9.75589
9.254303
8.60907
7.93631
7.465851
7.514923
7.8716583
8.002136
7.7854614
7.5987244
7.546051
7.7172394
8.479797
10.245514
11.855606
12.271011
11.874771
11.2798
10.954193
11.313324
12.007645
12.34404
11.708374
9.989334
8.308609
7.1617737
7.261139
8.782654
9.8085785
9.35965
7.896805
6.605133
6.0772095
6.400421
7.396408
8.249939
8.623444
9.029251
9.687653
10.532822
11.249878
11.454575
11.012863
10.167694
10.209595
11.834061
12.948563
11.545563
9.110657
7.592743
8.271484
10.859619
11.795761
9.879196
7.079178
5.516968
5.5516815
6.2675476
6.8720856
7.134247
7.289871
7.980606
9.475769
11.393539
11.913071
11.017639
10.404724
10.56633
10.538803
10.08989
10.293396
11.716751
12.921036
13.243057
12.154892
9.722382
7.4263306
6.3549347
7.7878723
10.3077545
11.476135
10.177277
7.7016754
5.9838257
5.533722
5.873703
6.909195
8.416336
9.87561
10.954193
11.156509
10.957794
11.339661
11.975327
11.1194
9.625412
9.850464
11.213974
11.562317
10.164108
8.237976
7.9111633
9.535629
11.000885
10.516052
8.266708
6.162201
6.114319
7.083969
7.659775
6.8876495
6.1442413
7.161789
9.742722
12.436203
14.189957
13.630905
11.386353
9.582321
9.383606
9.486557
9.5212555
10.015671
10.638168
10.80217
10.605835
10.393951
9.588303
7.912369
7.1366425
8.4319
9.948639
10.015671
8.972992
7.514923
6.2196655
5.6654053
6.273529
7.580765
9.496124
10.058762
9.869614
9.99173
10.590271
11.719147
12.76062
12.577469
10.930252
10.180862
11.224747
11.403107
9.821732
8.099106
7.3976135
8.360077
10.282623
11.253479
9.982147
7.799835
6.304657
5.897644
6.198105
6.63385
6.7499695
7.008545
7.901581
9.391983
10.660904
11.042786
11.016449
11.213959
11.787369
12.214737
12.154892
12.196777
12.200378
11.352829
9.822937
8.330154
7.6106873
7.73999
8.406769
9.007706
9.052002
8.678497
8.147003
7.3820496
6.545273
6.336975
7.0815735
8.400772
9.380005
9.783432
9.788223
9.711609
10.115036
11.002075
11.689209
10.935043
10.022858
11.1577
13.061096
12.600204
9.930679
8.040451
8.328949
10.158127
11.254669
10.609436
8.916733
7.2802887
6.1645966
5.7300415
5.777939
6.0496674
6.4722595
7.1330414
7.944687
8.874832
9.855255
10.550766
11.133759
11.975327
12.212341
11.81012
11.300156
11.623383
12.62175
13.085037
12.1141815
10.2108
8.5563965
8.216431
8.502533
8.552811
8.469009
8.221207
7.954254
7.4646454
6.745178
6.091568
6.3585205
7.7411804
9.518875
10.313751
10.008484
9.57634
9.356064
9.910324
10.944611
11.304947
10.652527
10.291
11.447403
12.476913
11.201996
8.968201
7.8082123
9.014893
10.894333
11.054749
9.328537
6.664978
5.246414
5.7204742
6.9702454
7.3581085
7.0624237
7.083969
7.8489075
9.310577
10.077911
9.953415
9.966583
10.54718
11.67366
13.130524
13.392685
12.20517
10.766251
9.73674
9.35965
9.424301
9.429092
9.136993
8.41156
8.458237
9.0460205
9.436264
9.052002
7.692093
6.344162
5.9395294
6.795471
8.118256
8.978973
9.620621
10.022842
10.015671
10.113831
10.7052
11.605423
12.084259
11.556335
10.921875
11.313324
11.641327
11.014053
9.639786
8.264313
8.039261
8.893982
9.636185
9.204025
8.084747
7.003769
6.150223
5.909607
6.4889984
7.3197937
8.102707
8.579147
8.834137
9.013687
9.189667
9.353668
9.585907
10.300583
11.529999
12.547531
12.439804
12.078278
11.737106
11.079895
10.250305
9.65654
9.358459
9.266281
9.211212
9.136993
8.770676
8.036865
7.269516
6.593155
6.171768
6.526123
7.34375
8.222412
8.957428
9.623016
10.375992
10.583099
10.185654
10.085098
10.457397
10.60704
10.451416
10.715973
12.006454
12.925827
11.813721
9.605057
8.144608
8.222412
9.544006
10.662109
10.4418335
8.890396
6.8804626
5.2272644
4.8034973
5.4978027
6.6985016
7.7734985
8.694061
9.317764
9.631409
9.947433
10.525635
11.213974
11.764633
11.859207
11.231918
10.919479
11.559937
12.00885
11.650909
10.876389
10.059967
9.111862
8.549225
8.958618
9.496124
9.236359
8.194885
6.9941864
6.272339
6.3309937
7.1797333
8.184113
9.061584
9.470993
9.346481
8.961029
8.999329
9.49852
10.216782
10.496902
10.271851
10.409515
11.21875
11.644928
10.646545
9.135803
8.271484
9.079544
11.127777
12.201584
11.111023
8.685684
6.6027374
5.795883
5.7647705
6.0616455
6.6123047
7.2671204
7.957855
8.771881
9.254318
9.490143
10.317337
11.784973
12.983276
12.925827
11.558731
10.635773
11.416275
12.521194
12.375153
11.04039
9.328537
8.27388
7.826172
7.953064
8.385208
8.588715
8.363663
7.7531433
6.964264
6.4339447
6.6757507
7.451477
8.305008
9.128616
9.591888
9.500916
9.117844
9.249527
10.118622
10.889557
10.781815
10.130585
10.129395
10.930252
11.304947
10.511261
9.093903
8.108688
8.344513
9.293823
9.777451
9.148972
7.932724
7.055237
6.9989777
7.46344
7.7842712
7.705261
7.743576
8.139816
8.464218
9.493729
10.143753
9.924683
9.861252
10.383179
10.947006
10.808151
10.358032
10.293396
10.840469
11.6987915
11.822098
11.039185
9.825333
9.080734
9.2638855
9.605057
9.320145
8.270294
6.9618683
6.5321045
6.953491
7.526886
8.061996
8.484573
8.761108
8.798218
8.68689
8.662949
8.988556
9.752304
10.678864
10.788986
9.880402
9.33931
9.808563
10.432251
10.534012
10.455002
11.069122
11.891525
11.782593
10.374802
8.680908
7.652588
7.5664062
8.090729
8.394791
8.172134
7.9590454
8.067993
8.479782
8.723999
8.567184
8.619843
9.196854
10.0108795
10.632172
10.810547
10.525635
10.009689
9.776245
10.239532
11.5802765
12.806107
12.731888
11.077499
9.188477
8.534851
8.68927
8.726395
8.339722
7.54126
6.784683
6.775116
7.5604095
8.3780365
8.738358
8.7934265
8.718018
8.819763
8.908356
9.10347
9.492538
9.623016
9.49733
9.929474
10.8524475
10.859619
10.07074
10.109039
11.403107
11.7933655
10.3185425
8.678513
8.460632
9.436279
10.568726
10.832092
9.746323
8.384018
7.577179
7.3928223
7.558029
7.803421
7.969818
8.030869
8.206848
8.43071
8.4319
8.331345
8.554001
9.455429
10.970947
12.041153
10.974548
9.024475
10.025238
14.332413
17.261719
15.973648
11.79097
7.9243317
6.629074
7.0743866
8.419937
9.0855255
8.822159
8.064392
7.5640106
7.6106873
7.953064
8.242767
8.1254425
7.9315186
8.041641
8.248749
8.380432
8.44986
8.665344
9.681671
11.193619
11.324097
10.42627
10.234741
11.203186
11.77301
11.398315
10.760254
10.258682
10.457397
10.463379
9.57872
8.188889
6.2555695
6.5285187
7.76033
8.17453
8.458237
8.603088
8.224808
7.8453217
8.515701
9.606262
10.103058
9.625412
9.40036
10.280228
11.442612
11.449799
10.56514
10.76506
12.158478
12.8767395
11.986099
9.763077
8.118256
8.136215
8.781464
8.98735
8.490555
7.5963287
6.9702454
7.2599335
7.996155
8.410355
8.160156
7.8010406
7.7064667
7.965042
8.480988
9.156143
9.73674
10.62619
11.604218
11.423462
9.502106
8.752731
10.805756
13.245438
13.398682
11.273819
9.718796
9.757095
10.470566
10.732727
10.11264
8.817368
7.6382294
6.9319305
6.742798
6.9031982
7.0959473
7.371277
7.7507477
8.360077
8.928696
9.505707
9.918701
10.469376
11.257065
11.970535
11.518036
10.850052
11.400711
12.58226
12.809708
11.705978
10.221573
8.920319
8.49057
8.886795
9.364441
9.159744
8.170929
6.953476
6.1813507
6.1813507
7.1366425
8.224808
9.099884
9.459015
9.529648
9.608658
9.544006
9.227982
9.375214
10.22876
10.42627
9.716385
10.11264
12.174042
13.591415
12.356003
10.097076
8.816177
9.014893
10.116226
10.562744
9.731949
8.354095
7.198883
6.8397675
7.1282654
7.5245056
7.8608856
8.297836
8.715622
8.989746
9.2591095
9.388382
9.393173
9.873215
10.62738
10.422684
9.306992
9.296204
11.397125
13.223907
12.7977295
10.709991
8.655762
8.5013275
9.500916
10.273041
9.843292
8.363663
7.238388
7.2156525
7.8716583
8.339722
8.656952
9.231567
9.760681
9.377609
8.503723
8.719208
9.985748
10.506485
9.611053
8.683289
9.074753
10.923065
12.160873
10.628586
8.718018
8.4570465
9.526047
10.88118
11.324097
10.609421
9.470993
8.643799
8.303818
7.802231
7.110306
7.2192383
7.6154785
7.846512
7.660965
7.558014
8.119461
8.629425
8.389999
7.7256165
7.20607
6.992996
7.450287
9.614639
11.181641
11.27861
10.872787
10.914688
13.119751
17.379028
18.914917
15.609726
10.501694
6.7140656
5.640274
6.7140656
7.586746
7.554428
7.123474
7.0420685
7.34494
7.865677
8.105103
7.5245056
6.837372
7.0229187
7.4538727
7.4718323
7.5352783
8.131424
8.72998
9.41832
10.438248
11.126587
9.93306
9.38121
10.174881
10.920685
11.409088
12.536758
13.092224
12.28418
10.82251
9.074753
8.039246
8.247543
8.483383
8.132629
7.2719116
6.37529
6.2627563
7.162979
8.446274
9.225586
9.459015
9.906738
10.429871
11.448593
12.577469
12.360779
10.707596
9.280655
9.608658
11.320511
11.844833
10.968567
11.476135
12.632538
12.065109
9.834915
7.4778137
6.068817
5.5672455
6.359726
7.960251
9.117844
9.128616
8.279877
7.5233154
7.3425446
7.593933
8.130234
8.66774
8.837723
8.610275
8.702454
9.408737
11.117004
13.438187
15.088989
14.686752
12.4613495
10.638168
10.5208435
11.168472
11.016449
9.32135
7.044464
6.067627
6.4650574
7.024109
7.099533
6.767929
6.696106
7.032501
7.7687073
9.073547
10.044403
9.918701
9.670914
10.574722
12.227905
12.640915
11.943008
11.85083
12.803711
13.018005
11.648514
9.8085785
9.022079
10.047989
11.266647
10.862015
8.726379
6.5560455
5.9754486
6.8888397
8.436691
9.059189
7.9674225
6.2076874
5.5277405
6.3273926
7.5759735
8.41394
8.534851
8.381622
8.786255
9.8923645
10.646545
10.384384
10.103058
11.176849
12.865967
13.519577
12.901871
11.668869
10.156921
9.996521
11.289383
11.549149
10.291
8.33493
7.324585
7.7423706
8.532455
8.615067
7.7172394
6.387253
5.859329
6.625473
7.99736
9.031662
9.402756
9.40036
9.654144
10.4813385
11.399521
11.453384
10.935043
11.160095
12.172852
12.554718
11.411484
9.406342
8.1254425
9.693649
11.778992
11.589859
8.972992
6.515335
6.5237274
7.9039917
8.961029
8.921524
8.176926
7.281494
6.242401
5.2835236
4.831024
5.419998
7.0061646
8.685684
9.967789
10.258682
9.564362
8.776672
8.859268
10.493317
13.796112
16.222641
15.281723
13.01561
11.94899
11.897507
11.0308075
9.464996
8.167343
7.692093
8.059601
8.133835
7.5436554
6.7332153
6.3980255
6.7523804
7.487381
8.138611
8.138611
8.677307
10.341278
11.8173065
11.765839
11.281006
12.265015
13.756607
14.131302
14.092987
13.792526
12.321289
9.561966
6.957077
6.1993103
6.740402
7.161789
6.7020874
5.483444
4.826233
5.830612
7.6909027
8.90715
9.265091
8.86525
8.337326
8.367264
8.771881
9.327332
10.23114
11.842453
13.182007
13.004822
11.427048
9.32135
7.659775
9.360855
13.41423
15.067444
12.44458
8.379227
6.229233
6.7763214
8.206848
8.8089905
8.088333
6.782303
6.1250916
7.0097504
8.639008
9.903137
9.952225
10.098267
11.107422
11.47374
10.355652
10.189255
12.224319
13.53035
11.658096
9.232758
9.772659
11.749069
11.994476
9.827713
7.3150177
6.2711334
7.2623444
8.820953
9.2603
8.215225
6.6470184
6.2196655
7.202484
8.522888
9.195663
8.884415
8.187698
8.35051
9.3824005
10.14975
10.031235
9.690048
9.99173
10.70639
11.421066
13.579437
16.015533
15.439728
11.616196
7.7926483
5.933548
6.694916
8.726395
9.798996
9.069962
7.2479706
5.937149
6.2400055
7.585556
8.962219
9.809769
9.546402
8.421127
7.870468
8.605484
9.378815
9.236359
8.834137
10.159317
12.873138
14.631683
14.492828
13.325653
11.987289
10.767441
9.687668
8.5959015
7.999756
8.093124
8.093124
7.70047
7.4574585
7.530487
7.5017548
7.331772
7.2802887
7.566391
8.131424
8.324158
7.731598
6.941513
6.7942657
7.8608856
8.7934265
9.2243805
9.803772
11.252274
13.799713
16.124466
14.965683
12.097427
10.30777
10.846451
11.909485
10.984131
8.90715
7.451477
7.468231
8.392395
9.069962
8.941864
7.9985504
6.7930756
6.222061
6.655411
7.5436554
8.495346
9.158539
8.995743
8.965805
10.551971
12.413467
13.5914
14.608948
14.726257
12.892303
10.523239
9.406342
9.870819
10.109039
9.132202
7.68132
6.96904
7.189316
7.8764496
8.423523
8.2990265
7.2084656
6.0293274
6.2005005
7.36528
8.301422
8.260727
7.4335175
6.826599
7.5664062
8.712021
9.4614105
10.532822
11.727524
12.488876
12.697174
12.493668
12.885117
13.238266
12.9952545
11.965744
10.381973
8.647385
7.969818
8.436691
8.893982
8.520493
7.7423706
7.3233795
7.3592987
7.5161133
7.5987244
7.614273
7.34494
6.8804626
6.834976
7.3856354
8.805405
10.658508
11.902298
11.981308
12.013626
11.921463
11.355225
10.665695
10.574707
11.911865
13.311295
13.220306
11.417465
9.193253
8.678513
9.396759
9.488953
8.5959015
7.7591248
7.569992
7.743576
7.7734985
7.8608856
8.265503
8.7659
8.872437
8.545624
8.439087
8.836517
9.139389
8.788635
9.310577
11.077499
12.456558
12.593033
11.527603
9.844482
8.871246
9.333328
10.512466
11.083481
10.605835
9.534439
8.637802
8.179321
7.9434814
7.842926
8.03566
8.355286
8.47261
8.44986
8.701248
9.022079
9.172913
9.304581
9.450638
9.846878
10.399933
10.774628
10.957794
11.934616
13.043137
12.990463
11.6592865
9.742722
8.141006
7.396408
8.362473
9.716385
10.311356
9.624222
8.107483
6.8912354
6.759552
7.289871
8.088333
8.731171
9.115448
9.415924
9.427887
9.152557
8.752731
8.33493
8.403168
9.090317
9.945038
10.015671
9.917511
11.492889
13.774567
14.021164
12.02919
9.691254
9.067566
9.907928
10.593872
10.039612
8.70723
7.328186
6.4495087
6.242401
6.518936
7.0073547
7.2587433
7.3221893
7.5400543
8.071579
9.115448
10.141357
10.445435
10.264664
10.605835
11.308533
11.544357
12.36438
14.515564
15.804855
14.344376
11.21756
8.445068
7.450287
8.479797
9.757095
9.909119
8.9275055
7.716034
7.116287
7.18573
7.6909027
8.303818
8.630615
8.715622
8.679703
8.41275
8.060806
7.8285675
7.8596954
8.052429
8.422333
9.1058655
9.915115
10.05278
10.368805
11.947784
12.512817
10.666885
8.617462
8.3517
10.490921
13.234665
14.140884
12.927017
10.465775
8.386414
7.2228394
6.6350555
6.366913
6.253189
6.4495087
6.687729
7.0145416
7.5364685
8.198471
8.794632
9.26149
10.123398
11.616196
12.911453
12.812103
12.004059
12.670837
13.897873
13.348404
10.939835
8.447464
7.542465
8.490555
9.962997
10.619003
10.057571
8.594711
7.0229187
6.4722595
6.8828583
7.386841
7.9817963
8.482193
8.689285
8.68689
8.820953
9.139389
9.190872
9.00531
8.791031
9.103485
9.725967
10.538803
11.130173
11.269028
11.0703125
10.30896
9.473373
9.239944
9.943848
11.015244
11.265442
10.514862
9.409943
8.327759
7.7148438
7.5161133
7.4299316
7.1725464
6.892441
7.1055145
7.60231
7.890808
8.0069275
7.692093
7.5173187
7.8764496
7.3629
6.854126
7.7136383
9.487747
10.720764
10.214386
10.405914
12.354797
13.742249
14.953705
15.780899
13.984055
10.561554
7.822586
6.918762
7.2431793
7.7651215
7.846527
7.5328827
7.189316
7.388031
7.7962494
7.875244
7.4335175
6.5045776
5.8329926
6.0388947
6.716461
6.8924255
7.044464
8.439087
11.07869
13.231079
14.137283
13.15567
11.249878
10.988907
12.863571
13.955322
12.733078
10.038422
8.083542
8.251144
8.981369
8.703644
7.505356
6.5201263
6.4459076
6.9858093
7.787857
8.593521
9.028061
9.338104
9.995316
10.312546
10.325714
10.708786
11.617386
12.293747
11.974121
11.048767
9.785828
10.617813
15.13208
17.28566
14.685562
10.391556
7.4718323
6.863693
7.525696
7.786667
7.139038
6.2124786
6.226837
6.77153
7.1007233
6.9199677
6.7224426
6.700897
6.6278687
6.71286
7.305435
8.539642
10.162918
12.144119
13.17601
11.683228
9.721176
9.770264
10.3472595
10.80455
11.697601
12.50444
12.251862
11.727524
10.331711
8.661743
7.4658356
7.0803833
7.0097504
7.12706
7.26474
7.6035004
7.953064
8.150589
8.515701
9.093903
9.951019
10.423874
10.990112
11.519226
11.330093
10.7782135
9.960602
9.7582855
9.806168
10.532806
13.569855
16.16397
15.173981
11.331284
7.7304077
5.9598846
5.8329926
6.2998657
7.0624237
7.9327087
8.567169
8.216431
6.912781
5.913208
5.771942
6.6063232
8.245163
9.899551
10.625
10.282623
9.211212
8.692871
10.15094
12.171646
12.977295
12.311707
10.490921
10.122208
12.712738
14.823227
14.012787
11.144531
8.357681
6.668564
6.8481445
7.534073
7.5173187
6.660187
5.5468903
5.167404
6.3262024
8.149384
9.57753
10.828506
11.723938
11.875961
10.750687
9.077133
8.619843
9.353668
9.957016
10.969757
13.499237
15.079407
13.887085
11.039185
8.397186
7.3509216
7.451477
7.866867
8.151779
8.361282
8.19487
7.6944885
7.0887604
6.4123993
5.72406
5.732437
7.0289
8.62822
9.2243805
8.982574
9.210022
9.872009
11.518036
13.799698
14.46051
13.628525
12.390717
11.470139
12.066299
12.669647
11.642532
9.146576
6.63266
5.8365936
6.5704193
7.5364685
7.8213806
7.307831
6.471054
6.055664
6.699692
8.382828
9.603867
9.985748
10.708786
12.152496
12.516418
11.130173
10.051575
10.220367
11.254669
11.794556
11.920258
11.758652
10.984116
9.613434
8.29303
8.494156
9.168121
9.454224
9.565567
9.24115
8.407959
7.316208
6.095169
5.245224
5.573227
7.3150177
9.316559
10.417892
9.757095
8.643784
8.658157
9.939056
11.801743
12.746262
11.647324
10.203613
10.731537
12.6828
14.295303
14.405441
12.652878
9.870819
7.4574738
6.4578857
6.855316
7.419159
7.4718323
6.9869995
6.3812714
6.443512
7.162979
7.9375
8.263123
8.59111
8.647385
8.819763
10.386765
12.219528
12.145309
10.820114
10.748291
12.12616
12.688797
12.12735
11.964554
11.93103
10.937439
9.389587
8.276276
7.7423706
7.5664062
7.3940125
7.52211
7.7698975
7.573578
7.0983276
6.758362
6.806244
7.332962
7.95665
8.203262
8.015305
7.628647
7.8680725
9.3033905
11.122986
11.783783
11.471344
11.820892
11.8723755
12.34642
14.631683
16.756546
15.298477
11.241501
7.8752594
6.866104
7.400009
7.8692627
7.3461304
6.1095276
5.0979767
5.3529663
6.7966614
8.111084
8.270294
8.101501
8.946655
10.791397
12.136932
11.723938
10.629776
10.420288
10.578308
11.282196
13.7230835
16.348328
15.80365
12.34523
9.02327
7.372467
7.091156
7.50296
7.85849
7.874054
7.8572845
7.886032
7.7854614
7.60112
7.8357544
8.625839
9.063965
8.501343
7.6035156
7.7591248
9.005325
10.559158
11.128967
11.016449
10.56633
10.15213
10.080307
9.882782
9.797791
11.099045
12.456558
12.072281
9.955811
8.362473
7.9913635
8.112274
7.9434814
7.411972
6.771515
6.876877
7.7495575
8.619843
8.72998
7.9901733
7.1354523
7.060028
7.720825
9.225586
11.210373
11.1098175
9.451843
8.910751
10.883575
12.310501
10.9362335
10.045593
11.934616
13.468109
13.097
11.225937
9.080734
8.039261
8.485779
8.829346
8.137421
7.1653748
6.6829376
6.609909
6.5249176
6.5799866
7.2324066
8.036865
8.2595215
7.6825104
6.7858887
6.925949
8.455841
10.244308
10.640549
10.7052
11.061935
11.824493
12.373962
11.571899
12.706757
14.768158
13.756607
10.569931
8.139816
7.93869
9.280655
9.927078
9.567947
8.470215
7.3856354
6.8493347
7.1258698
7.60231
7.7818756
7.830963
7.9949646
7.969818
7.8058167
7.0336914
8.225998
10.171295
10.937439
11.212769
11.807724
13.23587
14.078629
13.755417
12.28537
11.136154
11.063126
11.379166
11.776611
11.252274
9.790619
8.075165
7.1055145
6.945114
6.9391174
6.879257
6.94989
7.230011
7.549637
8.051224
8.773071
10.103058
11.05954
11.181641
10.689636
11.210373
12.469727
12.4062805
10.403534
8.390015
7.8680725
9.828918
12.558319
13.679993
12.436203
9.941452
8.079956
7.2276154
6.6542053
6.103546
5.885681
5.80307
6.0341034
7.226425
8.999329
10.420288
11.134964
11.647324
12.728302
13.49205
12.897095
11.763443
12.265015
13.5842285
13.6045685
11.8328705
9.460205
8.17334
8.795822
9.710403
9.526047
8.215225
7.031296
6.5548553
6.9834137
7.3820496
7.482605
7.5125275
7.882431
8.882019
9.8923645
10.136581
9.442261
8.44986
8.397186
9.691254
10.766251
10.40712
9.603867
10.665695
13.245453
14.041519
11.982513
8.90715
7.5664062
8.142197
9.273468
9.958206
9.806183
8.789841
7.7459717
7.486191
7.6466064
7.633438
7.411972
7.0660095
7.1641693
7.8692627
8.891586
10.077911
10.88237
11.327698
11.813721
11.954971
11.477325
11.284592
11.923843
12.711533
12.468536
11.1888275
9.291428
8.162552
8.838913
9.746323
9.503311
8.285858
7.060028
6.5177307
6.5596466
6.8325806
7.213257
7.890808
8.781464
9.279449
9.035248
8.531265
8.746735
9.485352
10.227554
10.567535
9.515289
8.327759
8.800613
10.729141
11.854416
10.937439
8.970596
7.787857
8.126648
9.676895
10.826111
10.5998535
9.117844
7.6861115
7.1091003
7.3592987
7.933914
8.336136
8.519287
8.629425
8.941864
9.456619
10.006088
10.452606
11.066727
11.993286
12.293747
11.219955
10.146149
10.585495
11.863998
12.414658
11.29776
9.1010895
7.7148438
7.5089417
8.130234
8.811386
8.764694
8.115875
7.447891
7.1533966
7.1007233
7.352112
7.978195
8.455856
8.810196
9.068756
9.308182
9.429092
9.6349945
10.1054535
10.534012
10.530426
10.186859
9.357254
7.8848267
10.532822
12.964127
11.8173065
9.108261
7.5879517
8.418747
10.115021
10.990112
10.619003
9.650558
8.850891
8.258331
7.9147644
7.8489075
7.9327087
8.190094
8.629425
9.019684
9.328537
9.572739
9.7966
10.179672
10.48732
10.6393585
10.633377
10.153336
10.043198
10.237137
10.6992035
11.088272
10.833298
10.064743
9.570343
9.272263
8.830536
8.631821
8.739563
8.525269
7.897995
7.4562683
7.747162
8.543243
9.435074
10.13179
10.148544
9.212418
8.326553
8.142197
8.605484
9.660126
10.66449
10.80336
9.843292
10.476547
13.004822
14.608948
13.0347595
9.751114
7.3257904
6.6099243
7.5113373
9.089111
10.007294
9.731964
8.800613
8.143402
8.107483
8.241562
8.184113
7.9877777
8.057205
8.392395
8.953842
9.40036
9.619431
9.757095
9.858856
10.410706
11.003281
11.02243
10.781815
10.88237
11.701187
12.499649
11.725128
9.391983
7.1569824
6.443512
7.8848267
10.381989
12.033981
11.677246
10.05278
8.807785
8.206848
7.95665
7.8836365
7.957855
8.222412
8.6354065
8.977783
9.174103
8.978973
8.57196
8.312195
8.437897
9.035248
9.943832
10.756668
10.46817
9.523651
9.81575
11.447403
12.881531
12.613373
11.085876
10.137772
10.555557
10.593872
9.779831
8.698853
8.042847
7.99736
8.059601
7.985382
7.925522
8.023697
8.108688
8.059616
8.223602
8.586334
9.152557
9.387192
9.569153
10.452606
12.014832
12.633728
11.114609
9.435074
9.733154
11.796951
12.825256
11.597046
9.566757
8.474991
7.6118927
6.2400208
7.881241
9.486557
8.950241
7.506546
7.2479706
7.9829865
8.623444
9.109467
8.989746
8.469009
8.296631
8.514496
8.996933
9.67688
10.220367
10.648941
10.550766
10.174881
10.002502
9.621826
9.591888
10.281433
11.10144
10.915894
9.463806
8.142197
8.306213
10.031235
11.29895
10.950607
9.201645
7.565201
7.26593
7.665756
7.889618
7.735199
7.751953
8.060806
8.90596
9.807373
10.208405
10.109039
9.851669
9.864838
10.371216
11.276215
11.762238
11.164886
10.421494
10.857239
11.923843
12.086655
10.94223
9.2243805
8.215225
8.294235
8.811386
9.253113
9.092697
8.293045
7.459854
7.434723
8.021301
8.844894
9.546402
9.901947
9.661331
9.157349
8.883209
9.341705
10.358032
11.014053
10.754272
9.624222
9.10347
10.222763
11.781387
11.728729
10.3185425
9.030457
9.200439
10.610626
11.146927
10.019257
8.21283
6.8098297
6.281906
6.811035
7.672943
8.047638
8.065582
8.369659
8.849701
9.204041
9.626617
10.493317
10.792587
10.4813385
10.280228
10.451416
10.780624
11.209183
11.636551
11.623367
10.774628
9.500916
8.611465
8.328949
8.320572
8.463028
8.92392
8.98497
8.573166
7.9362946
7.8573
8.324158
8.616257
8.721603
9.26149
10.067154
10.208405
9.470993
8.978989
9.71759
11.398315
12.160873
10.2682495
8.003342
8.469009
10.92067
12.028
10.421494
8.647385
8.691681
10.220367
11.354019
10.913498
9.099884
7.173752
6.4614716
7.197693
8.486969
9.248322
9.244736
9.281845
9.277054
8.921509
8.916733
9.702026
11.096649
11.638947
11.254669
10.361633
9.772659
10.286209
11.301361
11.714355
11.0703125
10.276627
9.486542
8.565979
8.27388
8.807785
9.24234
8.810181
7.992569
8.100311
8.534851
8.388809
8.13623
8.8078
9.585907
9.767868
9.662521
9.433868
9.333313
10.09108
11.45459
11.374374
9.310577
7.988983
9.08313
11.161285
11.649704
9.940247
8.37204
8.446274
9.666122
10.240723
9.439865
7.889618
6.8277893
7.111511
7.9626465
8.419937
8.405563
8.604294
9.199249
9.424301
9.114243
9.160934
9.907928
10.439438
10.46817
10.750687
11.421066
11.761047
11.67485
11.35643
10.620209
9.547607
8.86525
8.891586
9.3381195
9.630203
9.590698
9.269867
8.850891
8.150589
7.209671
6.518936
6.9618683
8.29184
9.206421
9.481766
9.481766
9.362045
9.176498
9.168121
9.363251
9.8923645
10.641754
10.592667
9.619431
9.147766
10.206009
11.550354
11.247482
9.503311
8.33374
8.76828
10.470566
11.910675
11.494095
9.603867
7.5987244
6.3896484
6.1849365
6.4303436
6.8684998
7.435913
8.381622
9.443451
10.031235
10.271851
10.225159
10.762665
11.722733
12.12616
11.788574
11.02243
10.451416
10.483734
11.029617
11.264236
10.990112
10.253891
9.318954
8.540848
8.58992
9.154953
9.1010895
8.295441
7.402405
7.26593
7.7495575
8.146988
8.229599
8.739563
9.217194
9.406342
9.362045
8.94426
8.640198
9.034042
9.929474
10.324524
9.590698
8.860474
9.455429
10.96138
11.686829
10.970947
9.699631
8.734772
9.029251
10.286209
10.826111
9.943832
8.352905
7.3712616
7.5747833
8.466614
8.8484955
8.458237
8.139816
8.459442
9.169327
9.467392
8.738358
7.992569
8.312195
9.742737
10.620209
10.367615
9.745132
9.3824005
9.728363
11.1098175
13.082642
14.370728
13.359161
10.537598
8.708435
8.434296
8.478592
8.60788
9.062775
10.628586
11.33847
9.849274
8.123047
7.58197
8.040451
9.025665
9.432678
8.978973
8.8461
9.292618
9.967789
9.836105
8.820969
9.2243805
10.42627
9.666107
9.602676
9.265076
9.55838
10.009674
10.203613
9.716385
8.585129
8.405563
9.396774
10.488525
10.595062
9.89357
9.017288
8.364868
8.486969
9.359665
9.995316
10.30777
10.301773
9.719986
8.920319
8.366074
8.473801
9.426697
9.870819
9.885178
9.804977
9.317749
8.898773
8.82814
9.372818
10.042007
10.209595
9.842087
9.211212
9.026855
9.244736
9.650558
9.915115
9.794205
9.383606
9.250717
9.4769745
9.55957
9.621826
9.571548
9.247131
8.946655
8.937088
8.992142
9.247131
9.747513
9.957001
9.652939
9.194458
8.775467
8.689285
9.271072
10.067139
10.251495
9.649353
9.113052
9.192062
9.515274
9.572739
9.376419
9.284241
9.435074
9.520065
9.500916
9.346481
9.160934
9.239944
9.473373
9.5559845
9.360855
9.107071
9.000519
9.001724
9.119034
9.438675
9.620621
9.389587
9.052002
9.061584
9.32135
9.454224
9.417114
9.287827
9.24234
9.132202
9.099884
9.2638855
9.488953
9.660126
9.838501
9.978561
9.8923645
9.599075
9.532043
9.602676
9.463806
9.1800995
9.259094
9.575134
9.614639
9.506897
9.540421
9.49852
9.415924
9.51767
9.696045
9.757095
9.567947
9.283035
9.253113
9.391983
9.362045
9.308182
9.375229
9.388382
9.254318
9.186081
9.300995
9.4614105
9.518875
9.457825
9.335724
9.509293
9.941452
10.036026
9.784622
9.464996
9.453033
9.520065
9.4374695
9.425491
9.590698
9.506897
9.336914
9.435074
9.614639
9.457809
9.196854
9.225586
9.4374695
9.492538
9.426697
9.315369
9.204041
9.32135
9.625412
9.797791
9.688858
9.41832
9.139389
9.121429
9.315369
9.426697
9.415924
9.4219055
9.633789
9.906723
9.988129
9.816956
9.721176
9.830124
9.872009
9.456619
9.049606
9.230377
9.648163
9.579926
9.334518
9.2638855
9.272278
9.220795
9.207626
9.389587
9.538025
9.486542
9.3824005
9.32135
9.354874
9.425491
9.300995
9.170517
9.310577
9.684067
9.7343445
9.520065
9.46022
9.583511
9.575134
9.345291
9.204041
9.299805
9.445847
9.283051
9.138199
9.204025
9.364441
9.661331
9.961807
10.031235
9.785828
9.49852
9.328537
9.2603
9.255508
9.297409
9.4817505
9.612244
9.553589
9.528442
9.571533
9.648163
9.712799
9.670914
9.611053
9.563156
9.523666
9.366837
9.122635
9.022079
9.207626
9.308182
9.218399
9.049606
8.836517
8.950256
9.484146
9.961807
10.015671
9.660126
9.328537
9.402756
9.614639
9.557175
9.346497
9.265091
9.473373
9.544006
9.435074
9.32254
9.299805
9.407547
9.561966
9.703217
9.770264
9.730759
9.67569
9.526047
9.451828
9.497314
9.472183
9.429092
9.560776
9.585907
9.285431
9.095093
9.231567
9.447037
9.447052
9.254303
9.195648
9.3033905
9.40036
9.4769745
9.609848
9.636185
9.59668
9.563171
9.588303
9.532043
9.433884
9.412323
9.374023
9.296219
9.335709
9.409943
9.336914
9.193253
9.123825
9.220795
9.40155
9.463806
9.599075
9.640976
9.363251
9.338104
9.730759
9.885193
9.645767
9.391983
9.275864
9.287827
9.374023
9.443451
9.515274
9.540421
9.591888
9.697235
9.709213
9.512894
9.26149
9.160934
9.269882
9.430283
9.494934
9.454239
9.368042
9.328522
9.396759
9.593094
9.661331
9.496124
9.420715
9.409927
9.324951
9.436264
9.688858
9.763077
9.547607
9.326141
9.250717
9.315369
9.465012
9.506897
9.358459
9.218399
9.292618
9.387192
9.285431
9.117844
9.26149
9.5559845
9.684067
9.619431
9.492538
9.488937
9.464996
9.3824005
9.310577
9.226776
9.212418
9.424301
9.551193
9.335709
9.448242
9.946243
10.158127
9.898346
9.584717
9.40155
9.317764
9.253113
9.036438
8.872437
9.041229
9.2603
9.317764
9.334518
9.438675
9.560776
9.644562
9.666122
9.534439
9.362045
9.324936
9.406342
9.456619
9.356064
9.175308
9.192062
9.538025
9.608658
9.329727
9.414719
9.745132
9.727173
9.351273
9.229172
9.454224
9.564362
9.411133
9.24115
9.380005
9.672104
9.579926
9.227982
9.030457
9.1058655
9.381195
9.640976
9.827728
9.8528595
9.819351
9.830124
9.739136
9.469788
9.16333
8.983765
9.007706
9.080734
8.950241
8.853287
9.174103
9.67569
9.876801
9.709213
9.491333
9.541611
9.710403
9.751114
9.602661
9.490143
9.432678
9.323746
9.239944
9.24234
9.216003
9.237564
9.394379
9.4614105
9.450638
9.533234
9.581116
9.527252
9.306992
9.171722
9.277054
9.48056
9.644562
9.571548
9.430283
9.603867
10.080307
10.192841
10.003693
9.7738495
9.670898
9.706818
10.143753
8.604294
7.684906
9.293808
9.89595
10.13298
10.469376
9.533234
