-0.14900208
-0.28961182
-0.22143555
-0.08560181
-0.07122803
-0.12182617
-0.13619995
-0.099990845
-0.07496643
-0.062698364
-0.0259552
0.034240723
0.05607605
0.026245117
-0.0035858154
0.0065460205
0.031036377
0.04649353
0.042770386
0.031570435
0.023040771
-9.3078613E-4
-0.02330017
-0.018493652
-0.007843018
-0.025421143
-0.050979614
-0.062698364
-0.05897522
-0.04246521
-0.01902771
-0.020629883
-0.043533325
-0.057373047
-0.05683899
-0.04725647
-0.025421143
0.0070648193
0.021453857
0.019317627
0.010269165
-0.03288269
-0.085617065
-0.0728302
0.0033416748
0.058746338
0.028381348
-0.04460144
-0.08401489
-0.0728302
-0.044067383
-0.06111145
-0.13726807
-0.20172119
-0.18681335
-0.12075806
-0.080825806
-0.09199524
-0.12182617
-0.12982178
-0.090408325
-0.04460144
-0.04725647
-0.08987427
-0.11703491
-0.09680176
-0.0493927
-0.018493652
-0.005722046
0.01612854
0.021972656
0.0033416748
-0.005722046
0.021453857
0.03691101
0.0028076172
-0.035003662
-0.036071777
-0.02809143
-0.029144287
-0.035003662
-0.045135498
-0.055770874
-0.03767395
-0.0030517578
0.00440979
-0.017959595
-0.038742065
-0.030212402
0.011871338
0.037963867
0.016662598
-0.032348633
-0.07974243
-0.109573364
-0.116500854
-0.11756897
-0.109573364
-0.10159302
-0.11703491
-0.10850525
-0.03767395
0.027313232
0.028900146
-0.009979248
-0.046188354
-0.061645508
-0.03767395
-0.0051879883
-0.011566162
-0.036071777
-0.030212402
0.015594482
0.058746338
0.06832886
0.04914856
0.040634155
0.05821228
0.068862915
0.062469482
0.049682617
0.043823242
0.043289185
0.044891357
0.050216675
0.055541992
0.07577515
0.07312012
0.010269165
-0.041397095
-0.01637268
0.057144165
0.08590698
0.05607605
0.024108887
0.02784729
0.064071655
0.08111572
0.055541992
0.015060425
0.010803223
0.03956604
0.06619263
0.0677948
0.052886963
0.040634155
0.0443573
0.06567383
0.09335327
0.10348511
0.083236694
0.06513977
0.070999146
0.08218384
0.078445435
0.057144165
0.054489136
0.052352905
-3.8146973E-4
-0.048858643
-0.033935547
0.0113220215
0.010787964
-0.025421143
-0.02330017
0.005996704
-0.0067749023
-0.062179565
-0.09892273
-0.08027649
-0.033935547
-0.005722046
-0.015304565
-0.040863037
-0.043533325
-0.014770508
0.025177002
0.048614502
0.03477478
0.0033416748
0.0065307617
0.03742981
0.057678223
0.04862976
0.012924194
0.0012054443
0.0070648193
-0.0025177002
-0.00730896
0.008666992
0.026779175
0.014526367
-0.020095825
-0.042999268
-0.02809143
-0.0019836426
-0.0046539307
-0.033950806
-0.043533325
-0.012634277
0.01878357
0.019851685
-0.0025177002
-0.023834229
-0.029144287
-0.012634277
0.01399231
0.0209198
-0.0025177002
-0.024353027
-0.011047363
0.022521973
0.027313232
-0.004119873
-0.029693604
-0.02809143
-0.020629883
-0.030212402
-0.027542114
0.007598877
0.033706665
0.010803223
-0.022766113
-0.017959595
-0.01902771
-0.04246521
-0.049926758
-0.024887085
-3.9672852E-4
-0.021697998
-0.06430054
-0.06590271
-0.047790527
-0.052581787
-0.0770874
-0.08987427
-0.0770874
-0.052581787
-0.02861023
-0.011047363
-0.0030517578
-0.0051879883
-0.0062408447
0.015060425
0.04649353
0.045425415
0.025177002
0.02571106
0.050750732
0.054473877
0.009735107
-0.04512024
-0.0690918
-0.06430054
-0.048858643
-0.036071777
-0.0259552
-0.007843018
0.014526367
0.019317627
0.008666992
-0.0025177002
-0.0067749023
-0.0067749023
-0.009979248
-0.019561768
-0.022232056
-0.011047363
-0.008377075
-0.017959595
-0.01637268
-0.007843018
0.001739502
0.014526367
0.029434204
0.010803223
-0.031814575
-0.041931152
-0.008911133
0.024642944
0.031036377
0.019851685
0.018249512
0.03956604
0.049682617
0.02571106
0.009735107
0.024642944
0.028900146
0.0022735596
-0.02381897
-0.033416748
-0.03074646
-0.015304565
0.0012054443
-9.1552734E-4
-0.027023315
-0.064834595
-0.104782104
-0.13621521
-0.12182617
-0.07762146
-0.041931152
-0.013168335
0.015060425
0.001739502
-0.03553772
-0.039276123
-0.018493652
-0.02116394
-0.043533325
-0.033416748
-0.005706787
0.001739502
-0.00944519
-0.007843018
0.024108887
0.029968262
-0.013702393
-0.049926758
-0.056854248
-0.036605835
-0.01210022
-0.008911133
-0.03553772
-0.04460144
-0.016906738
-9.1552734E-4
-0.024887085
-0.069107056
-0.07815552
-0.046722412
-0.024353027
-0.038208008
-0.07069397
-0.07974243
-0.081344604
-0.06430054
0.012924194
0.08004761
0.04649353
-0.049926758
-0.11437988
-0.07015991
0.024108887
0.05393982
0.0022735596
-0.024353027
0.03263855
0.10774231
0.13117981
0.10081482
0.09869385
0.20840454
0.2915039
0.23130798
0.09388733
-9.1552734E-4
-0.008911133
0.019851685
0.06513977
0.097091675
0.03956604
-0.08615112
-0.1947937
-0.2651062
-0.27096558
-0.24752808
-0.22090149
-0.19000244
-0.17774963
-0.1516571
-0.07495117
-0.010513306
0.03956604
0.04170227
-0.03074646
-0.12236023
-0.21929932
-0.32369995
-0.3274231
-0.16337585
0.01133728
0.05821228
0.07739258
0.15248108
0.09869385
-0.19532776
-0.43714905
-0.3950653
-0.12768555
0.1615448
0.23077393
0.062469482
-0.17562866
-0.2640381
-0.1905365
-0.12554932
-0.14259338
-0.16444397
-0.11117554
0.020385742
0.10348511
0.055541992
-0.04725647
-0.09945679
-0.07762146
-0.007843018
0.047027588
0.040100098
0.012390137
0.028381348
0.092300415
0.20414734
0.3772583
0.5237274
0.39109802
-0.053115845
-0.33914185
-0.14472961
0.212677
0.27285767
-0.03288269
-0.46484375
-0.7604523
-0.7098541
-0.35458374
0.038497925
0.23184204
0.17378235
-0.025421143
-0.2182312
-0.28694153
-0.21504211
-0.1351471
-0.13673401
-0.12928772
-0.066970825
-0.010513306
0.00920105
0.044891357
0.101882935
0.080581665
-0.19799805
-0.6496582
-0.86058044
-0.61131287
-0.13993835
0.21533203
0.3149414
0.026779175
-0.5074463
-0.741272
-0.49147034
-0.020095825
0.3261261
0.40016174
0.2712555
0.09390259
0.020385742
0.08856201
0.247818
0.33891296
0.25953674
0.055541992
-0.028625488
0.1892395
0.5418396
0.721344
0.69470215
0.51893616
0.23930359
0.05393982
0.0443573
0.13064575
0.15727234
0.021453857
-0.25125122
-0.48402405
-0.49946594
-0.28640747
-0.0051879883
0.1769867
0.19137573
0.10987854
0.0869751
0.19403076
0.3511505
0.45980835
0.49336243
0.44169617
0.3037567
0.14450073
0.07951355
0.055541992
-0.021697998
-0.13140869
-0.25445557
-0.3742981
-0.4264984
-0.36576843
-0.19958496
-0.029678345
-0.03074646
-0.2262268
-0.5143738
-0.5953369
-0.31677246
0.09815979
0.36767578
0.41400146
0.3383789
0.24890137
0.20201111
0.23770142
0.29896545
0.32026672
0.32292175
0.3453064
0.42944336
0.53118896
0.4875183
0.2169342
-0.2528534
-0.5889435
-0.41264343
0.10614014
0.421463
0.32292175
-0.088272095
-0.4254303
-0.32156372
0.031570435
0.19616699
0.048614502
-0.19000244
-0.26457214
-0.15805054
0.0022735596
0.070999146
-0.01423645
-0.14793396
-0.08081055
0.19828796
0.3346405
0.13064575
-0.15005493
-0.24273682
-0.25764465
-0.37483215
-0.5031891
-0.39720154
-0.052581787
0.36553955
0.62919617
0.55249023
0.058746338
-0.67204285
-1.0033417
-0.6400757
0.06086731
0.53279114
0.55514526
0.32133484
0.05821228
-0.13993835
-0.22036743
-0.15219116
0.044891357
0.28297424
0.41401672
0.4640808
0.6030884
0.7506256
0.56314087
0.10455322
-0.09573364
0.14396667
0.47366333
0.46940613
0.035842896
-0.5314331
-0.7279663
-0.43022156
1.373291E-4
0.05821228
-0.27256775
-0.45951843
-0.26031494
6.713867E-4
-0.113845825
-0.43395996
-0.49572754
-0.21662903
0.22172546
0.6457062
0.78312683
0.5157318
0.12213135
-0.1005249
-0.21557617
-0.3663025
-0.5234375
-0.5745697
-0.4456787
-0.1628418
0.18391418
0.32559204
0.052352905
-0.36470032
-0.48349
-0.25231934
0.09335327
0.40229797
0.57699585
0.5322418
0.311203
0.03263855
-0.14260864
-0.08508301
-0.034469604
-0.0062561035
0.07684326
0.26327515
0.5636749
0.85876465
0.8763275
0.48591614
0.052352905
0.033706665
0.2584839
0.31654358
0.10348511
-0.27575684
-0.58255005
-0.5687103
-0.26882935
0.01133728
0.076309204
-9.1552734E-4
-0.0493927
0.014526367
0.1343689
0.13703918
0.005996704
-0.07975769
-0.01637268
0.111465454
0.13650513
0.028381348
-0.12289429
-0.1942749
-0.18788147
-0.21343994
-0.23208618
-0.15058899
-0.017440796
0.06726074
6.866455E-4
-0.23901367
-0.5372772
-0.67897034
-0.59321594
-0.38175964
-0.12609863
0.10081482
0.21107483
0.18870544
0.09336853
0.035827637
0.10241699
0.23077393
0.31227112
0.28297424
0.1934967
0.17538452
0.28671265
0.40122986
0.23876953
-0.11010742
-0.19320679
0.13864136
0.42359924
0.33251953
0.00920105
-0.24220276
-0.2651062
-0.13780212
-0.005722046
0.05342102
0.018249512
-0.09413147
-0.19746399
-0.2182312
-0.1985321
-0.2182312
-0.24699402
-0.22302246
-0.15112305
-0.036071777
0.016647339
-0.024887085
-0.069625854
-0.12928772
-0.26722717
-0.42861938
-0.43554688
-0.22462463
0.09762573
0.3618164
0.40548706
0.14450073
-0.19639587
-0.39027405
-0.3854828
-0.23368835
0.0033416748
0.2638092
0.4161377
0.36286926
0.15887451
0.0028076172
0.045425415
0.2558136
0.44596863
0.5572815
0.58551025
0.5285187
0.48165894
0.4907074
0.42892456
0.18444824
-0.05418396
0.012390137
0.29789734
0.4118805
0.20788574
-0.13728333
-0.29014587
-0.1308899
0.1737976
0.29736328
0.057144165
-0.27149963
-0.32955933
-0.09573364
0.06726074
0.02357483
-0.10903931
-0.1431427
-0.033416748
0.05607605
-0.006790161
-0.20065308
-0.36097717
-0.28640747
0.021972656
0.24835205
0.21746826
0.008666992
-0.22250366
-0.27522278
-0.14952087
-0.10159302
-0.28961182
-0.61131287
-0.7055969
-0.4600525
-0.045135498
0.29522705
0.36128235
0.17112732
-0.08081055
-0.18893433
-0.09466553
0.094955444
0.28085327
0.34529114
0.27818298
0.20628357
0.21960449
0.29682922
0.36235046
0.30108643
0.18763733
0.24623108
0.42999268
0.5514374
0.44596863
0.11679077
-0.23208618
-0.40252686
-0.3396759
-0.17562866
-0.03288269
0.019317627
-0.05845642
-0.1585846
-0.12875366
0.012924194
0.11732483
0.050216675
-0.1394043
-0.30612183
-0.3386078
-0.2997284
-0.2651062
-0.18894958
-0.013168335
0.12371826
0.047546387
-0.099990845
-0.11277771
-0.023284912
-0.020629883
-0.16070557
-0.33702087
-0.4211731
-0.36790466
-0.17456055
0.06513977
0.22439575
0.27711487
0.19296265
0.023040771
-0.10903931
-0.15112305
-0.123428345
-0.10531616
-0.08666992
-0.011566162
0.06939697
0.101882935
0.09869385
0.07525635
-0.021697998
-0.21343994
-0.31784058
-0.07975769
0.3927002
0.6840515
0.5967102
0.30162048
0.07897949
0.10081482
0.29789734
0.45236206
0.3857727
0.09815979
-0.28215027
-0.55752563
-0.6065216
-0.46751404
-0.2454071
-0.026489258
0.10614014
0.13650513
0.113601685
0.045425415
-0.045654297
-0.111709595
-0.13354492
-0.19799805
-0.2997284
-0.32476807
-0.24006653
-0.116500854
-0.029144287
-0.037139893
-0.18681335
-0.35246277
-0.33009338
-0.14419556
0.056610107
0.16473389
0.16793823
0.11413574
0.06832886
0.099746704
0.20735168
0.32026672
0.34635925
0.24569702
0.104019165
0.09069824
0.19136047
0.31707764
0.34796143
0.2318573
0.080581665
0.070999146
0.19935608
0.259552
0.123184204
-0.1543274
-0.31944275
-0.15805054
0.17912292
0.34635925
0.20681763
-0.09199524
-0.32530212
-0.42063904
-0.40252686
-0.3082428
-0.21290588
-0.14419556
-0.064834595
-0.04032898
-0.10371399
-0.15270996
-0.093063354
0.019851685
0.04916382
-0.10371399
-0.29067993
-0.25605774
-0.00944519
0.25741577
0.35914612
0.25209045
0.009735107
-0.24220276
-0.35884094
-0.29226685
-0.111709595
0.08218384
0.21374512
0.2281189
0.13330078
0.037963867
0.00440979
0.05342102
0.18338013
0.32984924
0.39323425
0.374588
0.39855957
0.49975586
0.5434418
0.40708923
0.108810425
-0.118637085
-0.083480835
0.11148071
0.20947266
0.075790405
-0.17030334
-0.29333496
-0.21130371
-0.041931152
0.04914856
0.006011963
-0.09466553
-0.14633179
-0.1239624
-0.09573364
-0.1282196
-0.2374115
-0.31411743
-0.33540344
-0.21078491
-0.05897522
-0.011566162
-0.024353027
0.00440979
0.014526367
-0.11437988
-0.3284912
-0.48402405
-0.4211731
-0.16497803
0.057678223
0.026245117
-0.2805481
-0.61717224
-0.69654846
-0.51704407
-0.2624359
-0.1244812
-0.13461304
-0.15112305
-0.14472961
-0.13087463
-0.09625244
-0.03074646
0.06300354
0.14715576
0.19296265
0.23023987
0.31066895
0.47525024
0.6899109
0.72080994
0.3969574
-0.040863037
-0.25712585
-0.25604248
-0.26031494
-0.3854828
-0.49893188
-0.48242188
-0.39187622
-0.3663025
-0.45684814
-0.5079956
-0.3663025
-0.09732056
0.11253357
0.15994263
0.073654175
-0.040863037
-0.095199585
-0.10745239
-0.12449646
-0.09838867
0.008132935
0.1104126
0.13331604
0.10720825
0.036895752
-0.14419556
-0.41104126
-0.59321594
-0.47549438
-0.090408325
0.2749939
0.3335724
0.08695984
-0.19480896
-0.30026245
-0.20065308
-0.0067749023
0.09921265
0.057144165
-0.04246521
-0.09892273
-0.10266113
-0.090408325
-0.08187866
-0.069625854
-0.031814575
-0.02116394
0.0065307617
0.11199951
0.24409485
0.31440735
0.35861206
0.40176392
0.31280518
0.056610107
-0.08401489
0.12585449
0.3815155
0.26220703
-0.14312744
-0.46217346
-0.47921753
-0.25180054
-0.013702393
0.03263855
-0.074417114
-0.20011902
-0.25178528
-0.2262268
-0.14579773
-0.06376648
-0.05204773
-0.09146118
-0.118637085
-0.102127075
-0.08454895
-0.1005249
-0.052581787
0.116256714
0.22972107
-0.0690918
-0.80999756
-1.313858
-0.9383545
0.032104492
0.87260437
1.089386
0.72239685
0.19509888
-0.2262268
-0.3663025
-0.2581787
-0.050460815
0.092300415
0.12265015
0.11999512
0.14608765
0.17538452
0.16473389
0.1700592
0.2211914
0.23930359
0.16047668
0.029968262
0.005996704
0.18603516
0.40548706
0.3607483
0.037963867
-0.2374115
-0.23847961
-0.097854614
-0.0051879883
-0.013168335
-0.06536865
-0.05632019
-0.0035858154
-0.022216797
-0.07601929
-0.1239624
-0.04246521
0.017181396
-0.05204773
-0.18041992
-0.27096558
-0.31677246
-0.31304932
-0.14686584
0.12904358
0.32133484
0.26860046
0.094955444
0.034240723
0.057144165
-0.06590271
-0.36418152
-0.52822876
-0.33648682
0.054473877
0.32292175
0.25634766
-0.031814575
-0.2539215
-0.3146515
-0.2581787
-0.17828369
-0.12928772
-0.083480835
0.06619263
0.2669983
0.3570099
0.25367737
0.047027588
-0.1431427
-0.22781372
-0.19213867
-0.102127075
-0.004119873
0.16473389
0.3665924
0.33145142
-0.11703491
-0.57510376
-0.53141785
-0.07229614
0.32398987
0.29415894
0.004928589
-0.20811462
-0.20118713
-0.04460144
0.09336853
0.1301117
0.10614014
0.049682617
-0.0062408447
-0.057922363
-0.11489868
-0.1585846
-0.15431213
-0.093063354
-0.012634277
0.06939697
0.08218384
0.035842896
0.014526367
0.029968262
-0.05418396
-0.2182312
-0.2720337
-0.097854614
0.17805481
0.3330536
0.26646423
-0.005706787
-0.2640381
-0.3039856
-0.11968994
0.12745667
0.26913452
0.2403717
0.07951355
-0.111709595
-0.20491028
-0.1543274
-0.004119873
0.13490295
0.22172546
0.28936768
0.3138733
0.28404236
0.3106842
0.4465027
0.43850708
0.10029602
-0.24859619
-0.16496277
0.2627411
0.53811646
0.47685242
0.21000671
-0.034469604
-0.08187866
-0.00730896
0.035842896
-0.017425537
-0.11756897
-0.16390991
-0.1394043
-0.10317993
-0.08029175
-0.038742065
-0.0019836426
0.028366089
0.082717896
0.16419983
0.22972107
0.26753235
0.21214294
-0.09680176
-0.6725769
-1.1636505
-1.0656586
-0.4733734
0.115737915
0.29364014
0.013458252
-0.30612183
-0.41052246
-0.31251526
-0.16442871
-0.10319519
-0.10159302
-0.066970825
0.001739502
0.064071655
0.13703918
0.28831482
0.47898865
0.5130768
0.36286926
0.26753235
0.34635925
0.40122986
0.26060486
0.018249512
-0.09094238
0.058746338
0.2984314
0.31866455
0.1338501
-0.11331177
-0.3109131
-0.3977356
-0.3561859
-0.28961182
-0.27575684
-0.31730652
-0.34765625
-0.27149963
-0.12236023
0.14343262
0.37991333
0.38737488
0.1620636
-0.053649902
-0.047790527
0.12106323
0.22546387
0.113601685
-0.076553345
-0.24539185
-0.2816162
0.011856079
0.4076233
0.48963928
0.09655762
-0.5868225
-0.931427
-0.46484375
0.3570099
0.84916687
0.756485
0.27285767
-0.23368835
-0.5308838
-0.6193085
-0.60440063
-0.55752563
-0.49839783
-0.40145874
-0.2054596
0.037979126
0.18870544
0.24836731
0.3511505
0.5327759
0.644104
0.6382446
0.59776306
0.49549866
0.40602112
0.52479553
0.6542206
0.43424988
0.042755127
-0.21769714
-0.3007965
-0.2539215
-0.048858643
0.14503479
0.12585449
-0.08987427
-0.48721313
-0.86006165
-0.9601898
-0.78974915
-0.4973297
-0.29386902
-0.2842865
-0.34553528
-0.26989746
-0.020095825
0.20307922
0.25741577
0.23451233
0.2568817
0.48910522
0.8694
1.0691376
0.8544922
0.37086487
0.023040771
-0.024353027
-0.049926758
-0.26298523
-0.37322998
-0.26670837
-0.1750946
-0.28907776
-0.6214447
-1.0390167
-1.3314362
-1.2451477
-0.76631165
-0.14047241
0.3373108
0.5381012
0.52693176
0.41560364
0.3223877
0.34370422
0.44436646
0.4725952
0.32878113
0.09815979
-0.13461304
-0.2416687
-0.11277771
0.20414734
0.41241455
0.32398987
0.08430481
-0.05630493
-0.03340149
-0.017425537
-0.21450806
-0.548996
-0.6864166
-0.50053406
-0.18574524
0.044891357
0.10774231
0.078445435
-0.004119873
-0.08720398
-0.027557373
0.09442139
0.07684326
0.008132935
0.15408325
0.42199707
0.42945862
0.13969421
-0.09199524
-0.025421143
0.16261292
0.20361328
0.001739502
-0.2997284
-0.37057495
-0.15005493
0.08218384
0.008666992
-0.36364746
-0.6699066
-0.6011963
-0.17669678
0.2707367
0.41027832
0.2046814
-0.06111145
-0.1239624
-0.010513306
0.106155396
0.076309204
-0.066970825
-0.12501526
-3.9672852E-4
0.16899109
0.16207886
0.014526367
-0.04246521
0.02357483
0.055023193
0.021987915
-0.038742065
-0.15325928
-0.19374084
-0.08720398
-0.009979248
-0.14154053
-0.43128967
-0.5953369
-0.43821716
-0.064834595
0.27978516
0.40174866
0.26593018
0.048614502
-0.041931152
0.015594482
0.08644104
0.061401367
-0.033416748
-0.07229614
0.06086731
0.3000183
0.3815155
0.24090576
0.099227905
0.15194702
0.31547546
0.33303833
0.039031982
-0.43980408
-0.55966187
-0.18788147
0.24356079
0.2169342
-0.21611023
-0.5623169
-0.5745697
-0.32102966
0.006011963
0.2984314
0.49656677
0.51893616
0.36286926
0.11627197
-0.050994873
-0.032348633
0.15141296
0.43211365
0.63557434
0.5764618
0.28404236
-0.048858643
-0.21078491
-0.08029175
0.08590698
-0.06536865
-0.47177124
-0.76312256
-0.7460785
-0.5761566
-0.41957092
-0.32955933
-0.27043152
-0.167099
-0.06536865
-0.038742065
-0.073898315
-0.07975769
-0.0051879883
0.14715576
0.25369263
0.1855011
0.14715576
0.3303833
0.5279846
0.38630676
-0.06643677
-0.3977356
-0.46484375
-0.39826965
-0.12875366
0.3261261
0.6574249
0.55355835
0.120529175
-0.17774963
-0.106918335
0.18817139
0.39855957
0.30322266
0.041168213
-0.0728302
-0.0025177002
0.12373352
0.20733643
0.16473389
0.10562134
0.12585449
0.094955444
-0.052581787
-0.10798645
0.080581665
0.31440735
0.33943176
0.11253357
-0.23101807
-0.612381
-0.7141113
-0.34500122
0.06619263
0.088027954
-0.2731018
-0.6299591
-0.61717224
-0.2528534
0.16473389
0.36660767
0.29364014
0.1269226
0.06086731
0.060333252
-0.08241272
-0.39453125
-0.5154419
-0.24752808
0.041168213
0.0028076172
-0.11224365
0.048614502
0.31652832
0.19828796
-0.30877686
-0.53034973
-0.18574524
0.27072144
0.3373108
-0.020095825
-0.44140625
-0.5010681
-0.14793396
0.2707367
0.42518616
0.27552795
0.07258606
0.054473877
0.2318573
0.45980835
0.56048584
0.49868774
0.4747162
0.6302643
0.7879181
0.6920471
0.35061646
1.5258789E-4
-0.2571106
-0.49360657
-0.47549438
-0.12449646
0.12425232
-0.05418396
-0.5287628
-0.9628601
-0.9564667
-0.47123718
0.12371826
0.41506958
0.28085327
-0.057388306
-0.2624359
-0.19374084
0.09176636
0.4006958
0.47738647
0.2835083
0.10028076
0.18656921
0.4161377
0.41827393
0.073654175
-0.2539215
-0.28961182
-0.16444397
-0.0925293
-0.11010742
-0.1282196
-0.055252075
0.042755127
0.0209198
-0.049926758
-0.057907104
-0.02116394
0.014526367
0.054489136
0.118927
0.15887451
0.13703918
0.090164185
0.11148071
0.23716736
0.37353516
0.34954834
0.18763733
0.05128479
0.10081482
0.21853638
0.24835205
0.16899109
0.018249512
-0.01902771
0.1109314
0.09390259
-0.14845276
-0.5287628
-0.6960144
-0.52716064
-0.30612183
-0.25764465
-0.30877686
-0.23953247
-0.019561768
0.26593018
0.52586365
0.66807556
0.6206665
0.41453552
0.19721985
0.08430481
0.073654175
0.08909607
-0.056854248
-0.33488464
-0.4643097
-0.42596436
-0.31889343
-0.064834595
0.2318573
0.2765808
0.015060425
-0.23954773
-0.2059784
-0.03074646
0.012924194
-0.10638428
-0.1985321
-0.15272522
0.024108887
0.2824402
0.4795227
0.4315796
0.15834045
-0.038742065
0.012390137
0.23770142
0.45820618
0.51094055
0.4076233
0.32666016
0.19563293
-0.053115845
-0.1750946
-0.10159302
-0.032348633
-0.13035583
-0.3466034
-0.5010681
-0.53941345
-0.4877472
-0.41157532
-0.40145874
-0.46377563
-0.4089203
-0.1559143
0.17591858
0.4038849
0.4630127
0.42678833
0.3761902
0.34796143
0.34902954
0.32666016
0.19989014
-0.031280518
-0.23475647
-0.25125122
-0.07336426
0.23078918
0.5460968
0.7863159
0.91308594
0.8289337
0.49017334
-0.037139893
-0.56817627
-0.78549194
-0.62623596
-0.3284912
-0.21450806
-0.3007965
-0.29600525
-0.12875366
0.043823242
0.09815979
0.075790405
0.06086731
0.073654175
0.07258606
0.03742981
0.03050232
0.09815979
0.14503479
0.10029602
-0.0035858154
-0.022232056
0.033172607
0.010787964
0.016662598
0.09762573
0.17538452
0.15621948
0.0022735596
-0.24699402
-0.43980408
-0.42596436
-0.21717834
0.024642944
0.14076233
0.10348511
0.0038757324
-0.061645508
-0.09413147
-0.079208374
-3.8146973E-4
0.106674194
0.118927
0.032104492
-0.03288269
-0.04673767
-0.008911133
0.0677948
0.15194702
0.21214294
0.23184204
0.10720825
-0.19799805
-0.4046631
-0.29812622
0.021987915
0.2829895
0.27764893
-0.02809143
-0.41477966
-0.54634094
-0.3796234
-0.069625854
0.1423645
0.09442139
-0.07975769
-0.15005493
-0.06855774
0.0912323
0.22065735
0.31759644
0.4257202
0.531723
0.6238556
0.65475464
0.6105499
0.5849762
0.6329193
0.6483612
0.39430237
-0.036605835
-0.17562866
0.10827637
0.48057556
0.5359802
0.23771667
-0.08720398
-0.18307495
-0.07015991
0.06086731
0.083236694
-0.017959595
-0.15112305
-0.20704651
-0.16072083
-0.08987427
-0.09359741
-0.17988586
-0.30717468
-0.4030609
-0.3631134
-0.20704651
-0.09147644
-0.062698364
-0.031814575
-0.06111145
-0.29067993
-0.518631
-0.31358337
0.26646423
0.7554321
0.8294678
0.5492859
0.24676514
0.23504639
0.44277954
0.6195984
0.5961609
0.40176392
0.18551636
0.10348511
0.18870544
0.3623352
0.50349426
0.5594177
0.5450287
0.48272705
0.41081238
0.39483643
0.44010925
0.51094055
0.55888367
0.54930115
0.4438324
0.1381073
-0.1750946
-0.13993835
0.03742981
-0.054718018
-0.41531372
-0.6715088
-0.45472717
0.13650513
0.6941681
0.8475647
0.55249023
0.1466217
-0.11543274
-0.17562866
-0.076553345
0.07737732
0.2238617
0.2515564
0.15994263
0.068862915
0.036376953
0.035827637
0.036376953
0.07791138
0.16473389
0.16419983
-0.11437988
-0.51065063
-0.49627686
0.03744507
0.6062927
0.7117462
0.3341217
-0.13194275
-0.29066467
-0.08880615
0.24195862
0.43585205
0.3804474
0.14129639
-0.05152893
-0.041397095
0.10774231
0.25634766
0.31547546
0.26167297
0.14982605
0.09869385
0.16101074
0.25741577
0.3607483
0.4172058
0.42945862
0.41667175
0.43318176
0.49710083
0.5961609
0.63505554
0.48857117
0.14982605
-0.2454071
-0.50372314
-0.5415497
-0.4499359
-0.34925842
-0.27470398
-0.21343994
-0.11064148
0.039031982
0.18017578
0.25048828
0.19084167
0.07046509
0.06832886
0.20256042
0.29736328
0.22705078
0.03744507
-0.20492554
-0.16923523
0.16687012
0.4081421
0.56155396
0.6190796
0.35328674
-0.055786133
-0.30238342
-0.41796875
-0.3231659
0.0065307617
0.2669983
0.2669983
0.083236694
-0.090927124
-0.20066833
-0.25178528
-0.24806213
-0.21557617
-0.18946838
-0.1516571
-0.07495117
0.04649353
0.17166138
0.22599792
0.2281189
0.25634766
0.2680664
0.10562134
-0.1825409
-0.33221436
-0.21929932
0.028366089
0.13331604
-0.12609863
-0.6677704
-1.0992126
-1.0869598
-0.77589417
-0.47869873
-0.47816467
-0.65286255
-0.67523193
-0.4888153
-0.29014587
-0.2816162
-0.3908081
-0.45205688
-0.38974
-0.20918274
0.026245117
0.18284607
0.2366333
0.29629517
0.39004517
0.50668335
0.7176056
0.9993744
1.1671448
1.0116272
0.45822144
-0.47602844
-1.1412811
-0.76312256
0.13064575
0.65475464
0.52905273
0.047561646
-0.31251526
-0.36897278
-0.27947998
-0.2619171
-0.37057495
-0.4600525
-0.4461975
-0.3423462
-0.21611023
-0.08773804
0.025177002
0.11306763
0.17326355
0.20309448
0.27285767
0.5098877
0.9871216
1.3349304
1.0973816
0.500824
0.078445435
-0.07015991
-0.07815552
-0.031280518
-0.031280518
-0.10317993
-0.17189026
-0.3950653
-0.75193787
-1.0454102
-1.0731049
-0.90052795
-0.65393066
-0.41371155
-0.18521118
0.033172607
0.22970581
0.37512207
0.48112488
0.57806396
0.660614
0.73731995
0.789505
0.8182831
0.8086853
0.6749878
0.46566772
0.13543701
-0.30026245
-0.36471558
-3.8146973E-4
0.28404236
0.12797546
-0.3519287
-0.835022
-1.0720367
-1.0118561
-0.69866943
-0.2528534
0.1769867
0.3980255
0.30854797
0.020385742
-0.24432373
-0.28800964
-0.04460144
0.35968018
0.68351746
0.7516937
0.43743896
-0.012634277
-0.1905365
-0.06271362
0.07951355
-0.057388306
-0.5181122
-0.89308167
-0.7125244
-0.21183777
0.048614502
-0.11437988
-0.50639343
-0.8041229
-0.6784363
-0.18574524
0.35542297
0.63931274
0.56100464
0.311203
0.18817139
0.18338013
0.18656921
0.2957611
0.5583496
0.77726746
0.6616821
0.22225952
-0.20332336
-0.4131775
-0.5484619
-0.6187744
-0.33221436
0.16152954
0.43904114
0.21107483
-0.3204956
-0.7295532
-0.8238373
-0.7034607
-0.47335815
-0.1947937
0.027832031
0.15142822
0.19082642
0.13703918
-0.0046539307
-0.0920105
0.056610107
0.3852539
0.6030884
0.5903168
0.39642334
0.062469482
-0.1159668
-0.001449585
0.15301514
0.16847229
0.042770386
-0.12661743
-0.1239624
0.031036377
0.09762573
-0.16070557
-0.6549988
-0.99427795
-0.94633484
-0.61717224
-0.22943115
0.041168213
0.101882935
-0.007843018
-0.02809143
0.14343262
0.30641174
0.3527527
0.39642334
0.57699585
0.64356995
0.36820984
0.00920105
-0.097854614
-0.018493652
-0.05204773
-0.17030334
-0.21450806
-0.17828369
-0.21983337
-0.43182373
-0.62516785
-0.6864166
-0.5846863
-0.36897278
-0.13674927
0.048095703
0.13117981
0.045959473
-0.1559143
-0.27842712
-0.15538025
0.16847229
0.47473145
0.5114746
0.35168457
0.2361145
0.32240295
0.5876465
0.7628784
0.5098877
0.016647339
-0.23794556
-0.116500854
0.19242859
0.40815735
0.29789734
-0.12768555
-0.64753723
-0.9468689
-0.8275604
-0.42596436
-0.035003662
0.13543701
0.08483887
-0.015304565
-3.9672852E-4
0.11413574
0.16900635
0.1503601
0.06088257
-0.03288269
0.09176636
0.4038849
0.53118896
0.3181305
0.06939697
-0.013702393
-0.1324768
-0.34820557
-0.40731812
-0.21557617
0.0038757324
0.035308838
-0.12236023
-0.31730652
-0.40411377
-0.36097717
-0.18946838
0.028900146
0.15408325
0.14982605
0.08644104
0.07632446
0.17485046
0.3660736
0.5460968
0.5791321
0.41560364
0.259552
0.27020264
0.37193298
0.2835083
-0.008377075
-0.28961182
-0.5830841
-0.80307007
-0.61291504
-0.12554932
0.11785889
-0.06855774
-0.40785217
-0.51916504
-0.27789307
0.11253357
0.38523865
0.3969574
0.18710327
0.03263855
0.1466217
0.3847046
0.41401672
0.21160889
6.713867E-4
0.011871338
0.16847229
0.17591858
0.028366089
-0.079208374
-0.16551208
-0.28482056
-0.13140869
0.36819458
0.7256012
0.5737915
0.09283447
-0.35139465
-0.535141
-0.4131775
-0.11224365
0.19403076
0.37405396
0.39642334
0.30747986
0.115737915
-0.036605835
0.03956604
0.29522705
0.4491577
0.39909363
0.33891296
0.40974426
0.57006836
0.63131714
0.5652771
0.4230652
0.2403717
0.040100098
-0.16018677
-0.36843872
-0.44833374
-0.35884094
-0.3359375
-0.4888153
-0.57136536
-0.4254303
-0.12449646
0.17378235
0.32984924
0.3037567
0.22492981
0.21640015
0.30055237
0.374588
0.3037567
0.16473389
0.13597107
0.23983765
0.5402374
0.9232025
0.89711
0.3570099
-0.25445557
-0.39134216
-0.2565918
-0.49147034
-0.92077637
-0.99534607
-0.7503357
-0.3854828
-0.0962677
-0.033935547
-0.041931152
0.057144165
0.19935608
0.26327515
0.2680664
0.26486206
0.2403717
0.15834045
0.066207886
0.0869751
0.23930359
0.3735199
0.29096985
-0.005722046
-0.2688446
-0.31677246
-0.23899841
-0.27789307
-0.31837463
-0.25126648
-0.08934021
-0.066970825
-0.3093109
-0.3519287
-0.09359741
0.0070648193
-0.2848053
-0.67736816
-0.71836853
-0.36418152
0.043289185
0.3096161
0.34477234
0.19935608
0.048614502
0.03050232
0.117874146
0.17858887
0.14024353
0.04222107
-0.061645508
-0.08029175
-0.053649902
0.1855011
0.4725952
0.47579956
0.17858887
-0.15058899
-0.22782898
-0.09094238
0.057678223
-0.01902771
-0.30026245
-0.5990753
-0.72743225
-0.62942505
-0.43447876
-0.3050537
-0.2842865
-0.21076965
-0.05204773
0.07472229
0.11732483
0.104019165
0.06832886
-0.00730896
-0.078689575
-0.081344604
0.07046509
0.22279358
0.12425232
-0.21983337
-0.41371155
-0.22195435
0.08856201
0.13490295
-0.12715149
-0.41210938
-0.33914185
0.14503479
0.6931
0.8486328
0.5029602
0.05873108
-0.17774963
-0.2331543
-0.20492554
-0.15538025
-0.1825409
-0.3109131
-0.38069153
-0.30984497
-0.19320679
-0.1473999
-0.18681335
-0.21929932
-0.27096558
-0.52130127
-0.8414154
-0.7998657
-0.27096558
0.43318176
0.9445038
0.9594269
0.60095215
0.27764893
0.13278198
0.057678223
-0.02809143
-0.07550049
-0.033950806
0.104019165
0.20254517
0.1578064
-0.039276123
-0.21343994
-0.17881775
0.045959473
0.24569702
0.24942017
0.08804321
0.0022735596
0.13757324
0.31015015
0.22758484
-0.121292114
-0.30133057
-0.0019836426
0.45822144
0.6222687
0.39855957
0.059799194
-0.14312744
-0.14100647
-0.009979248
0.113601685
0.10934448
0.008666992
-0.06643677
-0.071762085
-0.05683899
-0.10105896
-0.24645996
-0.40412903
-0.45791626
-0.36523438
-0.1825409
-0.05206299
0.015594482
0.066726685
0.048095703
-0.07815552
-0.2224884
-0.18681335
0.101882935
0.45341492
0.6105499
0.43743896
0.16207886
0.1104126
0.26113892
0.40441895
0.421463
0.3293152
0.1812439
0.04170227
-0.041397095
-0.052581787
0.017715454
0.14129639
0.23397827
0.22651672
0.15994263
0.17538452
0.3106842
0.49284363
0.5711365
0.33943176
-0.081344604
-0.29119873
-0.10852051
0.2004242
0.24995422
-0.03553772
-0.41104126
-0.5868225
-0.43928528
-0.113845825
0.123184204
0.118392944
-0.05204773
-0.23155212
-0.3189087
-0.2997284
-0.2219696
-0.16337585
-0.16870117
-0.17828369
-0.123428345
0.0033416748
0.1301117
0.2403717
0.33570862
0.31600952
0.06726074
-0.27096558
-0.3753662
-0.10424805
0.33517456
0.5753937
0.45661926
0.16687012
-0.07762146
-0.14259338
-0.033950806
0.10241699
0.1508789
0.12211609
0.06993103
-0.031280518
-0.11117554
-0.08506775
-0.024887085
-0.038742065
-0.11117554
-0.14472961
-0.07922363
0.07098389
0.2669983
0.40281677
0.3804474
0.17964172
-0.16976929
-0.54473877
-0.33702087
0.15408325
0.26593018
-0.04246521
-0.35458374
-0.4185028
-0.28321838
-0.09199524
0.050750732
0.13438416
0.13757324
-9.1552734E-4
-0.20118713
-0.31358337
-0.2816162
-0.12554932
0.073654175
0.16847229
0.12585449
0.03263855
1.5258789E-4
0.06832886
0.20788574
0.33145142
0.35647583
0.23716736
0.055541992
-0.059509277
-0.009979248
0.09869385
0.090164185
-0.051513672
-0.15965271
-0.1713562
-0.1159668
0.0022735596
0.14875793
0.18017578
0.02784729
-0.22090149
-0.4216919
-0.41264343
-0.17721558
0.16740417
0.41667175
0.44117737
0.32878113
0.22225952
0.21426392
0.35221863
0.5226593
0.44171143
0.07577515
-0.067489624
0.32080078
0.96154785
1.2619629
1.0339966
0.52479553
0.02305603
-0.2997284
-0.40625
-0.3588562
-0.29226685
-0.29014587
-0.30239868
-0.24645996
-0.13673401
-0.07548523
-0.12236023
-0.16763306
-0.14207458
-0.028625488
0.05342102
0.060333252
0.035308838
0.021987915
0.068862915
0.10295105
0.021453857
-0.15058899
-0.3119812
-0.26776123
0.052886963
0.35061646
0.30108643
-0.12501526
-0.6315613
-0.802536
-0.502655
-0.0051879883
0.31652832
0.35435486
0.26646423
0.20095825
0.18391418
0.19242859
0.18817139
0.16793823
0.15887451
0.1615448
0.1977539
0.21160889
0.17591858
0.14343262
0.14929199
0.2169342
0.3293152
0.4081421
0.28564453
-0.008377075
-0.22143555
-0.17295837
0.045425415
0.1503601
-3.8146973E-4
-0.14526367
-0.05897522
0.11306763
0.1934967
0.094955444
-0.06803894
-0.13568115
-0.11703491
-0.08987427
-0.057388306
0.022506714
0.09815979
0.06619263
-0.050979614
-0.09359741
0.017181396
0.11413574
0.120529175
0.16419983
0.35968018
0.503479
0.29257202
-0.18362427
-0.44726562
-0.25871277
0.10720825
0.35968018
0.29203796
0.00440979
-0.16123962
-0.27416992
-0.054718018
0.3303833
0.33891296
-0.053115845
-0.36151123
-0.41583252
-0.24327087
-0.014770508
0.10774231
0.055541992
-0.097854614
-0.22409058
-0.22729492
-0.097854614
0.099746704
0.27711487
0.34796143
0.3138733
0.21852112
0.047546387
-0.07229614
-0.0035858154
0.22546387
0.36553955
0.20521545
-0.21025085
-0.5649872
-0.56285095
-0.28533936
-3.9672852E-4
0.04649353
-0.114364624
-0.23262024
-0.21450806
-0.17242432
-0.21130371
-0.28215027
-0.32582092
-0.24060059
-0.032348633
0.14129639
0.18070984
0.14875793
0.1146698
0.13650513
0.24409485
0.31866455
0.14503479
-0.2459259
-0.51704407
-0.4723053
-0.21076965
0.008132935
-0.042999268
-0.31303406
-0.5452728
-0.5841522
-0.4030609
-0.1436615
0.009735107
0.015579224
-0.007843018
0.027832031
0.1386261
0.27339172
0.32131958
0.24836731
0.16633606
0.19403076
0.3937683
0.6616821
0.80815125
0.6931
0.31015015
-0.102127075
-0.21343994
-0.022216797
0.15408325
0.08164978
-0.20651245
-0.41264343
-0.32102966
-0.053115845
0.14875793
0.16685486
0.057678223
-0.012634277
0.06726074
0.17112732
0.12799072
-0.01689148
-0.10638428
-0.11756897
-0.06643677
0.060333252
0.22172546
0.23823547
0.09390259
-0.033416748
-0.058441162
-0.06590271
-0.1239624
-0.15751648
-0.1308899
-0.11756897
-0.17988586
-0.3087921
-0.44514465
-0.53248596
-0.5175781
-0.3796234
-0.17082214
0.019317627
0.092300415
0.11627197
0.15568542
0.14343262
0.03477478
-0.052581787
0.024108887
0.17485046
0.19721985
0.17538452
0.33251953
0.70002747
0.9258728
0.59562683
-0.09094238
-0.44833374
-0.2027893
0.2004242
0.22758484
-0.12715149
-0.5250244
-0.63475037
-0.43821716
-0.13301086
0.027313232
-0.062179565
-0.23420715
-0.25605774
-0.12236023
-0.007843018
0.048095703
0.13703918
0.20628357
0.19030762
0.17112732
0.23983765
0.40655518
0.48750305
0.33943176
0.012390137
-0.27894592
-0.36897278
-0.2539215
-0.10159302
-0.09573364
-0.15805054
-0.22090149
-0.31944275
-0.36470032
-0.2581787
-0.04034424
0.09602356
0.10134888
0.12799072
0.18070984
0.14343262
0.06619263
0.13224792
0.29364014
0.43797302
0.51519775
0.53704834
0.52586365
0.627594
0.8347931
0.78685
0.29415894
-0.2027893
-0.23634338
0.14768982
0.43797302
0.29310608
-0.17190552
-0.55911255
-0.5868225
-0.32902527
-0.050994873
-0.001449585
-0.1628418
-0.28961182
-0.26138306
-0.16870117
-0.13993835
-0.14686584
-0.09146118
-0.008377075
0.035842896
0.07737732
0.1466217
0.15461731
0.094955444
0.06460571
0.108810425
0.12106323
0.04649353
-0.055786133
-0.15112305
-0.21662903
-0.2539215
-0.28108215
-0.30984497
-0.3343506
-0.31037903
-0.16870117
0.07098389
0.26434326
0.28085327
0.13224792
-0.029144287
-0.07069397
-0.024353027
0.020385742
0.050750732
0.090164185
0.12425232
0.16952515
0.21746826
0.26966858
0.33250427
0.2872467
0.043304443
-0.1905365
-0.14154053
0.12213135
0.25634766
0.06086731
-0.32635498
-0.63261414
-0.6336975
-0.359375
-0.047790527
0.123184204
0.111465454
0.010803223
-0.053115845
-0.07015991
-0.093063354
-0.13194275
-0.11917114
-0.07015991
-0.04460144
-0.039794922
-0.046203613
0.0070648193
0.118392944
0.22172546
0.26539612
0.21374512
0.05607605
-0.121292114
-0.18414307
-0.11277771
0.01612854
0.097091675
0.05393982
-0.09892273
-0.1990509
-0.13619995
0.028900146
0.16740417
0.20254517
0.17645264
0.14875793
0.1466217
0.14129639
0.13703918
0.18017578
0.30747986
0.4118805
0.3564911
0.23823547
0.25901794
0.4560852
0.61587524
0.486969
0.18551636
0.014526367
0.06991577
0.19615173
0.20840454
0.051818848
-0.25231934
-0.46749878
-0.42489624
-0.23048401
-0.09199524
-0.09680176
-0.15058899
-0.09573364
0.035842896
0.06939697
-0.014770508
-0.093063354
-0.12768555
-0.08880615
-0.02116394
0.015060425
0.03477478
0.10774231
0.21321106
0.19668579
0.07525635
-0.069625854
-0.15379333
-0.20811462
-0.28907776
-0.3359375
-0.2027893
0.050216675
0.28297424
0.44703674
0.43478394
0.13864136
-0.32102966
-0.582016
-0.45152283
-0.19586182
-0.06111145
-0.039794922
-0.023284912
0.0049438477
0.03263855
0.028900146
-0.024353027
-0.08720398
-0.08668518
-0.01423645
-0.0046539307
-0.102127075
-0.13993835
0.0012054443
0.04914856
0.03263855
-0.053649902
-0.13194275
-0.13728333
-0.0925293
-0.036071777
-0.045654297
-0.12449646
-0.1559143
-0.10319519
-0.032348633
-0.026489258
-0.06271362
-0.09359741
-0.07974243
-0.005722046
0.05342102
0.08377075
0.11413574
0.115737915
0.04649353
-0.0925293
-0.20599365
-0.21557617
-0.1628418
-0.054718018
0.059814453
0.06993103
-0.032348633
-0.12661743
-0.09466553
-0.0025177002
0.057678223
0.04170227
-0.046722412
-0.12075806
-0.11810303
-0.030212402
0.08644104
0.14875793
0.10720825
0.022521973
-0.02381897
-0.00944519
0.0443573
0.07044983
0.045425415
0.01399231
0.012924194
0.0054626465
6.713867E-4
0.017196655
0.029968262
0.043289185
0.061401367
0.026245117
-0.066970825
-0.11491394
-0.048324585
0.060333252
0.08804321
0.029434204
-0.015304565
1.373291E-4
0.035842896
0.05342102
0.052886963
0.043289185
0.025177002
0.028366089
0.028900146
1.373291E-4
-0.011047363
0.02571106
0.068862915
0.06726074
0.033172607
-0.0035858154
-0.034469604
-0.045135498
-0.030212402
-0.013168335
-0.024353027
-0.062179565
-0.0925293
-0.09573364
-0.0925293
-0.081344604
-0.06803894
-0.06324768
-0.09466553
-0.1394043
-0.16230774
-0.16923523
-0.15219116
-0.10798645
-0.049926758
-0.013168335
-0.01637268
-0.015838623
0.0054779053
0.016113281
-0.0046539307
-0.012649536
0.0022735596
-0.0067749023
-0.03288269
-0.036071777
-0.033416748
-0.036605835
-0.008377075
0.05340576
0.09655762
0.07206726
0.013458252
-0.013702393
-0.0121154785
-0.015304565
-0.027023315
-0.031280518
-0.044067383
-0.07229614
-0.097335815
-0.09413147
-0.07015991
-0.048858643
-0.049926758
-0.06855774
-0.060577393
-0.005722046
0.033172607
0.01878357
-0.030212402
-0.045669556
-0.02116394
6.713867E-4
0.013458252
0.03263855
0.029968262
0.012924194
0.015594482
0.038497925
0.033706665
0.0070648193
-9.3078613E-4
0.022506714
0.047561646
0.045425415
0.015594482
-0.021697998
-0.029678345
-0.0067749023
0.012390137
0.0022735596
-0.03074646
-0.069107056
-0.08880615
-0.09146118
-0.08666992
-0.07815552
-0.07601929
-0.06964111
-0.044067383
-0.012634277
0.008666992
0.022521973
0.056610107
0.09069824
0.06300354
0.00440979
0.0038757324
0.052886963
0.078445435
0.06993103
0.042755127
0.019851685
1.5258789E-4
-0.0067749023
0.010803223
0.028900146
0.02571106
0.014526367
0.01133728
0.026779175
0.056610107
0.059799194
0.023590088
-0.001449585
0.017715454
0.031036377
6.866455E-4
-0.038208008
-0.035003662
-0.0121154785
-0.00944519
-0.015838623
0.0033416748
0.03477478
0.035308838
0.019851685
0.004928589
0.001739502
0.012390137
0.016662598
0.010269165
0.00440979
0.008666992
0.0209198
0.031036377
0.01878357
-0.019561768
-0.047790527
-0.048858643
-0.033935547
-0.011566162
-9.1552734E-4
-0.001449585
0.0054779053
0.029434204
0.052352905
0.059799194
0.057144165
0.04862976
0.028915405
0.01399231
0.010803223
0.008132935
0.010269165
-3.8146973E-4
-0.039260864
-0.074417114
-0.0728302
-0.033935547
0.001739502
0.0012054443
-0.021697998
-0.019561768
0.00440979
0.0065307617
-0.01902771
-0.045669556
-0.038742065
-0.014770508
-0.0035858154
-0.011581421
-0.0259552
-0.0259552
-0.012634277
-0.0035858154
-0.001449585
0.008666992
0.033172607
0.0443573
0.045425415
0.04914856
0.038497925
0.01878357
0.025177002
0.040634155
0.03263855
0.01878357
0.022506714
0.039031982
0.036376953
0.008132935
-0.0121154785
-0.014770508
-0.019561768
-0.022750854
-0.010513306
0.008666992
0.02784729
0.043823242
0.057144165
0.042236328
0.01399231
0.010269165
0.024642944
0.029434204
0.015060425
-0.0019836426
-0.01210022
-0.011047363
-0.0067749023
-0.0121154785
-0.021697998
-0.031280518
-0.017959595
-0.010513306
-0.046722412
-0.07069397
-0.03288269
0.010269165
0.016647339
0.00440979
-0.008377075
-0.01423645
-0.009979248
-0.001449585
0.0012054443
-0.008377075
-0.01689148
6.713867E-4
0.033172607
0.048614502
0.038497925
0.01612854
0.0054779053
0.0054779053
0.0054779053
0.007598877
0.01133728
0.0028076172
-0.0051727295
0.0065307617
0.017730713
0.009735107
0.00440979
-0.0019836426
-0.0121154785
-0.008377075
0.022521973
0.061935425
0.07312012
0.044891357
0.0038757324
-0.004119873
0.026245117
0.050216675
0.029434204
-0.008377075
-0.009979248
0.022506714
0.029968262
-0.015838623
-0.05683899
-0.053115845
-0.021697998
0.0028076172
0.0012054443
-0.008911133
-0.013168335
-0.011581421
-0.00944519
-0.030212402
-0.05632019
-0.03288269
-0.0025177002
-0.028076172
-0.050994873
-0.013702393
0.042755127
0.06726074
0.068862915
0.062469482
0.058746338
0.059799194
0.043823242
0.015594482
-0.001449585
-0.004638672
-0.008911133
-0.019561768
-0.025421143
-0.026489258
-0.017425537
0.0012054443
0.008666992
0.001739502
-0.0062408447
-0.007843018
-0.004119873
-0.0035858154
-0.018493652
-0.02330017
0.0022735596
0.0012054443
-0.033416748
-0.033950806
0.00440979
0.020385742
-0.005722046
-0.01902771
0.0033416748
0.017196655
-0.0030517578
-0.043533325
-0.047790527
-0.0051727295
0.017196655
-3.9672852E-4
-0.025421143
-0.033935547
-0.026489258
-0.015838623
-0.0051879883
-3.8146973E-4
0.009735107
0.03477478
0.05607605
0.057678223
0.043823242
0.0209198
0.00920105
0.005996704
-0.028625488
-0.08560181
-0.09413147
-0.048324585
-0.010513306
-0.02330017
-0.058441162
-0.06163025
-0.021697998
0.015594482
0.018249512
0.007598877
0.0049438477
0.0033416748
-0.0019836426
-0.00944519
-0.01902771
-0.024887085
-0.021697998
-0.024353027
-0.027023315
-0.02381897
-0.012634277
-0.00730896
-0.020095825
-0.053649902
-0.0770874
-0.071762085
-0.041931152
-0.015838623
-0.039794922
-0.06750488
-0.027557373
0.04649353
0.08963013
0.11253357
0.14663696
0.15940857
0.15515137
-0.06323242
-0.22355652
-0.10638428
0.055007935
0.17645264
0.21266174
