25.07782
22.764587
22.850037
24.276733
24.014282
23.677063
23.414612
22.702026
23.927307
24.841309
22.3526
24.487305
23.365784
24.205017
23.452759
24.365234
24.490356
23.841858
25.778198
24.70398
24.076843
25.177002
22.32666
24.427795
24.302673
24.551392
24.27826
24.42627
23.200989
23.539734
25.216675
22.802734
24.302673
24.7406
24.94049
24.11499
25.178528
23.040771
22.764587
23.390198
23.777771
23.239136
23.54126
23.890686
26.091003
23.913574
23.913574
23.739624
24.014282
24.902344
23.925781
24.27826
23.60382
22.55249
23.699951
23.364258
22.514343
23.239136
24.14093
23.840332
25.115967
25.053406
23.99292
24.403381
24.139404
23.904419
24.591064
24.11499
22.866821
23.26355
23.928833
24.70398
24.092102
23.579407
24.118042
23.989868
23.26355
24.427795
22.740173
23.303223
23.490906
23.866272
22.351074
24.403381
22.45636
21.78955
24.119568
22.390747
23.16742
22.991943
24.053955
23.426819
23.017883
22.262573
22.976685
22.328186
22.415161
22.827148
23.118591
24.554443
24.50409
21.250916
22.88971
23.96698
23.268127
22.892761
22.613525
22.390747
23.516846
22.618103
24.029541
23.466492
22.991943
23.553467
22.865295
23.492432
21.95282
22.451782
23.40393
23.490906
22.914124
23.14148
23.14148
23.14148
23.16742
22.866821
22.113037
22.615051
22.891235
23.61908
22.764587
24.029541
23.704529
21.980286
24.806213
24.031067
22.827148
22.917175
22.740173
24.429321
22.116089
22.828674
23.205566
22.740173
22.576904
22.079468
23.303223
22.3526
22.3526
23.390198
23.078918
23.014832
22.95227
24.403381
23.579407
22.766113
20.812988
23.040771
22.854614
22.95227
24.017334
23.388672
23.951721
23.51532
22.95227
23.304749
24.07837
23.902893
22.917175
24.014282
24.577332
23.138428
22.117615
23.976135
22.702026
22.761536
22.203064
23.51532
23.200989
21.951294
22.615051
24.403381
24.96643
24.876404
24.552917
24.705505
23.890686
22.953796
23.26355
24.528503
23.8266
23.57788
24.528503
24.34082
24.839783
24.839783
23.902893
24.639893
24.465942
24.465942
26.316833
24.11499
24.365234
23.240662
25.027466
23.80371
22.914124
24.902344
25.05188
25.654602
23.362732
25.239563
23.701477
24.528503
24.51477
23.362732
24.926758
24.94049
26.252747
23.912048
24.299622
23.887634
23.362732
23.80066
24.34082
23.477173
24.214172
23.641968
24.615479
23.516846
25.263977
25.804138
23.977661
23.641968
24.179077
23.324585
22.3526
23.327637
24.638367
24.59259
22.790527
23.902893
23.602295
25.028992
23.078918
24.429321
26.255798
23.490906
22.949219
24.467468
24.59259
22.976685
23.988342
24.465942
23.039246
23.57788
23.989868
22.225952
24.177551
24.465942
24.053955
24.594116
23.402405
22.262573
22.517395
22.88971
23.329163
22.891235
24.14093
23.364258
24.14093
22.740173
22.991943
24.339294
24.429321
24.429321
24.429321
23.365784
23.76709
22.990417
24.59259
22.717285
23.36731
22.865295
23.838806
23.99292
24.179077
24.116516
21.600342
22.828674
24.490356
24.591064
23.265076
22.679138
23.641968
22.390747
23.26355
23.329163
24.50409
22.91565
22.20459
25.19226
22.991943
24.305725
22.779846
23.643494
24.3042
22.20459
23.40393
23.05603
22.891235
24.179077
22.579956
22.479248
22.479248
23.602295
23.080444
22.7417
23.492432
23.078918
22.892761
23.365784
22.140503
23.61908
22.851562
22.91565
23.677063
21.791077
24.21875
21.791077
22.991943
24.093628
23.117065
22.764587
22.930908
21.916199
24.59259
22.868347
21.890259
22.265625
23.640442
23.054504
24.116516
23.42987
21.354675
22.868347
21.664429
23.078918
23.231506
21.891785
22.892761
23.143005
23.143005
21.855164
22.415161
22.328186
22.20459
23.641968
22.328186
22.3526
22.828674
22.329712
22.17865
21.813965
22.203064
23.017883
24.269104
22.766113
23.928833
22.543335
23.61908
22.328186
24.804688
24.50409
23.492432
22.842407
23.101807
24.118042
24.090576
23.529053
25.317383
23.680115
24.465942
24.59259
25.216675
23.76709
24.719238
23.991394
23.20404
23.370361
22.494507
22.24121
24.743652
23.64502
22.367859
22.393799
23.434448
22.99347
21.543884
21.929932
21.481323
20.895386
21.45691
20.332336
19.915771
20.166016
20.457458
22.14508
21.932983
20.98236
23.246765
22.019958
21.606445
21.144104
21.055603
20.318604
21.292114
22.543335
23.3078
23.057556
23.118591
24.305725
23.14148
23.16742
23.579407
24.241638
24.806213
23.402405
23.96698
23.96698
23.96698
23.864746
23.405457
22.018433
24.465942
24.267578
24.719238
24.092102
24.679565
23.016357
23.306274
22.970581
22.7417
22.343445
24.24469
24.84436
22.619629
23.345947
24.685669
23.997498
23.184204
23.246765
19.421387
20.959473
19.422913
19.485474
20.420837
19.421387
20.809937
20.309448
21.02356
21.020508
19.483948
19.882202
18.522644
20.809937
19.66858
21.244812
19.819641
21.331787
21.331787
21.91925
22.457886
23.518372
25.820923
24.206543
24.468994
23.266602
24.804688
24.208069
25.07019
24.182129
24.057007
24.182129
23.408508
23.892212
22.892761
24.880981
23.292542
24.057007
24.61853
23.706055
24.180603
22.557068
23.118591
22.23053
22.43042
22.04132
22.555542
22.332764
22.644043
20.89386
22.618103
22.29309
23.994446
23.994446
23.994446
22.895813
21.983337
23.495483
21.206665
23.106384
22.23053
21.191406
22.644043
23.39325
23.306274
22.581482
22.618103
21.191406
22.167969
21.35315
21.192932
22.143555
21.730042
22.453308
22.956848
21.516418
22.729492
24.015808
22.554016
21.478271
22.427368
21.913147
23.416138
21.165466
24.241638
22.427368
23.88916
23.200989
21.951294
21.914673
20.225525
21.47522
22.039795
21.754456
21.850586
22.91565
20.314026
21.690369
20.852661
20.028687
21.080017
19.480896
19.528198
19.316101
19.877625
20.202637
19.16504
20.256042
19.917297
20.581055
19.41681
19.654846
18.881226
20.69397
20.516968
19.19403
20.47882
20.579529
20.954895
20.129395
19.528198
19.87915
19.444275
20.353699
21.516418
20.829773
22.602844
20.663452
20.703125
21.913147
21.913147
21.913147
20.939636
20.291138
21.601868
21.601868
21.665955
22.602844
22.387695
22.01538
23.580933
20.664978
20.417786
19.529724
18.539429
18.591309
20.291138
17.140198
18.040466
20.292664
21.105957
19.89441
19.355774
21.229553
19.955444
19.656372
19.941711
19.892883
20.558167
18.469238
16.719055
18.444824
19.955444
20.391846
19.917297
18.792725
20.233154
20.266724
20.603943
20.069885
20.954895
20.391846
20.378113
19.981384
20.129395
21.542358
19.967651
20.481873
20.355225
21.66748
21.629333
22.517395
20.4422
20.767212
20.317078
19.943237
19.104004
21.580505
21.41571
20.188904
21.66748
21.003723
20.127869
19.66858
19.566345
19.87915
20.381165
18.11676
19.10553
18.843079
18.756104
18.093872
18.90564
18.818665
18.656921
18.382263
19.256592
19.256592
19.256592
17.869568
18.606567
18.069458
17.782593
16.246033
17.285156
16.55426
16.682434
15.4953
17.071533
15.945435
14.746094
15.472412
15.060425
13.682556
14.096069
13.708496
14.871216
14.468384
15.394592
14.706421
14.768982
15.808105
15.808105
15.307617
13.606262
13.981628
14.431763
14.831543
16.220093
15.808105
16.534424
16.590881
17.469788
17.445374
17.054749
15.934753
15.4953
15.745544
14.518738
17.0578
16.621399
14.958191
13.458252
14.668274
15.472412
14.619446
16.249084
13.795471
15.396118
15.058899
13.520813
14.059448
14.810181
14.685059
14.183044
14.181519
14.332581
14.682007
14.311218
13.769531
13.432312
13.432312
13.931274
13.644409
13.853455
15.292358
13.742065
14.5401
14.328003
16.677856
15.205383
14.389038
16.053772
15.70282
15.70282
15.70282
17.115784
17.86499
16.401672
16.9281
16.07666
17.300415
17.300415
17.277527
18.940735
17.175293
18.511963
18.087769
18.339539
18.275452
18.339539
18.426514
17.715454
17.863464
18.440247
18.780518
16.714478
18.528748
18.440247
18.841553
19.166565
17.678833
18.066406
17.404175
17.156982
15.280151
14.979553
16.157532
15.367126
16.494751
15.904236
15.867615
16.38031
16.63208
16.842651
15.6188965
16.429138
16.343689
16.279602
16.592407
17.077637
18.170166
17.280579
18.130493
19.442749
18.629456
19.104004
16.716003
17.590332
18.90564
18.180847
18.217468
21.06781
20.980835
20.108032
19.715881
22.268677
21.57898
22.167969
21.130371
21.018982
21.269226
20.568848
22.846985
21.957397
19.093323
21.858215
19.458008
21.3974
20.794678
19.758606
19.758606
19.758606
20.558167
18.634033
19.0094
18.696594
18.009949
16.671753
19.32373
17.884827
18.09845
17.860413
19.024658
18.3609
19.259644
18.960571
19.024658
18.095398
17.922974
19.0094
17.947388
18.461609
19.488525
18.922424
18.572998
18.597412
18.92395
19.711304
19.198608
19.859314
20.646667
20.384216
19.221497
20.170593
20.046997
21.420288
22.372437
22.68219
22.584534
22.457886
22.497559
22.647095
22.019958
21.313477
21.31195
22.775269
21.998596
20.298767
19.633484
20.48645
19.947815
19.361877
19.839478
20.526123
19.876099
18.223572
16.552734
18.113708
18.817139
16.726685
17.32788
16.700745
18.23883
17.425537
18.17627
16.925049
17.46521
17.803955
17.764282
16.41388
16.325378
16.82434
18.588257
18.614197
19.36493
18.988037
18.327332
18.327332
18.327332
19.815063
17.5766
19.674683
17.764282
19.77539
18.740845
16.539001
17.23938
19.200134
19.328308
19.326782
20.463562
19.862366
21.464539
22.12677
20.339966
20.050049
20.298767
19.926453
21.279907
18.138123
18.676758
18.89038
18.740845
18.615723
17.764282
20.629883
18.429565
18.139648
16.641235
17.5766
16.578674
15.977478
14.625549
15.377808
16.926575
16.064453
16.142273
15.353394
16.064453
15.077209
15.701294
14.816284
14.727783
15.289307
15.100098
17.825317
15.974426
15.751648
17.501831
18.388367
17.700195
18.574524
19.483948
20.010376
20.521545
21.923828
19.534302
20.999146
21.685791
20.570374
21.583557
22.169495
22.621155
21.82312
22.332764
21.757507
22.685242
21.48285
22.209167
21.62323
22.270203
22.834778
22.358704
19.66095
21.272278
21.273804
21.273804
19.0979
19.073486
19.012451
19.160461
17.160034
18.399048
14.997864
17.362976
16.82434
16.886902
15.412903
16.76178
15.19928
14.724731
13.349915
13.2873535
13.459778
11.36322
11.148071
11.125183
10.009766
10.801697
10.087585
9.962463
9.449768
8.476257
9.321594
9.962463
8.450317
5.747986
7.0983887
5.99823
4.437256
4.499817
5.6015015
3.6865234
5.2505493
4.324341
3.6849976
3.2485962
1.7990112
-0.20141602
-0.6530762
-1.1154175
-1.927185
-0.9277344
-1.5518188
-4.5059204
-3.9047241
-4.8797607
-4.4052124
-4.5043945
-5.105591
-6.706238
-6.0684204
-8.934021
-7.48291
-7.444763
-9.83429
-9.558105
-7.420349
-9.770203
-10.157776
-9.683228
-10.845947
-10.221863
-11.3845825
-11.747742
-10.658264
-11.410522
-12.263489
-11.035156
-10.88562
-11.6622925
-11.6622925
-12.072754
-11.660767
-10.783386
-10.26001
-10.037231
-11.660767
-11.224365
-10.623169
-10.972595
-11.073303
-10.446167
-10.861206
-12.298584
-12.82196
-11.749268
-10.472107
-12.362671
-13.511658
-13.465881
-13.238525
-13.734436
-14.715576
-14.201355
-14.300537
-15.1901245
-14.239502
-15.626526
-15.213013
-16.81366
-18.017578
-17.518616
-18.118286
-18.330383
-20.455933
-21.221924
-22.511292
-23.223877
-22.44873
-23.823547
-23.136902
-22.827148
-22.851562
-23.738098
-24.403381
-22.930908
-24.827576
-23.988342
-23.039246
-24.778748
-26.631165
-27.630615
-24.432373
-24.591064
-27.944946
-25.944519
-25.842285
-26.054382
-26.443481
-23.678589
-24.952698
-24.11499
-24.327087
-24.67804
-23.616028
-22.801208
-22.862244
-22.47467
-23.226929
-22.636414
-22.299194
-22.92633
-20.726013
-23.161316
-21.810913
-22.575378
-24.215698
-24.215698
-22.888184
-24.238586
-24.563599
-23.512268
-24.11499
-23.051453
-25.17395
-24.502563
-24.563599
-24.365234
-24.7406
-25.25177
-24.201965
-26.313782
-24.589539
-25.428772
-25.465393
-25.52948
-25.526428
-27.255249
-26.46637
-27.316284
-26.567078
-26.942444
-27.342224
-26.567078
-27.314758
-28.205872
-28.393555
-28.57666
-29.769897
-29.104614
-28.916931
-30.142212
-29.829407
-28.831482
-29.290771
-29.629517
-28.704834
-28.079224
-28.727722
-28.451538
-28.839111
-29.249573
-28.901672
-29.188538
-29.476929
-29.440308
-28.649902
-27.586365
-28.149414
-27.185059
-28.585815
-28.036499
-29.03595
-28.68805
-29.289246
-28.72467
-29.273987
-30.763245
-30.073547
-31.324768
-30.28717
-30.612183
-30.926514
-33.27942
-32.20215
-32.15332
-32.089233
-32.89032
-32.740784
-33.880615
-33.403015
-31.852722
-31.826782
-32.40509
-32.40509
-32.40509
-31.513977
-33.11615
-32.26471
-32.20215
-34.466553
-34.37805
-32.17926
-33.11615
-33.091736
-33.05359
-33.09326
-32.80182
-32.991028
-33.11615
-32.84149
-32.803345
-33.74176
-33.114624
-32.676697
-32.051086
-33.091736
-33.337402
-31.262207
-31.486511
-31.700134
-30.535889
-32.199097
-32.910156
-34.976196
-32.637024
-32.61261
-33.876038
-32.911682
-34.11255
-34.114075
-34.15222
-37.080383
-33.940125
-35.10437
-35.81543
-34.91516
-35.96649
-37.25586
-36.1557
-36.131287
-38.14392
-38.70697
-36.04431
-36.17096
-36.69586
-36.48224
-36.48224
-36.195374
-36.66992
-37.70752
-36.4563
-36.146545
-36.605835
-35.7193
-34.506226
-35.06775
-34.25598
-34.918213
-34.594727
-32.2052
-33.56476
-33.36487
-33.27942
-32.902527
-33.63037
-33.439636
-34.399414
-33.615112
-31.286621
-32.424927
-32.424927
-32.424927
-32.64923
-32.839966
-31.672668
-32.878113
-34.214783
-33.84247
-32.678223
-31.61621
-33.27942
-33.280945
-34.857178
-32.244873
-32.5943
-34.15985
-33.216858
-34.91974
-35.884094
-34.61151
-37.86316
-37.438965
-38.90381
-37.239075
-37.27722
-36.587524
-37.039185
-34.73816
-35.71167
-35.13336
-35.17151
-35.733032
-36.08246
-35.783386
-36.17096
-35.4187
-33.843994
-35.357666
-33.595276
-34.09729
-34.158325
-34.91974
-35.32257
-33.13141
-35.08606
-33.03528
-34.220886
-34.010315
-32.97119
-32.69348
-33.795166
-34.32007
-36.019897
-34.89685
-34.40857
-35.421753
-35.5484
-34.858704
-34.384155
-37.234497
-35.507202
-34.921265
-35.884094
-36.775208
-36.071777
-36.64856
-37.109375
-37.46338
-36.387634
-38.150024
-37.527466
-36.550903
-36.312866
-36.94153
-37.815857
-36.717224
-38.5437
-38.5437
-38.5437
-39.196777
-39.16931
-37.21924
-39.068604
-38.168335
-36.531067
-36.87744
-37.376404
-37.553406
-37.376404
-37.091064
-38.128662
-38.0661
-37.963867
-36.13739
-35.961914
-35.762024
-35.723877
-36.262512
-35.321045
-36.151123
-38.65204
-36.524963
-36.58905
-37.615967
-37.08954
-35.862732
-37.48932
-37.176514
-37.753296
-36.488342
-36.026
-37.197876
-37.086487
-37.677002
-37.127686
-36.488342
-37.15515
-37.34131
-37.490845
-37.841797
-37.74414
-37.280273
-37.44507
-37.617493
-38.256836
-35.968018
-38.858032
-36.94458
-37.41913
-37.931824
-36.44409
-37.820435
-36.593628
-37.91046
-37.50763
-37.345886
-37.21924
-36.68213
-37.094116
-35.65674
-35.969543
-35.557556
-36.117554
-37.408447
-37.757874
-37.48169
-37.095642
-37.57019
-37.693787
-37.59613
-37.220764
-36.819458
-36.595154
-37.094116
-37.094116
-37.094116
-37.65564
-36.431885
-38.609314
-37.65869
-36.180115
-35.768127
-36.9339
-36.494446
-36.083984
-36.494446
-36.869812
-36.219788
-35.55603
-35.957336
-36.972046
-35.7666
-35.658264
-36.846924
-35.63385
-37.098694
-35.810852
-37.825012
-37.049866
-36.497498
-35.499573
-36.575317
-37.638855
-37.95166
-38.07831
-36.18927
-36.125183
-34.91211
-36.662292
-38.076782
-37.07428
-36.138916
-37.174988
-37.91504
-36.53717
-37.365723
-36.724854
-36.787415
-35.261536
-34.43756
-34.95941
-33.92334
-34.39789
-35.28595
-35.186768
-34.873962
-34.059143
-33.924866
-33.044434
-34.309387
-32.80945
-34.022522
-33.520508
-33.998108
-35.68573
-35.098267
-33.268738
-33.607483
-32.896423
-33.457947
-32.107544
-32.382202
-33.869934
-33.647156
-33.332825
-33.58307
-33.021545
-33.709717
-33.244324
-33.48236
-33.172607
-33.35724
-33.372498
-33.372498
-33.372498
-33.522034
-34.786987
-32.27234
-33.610535
-33.33435
-33.735657
-32.89795
-32.87201
-32.958984
-30.258179
-32.833862
-31.60553
-30.004883
-31.004333
-30.955505
-31.643677
-29.855347
-32.2052
-31.942749
-31.04248
-29.968262
-29.255676
-30.439758
-29.815674
-29.753113
-31.192017
-30.401611
-29.464722
-30.314636
-29.527283
-29.36554
-31.626892
-31.716919
-30.79071
-30.914307
-30.226135
-28.962708
-30.149841
-30.252075
-30.274963
-31.065369
-30.052185
-29.838562
-30.50232
-31.689453
-29.490662
-30.088806
-29.214478
-29.049683
-29.362488
-28.23639
-28.425598
-29.850769
-28.814697
-29.31366
-30.715942
-28.587341
-30.189514
-28.587341
-29.750061
-30.125427
-30.166626
-29.31366
-31.790161
-28.814697
-30.19104
-29.315186
-30.163574
-30.213928
-31.166077
-28.527832
-29.56543
-30.731201
-29.064941
-29.064941
-29.966736
-28.817749
-29.605103
-29.87976
-28.717041
-32.295227
-30.892944
-31.455994
-32.192993
-30.130005
-29.414368
-29.502869
-27.11029
-29.31366
-30.976868
-30.778503
-30.577087
-27.215576
-28.961182
-29.563904
-28.852844
-31.039429
-30.703735
-30.204773
-29.690552
-29.789734
-29.981995
-30.10559
-31.018066
-30.13153
-30.85785
-31.14624
-30.007935
-28.968811
-29.507446
-29.107666
-29.507446
-29.04358
-29.47998
-28.668213
-28.405762
-29.833984
-28.694153
-29.870605
-28.770447
-28.881836
-29.071045
-28.98407
-29.071045
-27.568054
-27.607727
-27.319336
-26.234436
-27.23236
-28.572083
-29.496765
-28.549194
-27.886963
-30.25055
-30.587769
-29.876709
-28.923035
-30.963135
-30.125427
-30.212402
-27.67334
-30.297852
-30.08728
-28.860474
-29.23584
-29.023743
-28.735352
-29.048157
-29.110718
-29.06189
-29.499817
-29.499817
-29.499817
-29.212952
-28.175354
-27.464294
-27.926636
-28.129578
-26.887512
-27.738953
-26.235962
-25.761414
-26.53656
-26.901245
-26.13678
-25.949097
-26.174927
-26.411438
-24.449158
-24.971008
-24.060059
-25.660706
-25.636292
-25.636292
-25.975037
-25.724792
-24.061584
-26.27716
-24.723816
-23.847961
-24.63684
-24.22638
-23.912048
-25.540161
-23.602295
-24.22638
-25.701904
-27.464294
-25.241089
-26.242065
-25.352478
-27.616882
-27.038574
-25.186157
-25.289917
-26.45111
-26.287842
-25.473022
-25.53711
-26.92871
-27.490234
-25.411987
-26.41449
-25.578308
-28.302002
-27.200317
-24.501038
-26.763916
-24.263
-26.351929
-25.98877
-24.91455
-24.88861
-25.515747
-24.040222
-24.064636
-22.877502
-24.389648
-24.499512
-23.213196
-23.498535
-22.64862
-21.897888
-22.33429
-22.047424
-22.421265
-21.731567
-20.317078
-20.317078
-20.317078
-18.592834
-19.778442
-19.441223
-18.489075
-19.155884
-18.65387
-16.677856
-16.0141
-15.222168
-14.533997
-14.823914
-14.622498
-16.163635
-14.912415
-13.710022
-14.622498
-12.95929
-12.832642
-11.195374
-10.594177
-11.605835
-10.481262
-8.505249
-8.215332
-9.091187
-8.053589
-6.677246
-4.890442
-3.8284302
-5.4901123
-3.9154053
-3.678894
-2.6016235
-3.1417847
-2.6901245
-3.6026
-2.7557373
-1.3153076
-1.7532349
-3.666687
-2.3162842
-2.8808594
-2.4429321
-1.4785767
-0.68969727
-0.440979
-1.5014648
-0.8773804
-1.5045166
-0.34179688
0.19683838
0.6958008
1.7959595
2.1575928
1.9836426
1.7944336
1.9454956
3.2348633
3.1555176
4.5074463
3.919983
3.0303955
6.5567017
7.9315186
5.7907104
6.3308716
6.929016
6.452942
7.4295044
6.829834
9.716797
10.253906
9.954834
10.942078
10.968018
12.690735
12.690735
11.590576
12.565613
13.815308
14.501953
14.227295
12.776184
13.812256
14.801025
13.575745
12.475586
14.263916
13.975525
14.001465
14.627075
15.365601
13.076782
15.164185
14.041138
14.451599
16.012573
16.70227
14.872742
17.276001
17.30194
17.712402
17.074585
18.174744
15.759277
18.171692
17.738342
19.296265
19.921875
18.608093
19.29779
20.082092
19.41681
19.654846
20.73059
20.64209
20.388794
20.889282
21.539307
22.389221
21.702576
22.512817
23.887634
22.01233
21.784973
23.260498
23.6969
23.158264
23.75946
20.645142
22.181702
21.166992
20.455933
20.828247
22.17865
21.366882
21.339417
22.930908
22.338867
21.073914
20.263672
22.076416
21.76361
21.476746
22.340393
19.387817
19.987488
21.176147
21.386719
21.412659
20.887756
20.700073
22.236633
20.812988
20.812988
20.510864
21.325684
21.11206
19.995117
20.222473
21.572876
20.533752
20.472717
20.722961
20.40863
19.821167
20.632935
21.282959
20.057678
20.056152
21.218872
21.257019
21.031189
19.654846
18.266296
21.003723
18.502808
21.476746
18.962097
18.899536
17.797852
18.486023
17.585754
16.923523
18.55011
17.048645
18.18695
18.421936
18.273926
17.29889
17.173767
17.736816
17.170715
17.884827
18.486023
18.234253
16.357422
16.671753
17.10968
17.210388
18.048096
17.295837
16.673279
15.420532
17.858887
17.773438
15.657043
16.694641
16.00647
15.359497
15.634155
17.607117
14.630127
14.819336
13.841248
14.367676
14.796448
15.318298
14.1571045
14.732361
14.320374
14.091492
13.218689
15.7196045
14.430237
12.643433
12.65564
12.928772
13.371277
15.029907
13.781738
13.781738
13.844299
13.783264
13.243103
13.682556
13.569641
14.820862
12.620544
13.095093
14.569092
15.034485
13.822937
14.572144
13.960266
14.620972
12.709045
15.12146
13.336182
13.9328
13.41095
12.583923
13.023376
12.460327
12.684631
12.8341675
10.997009
12.898254
12.460327
12.272644
11.87439
12.649536
12.524414
12.649536
11.660767
9.358215
11.560059
11.62262
9.938049
11.621094
10.4599
11.273193
11.022949
10.696411
11.6622925
11.061096
9.072876
12.088013
9.635925
10.324097
9.738159
9.136963
9.796143
9.938049
10.362244
10.025024
9.199524
8.512878
9.109497
8.2977295
9.698486
7.885742
9.54895
9.114075
7.826233
7.951355
6.6986084
8.6380005
9.674072
9.867859
9.088135
8.46405
9.588623
7.637024
7.739258
8.898926
6.7245483
8.677673
8.677673
8.677673
7.926941
6.413269
7.6141357
8.988953
8.203125
7.1655273
8.177185
7.6416016
6.164551
8.303833
9.590149
7.991028
7.5393677
7.4264526
5.7510376
9.0271
6.2408447
5.6655884
6.1416626
7.926941
6.303406
7.86438
6.390381
7.5164795
6.829834
6.013489
6.890869
6.739807
6.765747
5.140686
5.6793213
4.312134
5.1879883
4.1259766
4.751587
4.501343
5.253601
4.626465
6.1798096
5.140686
6.1157227
6.739807
5.227661
5.6655884
5.4519653
4.588318
3.9413452
7.3425293
4.1519165
6.416321
4.2160034
6.352234
5.6167603
6.3293457
4.5791626
5.5786133
4.5654297
5.8547974
4.602051
5.378723
5.6167603
4.2526245
5.7922363
5.015564
6.478882
5.26886
5.9555054
5.9555054
5.6030273
6.477356
5.418396
6.2438965
6.1798096
5.418396
5.8547974
5.831909
5.831909
5.831909
5.7678223
4.1671753
5.7922363
5.206299
4.420471
5.395508
5.2719116
5.807495
6.2820435
4.5822144
4.8553467
5.584717
5.708313
6.083679
5.2459717
6.4971924
6.3705444
6.021118
6.6452026
7.8094482
5.522156
4.8965454
5.873108
5.5862427
7.348633
6.726074
7.698059
6.436157
5.834961
6.211853
5.3726196
6.7733765
5.911255
4.988098
5.3359985
7.437134
7.0007324
5.024719
5.975342
4.736328
5.975342
6.9396973
5.090332
4.925537
7.827759
6.665039
6.7123413
6.314087
6.539917
6.340027
5.5633545
6.689453
5.6274414
6.7504883
6.626892
5.4397583
7.4645996
6.903076
7.9803467
7.7911377
6.75354
6.0913086
6.504822
6.352234
7.1914673
5.987549
7.7041626
6.652832
8.103943
6.529236
6.1538696
7.104492
6.0913086
6.465149
6.654358
6.654358
6.654358
6.0302734
4.2175293
4.8431396
7.382202
6.4819336
5.9417725
7.107544
7.293701
5.467224
6.6696167
7.383728
6.2835693
6.60553
6.694031
6.5719604
7.8201294
7.9071045
7.069397
7.194519
9.008789
6.5689087
8.082581
7.25708
7.7575684
7.545471
6.982422
6.967163
7.255554
6.1782837
5.8425903
8.006287
5.265808
6.2545776
4.803467
6.0287476
7.3165894
4.9682617
4.6676636
4.0786743
4.1030884
5.493164
6.3446045
5.654907
4.954529
6.1782837
5.079651
5.302429
4.5562744
5.406189
3.9535522
4.7668457
4.7424316
3.6392212
4.6783447
2.8900146
5.050659
4.826355
4.1381836
4.5776367
4.614258
5.3497314
2.7893066
1.9012451
3.7261963
2.89917
4.034424
4.473877
5.2627563
3.9733887
5.1605225
4.7973633
5.3344727
4.447937
5.584717
4.9194336
5.1712036
5.1712036
5.4214478
6.3964844
6.3949585
4.9804688
5.8547974
6.5689087
6.5689087
7.1289062
6.4559937
7.9299927
8.268738
8.703613
7.2891235
6.315613
6.352234
7.7056885
7.066345
7.0648193
8.831787
7.7316284
6.742859
7.2021484
6.7276
6.814575
7.3547363
4.751587
5.7525635
5.999756
6.4483643
6.626892
7.701111
7.2006226
7.1868896
5.897522
6.9335938
6.021118
5.1452637
6.4575195
6.9091797
7.348633
7.511902
7.472229
7.536316
8.374023
7.2113037
8.41217
8.863831
7.1868896
8.862305
8.407593
9.298706
8.848572
7.121277
10.675049
8.309937
7.446289
8.822632
7.4310303
7.4295044
7.9437256
6.1187744
7.055664
7.7804565
8.932495
6.781006
7.406616
7.9452515
9.509277
7.7209473
8.720398
7.055664
6.907654
8.544922
7.270813
6.8710327
7.446289
7.446289
7.446289
5.203247
6.0943604
7.9925537
6.5811157
8.181763
6.993103
8.609009
8.506775
10.531616
10.60791
11.584473
11.157227
9.432983
11.044312
10.917664
10.192871
10.317993
10.919189
12.17041
12.017822
13.357544
12.733459
12.710571
12.583923
13.497925
12.9852295
12.046814
14.372253
13.523865
12.924194
13.310242
11.836243
14.038086
14.537048
13.459778
15.02533
12.809753
13.500977
14.060974
14.710999
14.274597
14.189148
15.350342
14.474487
14.060974
15.028381
14.102173
12.712097
13.523865
12.75177
12.875366
14.474487
15.124512
14.874268
14.671326
14.624023
13.145447
14.476013
14.250183
14.836121
13.934326
14.689636
13.150024
12.988281
15.59906
15.85083
17.617798
18.455505
18.240356
16.04004
17.253113
17.72461
19.841003
18.450928
18.615723
19.555664
19.555664
19.6167
20.466614
19.93103
21.40503
20.181274
19.555664
21.90857
22.50824
21.884155
22.357178
20.968628
22.695923
23.01941
23.092651
21.629333
23.480225
20.932007
22.132874
22.19696
23.005676
21.864319
21.990967
21.968079
22.755432
23.217773
21.366882
22.792053
20.677185
22.402954
21.655273
22.854614
21.754456
22.254944
23.321533
22.320557
21.821594
20.37201
22.135925
20.785522
22.612
22.59674
22.589111
23.21167
23.989868
25.239563
24.11499
24.177551
26.875305
25.437927
26.213074
24.961853
25.375366
26.235962
26.211548
25.335693
26.235962
26.560974
26.623535
27.101135
25.79956
26.649475
28.387451
27.249146
26.599121
29.09851
28.309631
27.432251
28.056335
28.947449
28.657532
27.430725
27.745056
29.93164
28.68042
29.003906
29.370117
29.370117
29.370117
29.718018
27.929688
27.82898
29.219055
29.182434
28.742981
28.930664
29.394531
27.642822
28.518677
28.42865
26.393127
27.456665
26.017761
27.742004
26.104736
27.053833
26.856995
28.144836
28.494263
26.14441
27.806091
26.516724
27.352905
27.542114
27.740479
29.055786
29.403687
28.889465
28.201294
28.349304
28.237915
27.349854
28.9505
28.137207
27.598572
28.32489
26.885986
26.560974
26.88446
27.037048
27.445984
25.808716
26.971436
25.741577
26.052856
24.542236
25.230408
24.229431
22.102356
22.854614
23.355103
22.415161
21.504211
20.214844
20.277405
19.012451
18.737793
17.58728
17.572021
16.471863
16.096497
17.449951
14.683533
15.34729
13.970947
12.457275
12.7456665
14.582825
11.418152
11.543274
10.415649
11.003113
9.979248
10.189819
10.6918335
10.6918335
10.6918335
8.627319
9.490967
6.30188
7.7041626
5.5114746
5.201721
5.6762695
3.9108276
4.475403
3.6895752
4.1275024
2.8518677
2.0629883
0.30975342
-0.5508423
-1.3031006
-2.017212
-1.5792847
-2.9891968
-2.9266357
-4.2663574
-5.230713
-6.1920166
-7.470703
-8.958435
-10.23407
-11.05957
-12.086487
-12.062073
-13.659668
-14.198303
-13.369751
-15.197754
-15.52887
-16.833496
-16.882324
-18.145752
-17.919922
-18.695068
-16.755676
-17.892456
-19.16809
-18.544006
-18.481445
-18.029785
-19.07959
-18.73169
-20.35675
-18.566895
-19.018555
-19.16809
-19.230652
-18.606567
-18.441772
-18.266296
-20.329285
-19.104004
-19.792175
-19.818115
-19.578552
-20.855713
-20.489502
-21.452332
-22.842407
-21.86737
-20.925903
-22.865295
-21.640015
-22.389221
-22.554016
-23.530579
-23.342896
-21.86737
-23.428345
-24.441528
-22.677612
-22.677612
-24.505615
-25.216675
-24.780273
-26.695251
-26.229858
-26.005554
-26.91803
-26.403809
-26.94397
-26.278687
-26.419067
-26.940918
-26.91803
-26.165771
-26.191711
-25.778198
-27.500916
-26.878357
-25.064087
-23.927307
-25.302124
-27.62909
-26.27716
-26.101685
-26.46637
-24.51477
-25.816345
-24.964905
-26.66626
-25.779724
-26.191711
-24.589539
-24.7406
-25.865173
-24.116516
-23.388672
-24.838257
-23.864746
-24.778748
-24.401855
-24.177551
-24.842834
-23.365784
-22.903442
-24.176025
-22.215271
-23.939514
-23.175049
-23.402405
-24.739075
-23.703003
-24.113464
-24.076843
-25.0
-25.064087
-25.712585
-25.340271
-24.40033
-24.71466
-25.064087
-26.063538
-26.065063
-26.628113
-25.90332
-27.127075
-27.102661
-28.97644
-27.75116
-28.97644
-28.027344
-27.72522
-26.58844
-28.288269
-27.72522
-26.649475
-26.397705
-27.275085
-27.275085
-26.301575
-27.848816
-27.264404
-27.43988
-25.674438
-26.316833
-25.302124
-26.715088
-25.177002
-23.988342
-25.92926
-25.216675
-25.177002
-25.064087
-24.964905
-24.217224
-24.215698
-25.279236
-23.989868
-23.703003
-24.629211
-24.003601
-23.805237
-24.215698
-23.614502
-23.216248
-23.278809
-23.117065
-23.117065
-20.98999
-22.453308
-22.615051
-23.466492
-23.657227
-24.505615
-22.843933
-24.006653
-24.84436
-24.63379
-25.068665
-24.005127
-24.427795
-26.216125
-24.780273
-25.842285
-26.715088
-26.879883
-25.84076
-25.802612
-26.12915
-26.968384
-26.167297
-25.964355
-25.906372
-25.753784
-26.377869
-24.554443
-24.505615
-24.403381
-24.14093
-25.15564
-25.75531
-24.1333
-23.6557
-23.406982
-23.017883
-22.805786
-23.181152
-22.717285
-23.530579
-21.200562
-22.842407
-23.054504
-24.139404
-23.939514
-24.526978
-24.526978
-24.526978
-22.328186
-23.34137
-22.215271
-23.704529
-23.052979
-23.527527
-22.990417
-24.50409
-24.217224
-24.053955
-25.1297
-24.528503
-25.494385
-25.819397
-24.806213
-25.344849
-25.494385
-25.694275
-25.817871
-25.404358
-25.241089
-26.567078
-25.930786
-25.065613
-25.715637
-25.379944
-25.691223
-25.067139
-24.217224
-26.005554
-25.628662
-24.554443
-26.00708
-26.319885
-24.307251
-25.170898
-22.88208
-23.68164
-23.843384
-24.3042
-21.705627
-22.018433
-21.891785
-22.51892
-22.216797
-22.016907
-22.393799
-22.216797
-21.740723
-21.20514
-22.644043
-23.031616
-20.89386
-22.99347
-22.77832
-22.970581
-21.45691
-23.121643
-23.44513
-24.256897
-24.195862
-23.683167
-23.658752
-22.743225
-25.071716
-24.182129
-25.532532
-25.532532
-26.420593
-25.382996
-25.445557
-25.028992
-25.195312
-23.516846
-24.693298
-24.554443
-24.554443
-24.806213
-25.172424
-25.068665
-24.443054
-24.53003
-24.719238
-23.657227
-24.243164
-23.742676
-24.069214
-24.183655
-23.808289
-24.07074
-24.806213
-24.94812
-22.619629
-23.573303
-21.679688
-23.571777
-21.743774
-20.170593
-21.646118
-21.51947
-21.929932
-21.478271
-22.05658
-22.392273
-22.779846
-21.780396
-22.08252
-21.517944
-22.080994
-21.891785
-20.70465
-22.7417
-21.45691
-21.844482
-22.843933
-21.417236
-22.88208
-22.080994
-23.118591
-22.454834
-22.393799
-22.7417
-24.156189
-23.405457
-23.452759
-24.467468
-23.553467
-23.443604
-24.217224
-24.528503
-23.902893
-23.278809
-23.301697
-23.492432
-23.968506
-23.59314
-23.680115
-22.392273
-22.203064
-24.403381
-23.057556
-22.390747
-23.303223
-24.468994
-23.493958
-21.681213
-23.44513
-23.745728
-21.955872
-21.017456
-22.743225
-23.719788
-21.83075
-21.83075
-21.83075
-22.743225
-21.64154
-21.292114
-22.393799
-21.11969
-22.431946
-22.367859
-20.793152
-21.394348
-21.270752
-21.829224
-20.167542
-20.58258
-21.246338
-21.932983
-21.2677
-22.393799
-22.807312
-23.446655
-23.059082
-22.718811
-22.68219
-23.283386
-24.845886
-23.368835
-25.656128
-24.006653
-24.055481
-22.355652
-23.68164
-23.556519
-24.142456
-25.094604
-24.554443
-25.717163
-25.431824
-25.367737
-22.703552
-25.46997
-24.53003
-24.905396
-23.391724
-24.093628
-25.341797
-23.706055
-22.766113
-23.944092
-22.554016
-24.632263
-22.891235
-21.791077
-23.36731
-23.280334
-23.016357
-22.840881
-22.077942
-21.354675
-21.78955
-21.78955
-22.329712
-23.554993
-21.574402
-22.525024
-22.802734
-23.388672
-22.052002
-23.425293
-23.136902
-22.137451
-22.67456
-21.638489
-22.721863
-23.94867
-24.874878
-23.512268
-23.234558
-23.234558
-23.234558
-23.236084
-23.6969
-23.545837
-25.96283
-24.1745
-25.437927
-25.611877
-25.37384
-25.33722
-25.074768
-26.400757
-26.301575
-25.152588
-25.804138
-26.063538
-25.279236
-23.739624
-25.527954
-24.42627
-24.591064
-23.841858
-23.651123
-23.802185
-25.201416
-23.739624
-24.615479
-25.52948
-24.528503
-25.39978
-24.465942
-25.463867
-23.8266
-23.112488
-23.86322
-25.590515
-25.653076
-23.350525
-25.088501
-25.404358
-24.653625
-24.05243
-23.301697
-24.716187
-24.403381
-22.724915
-24.591064
-24.427795
-24.653625
-24.029541
-24.551392
-23.240662
-25.003052
-24.404907
-24.465942
-23.051453
-23.451233
-25.692749
-24.467468
-24.378967
-24.902344
-25.590515
-24.926758
-23.239136
-23.51532
-24.59259
-23.239136
-24.34082
-25.779724
-24.116516
-24.180603
-23.052979
-23.677063
-23.48938
-24.27826
-24.552917
-23.454285
-23.454285
-23.454285
-24.316406
-23.713684
-24.528503
-23.390198
-23.452759
-24.403381
-23.513794
-25.216675
-24.464417
-25.202942
-24.615479
-24.05243
-22.801208
-25.502014
-24.111938
-24.014282
-23.176575
-24.403381
-25.1297
-25.13733
-23.414612
-25.239563
-24.742126
-24.716187
-22.724915
-25.527954
-24.014282
-23.364258
-25.028992
-24.07837
-25.8667
-23.612976
-25.341797
-24.813843
-24.905396
-26.127625
-24.964905
-25.58899
-24.34082
-23.677063
-23.075867
-24.403381
-25.502014
-24.775696
-24.775696
-24.46289
-25.11444
-23.736572
-25.776672
-23.887634
-24.963379
-25.437927
-23.925781
-24.589539
-24.48883
-24.42627
-23.86322
-24.487305
-26.628113
-25.502014
-23.364258
-24.276733
-23.51532
-23.764038
-25.11444
-24.964905
-24.839783
-25.201416
-24.902344
-24.48883
-23.414612
-23.262024
-24.876404
-23.049927
-24.653625
-24.653625
-24.653625
-22.679138
-23.32306
-24.34082
-24.31488
-24.513245
-23.802185
-22.799683
-24.07837
-23.112488
-23.239136
-23.77472
-23.213196
-23.988342
-23.176575
-25.30365
-23.301697
-24.42627
-23.86322
-23.825073
-23.641968
-23.239136
-24.238586
-23.61145
-24.378967
-22.63794
-23.55194
-25.802612
-23.925781
-23.928833
-25.817871
-24.615479
-25.091553
-24.276733
-24.490356
-24.775696
-23.675537
-25.093079
-25.003052
-25.61493
-23.51532
-25.338745
-24.31488
-25.552368
-25.115967
-25.003052
-25.177002
-24.928284
-26.028442
-24.813843
-23.828125
-23.991394
-24.87793
-25.27771
-23.51532
-24.491882
-24.87793
-24.465942
-23.901367
-25.463867
-24.14093
-24.839783
-24.839783
-24.151611
-23.866272
-24.176025
-23.96698
-23.678589
-24.464417
-24.276733
-24.27826
-24.40033
-25.201416
-24.029541
-25.654602
-24.926758
-24.90387
-24.90387
-24.90387
-23.988342
-23.988342
-23.414612
-24.401855
-24.589539
-24.653625
-24.751282
-25.003052
-23.802185
-23.61145
-24.551392
-24.377441
-24.313354
-23.451233
-25.437927
-23.8266
-24.116516
-23.902893
-25.178528
-24.316406
-23.927307
-24.238586
-23.928833
-22.676086
-23.51532
-23.454285
-23.51532
-24.839783
-23.713684
-25.065613
-24.363708
-24.31488
-23.950195
-23.80371
-24.86267
-23.777771
-24.31488
-23.840332
-23.61145
-25.178528
-24.926758
-24.301147
-24.551392
-24.401855
-24.490356
-24.214172
-24.014282
-25.090027
-25.091553
-25.027466
-24.838257
-24.749756
-24.48883
-24.926758
-25.05188
-25.527954
-24.212646
-23.988342
-25.527954
-23.864746
-23.80066
-23.51532
-25.439453
-24.926758
-24.67804
-25.239563
-24.05243
-24.276733
-23.51532
-23.776245
-23.927307
-25.138855
-23.925781
-25.900269
-23.51532
-23.214722
-23.214722
-23.214722
-24.05243
-23.739624
-24.377441
-25.05188
-25.003052
-23.612976
-25.401306
-24.276733
-25.027466
-24.238586
-24.316406
-24.363708
-24.363708
-23.738098
-24.116516
-24.214172
-24.014282
-23.301697
-25.778198
-24.48883
-22.676086
-24.94049
-24.014282
-24.617004
-25.500488
-24.363708
-25.465393
-23.777771
-25.201416
-24.401855
-24.552917
-24.05243
-24.839783
-23.8266
-24.176025
-24.51477
-24.464417
-25.239563
-25.090027
-24.34082
-24.05243
-23.951721
-23.278809
-25.691223
-25.154114
-23.216248
-23.902893
-23.951721
-24.591064
-24.589539
-23.901367
-26.104736
-24.615479
-25.58899
-24.964905
-26.002502
-24.275208
-24.777222
-25.566101
-24.943542
-24.45221
-23.904419
-24.653625
-25.093079
-24.751282
-24.238586
-24.403381
-25.27771
-25.088501
-23.802185
-24.465942
-25.028992
-25.216675
-25.088501
-24.589539
-25.276184
-25.276184
-25.276184
-23.451233
-23.327637
-24.653625
-23.887634
-24.42627
-25.241089
-23.214722
-24.316406
-25.175476
-25.8667
-25.152588
-23.988342
-24.27826
-23.739624
-23.240662
-24.27826
-24.27826
-24.316406
-23.428345
-23.388672
-24.403381
-25.566101
-24.51477
-24.839783
-24.51477
-23.989868
-23.30017
-23.553467
-25.30365
-24.591064
-25.465393
-23.988342
-23.365784
-23.713684
-25.592041
-24.513245
-24.404907
-24.679565
-23.902893
-24.176025
-25.006104
-25.27771
-25.239563
-24.427795
-24.839783
-23.86322
-23.364258
-22.640991
-24.403381
-24.07837
-23.428345
-23.213196
-23.901367
-23.049927
-23.32611
-23.1781
-23.487854
