1.6791687
1.9784546
2.2920837
2.118515
1.4469299
1.0207672
1.2709656
1.5834045
1.5522766
1.4984131
1.5786133
1.6504364
1.8288116
1.9533081
2.0742188
2.1604004
2.0502777
1.7090912
1.1069489
1.2434235
1.7306519
1.9149933
1.7533875
1.3655396
1.0937805
1.2254639
1.3248291
0.980072
0.71551514
0.9106293
1.1105499
1.0866089
0.43418884
-0.43492126
-0.50315857
0.4282074
1.2673645
1.2625732
1.2338562
1.3200378
1.4960175
1.802475
1.7821198
1.4445343
1.2146912
1.4481354
1.8647156
2.0562592
2.0
1.9341431
1.9473267
2.1640015
2.3495483
2.4884186
2.4297485
2.1687927
1.8527527
1.6947327
2.0071716
2.5470734
2.7601624
2.3686981
1.7881012
1.6707916
1.8347931
1.857544
1.8695068
2.1125183
2.4644623
2.6871338
2.6057281
2.241806
1.7282562
1.4517212
1.628891
1.9640808
2.17836
2.0167542
1.8240204
1.6624146
1.6181183
1.7605743
1.3104553
0.21870422
-0.42652893
-0.16436768
0.67959595
1.4433441
1.5666351
1.2182922
0.7837372
0.70832825
1.0303497
1.3727112
1.5917816
1.8742981
2.1484375
2.2621613
2.2106934
2.055069
2.1221008
2.2753296
2.3710938
2.478836
2.6057281
2.4321442
2.0765991
1.9473267
2.0825958
2.059845
1.6540222
0.9992218
0.72987366
1.0710449
1.395462
1.4493256
1.2541962
0.91781616
0.83880615
1.2362518
1.802475
2.1915283
2.3268127
2.2513885
2.1376648
2.0562592
2.023941
2.1208954
2.1532288
2.0143585
1.8443756
1.8252106
1.608551
1.1895599
1.229065
1.4996033
1.6540375
1.2410278
0.29890442
-0.2936554
-3.6621094E-4
0.5179901
0.7250824
0.6341095
0.6161499
0.8124695
1.0877991
1.4098206
1.8300018
2.0778046
2.1005554
2.2011108
2.2130737
1.9736633
1.7833252
1.7605743
1.8611298
2.0071716
2.2789154
2.1592102
1.86232
2.2370148
2.5602417
2.5350952
2.068222
1.5247498
0.75860596
0.8699341
1.7617798
2.0598602
1.4361572
0.86035156
0.6125488
0.83161926
1.2434235
1.6911469
1.8323975
1.8886566
2.02034
2.3148346
2.2549744
2.1580048
2.2537842
2.2956848
2.1065369
1.7928925
1.4493256
1.6097412
1.9987946
2.0778046
1.7857208
1.0219574
0.12892151
-0.28048706
0.19236755
1.0782166
1.3583374
0.8699341
0.5191803
0.70114136
1.3152466
1.7857208
1.9329529
1.8335876
1.7258606
1.7509918
1.9545135
2.166397
2.2430115
2.3950348
2.640442
2.9792175
3.162384
2.4417267
1.4589081
1.3140564
1.7605743
1.7438202
1.3343964
0.6161499
-0.15957642
-0.15240479
0.3707428
0.67359924
0.54670715
0.25222778
0.15048218
0.4030609
0.8483887
1.1368866
1.2577972
1.3284302
1.3691254
1.34758
1.2877197
1.2793427
1.352356
1.3140564
1.2194824
1.3116608
1.5331268
1.4960175
1.2554016
1.1799774
1.2206879
1.1117401
0.46411133
-0.51272583
-1.0538177
-0.7760925
-0.13204956
0.29771423
0.5443268
0.56466675
0.6748047
0.901062
1.0626678
1.1859589
1.4182129
1.6660004
1.7485962
1.6660004
1.608551
1.6276855
1.5858002
1.5905914
1.8527527
2.1651917
2.3339844
2.3507385
2.41539
2.4716492
1.980835
1.7917023
1.7593689
1.6001587
1.5187683
1.34758
0.98246765
0.74902344
0.92858887
1.2362518
1.4445496
1.5905914
1.7988892
2.0490723
2.1951294
2.1795654
2.0682373
2.0490723
2.0490723
2.1280823
2.2537842
2.2453918
2.2789154
2.4560852
2.5722046
2.8319855
3.6148834
3.0079498
1.8539429
0.5970001
-0.25654602
-0.7760925
-0.6288452
0.13252258
0.77415466
1.1261139
1.2721558
1.3655243
1.4648895
1.6947327
2.1424408
2.5710144
2.786499
2.90979
2.7661438
2.459671
2.380661
2.3220215
2.1771698
2.0454865
2.134079
2.226242
2.1280823
2.1640015
2.5219269
2.7266388
2.4165802
1.822815
1.1273041
0.5108032
0.6316986
1.0973816
1.2554016
1.000412
0.72268677
0.5886078
0.74783325
1.2278595
1.8635254
2.4273682
2.5554504
2.2166595
1.802475
1.7306519
2.0059814
2.1448517
2.0263367
1.8120575
1.6312866
1.5750275
1.5283356
1.3451843
1.0662537
0.8651428
0.58981323
0.12773132
-0.21105957
0.029556274
0.78852844
1.316452
1.3008881
1.0447083
0.9716797
1.1799774
1.5570679
1.8527527
2.217865
2.5350952
2.5865784
2.3926392
2.1987152
2.169983
2.4417267
2.7314148
2.7793121
2.6847382
2.549469
2.5111542
2.581787
2.5123596
2.2250519
1.881485
1.3966522
0.8507843
0.79811096
0.83880615
0.7657776
0.81365967
0.9237976
1.0099945
1.1787872
1.5127716
1.8359985
2.1113281
2.2310333
2.209488
2.0622406
1.8982391
1.6983185
1.7378387
2.0191498
2.367508
2.5363007
2.4656677
2.1604156
2.083786
2.1843414
2.1592102
1.7785339
1.1811829
0.5838318
0.19955444
0.490448
0.9537201
1.2350464
1.1332855
0.84599304
0.7909241
1.2182922
1.8790894
2.4465027
2.6990967
2.628479
2.554245
2.502777
2.3746796
2.1975098
2.1675873
2.3734894
2.7098694
2.9516907
3.0235138
3.1396332
3.2318115
2.918167
2.5374908
1.9916077
1.5618591
1.8240204
1.8240204
1.4517212
1.2266693
1.2996979
1.4098206
1.6253052
1.3056793
0.82444763
1.2206879
2.1460419
2.822403
2.9947815
2.945694
2.846344
2.7481842
2.4931946
2.351944
2.430954
2.67276
2.799652
2.782898
2.6979065
2.5602417
2.5207367
2.4129944
2.269333
1.8994293
1.1356812
0.60058594
0.77415466
1.4205933
1.9557037
1.9557037
1.4804535
1.1105499
1.0267487
1.3631439
2.1041412
2.9313354
3.364685
3.222229
2.8822632
2.7457886
2.6141052
2.8164215
3.0642242
2.9145813
2.8595123
3.6891022
3.617279
2.3818665
2.0526733
1.7785339
