0.21490479
0.41357422
0.486557
0.4151764
0.34220886
0.39067078
0.44554138
0.40452576
0.3320923
0.3017273
0.28733826
0.25325012
0.19839478
0.16804504
0.16590881
0.10998535
-0.03224182
-0.1403656
-0.08656311
0.08973694
0.123291016
0.07215881
-0.038635254
-0.15048218
-0.16592407
-0.19256592
-0.31666565
-0.39230347
-0.3395691
-0.32998657
-0.44769287
-0.6032257
-0.68045044
-0.60694885
-0.44822693
-0.33210754
-0.29109192
-0.22772217
-0.14888
-0.10946655
-0.16699219
-0.23091125
-0.21121216
-0.15208435
-0.07698059
0.017303467
0.081222534
0.12223816
0.200531
0.31610107
0.41996765
0.5009308
0.5632477
0.55526733
0.43489075
0.3070526
0.2820282
0.35765076
0.47109985
0.5430145
0.4908142
0.35658264
0.2601776
0.22129822
0.19572449
0.1728363
0.1690979
0.17869568
0.1797638
0.12968445
-0.0098724365
-0.17445374
-0.2303772
-0.14834595
-0.0657959
-0.0466156
-0.1126709
-0.23410034
-0.306015
-0.32785034
-0.3587494
-0.5164032
-0.7443695
-0.781662
-0.563797
-0.23730469
-0.061538696
-0.10202026
-0.27565002
-0.448761
-0.49136353
-0.40509033
-0.27778625
-0.18403625
-0.10681152
-0.04928589
-0.045547485
-0.07858276
-0.10202026
-0.09190369
-0.03489685
0.042877197
0.11210632
0.18615723
0.25912476
0.25964355
0.22555542
0.25431824
0.2617798
0.18241882
0.11584473
0.18081665
0.33955383
0.49879456
0.5755005
0.4897461
0.35125732
0.27189636
0.27456665
0.3363495
0.35871887
0.26391602
0.13235474
0.04660034
0.0061187744
-0.0040130615
0.008239746
0.016235352
0.010910034
-0.026382446
-0.06100464
-0.080703735
-0.08230591
-0.022125244
0.11956787
0.20585632
0.08015442
-0.11853027
-0.17605591
-0.06738281
0.062042236
0.10038757
0.081222534
0.02848816
0.021026611
0.0987854
0.2239685
0.35125732
0.42103577
0.4077301
0.3965454
0.40559387
0.359787
0.29640198
0.31451416
0.4071808
0.5312958
0.6564636
0.74380493
0.8210449
0.96006775
1.1012115
1.1443481
1.0495453
0.8402252
0.772583
0.9089203
1.1235809
1.190155
1.0159912
0.8045349
0.71398926
0.75712585
0.87750244
0.96432495
0.99627686
0.98669434
0.9637909
0.9057312
0.81625366
0.70706177
0.6388855
0.5904236
0.4950714
0.36457825
0.28414917
0.2985382
0.3400879
0.34753418
0.200531
-0.13024902
-0.37791443
-0.3630066
-0.13557434
0.14407349
0.26657104
0.16696167
0.059921265
0.08654785
0.2351532
0.392807
0.42210388
0.37097168
0.3139801
0.30065918
0.34700012
0.3816223
0.3608551
0.33847046
0.35125732
0.3677826
0.34753418
0.29107666
0.2878723
0.41784668
0.6873627
0.9637909
1.0490112
0.9323578
0.8636627
0.9499512
1.1757812
1.3680573
1.3936157
1.2705841
1.1645966
1.1619263
1.2141266
1.2279663
1.1779022
1.0729828
0.9334259
0.7864227
0.6500702
0.54141235
0.46258545
0.39759827
0.34381104
0.32995605
0.34114075
0.28468323
0.15791321
0.08280945
0.08441162
0.041275024
-0.14302063
-0.31666565
-0.2975006
-0.06793213
0.28308105
0.535553
0.57603455
0.49134827
0.4194336
0.39440918
0.41996765
0.458313
0.48016357
0.50679016
0.5142517
0.4519348
0.34700012
0.29693604
0.30651855
0.3539276
0.42530823
0.5185089
0.5888214
0.5946808
0.60479736
0.6191864
0.5808258
0.5121155
0.4577942
0.45458984
0.4620514
0.4386139
0.39653015
0.36724854
0.38536072
0.43275452
0.48921204
0.5296936
0.53182983
0.5089264
0.46044922
0.38215637
0.2697754
0.1690979
0.12649536
0.116378784
0.09933472
0.06364441
0.055648804
0.06629944
0.06524658
0.027954102
-0.08869934
-0.24902344
-0.2692566
-0.38963318
-0.5893707
-0.53504944
-0.28364563
-0.029571533
0.1605835
0.20851135
0.10572815
-0.013061523
-0.033309937
0.03807068
0.16590881
0.24794006
0.19839478
0.10571289
-0.010940552
-0.13397217
-0.22612
-0.28683472
-0.33743286
-0.3294525
-0.24475098
-0.10360718
0.08229065
0.26498413
0.41784668
0.48388672
0.40238953
0.1845398
-0.020523071
-0.03224182
0.12223816
0.32196045
0.4242401
0.3336792
0.184021
0.1259613
0.1797638
0.30812073
0.41836548
0.43489075
0.33262634
0.15951538
-0.0029449463
-0.057281494
-0.040237427
-0.052474976
-0.12332153
-0.21759033
-0.272995
-0.29429626
-0.3006897
-0.35235596
-0.40881348
-0.4152069
-0.48017883
-0.57499695
-0.50575256
-0.2580719
0.0029144287
0.11477661
0.020492554
-0.19096375
-0.34170532
-0.32252502
-0.17710876
-0.040237427
0.03541565
0.059921265
0.011444092
-0.068984985
-0.11853027
-0.11479187
-0.07058716
-0.016784668
-0.0013427734
-0.01838684
0.0018463135
0.054595947
0.11264038
0.16165161
0.15791321
0.10891724
0.047668457
0.022628784
0.099868774
0.23248291
0.34220886
0.37522888
0.35499573
0.3416748
0.36138916
0.40878296
0.4428711
0.43222046
0.38587952
0.29374695
0.15686035
0.026351929
-0.039154053
-0.016799927
0.050323486
0.09399414
0.06736755
-0.03543091
-0.14569092
-0.2026825
-0.19628906
-0.16859436
-0.21972656
-0.34542847
-0.4386444
-0.434906
-0.3006897
-0.16220093
-0.1446228
-0.26872253
-0.43862915
-0.48817444
-0.3406372
-0.07858276
0.0982666
0.11691284
0.010375977
-0.092422485
-0.1446228
-0.18936157
-0.23304749
-0.2383728
-0.17019653
-0.04928589
0.08547974
0.16537476
0.18774414
0.1770935
0.113708496
0.019424438
-0.028503418
0.0061187744
0.16217041
0.24047852
0.2037201
0.19094849
0.27082825
0.38482666
0.406662
0.30119324
0.3097229
0.46418762
0.6404877
0.6612549
0.5099945
0.35658264
0.22503662
0.088150024
-0.051940918
-0.11904907
-0.102005005
-0.054611206
-0.03968811
-0.089767456
-0.13876343
-0.17604065
-0.20480347
-0.17285156
-0.14302063
-0.19895935
-0.34436035
-0.41200256
-0.29110718
-0.094558716
0.0077056885
-0.08602905
-0.33903503
-0.5531616
-0.5467682
-0.33052063
-0.02798462
0.17869568
0.21543884
0.08708191
-0.0934906
-0.20108032
-0.22825623
-0.22558594
-0.2191925
-0.2303772
-0.2000122
-0.11906433
-0.20640564
-0.42585754
-0.44448853
-0.29962158
-0.18882751
