22.63794
21.925354
23.951721
23.503113
22.651672
22.465515
23.400879
22.340393
24.279785
23.03009
23.440552
21.928406
22.903442
21.177673
22.265625
21.86737
22.616577
22.616577
22.616577
21.66748
21.86737
22.166443
21.479797
21.354675
21.453857
23.05603
21.994019
21.955872
23.095703
22.657776
23.822021
23.49701
23.799133
24.986267
22.660828
23.284912
24.987793
24.925232
24.250793
24.850464
24.761963
25.260925
24.94812
25.637817
24.725342
24.287415
24.487305
25.737
25.14038
26.411438
27.610779
25.09613
26.069641
25.822449
25.610352
25.230408
25.40741
25.694275
26.654053
26.631165
26.7807
25.917053
25.87738
24.839783
25.128174
26.094055
26.15509
26.113892
25.752258
27.453613
27.043152
27.731323
25.531006
26.57013
26.695251
28.045654
27.146912
28.396606
27.983093
28.895569
28.334045
27.772522
28.49884
29.626465
28.862
29.063416
29.77295
31.22406
29.499817
28.674316
30.226135
30.226135
30.226135
30.500793
32.292175
32.203674
32.162476
32.70111
32.53784
31.887817
33.239746
32.455444
32.78961
33.34961
32.939148
32.913208
33.198547
34.384155
33.799744
34.32312
35.198975
33.285522
34.735107
33.821106
34.00879
33.09784
34.0744
32.470703
33.55713
32.244873
33.120728
30.931091
33.280945
33.343506
32.844543
32.156372
31.581116
32.43103
31.83136
31.208801
32.84607
31.40564
32.05719
30.26886
31.306458
30.993652
32.05719
32.11975
31.019592
30.332947
31.681824
31.106567
29.753113
31.57959
30.931091
29.753113
30.853271
29.16565
28.00293
28.91388
29.916382
28.936768
29.101562
28.91388
27.212524
27.11029
27.838135
26.997375
26.583862
25.708008
26.38092
26.14441
24.25232
24.440002
22.991943
22.991943
22.991943
22.26715
21.36383
18.885803
19.351196
18.88733
17.875671
16.33606
16.862488
15.873718
15.707397
15.048218
11.968994
11.695862
12.031555
12.055969
12.382507
9.555054
10.844421
11.369324
9.617615
7.9818726
9.3688965
7.7926636
6.0897827
7.878113
8.480835
10.15625
9.344482
9.4696045
9.082031
8.306885
8.332825
10.006714
8.02002
8.331299
6.993103
6.756592
7.8552246
6.692505
6.57959
6.1294556
5.317688
6.0668945
6.1279297
4.714966
5.253601
5.7678223
4.8812866
3.691101
3.691101
1.5151978
3.1784058
2.053833
0.077819824
0.3250122
-2.2994995
-3.050232
-3.149414
-4.347229
-6.639099
-7.1655273
-7.635498
-9.715271
-9.762573
-10.087585
-11.376953
-12.12616
-13.064575
-12.486267
-12.251282
-13.839722
-13.752747
-13.752747
-13.752747
-13.879395
-13.563538
-12.088013
-13.726807
-13.110352
-12.483215
-12.210083
-11.621094
-11.25946
-10.397339
-11.895752
-11.248779
-13.586426
-12.770081
-14.038086
-14.248657
-14.813232
-15.286255
-13.873291
-14.099121
-16.236877
-13.562012
-14.511108
-16.325378
-15.699768
-16.236877
-16.325378
-16.926575
-18.527222
-17.199707
-17.9245
-19.404602
-18.86444
-18.22815
-19.389343
-19.865417
-19.587708
-19.73877
-19.952393
-20.713806
-22.175598
-22.151184
-22.903442
-20.835876
-22.462463
-21.27533
-22.024536
-22.712708
-22.113037
-22.373962
-22.651672
-23.602295
-23.236084
-22.27478
-22.549438
-21.549988
-22.111511
-21.296692
-22.998047
-21.360779
-21.588135
-22.247314
-21.42334
-20.687866
-19.984436
-21.998596
-22.000122
-20.62378
-21.273804
-21.3974
-22.688293
-22.68982
-22.68982
-22.68982
-20.925903
-22.436523
-21.614075
-21.977234
-21.612549
-21.33789
-20.710754
-20.26062
-20.735168
-20.898438
-20.709229
-20.62378
-20.925903
-20.361328
-21.0495
-20.79773
-21.33789
-23.162842
-21.984863
-22.546387
-21.810913
-22.085571
-23.600769
-23.02246
-23.472595
-23.060608
-24.412537
-22.546387
-22.895813
-23.55957
-23.10791
-25.196838
-23.583984
-24.273682
-22.650146
-22.436523
-23.10028
-23.124695
-21.862793
-22.625732
-20.587158
-22.04132
-21.313477
-20.950317
-21.836853
-21.339417
-21.211243
-22.43805
-20.877075
-20.941162
-21.401978
-22.839355
-20.838928
-21.177673
-21.177673
-20.651245
-19.714355
-20.402527
-19.740295
-19.050598
-20.965576
-20.899963
-20.150757
-19.177246
-20.967102
-20.11261
-20.300293
-20.526123
-20.214844
-19.65332
-21.090698
-20.751953
-19.302368
-19.302368
-19.325256
-22.477722
-21.1792
-21.902466
-21.488953
-21.463013
-22.175598
-21.24939
-23.600769
-22.587585
-21.838379
-21.899414
-23.039246
-24.874878
-24.765015
-23.602295
-22.351074
-24.227905
-22.676086
-23.376465
-22.50061
-21.774292
-21.838379
-21.276855
-22.77832
-22.114563
-19.699097
-20.326233
-23.292542
-20.899963
-20.840454
-20.425415
-21.1792
-20.941162
-20.753479
-19.888306
-19.589233
-20.5307
-20.301819
-20.277405
-19.302368
-21.279907
-18.515015
-20.27893
-20.591736
-20.254517
-20.553589
-19.84253
-20.429993
-20.840454
-20.84198
-21.279907
-19.651794
-20.251465
-20.362854
-19.950867
-19.674683
-19.198608
-19.326782
-20.387268
-22.251892
-21.33789
-19.735718
-21.714783
-22.087097
-21.96045
-22.273254
-22.373962
-21.79718
-22.547913
-21.447754
-21.398926
-23.03772
-20.733643
-20.733643
-20.733643
-21.56372
-22.000122
-20.87555
-20.489502
-22.213745
-21.447754
-21.810913
-20.300293
-20.98999
-20.96405
-20.42694
-19.94934
-20.213318
-20.25299
-19.80133
-21.090698
-20.526123
-20.315552
-19.952393
-19.888306
-19.99054
-19.326782
-19.717407
-19.491577
-18.551636
-16.975403
-17.475891
-17.054749
-17.417908
