-22.050476
-20.854187
-21.018982
-21.50116
-20.323181
-20.916748
-22.668457
-22.367859
-20.39032
-20.68634
-22.224426
-22.418213
-22.149658
-21.655273
-23.236084
-21.557617
-22.320557
-22.320557
-22.320557
-20.721436
-21.549988
-21.232605
-21.318054
-22.769165
-21.614075
-21.97113
-21.67511
-22.111511
-19.941711
-20.291138
-19.413757
-18.452454
-18.115234
-18.536377
-18.695068
-19.340515
-18.530273
-19.255066
-17.619324
-16.970825
-17.990112
-18.502808
-18.974304
-18.881226
-18.42041
-17.185974
-18.026733
-17.718506
-16.78009
-19.361877
-18.061829
-20.404053
-20.141602
-19.876099
-19.186401
-21.981812
-21.520996
-19.761658
-22.810364
-21.513367
-21.35315
-21.896362
-23.92273
-23.336792
-23.153687
-21.434021
-22.294617
-22.746277
-23.79303
-22.99347
-21.458435
-21.37146
-21.652222
-20.651245
-20.780945
-20.890808
-20.27893
-19.978333
-21.6156
-20.491028
-20.70465
-19.332886
-18.807983
-18.363953
-17.75055
-18.582153
-19.79065
-20.317078
-19.822693
-18.35022
-17.70935
-17.70935
-17.70935
-17.675781
-15.856934
-16.870117
-18.901062
-17.393494
-19.282532
-18.94226
-17.462158
-15.544128
-17.953491
-19.326782
-17.793274
-18.084717
-19.494629
-19.926453
-18.841553
-19.067383
-18.37616
-20.06073
-20.594788
-20.14618
-21.12732
-20.663452
-20.387268
-21.609497
-23.194885
-22.64862
-21.958923
-23.686218
-23.23761
-24.090576
-23.579407
-23.667908
-24.02649
-23.634338
-24.279785
-23.634338
-23.568726
-24.482727
-24.821472
-25.05188
-25.642395
-24.531555
-24.821472
-24.095154
-25.81482
-24.317932
-24.438477
-24.80011
-26.283264
-25.613403
-25.257874
-26.283264
-26.141357
-26.786804
-26.083374
-28.118896
-25.976562
-27.841187
-27.528381
-28.126526
-28.92456
-30.096436
-27.980042
-29.826355
-29.881287
-30.570984
-32.217407
-31.816101
-33.226013
-32.629395
-32.089233
-32.089233
-32.089233
-32.608032
-33.602905
-35.507202
-33.283997
-35.505676
-34.625244
-35.11505
-35.333252
-35.751343
-37.65564
-35.858154
-36.845398
-36.875916
-37.698364
-37.409973
-36.78894
-38.027954
-37.2818
-37.498474
-37.301636
-37.361145
-37.036133
-37.960815
-38.76953
-38.534546
-37.875366
-37.364197
-37.32605
-37.45117
-37.216187
-36.738586
-36.44409
-35.949707
-36.92169
-36.45935
-37.77466
-37.374878
-37.23755
-38.1073
-37.834167
-38.3255
-38.282776
-37.47101
-38.331604
-38.946533
-39.012146
-37.79602
-37.04071
-38.208008
-36.631775
-38.208008
-37.849426
-36.698914
-37.53357
-37.797546
-38.2782
-39.097595
-37.097168
-36.81183
-38.130188
-39.49585
-35.513306
-39.100647
-36.51123
-35.55603
-37.878418
-37.104797
-36.946106
-34.99298
-35.40497
-36.471558
-35.46295
-35.46295
-35.46295
-36.917114
-36.436462
-36.6745
-36.74164
-34.35211
-33.398438
-34.947205
-34.43451
-33.387756
-34.42688
-34.46808
-36.413574
-35.13031
-33.57544
-35.6308
-34.931946
-35.15625
-34.342957
-33.73108
-34.77478
-34.33075
-34.843445
-34.82361
-33.769226
-34.40399
-34.324646
-33.772278
-34.42688
-34.069824
-34.454346
-33.403015
-36.340332
-34.825134
-33.743286
-33.026123
-33.807373
-32.188416
-32.351685
-33.242798
-32.62329
-32.23419
-31.948853
-32.76825
-30.905151
-30.833435
-31.256104
-30.48706
-30.581665
-31.503296
-29.811096
-31.44226
-31.41632
-30.352783
-30.232239
-30.267334
-31.289673
-31.492615
-29.948425
-30.74646
-30.682373
-31.721497
-29.927063
-31.404114
-32.321167
-30.497742
-31.770325
-31.773376
-31.596375
-31.243896
-31.111145
-31.863403
-33.451843
-33.451843
-33.451843
-31.92749
-32.113647
-32.019043
-33.070374
-32.011414
-31.976318
-31.027222
-30.540466
-31.315613
-31.626892
-31.021118
-31.590271
-31.925964
-31.704712
-31.791687
-30.464172
-31.976318
-32.640076
-30.041504
-30.25055
-31.167603
-31.204224
-31.407166
-29.455566
-29.940796
-29.896545
-31.369019
-30.25055
-29.57611
-29.374695
-28.886414
-29.440308
-29.667664
-29.76532
-31.428528
-30.537415
-31.91986
-30.625916
-30.180359
-31.140137
-31.159973
-33.805847
-31.692505
-30.639648
-31.460571
-31.985474
-30.517578
-32.12433
-32.936096
-33.666992
-32.717896
-32.0343
-32.496643
-33.259583
-33.26416
-31.898499
-33.641052
-33.73108
-33.935547
-32.258606
-33.953857
-31.637573
-32.400513
-33.71582
-33.95996
-31.967163
-32.565308
-33.60138
-33.13141
-32.92694
-33.82721
-33.058167
-33.59375
-33.59375
-32.296753
-32.57141
-33.265686
-32.206726
-32.148743
-31.855774
-32.232666
-30.960083
-31.414795
-30.700684
-31.472778
-30.615234
-31.199646
-30.427551
-32.287598
-31.41632
-31.114197
-32.362366
-30.145264
-31.962585
-31.272888
-30.741882
-31.471252
-31.262207
-32.89337
-31.517029
-31.907654
-31.28357
-34.12018
-31.636047
-32.499695
-32.43866
-33.268738
-33.665466
-33.065796
-32.514954
-32.19757
-33.621216
-32.574463
-33.86383
-33.5907
-34.428406
-32.347107
-33.865356
-34.34601
-33.584595
-33.901978
-33.529663
-34.036255
-34.08203
-34.091187
-34.432983
-32.917786
-33.56781
-31.712341
-33.241272
-31.617737
-32.411194
-33.87451
-31.994629
-33.10547
-31.980896
-30.758667
-33.18329
-31.208801
-31.332397
-30.227661
-29.808044
-29.441833
-30.256653
-30.116272
-31.117249
-31.19049
-31.307983
-31.307983
-31.307983
-33.01239
-31.777954
-32.92694
-33.16803
-32.67212
-30.116272
-31.17218
-32.565308
-32.662964
-32.36389
-32.44171
-33.229065
-33.129883
-33.573914
-33.076477
-33.82263
-33.598328
-34.298706
-33.242798
-32.514954
-33.688354
-33.88214
-33.65631
-34.20105
-32.777405
-33.425903
-32.91931
-35.899353
-36.949158
