1624764188707
1624764188708
1624764188725
1624764188750
1624764188762
1624764188778
1624764188798
1624764188820
1624764188839
1624764188859
1624764188878
1624764188898
1624764188918
1624764188938
1624764188958
1624764188978
1624764188998
1624764189018
1624764189038
1624764189060
1624764189079
1624764189098
1624764189119
1624764189142
1624764189161
1624764189179
1624764189199
1624764189223
1624764189239
1624764189258
1624764189279
1624764189299
1624764189320
1624764189345
1624764189358
1624764189379
1624764189400
1624764189420
1624764189441
1624764189459
1624764189479
1624764189499
1624764189518
1624764189538
1624764189558
1624764189578
1624764189599
1624764189618
1624764189640
1624764189660
1624764189679
1624764189699
1624764189719
1624764189741
1624764189760
1624764189780
1624764189800
1624764189818
1624764189838
1624764189858
1624764189880
1624764189900
1624764189920
1624764189940
1624764189959
1624764189979
1624764190000
1624764190019
1624764190040
1624764190060
1624764190079
1624764190099
1624764190119
1624764190140
1624764190159
1624764190179
1624764190198
1624764190218
1624764190238
1624764190259
1624764190279
1624764190299
1624764190319
1624764190338
1624764190359
1624764190379
1624764190400
1624764190420
1624764190440
1624764190460
1624764190480
1624764190500
1624764190520
1624764190540
1624764190560
1624764190580
1624764190600
1624764190620
1624764190640
1624764190660
1624764190680
1624764190700
1624764190730
1624764190740
1624764190759
1624764190780
1624764190801
1624764190820
1624764190839
1624764190860
1624764190882
1624764190901
1624764190922
1624764190940
1624764190960
1624764190983
1624764191001
1624764191020
1624764191039
1624764191061
1624764191079
1624764191100
1624764191120
1624764191140
1624764191160
1624764191180
1624764191200
1624764191220
1624764191240
1624764191260
1624764191280
1624764191301
1624764191321
1624764191340
1624764191360
1624764191380
1624764191400
1624764191420
1624764191440
1624764191460
1624764191481
1624764191500
1624764191521
1624764191541
1624764191560
1624764191580
1624764191600
1624764191620
1624764191639
1624764191662
1624764191680
1624764191700
1624764191720
1624764191740
1624764191762
1624764191781
1624764191801
1624764191821
1624764191841
1624764191860
1624764191896
1624764191902
1624764191919
1624764191939
1624764191966
1624764191982
1624764192000
1624764192020
1624764192040
1624764192059
1624764192080
1624764192100
1624764192120
1624764192141
1624764192161
1624764192180
1624764192200
1624764192220
1624764192241
1624764192260
1624764192280
1624764192301
1624764192320
1624764192340
1624764192360
1624764192380
1624764192401
1624764192422
1624764192441
1624764192462
1624764192481
1624764192500
1624764192522
1624764192542
1624764192560
1624764192581
1624764192601
1624764192620
1624764192641
1624764192661
1624764192681
1624764192701
1624764192723
1624764192741
1624764192762
1624764192782
1624764192801
1624764192822
1624764192841
1624764192862
1624764192882
1624764192901
1624764192921
1624764192942
1624764192961
1624764192981
1624764193001
1624764193021
1624764193041
1624764193061
1624764193081
1624764193101
1624764193121
1624764193141
1624764193161
1624764193181
1624764193201
1624764193221
1624764193241
1624764193261
1624764193281
1624764193301
1624764193321
1624764193342
1624764193362
1624764193381
1624764193401
1624764193421
1624764193441
1624764193461
1624764193481
1624764193501
1624764193521
1624764193542
1624764193562
1624764193581
1624764193601
1624764193621
1624764193641
1624764193662
1624764193682
1624764193702
1624764193721
1624764193741
1624764193761
1624764193781
1624764193801
1624764193824
1624764193841
1624764193861
1624764193881
1624764193901
1624764193922
1624764193942
1624764193961
1624764193982
1624764194002
1624764194022
1624764194041
1624764194062
1624764194082
1624764194101
1624764194121
1624764194141
1624764194161
1624764194182
1624764194201
1624764194221
1624764194241
1624764194261
1624764194282
1624764194302
1624764194322
1624764194341
1624764194361
1624764194383
1624764194402
1624764194422
1624764194442
1624764194461
1624764194481
1624764194502
1624764194521
1624764194541
1624764194561
1624764194582
1624764194601
1624764194622
1624764194640
1624764194660
1624764194681
1624764194702
1624764194720
1624764194746
1624764194763
1624764194781
1624764194801
1624764194821
1624764194842
1624764194865
1624764194882
1624764194902
1624764194921
1624764194941
1624764194962
1624764194982
1624764195002
1624764195022
1624764195042
1624764195062
1624764195082
1624764195102
1624764195123
1624764195142
1624764195161
1624764195182
1624764195202
1624764195222
1624764195242
1624764195262
1624764195283
1624764195304
1624764195324
1624764195342
1624764195362
1624764195383
1624764195403
1624764195422
1624764195442
1624764195462
1624764195481
1624764195503
1624764195523
1624764195543
1624764195562
1624764195582
1624764195602
1624764195622
1624764195642
1624764195662
1624764195684
1624764195703
1624764195722
1624764195742
1624764195762
1624764195782
1624764195802
1624764195822
1624764195842
1624764195862
1624764195883
1624764195903
1624764195925
1624764195944
1624764195962
1624764195983
1624764196004
1624764196023
1624764196043
1624764196062
1624764196084
1624764196104
1624764196124
1624764196144
1624764196162
1624764196182
1624764196204
1624764196223
1624764196244
1624764196262
1624764196283
1624764196304
1624764196324
1624764196343
1624764196362
1624764196382
1624764196403
1624764196422
1624764196442
1624764196463
1624764196482
1624764196503
1624764196523
1624764196544
1624764196564
1624764196583
1624764196602
1624764196622
1624764196643
1624764196662
1624764196683
1624764196704
1624764196723
1624764196744
1624764196762
1624764196783
1624764196804
1624764196824
1624764196844
1624764196864
1624764196882
1624764196904
1624764196924
1624764196944
1624764196964
1624764196984
1624764197003
1624764197023
1624764197043
1624764197063
1624764197083
1624764197104
1624764197123
1624764197143
1624764197164
1624764197183
1624764197204
1624764197222
1624764197244
1624764197263
1624764197283
1624764197304
1624764197324
1624764197344
1624764197364
1624764197384
1624764197403
1624764197424
1624764197444
1624764197464
1624764197484
1624764197503
1624764197525
1624764197544
1624764197565
1624764197584
1624764197603
1624764197623
1624764197643
1624764197664
1624764197683
1624764197703
1624764197722
1624764197743
1624764197764
1624764197783
1624764197804
1624764197824
1624764197843
1624764197863
1624764197883
1624764197903
1624764197922
1624764197943
1624764197963
1624764197983
1624764198003
1624764198023
1624764198043
1624764198062
1624764198084
1624764198104
1624764198124
1624764198144
1624764198164
1624764198184
1624764198204
1624764198223
1624764198244
1624764198263
1624764198283
1624764198303
1624764198323
1624764198344
1624764198364
1624764198385
1624764198405
1624764198424
1624764198444
1624764198469
1624764198482
1624764198502
1624764198523
1624764198543
