1.3698425
0.47201538
0.5833435
-0.17681885
-0.3300476
-0.41384888
-0.36834717
-0.18040466
0.021896362
0.18591309
0.25534058
0.25175476
0.18470764
0.15718079
0.15118408
0.39898682
0.43011475
0.26611328
0.23738098
0.37745667
0.24815369
0.021896362
0.109298706
0.2685089
0.28407288
0.14401245
0.1320343
0.30082703
0.39779663
0.41215515
0.4528656
0.45765686
0.3882141
0.42771912
0.43850708
0.46243286
0.46244812
0.46842957
0.4827881
0.4492798
0.37265015
0.34033203
0.395401
0.57855225
0.72340393
0.72579956
0.78326416
0.8981781
0.94247437
0.8646698
0.64201355
0.47799683
0.45046997
0.44448853
0.30801392
0.20266724
0.21343994
0.32118225
0.4636383
0.5989075
0.5917206
0.48638916
0.3882141
0.3666687
0.434906
0.52708435
0.6204529
0.74256897
0.782074
0.7641144
0.6599579
0.52827454
0.45645142
0.3774414
0.37625122
0.41815186
0.3666687
0.3439331
0.42892456
0.51031494
0.5713806
0.6096802
0.6096802
0.5701752
0.5582123
0.6013031
0.62405396
0.6886902
0.7820587
0.7413635
0.70066833
0.70783997
0.8287506
0.9544525
1.0011444
0.9592285
0.84910583
0.8443146
0.87423706
0.80122375
0.7090454
0.6276398
0.6503906
0.7976227
0.8945923
0.86586
0.8167877
0.83114624
0.8730469
0.850296
0.8036041
0.8610687
0.9987335
1.0765533
0.9640198
0.9352875
1.0430298
1.087326
1.0993042
1.1926727
1.0609894
0.9664154
0.9364929
0.8718567
0.87423706
0.7928467
0.7066498
0.74017334
0.7413635
0.6791229
0.6419983
0.6515808
0.75213623
0.86227417
0.9089508
0.95085144
0.9927521
0.9700165
0.89100647
0.7700958
0.771286
0.84550476
0.8646698
0.9376831
1.0502167
1.0561981
1.0514221
1.0561981
1.0274658
0.9915619
1.008316
1.047821
1.0717621
1.0741577
1.0226746
1.0023346
0.90296936
0.76171875
0.7198181
0.77726746
0.84072876
0.8467102
0.861084
0.9137573
0.9472656
0.9700165
0.9879608
0.97958374
0.9903717
1.039444
1.0466309
1.0669708
1.1052856
1.0585938
1.0322571
1.0993042
1.0609894
0.9089508
0.8179779
0.84072876
0.8838196
0.83714294
0.7557373
0.71144104
0.7102356
0.647995
0.53904724
0.5222931
0.6096802
0.6898804
0.70425415
0.75094604
0.83833313
0.87783813
0.8766327
0.9340973
0.9879761
1.0370483
1.0286713
0.9628296
0.92453
0.94247437
0.93530273
0.8730469
0.861084
0.75453186
0.74256897
0.8874054
0.8754425
0.7449646
0.68510437
0.71502686
0.7688904
0.8239746
0.8646698
0.99754333
1.118454
1.1304321
1.078949
1.0382538
0.96043396
0.8646698
0.806015
0.782074
0.8215637
0.8467102
0.89219666
1.0167084
1.0945129
1.0621948
0.97120667
0.8479004
0.8275604
0.80241394
0.7784729
0.7389679
0.76171875
0.9149475
0.92092896
0.7688904
0.73417664
0.8287506
0.9376831
0.9664154
0.90057373
0.8251648
0.7772827
0.76171875
0.77249146
0.7784729
0.85269165
0.92811584
0.9700165
1.0286713
1.1016998
1.0945129
1.1052856
1.0980988
1.0645905
1.0142975
0.9592438
0.9137573
0.8646698
0.84910583
0.8934021
0.99635315
0.99754333
0.9245148
0.93530273
0.9376831
0.806015
0.7485504
0.7964325
0.90057373
0.96881104
1.0382385
1.1519623
1.2752686
1.2429504
1.1196442
1.0669708
1.0346527
0.9771881
0.9340973
0.86346436
0.8574829
0.85868835
0.9221344
0.9652252
1.047821
1.1136627
1.1256409
1.0717621
0.9532471
0.83354187
0.72221375
0.6982727
0.73657227
0.78086853
0.97480774
1.1531677
1.0023346
0.7174225
0.5809479
0.6563721
0.80003357
0.8862152
0.76649475
0.6707306
0.6910858
0.7198181
0.74494934
0.7605133
0.747345
0.7677002
0.8670654
0.8431244
0.7533417
0.8000183
0.826355
0.82995605
0.83833313
0.8143921
0.82037354
0.7988281
0.7413635
0.7976227
0.9412842
0.900589
0.8981781
0.99993896
1.0286713
0.97120667
0.96403503
1.0466309
1.0538177
0.9305115
0.8191681
0.8000183
0.84191895
0.91734314
0.90296936
0.8682556
0.8981781
0.9125519
0.88861084
0.89100647
0.91734314
0.85627747
0.7509308
0.6659546
0.71144104
0.7413635
0.7126312
0.6779175
0.692276
0.64678955
0.69706726
0.597702
0.45884705
0.4528656
0.43969727
0.41815186
0.51631165
0.5845337
0.5007477
0.4815979
0.5031433
0.58932495
0.51989746
0.3882141
0.29484558
0.40498352
0.42533875
0.25534058
0.3056183
0.28167725
0.03627014
-0.11216736
-0.19117737
-0.34321594
-0.41145325
-0.36476135
-0.29412842
-0.21990967
-0.12414551
-0.054718018
0.24575806
0.5438385
0.6336212
0.60849
0.60369873
0.5222931
0.31040955
0.14401245
0.18830872
0.45884705
0.71621704
0.90057373
1.0885162
1.2800598
1.6032867
1.9360657
1.9456482
1.6487579
0.8371277
0.35829163
1.1998596
2.1180267
1.9085388
1.3626709
1.0119171
1.1866913
1.5218658
1.463211
1.0346527
0.7485504
0.86346436
1.1723175
1.300415
1.3183594
1.2082367
0.89219666
0.46124268
0.28167725
0.38583374
0.52589417
0.60849
0.6491852
0.4313202
0.1320343
0.021896362
0.13922119
0.5797577
0.69467163
0.35710144
0.23020935
0.19308472
0.142807
-0.08345032
-0.36357117
-0.44258118
-0.43299866
-0.2869568
-0.04273987
0.09133911
0.15359497
0.3379364
0.355896
0.08415222
-8.392334E-4
0.43130493
0.9556427
1.1878815
1.1747131
1.0621796
0.7892456
0.6276398
0.9149475
1.3854065
1.8594513
1.7720642
1.296814
1.0969086
1.2956238
1.6272125
2.074936
2.0569763
1.849884
1.7026367
1.5924988
1.5063019
1.1986542
0.7772827
0.66474915
0.8826294
1.0514221
1.1052856
1.1399994
1.0178986
0.8634796
0.8036194
0.7377777
0.7030487
0.771286
0.82037354
0.8754425
0.77249146
0.3451233
-0.2582245
-0.585022
-0.43778992
-0.16723633
-0.030776978
0.2361908
0.6180725
0.74494934
0.6910858
0.7293854
0.731781
0.6731262
0.53904724
0.4025879
0.4025879
0.49954224
0.45884705
0.20866394
0.011123657
0.032669067
0.25054932
0.38702393
0.26730347
0.048233032
-0.06428528
0.17393494
0.8754425
1.6739044
1.6978455
1.2309723
0.96881104
1.0406342
1.2477417
1.3698425
1.3315277
1.1459808
0.9544525
1.0142975
1.0406342
0.9340973
0.92811584
0.7677002
0.90296936
1.2082367
1.33992
1.4177246
1.292038
0.98677063
0.7569275
0.905365
1.3578796
1.5685577
1.379425
1.1088715
0.65278625
0.6408081
1.0705566
1.2632904
0.96881104
0.5629883
0.34033203
0.4025879
0.57377625
0.6587677
0.68510437
0.67193604
0.68270874
0.7389679
0.7593231
0.6982727
0.45526123
0.2577362
0.27449036
0.44688416
0.92092896
1.3171692
1.2321777
0.76290894
0.39660645
0.72340393
1.5661621
2.047409
1.9324799
1.6978455
1.810379
2.2401276
2.4053345
2.1395721
1.5314484
1.3099976
1.6739044
1.9157257
1.7720642
1.7852325
1.8630371
1.9121246
1.7780457
1.4668121
1.3985748
1.5170898
1.5589905
1.3566742
1.1004944
1.28125
1.8570557
2.3778076
2.4615936
2.1371918
1.715805
1.2345734
0.8191681
0.7928314
1.0502167
1.4081573
1.8271332
2.0210571
1.9719849
1.791214
1.5757446
1.2501373
0.8239746
0.5438385
0.5474396
0.6024933
0.68989563
0.8670502
1.0825348
1.4045563
1.6080627
1.4045563
1.1100769
0.98197937
1.1830902
1.588913
1.9264984
1.802002
1.5589905
1.371048
1.489563
1.8594513
1.6631317
1.1866913
0.9185333
1.1962585
1.5422211
1.7038422
1.715805
1.5039215
1.399765
1.7445374
2.0138855
1.9408569
1.925293
1.8522797
1.8187561
1.7493286
1.6858826
1.8199615
1.909729
1.549408
1.2800598
1.5063171
1.8283386
1.7433319
1.375824
1.0514069
1.0561981
1.2345734
1.3590698
1.315979
1.3016052
1.26091
1.0645752
0.8862152
0.84910583
0.82995605
0.6288452
0.20266724
-0.057113647
0.18710327
0.65756226
0.8179779
0.6228485
0.46603394
0.46722412
0.7377777
1.1459808
1.7014313
1.8881836
1.6356049
1.2417603
1.2561188
1.9109344
2.2987976
1.8438873
1.2070312
0.6515808
0.6671448
1.1531677
1.4009705
1.3375244
1.2285919
1.2956238
1.4033661
1.5661621
1.6272278
1.6727142
1.6068726
1.3878021
1.3375244
1.2680969
1.3423157
1.3243561
1.162735
1.0741577
0.9807739
0.9532471
1.2728729
1.2297821
0.8395233
0.53904724
0.355896
0.14282227
-0.09780884
-0.34440613
-0.25941467
0.03387451
0.27809143
0.40019226
0.37504578
0.24935913
0.395401
0.79403687
0.93888855
0.78685
0.7928467
1.2082367
1.5901031
1.6212311
1.3506927
1.59729
2.4879303
2.7572784
2.0713348
1.5721588
2.122818
2.878189
2.7548828
1.8570557
1.1364136
1.1962585
1.4356842
1.549408
1.2549133
1.0945129
1.3459015
1.4069519
1.0514221
1.0262756
1.3075867
1.3698425
1.1016846
0.9077606
1.0226898
1.3937836
1.5326538
1.3782196
1.0729675
0.6491852
0.29364014
0.18830872
0.34872437
0.7174225
1.0334625
1.3087921
1.5877075
1.5996857
1.2285767
0.77249146
0.44688416
0.44088745
0.57736206
0.6779175
0.6372223
0.4205475
0.07098389
-0.17681885
-0.19119263
-0.06188965
0.109298706
0.26731873
0.2577362
0.52349854
0.9855652
1.221405
1.5086975
1.6978455
1.4057617
1.0442352
0.826355
1.0813446
1.4979248
1.5158844
1.3985748
1.5003357
1.3267517
0.77249146
0.15359497
0.03866577
0.63243103
1.0550079
1.1100769
1.1076813
1.3423004
1.6343994
1.7457275
1.320755
0.69348145
0.37864685
0.39900208
0.62524414
0.6731262
0.4492798
0.4133606
0.8287506
1.2034454
1.1507721
0.99993896
0.8287506
0.6551819
0.8945923
1.1711273
1.1926727
1.0382385
0.7988281
0.69229126
0.8957977
0.9077606
0.69348145
0.31758118
-0.15527344
-0.3659668
-0.29293823
0.11886597
0.37625122
0.5222931
0.7126312
0.73417664
0.9532471
1.509903
2.0031128
2.0390167
1.9384613
1.7217865
1.454834
1.5362396
1.5027161
1.4919434
1.8223572
1.7062225
1.0921173
0.78685
0.85987854
1.1591492
1.2453461
1.0466309
0.91134644
1.0753479
1.3614655
1.3770294
0.8969879
0.5641937
0.45645142
0.6120758
0.9269104
1.0095062
0.7641144
0.5318756
0.5318756
0.46842957
-0.2043457
-1.2793427
-1.7019196
-1.0854187
-0.27139282
0.21343994
0.24575806
0.34033203
0.24336243
-0.08822632
-0.53715515
-0.64727783
-0.32406616
-0.27497864
-0.43778992
-0.46891785
-0.3408203
-0.11816406
0.08534241
-0.28096008
-0.619751
-0.40187073
-0.09780884
0.07217407
0.38702393
0.55940247
0.7461548
1.217804
1.3734283
1.1807098
0.98677063
0.94847107
1.2453461
1.6763
1.7768555
1.7601013
1.4536438
0.73298645
0.22062683
0.3092041
0.65756226
0.9065552
0.97839355
1.0801392
1.1543579
0.9939575
0.8359375
0.76890564
0.57377625
0.30203247
0.35350037
0.6815033
0.76649475
0.9257202
1.4416656
1.0657806
0.27090454
-0.41503906
-0.86395264
-0.8831177
-0.54193115
0.002746582
0.114089966
0.21224976
0.39421082
0.42652893
0.3882141
0.33195496
0.41934204
0.3918152
0.20985413
0.106903076
-0.09301758
-0.0044403076
0.37625122
0.474411
0.33914185
0.2182312
0.11048889
0.72221375
1.6248322
1.8055878
1.4404755
1.0131073
1.0430298
1.2477417
1.0382385
0.5246887
0.2182312
0.3666687
0.513916
0.49954224
0.5725708
0.78685
0.8299408
0.65397644
0.6791229
0.806015
0.65278625
0.26371765
0.018310547
-0.2390747
-0.33602905
-0.17442322
-0.13850403
-0.10978699
-0.021194458
-0.11576843
-0.6305237
-0.9489441
-0.7131195
-0.32406616
-0.051132202
-0.08105469
-0.20913696
-0.10858154
0.24575806
0.5546112
0.3666687
-0.10499573
-0.20913696
-0.005630493
0.23858643
0.37983704
0.38342285
0.2589264
-0.08224487
-0.12893677
0.5246887
1.0418396
0.47920227
-0.33483887
-0.054718018
0.7593231
1.1328278
0.6958771
-0.022399902
-0.154068
0.6875
1.5757446
1.379425
0.40019226
-0.23667908
0.037460327
0.7293854
0.8550873
0.40737915
-0.07147217
-0.10020447
0.5354614
0.9544525
0.6408081
0.023101807
-0.19717407
-0.11695862
-0.10139465
0.0039367676
-0.4270172
-0.9980316
-0.95373535
-1.019577
0.011123657
0.39421082
-0.5371399
-1.0471191
-1.1632385
-0.8986664
-0.72509766
-1.0782318
-1.0674591
-0.738266
-0.13970947
0.56300354
0.61447144
0.2876587
-0.07984924
-0.40307617
-0.43778992
-0.22470093
-0.1828003
-0.6628418
-1.0387268
-0.6819916
-0.0798645
-0.061904907
-0.3707428
-0.45933533
-0.37194824
-0.22590637
0.32237244
1.0274658
1.4524384
1.4596252
1.1447906
0.67074585
0.51272583
0.75572205
0.9269104
0.91973877
0.73298645
0.3439331
-0.0068359375
-0.21392822
-0.25343323
0.06260681
0.3726654
0.513916
0.77130127
0.90657043
0.74375916
0.5582123
0.47799683
0.39060974
0.4600525
0.5833435
0.55223083
0.33674622
-0.11695862
-0.2977295
-0.1026001
-0.20675659
-0.44137573
-0.1816101
-0.029571533
-0.12414551
-0.23786926
-0.06788635
0.29125977
0.4935608
0.25534058
-0.06788635
0.13563538
0.17393494
0.06977844
0.06977844
0.1787262
0.42771912
0.7928467
0.9125519
0.91134644
0.92211914
0.98677063
0.9329071
0.8083954
0.8443146
1.0166931
0.9065552
0.66116333
0.61686707
0.92211914
0.9532471
0.98677063
1.1783142
0.9987488
0.53427124
0.316391
0.3630829
0.5474396
0.74256897
0.85269165
0.9640198
0.9305115
0.850296
0.85868835
1.087326
1.3303375
1.1016998
0.77249146
0.6611481
0.54504395
0.0745697
-0.047531128
0.08773804
0.06858826
0.23858643
0.42292786
0.5641937
0.6288452
0.7198181
0.8275604
0.97839355
1.0059204
0.90296936
0.88023376
0.7353821
0.3846283
0.07337952
-0.0846405
-0.08224487
-0.14450073
-0.23786926
-0.19836426
-0.09661865
-0.031967163
0.053024292
0.098526
0.3846283
0.6204529
0.5031433
0.62882996
1.0334625
1.3650513
1.0645752
0.40496826
0.09373474
0.7688904
1.4835663
1.6104584
1.6966553
2.0402222
1.968399
1.1735077
0.36187744
0.08294678
0.13682556
0.51989746
0.95803833
1.1890717
1.2692871
1.5122986
1.7493134
1.6152496
1.221405
0.8479004
0.50912476
0.52948
0.67433167
0.55581665
0.0925293
-0.29533386
-0.23068237
0.276886
0.6120758
0.6204529
0.5031433
0.4241333
0.53427124
0.5510254
0.43611145
0.14161682
-0.1313324
-0.193573
-0.058303833
-0.016403198
-8.392334E-4
0.3223877
0.72102356
0.78086853
0.5067291
0.3918152
0.42292786
0.6204529
0.9700165
1.0250702
1.1483765
1.2597046
1.1591492
1.1890869
1.2980194
1.1759033
1.1232452
1.2082367
1.3889923
1.5541992
1.430893
1.1842957
0.8730469
0.8574829
1.0178986
1.0993042
1.2106323
1.415329
1.573349
1.4692078
1.2309723
0.86346436
0.5510254
0.33554077
0.0063323975
-0.23188782
0.106903076
0.26731873
0.17393494
0.13801575
0.5426483
1.0777435
1.2058411
1.0202942
0.65756226
0.42652893
0.6503906
0.81918335
0.6228485
0.395401
0.16316223
-0.046340942
0.13682556
0.513916
0.76530457
0.6671448
0.4013977
0.2756958
0.4636383
0.74375916
1.1866913
1.9707794
1.8450928
0.727005
-0.2115326
-0.14927673
0.7078552
1.3770294
1.3650513
1.1004944
0.9352875
1.0777435
1.1459808
0.9125519
0.85150146
1.118454
1.1136627
1.0035248
1.2345734
1.5158844
1.4775848
1.2824554
1.0945129
1.1543732
0.9628296
0.36787415
-0.08105469
0.30801392
0.84072876
1.0741577
1.1088715
0.8754425
0.5797577
0.747345
1.0561981
1.1603394
0.8467102
0.32955933
-0.09062195
-0.08822632
0.18830872
0.4540558
0.67552185
0.65756226
0.6120758
0.8347473
1.0885315
1.1986542
1.2417603
1.2908325
1.6475677
2.272461
2.3610382
1.6499634
1.0609894
0.99993896
1.2932281
1.7816467
1.9504395
1.806778
1.5218658
1.3052063
1.2190094
1.0909271
1.2597046
1.4656067
1.6607361
1.870224
1.8367157
1.7948151
1.7349548
1.5841217
1.3830109
1.2633057
1.1495819
0.9532471
0.9747925
0.9077606
0.67552185
0.6623535
0.89219666
1.1603394
1.3279419
1.3638611
1.2621002
1.2118225
1.3303375
1.2836609
1.0933075
0.9915619
0.88500977
0.8934021
0.94007874
0.9269104
1.1052856
1.3482971
1.5805359
1.7529144
1.7601013
1.5242615
1.3937836
1.394989
1.5829315
1.786438
1.5589752
1.2238007
1.1938629
1.2692871
1.3482971
1.3518829
1.4931488
1.6870728
1.430893
0.97958374
0.78086853
0.9652252
1.5434265
2.0378265
2.217392
2.194641
2.2149963
2.272461
2.2078094
2.1048584
2.0114899
1.5170898
0.8586731
0.568985
1.02388
1.3028107
1.0621796
0.79403687
0.6910858
0.80122375
1.1747131
1.6391907
1.75531
1.5769348
1.3219604
0.8646698
0.41815186
0.13801575
0.08773804
0.33195496
0.6013031
0.6419983
0.6695404
0.9640198
1.3291473
1.5625763
1.6415863
1.5829315
1.4991302
1.4871674
1.75531
2.1503448
2.399353
2.2820282
1.8271332
1.43927
1.379425
1.4009705
1.2944336
1.1304169
1.1352081
1.4979401
1.8666382
1.8031921
1.4356842
1.1471863
0.9664154
1.1136627
1.5458221
1.7660828
1.5470123
1.2585144
1.3375244
1.7421417
1.9516296
1.9085388
1.9264984
1.75531
1.4380798
0.905365
0.7497406
1.2261963
1.1771088
0.4313202
0.07337952
0.09732056
0.111694336
0.23738098
0.36068726
0.5869293
0.7425537
0.8275604
0.94607544
0.93888855
0.9017792
0.97839355
0.9544525
0.8754425
0.56300354
0.43371582
0.64678955
0.6264496
0.37145996
0.48039246
0.850296
1.2345734
1.2465363
1.0226746
0.9257202
1.0885315
1.3447113
1.8271332
2.404129
2.2975922
1.434494
0.7772827
0.9831848
1.6703186
2.0485992
2.0462036
2.0725403
1.8965759
1.3614655
0.9532471
0.72340393
0.35829163
0.3056183
0.6731262
1.0597992
1.2417603
1.2142181
1.0442352
0.8251648
0.64559937
0.34153748
0.005142212
3.5095215E-4
0.22421265
0.5354614
0.905365
1.0561981
0.806015
0.30322266
0.07217407
0.23379517
0.46722412
0.7581177
0.8670654
0.6120758
0.19308472
-0.0068359375
0.17034912
0.5498352
0.89219666
0.9616394
0.8730469
0.7126312
0.64797974
0.6408081
0.5510254
0.3834381
0.36906433
0.4708252
0.5211029
0.4815979
0.5079346
0.6659546
1.1723175
1.7457275
1.8307343
1.463211
1.221405
1.3123779
1.6942596
2.0605621
1.964798
1.1914825
0.6443939
0.75572205
0.8969879
0.647995
0.3774414
0.66474915
1.1723175
1.4883575
1.41893
1.0322571
0.70066833
0.63482666
0.71025085
0.8874054
0.984375
0.96403503
1.142395
1.2908325
1.3399048
1.3686371
1.2644958
1.0466309
0.90296936
0.76052856
0.5211029
0.4815979
0.54623413
0.52948
0.63601685
0.8574829
0.97480774
1.0454254
1.0047302
0.76171875
0.4600525
0.33554077
0.30203247
0.3666687
0.56059265
0.7533417
1.0430298
1.2225952
1.1699219
1.3734283
2.1958466
2.9224854
2.8506622
2.648346
2.490326
2.1132507
1.7409363
1.8486786
2.1240082
2.0246582
1.6427765
1.1639404
0.57496643
0.2936554
0.43011475
0.6228485
0.5869446
0.45046997
0.4648285
0.50912476
0.64678955
0.8730469
0.99993896
1.1040802
1.3243561
1.4177246
1.0777435
1.0550079
1.5781403
2.0665588
2.3251343
2.32872
1.9588165
1.470398
1.3638611
1.7541199
1.9540253
1.6882629
1.166336
0.8550873
1.1771088
1.2357635
0.8215637
0.26971436
3.5095215E-4
0.055419922
0.17633057
0.2649231
0.46603394
0.54623413
0.6444092
0.8072052
1.1639404
2.0055084
2.5669403
2.2042236
1.5960999
1.4129333
1.59729
1.636795
1.5541992
1.3267517
1.0968933
0.8766327
0.984375
1.2872467
1.3231506
1.126831
0.80122375
0.5187073
0.5677948
0.7018585
0.65278625
0.46961975
0.28526306
0.20147705
0.098526
0.07936096
0.138031
0.08534241
0.43730164
0.45645142
-0.12055969
-0.21871948
-0.12893677
-0.3013153
-0.40426636
-0.48686218
-0.5754547
-0.48446655
-0.24385071
0.035064697
0.08175659
0.061401367
0.22062683
0.40019226
0.4923706
0.51989746
0.46484375
0.16555786
-0.13731384
-0.31329346
-0.3875122
-0.40068054
-0.28933716
-0.037963867
0.11886597
0.41934204
1.1411896
1.2728729
0.9484558
0.94487
0.31399536
-1.371521
-0.89149475
-0.30491638
-0.36236572
-0.9178314
-1.1787872
-1.1608429
-1.5906067
-1.6564331
-1.7067108
-1.2051239
-1.1859741
-0.2618103
0.4815979
0.43969727
0.044647217
-0.17562866
-0.06788635
0.1320343
0.34631348
0.5127106
0.727005
0.5869446
0.5522156
0.30921936
0.018310547
-0.2905426
-0.5335541
-0.7095337
-0.80410767
-0.92500305
-0.9740906
-0.89627075
-0.81248474
-0.7310791
-0.5060272
-0.16844177
-0.10380554
-0.34202576
-0.5287628
-0.5874176
-0.193573
0.25054932
0.25175476
0.23500061
0.24456787
-0.31687927
-0.35398865
-0.054718018
0.17034912
0.26731873
0.27449036
0.6048889
0.97839355
1.1280212
0.9412842
0.43251038
0.08773804
0.29005432
0.692276
0.69229126
0.3666687
-0.18998718
-0.30010986
0.09611511
0.30203247
0.19668579
0.28526306
0.5713806
0.85987854
1.0597992
1.157959
1.1112671
1.0765533
1.1819
1.26091
1.2058411
1.1004944
0.99754333
0.9185333
0.92930603
0.87065125
0.9221344
0.94966125
0.4923706
0.23019409
0.34272766
0.29963684
0.12965393
-0.022399902
0.07217407
0.3666687
0.7030487
0.73298645
0.6108856
0.5115204
0.54504395
0.72221375
0.8072052
0.6419983
0.4313202
0.4863739
0.58096313
0.48997498
0.20506287
0.13922119
0.61686707
1.1687317
1.6032715
1.904953
2.0174713
1.5075073
0.75453186
0.6288452
0.7760773
0.92211914
1.0286713
0.9329071
0.8191681
0.8395233
1.0166931
0.9269104
0.51631165
0.2972412
0.52349854
1.0346527
1.3423157
1.5709534
1.770874
1.7373505
1.3423004
1.1938629
1.4117432
1.4009705
1.0729523
1.1328125
1.0514221
0.6587677
0.60849
0.98316956
1.3147736
1.463211
1.4069519
1.126831
0.7246094
0.5031433
0.5725708
0.54145813
0.39300537
0.5414429
0.8167877
1.078949
1.1411896
0.9987488
0.94607544
1.0514069
1.1148529
1.300415
1.3674469
1.2357635
1.186676
1.3830109
1.7529144
1.9324799
1.4117432
0.67552185
0.5941162
0.9412842
1.300415
1.5230713
1.4811707
1.2836456
1.1328125
1.0322571
1.0382385
1.0202942
1.0370483
1.221405
1.5948944
1.9013519
1.9624023
1.8845978
1.7445374
1.5314484
1.3111877
1.0274658
0.7677002
0.5390625
0.7880554
1.4488525
1.5757446
1.2297821
0.9736023
0.94487
1.0142975
1.0514069
1.0095215
0.80960083
0.5821533
0.25175476
-0.1361084
-0.19477844
-0.17202759
-0.07505798
0.11767578
0.22421265
0.316391
0.7820587
1.2046356
1.1364136
0.89938354
0.82276917
0.9149475
0.9233246
0.87423706
1.0585938
1.4452515
1.9360657
2.5010986
2.474762
1.5134888
0.35949707
-0.28216553
-0.3085022
0.47920227
1.3063965
1.4716034
1.4416656
1.2956238
1.0585938
0.771286
0.2876587
0.10331726
0.36787415
0.76290894
1.1388092
1.3973694
1.458435
1.2800598
1.0442352
0.9412842
0.86946106
0.6180725
0.41575623
0.25894165
0.34272766
0.7210083
1.1124725
1.36026
1.0538177
0.5366516
0.5869446
0.905365
1.0346527
0.984375
0.83833313
0.5582123
0.46603394
0.50912476
0.4887848
0.34272766
0.15478516
0.11886597
0.29005432
0.52708435
0.6216583
0.4456787
0.21464539
0.09133911
0.1787262
0.27090454
0.43251038
0.65397644
0.83354187
0.8969879
1.0849304
1.6583405
2.9943085
3.3977356
2.1324005
0.6396179
-0.012817383
0.4241333
1.236969
1.6966553
1.6858826
1.5637665
1.3530884
0.7305908
0.36906433
0.57736206
0.91734314
1.2166138
1.5254669
1.9468384
2.3071747
2.3095703
1.8726349
1.315979
1.0514221
0.99993896
0.75094604
0.18830872
0.063797
0.42173767
0.66116333
0.8251648
0.9305115
0.826355
0.68989563
0.7988281
0.8969879
0.92211914
0.93530273
0.85627747
0.6396179
0.3630829
0.43371582
0.64559937
0.8742523
1.0286713
1.1100769
1.2453461
1.3913879
1.5853119
1.6547546
1.4117432
1.3111877
1.4189148
1.5398407
1.4536438
1.3566742
1.6571503
2.2987976
2.344284
1.5134888
0.7138214
0.2756958
0.08055115
0.3965912
1.0214844
1.5386353
1.8989563
1.8965759
1.5793304
1.3231506
1.2585144
1.2249908
1.2788544
1.5278625
1.6511536
1.8498688
2.0964813
1.9576263
1.5134888
1.1651459
1.0262756
1.1256409
1.0250854
0.6839142
0.6013031
0.5821533
0.4540558
0.48876953
0.73776245
1.0909119
1.4488525
1.6547546
1.715805
1.6188354
1.3459015
0.9352875
0.7796631
0.73657227
0.8574829
0.86946106
0.8503113
1.0142975
1.1747131
1.1244354
0.8969879
0.7760773
0.74017334
0.73657227
0.77726746
0.7413635
0.7952423
1.1615448
1.5865173
1.6858826
1.434494
1.1519623
0.85388184
0.64678955
0.8634796
1.43927
1.5685577
1.3183746
0.89938354
0.74256897
0.93170166
1.2202148
1.3985748
1.4907532
1.4560394
1.3375244
1.3830109
1.5075073
1.51828
1.5087128
1.473999
1.5122986
1.2716827
0.94007874
0.76171875
1.0131073
1.3327332
1.2118225
1.0035248
0.7928314
0.6408081
0.5354614
0.6503906
0.9161377
1.10289
1.0561981
1.078949
1.1196442
1.0035248
0.86586
0.80122375
0.6599579
0.5869446
0.6551666
0.7988281
0.850296
0.6803131
0.58454895
0.55940247
0.52827454
0.47799683
0.5701752
0.6994629
0.5713806
0.60369873
0.88861084
1.3818207
1.8391113
1.430893
0.8574829
0.7641144
0.9747925
1.2453461
1.236969
1.0849304
1.3722382
1.9300842
2.1192322
1.7253876
1.1208496
0.70783997
0.67671204
0.8083954
1.039444
1.2908325
1.5422211
1.5314484
0.91134644
0.70544434
1.1842957
0.9305115
0.37145996
-0.018798828
0.03866577
0.56059265
0.77368164
0.39898682
-0.11097717
-0.47010803
-0.3731537
-0.034362793
-0.033172607
-0.38391113
-0.55989075
-0.4569397
-0.10499573
0.13442993
0.0745697
-0.0032348633
3.5095215E-4
0.114089966
0.29005432
0.42294312
0.43969727
0.42892456
0.43130493
0.30203247
0.3331604
0.6013031
0.647995
0.27809143
0.1894989
0.43011475
0.63601685
0.72579956
0.87783813
1.26091
1.9133301
1.8439026
0.9364929
0.34872437
0.49716187
0.92811584
1.7194061
2.3658295
2.1671143
1.4213257
0.6515808
0.18710327
0.23379517
0.7090454
1.2441406
1.5769348
1.5817261
1.5362396
1.5110931
1.3159637
1.0729675
1.0286713
0.95085144
0.75453186
0.8167877
0.9520569
1.1088715
1.300415
0.99394226
0.43011475
-0.14089966
-0.50242615
-0.6664276
-0.5910187
-0.10020447
0.57736206
0.7856598
0.6156769
0.48757935
0.3343506
0.26731873
0.18830872
0.14161682
0.14042664
0.15957642
0.19070435
0.3343506
0.6994629
1.0454254
0.99993896
0.88861084
0.7198181
0.89338684
1.1280365
1.1914825
1.3854065
1.5111084
1.2872467
1.0813446
1.0765533
1.0274658
1.047821
0.9616394
1.0286713
1.0550079
0.8299408
0.37864685
0.09132385
0.18231201
0.5246887
0.84191895
1.0765533
1.1328125
0.9879608
0.8467102
0.8072052
0.6599579
0.54623413
0.40856934
0.46124268
1.0286713
1.5110931
1.4057617
0.76290894
-0.0020446777
-0.32406616
-0.25582886
-0.3372345
-0.44856262
-0.28216553
0.098526
0.48399353
0.6384125
0.80122375
0.889801
0.79164124
0.5522156
0.17993164
-0.20315552
-0.41384888
-0.46531677
-0.4892578
-0.73706055
-0.7418518
-0.3887024
0.37864685
1.1447906
1.5027161
1.3650513
1.0166931
0.72221375
1.063385
1.8953705
2.383789
2.2233734
1.6427765
1.1890717
0.9951477
1.0214844
1.0190887
0.7569275
0.53067017
0.54862976
0.5833435
0.45046997
0.2649231
0.34751892
0.6599579
0.7210083
0.5402527
0.58096313
0.45167542
0.14759827
-0.6544647
-0.406662
-0.11576843
-0.07626343
-0.20794678
-0.71910095
-0.6939697
-0.57066345
-0.63890076
-0.8675537
-1.1476746
-1.2829437
-1.1979523
-0.9860687
-0.7310791
-0.74783325
-0.9369812
-0.96092224
-0.73706055
-0.40068054
-0.16844177
-0.03315735
-0.07745361
-0.24745178
-0.38391113
-0.45095825
-0.43060303
-0.29891968
-0.031967163
0.32357788
0.5869446
0.5833435
0.6372223
1.5841217
2.1048737
1.5110931
0.96162415
0.7988281
0.87783813
1.3111877
1.791214
1.9504395
1.731369
1.28125
0.84191895
0.35110474
-0.20555115
-0.42222595
-0.09182739
0.31280518
0.67193604
0.984375
1.1950684
1.3195648
1.2537231
1.0861206
1.0322571
1.2465515
1.4763794
1.6775055
1.8738251
2.0509949
1.5015259
0.48518372
-0.10020447
-0.07984924
0.19429016
0.63243103
0.9628296
1.1411896
1.1364136
1.0933075
1.2477417
1.292038
1.0777588
0.58454895
0.31999207
0.40498352
0.8215637
1.2788544
1.4919434
1.7050323
1.9037476
2.086914
2.5669403
2.7297516
2.3825989
2.1431732
2.3981476
2.4197083
1.5984955
1.0202789
1.2489319
1.4045563
1.557785
1.6140442
1.458435
1.4739838
1.6451721
1.4668121
0.97958374
0.40977478
0.2409668
0.48518372
1.0178986
1.5589905
1.7768555
1.6906586
1.5218658
1.320755
1.2489319
1.157959
1.0957031
1.2597046
1.2956238
1.2417603
1.6906738
2.0019073
1.3937836
0.116485596
-0.71791077
-1.2841339
-1.3332214
-0.52638245
0.32955933
0.63601685
0.71502686
0.82276917
0.9305115
0.90296936
0.80960083
0.5725708
0.21702576
-0.18759155
-0.5323639
-0.5658722
-0.2785797
0.17034912
0.53785706
0.60849
0.65397644
0.8072052
0.92930603
0.9544525
1.4021606
1.9312897
1.8295288
1.1675262
0.5833435
0.6994629
0.9520569
1.1352081
1.1232452
0.8000183
0.4923706
0.46722412
0.7497406
0.79522705
0.6838989
0.56300354
0.5606079
0.77130127
0.771286
1.2058411
1.1926727
0.47801208
-0.31089783
-0.32765198
-0.005630493
0.25054932
0.4253235
0.5641937
0.50553894
0.3044281
-0.030776978
-0.38511658
-0.69636536
-0.7897339
-0.8040924
-0.8424072
-0.72987366
-0.52038574
-0.16725159
0.027877808
0.007537842
-0.08105469
-0.09303284
0.07696533
0.138031
0.06977844
0.16674805
0.07098389
-0.25224304
-0.36117554
-0.2797699
0.049438477
0.28527832
0.4540558
0.6336212
0.70066833
0.97958374
1.5853119
2.0964813
2.2449188
1.9360657
1.6727142
1.712204
1.983963
2.265274
2.0892944
1.41893
0.64559937
0.023101807
-0.20555115
-0.12654114
0.18231201
0.6264496
1.2429504
1.494339
1.3339233
1.0933075
0.9879608
0.93769836
0.7497406
0.5845337
0.6396179
0.8036194
1.0155029
1.1304169
0.9951477
0.67433167
0.50553894
0.4708252
0.3630829
0.27928162
0.316391
0.48876953
0.8443146
1.2034454
1.1938629
0.94847107
0.4360962
0.06858826
0.103302
0.4528656
0.6659546
0.731781
0.61447144
0.54504395
1.0681763
1.6834869
2.0426178
2.155136
2.0605774
1.8618469
2.2377472
2.9284668
3.0493774
2.6782837
2.2449188
1.8438873
1.691864
1.9276886
2.1455688
1.9276886
1.4560394
0.96881104
0.7353821
1.0190887
1.430893
1.5901031
1.5865173
1.3614655
1.1795044
1.2238007
1.2932281
1.1172485
0.731781
0.5606079
0.96881104
1.6715088
2.3742065
2.3969574
1.7756653
0.8969879
0.08055115
-0.045135498
0.32836914
0.9664154
1.6451721
1.6882782
1.2249908
1.0190887
1.305191
1.4883575
1.3435059
1.0621948
0.84910583
0.6563721
0.7856598
1.1842957
1.3614655
1.3578644
1.221405
1.1938629
1.4823761
1.5505981
1.2249908
0.984375
1.2728729
1.8163605
2.198227
2.1048584
1.6858673
1.2932281
1.039444
0.98558044
1.5937042
1.8750153
1.2896423
0.6695404
0.35110474
0.43370056
1.0861206
1.889389
2.1850739
2.0545807
1.5913086
1.3530731
1.26091
0.91374207
0.6910858
0.8083954
0.96762085
1.1088715
1.0011292
0.5222931
0.0745697
-0.08105469
0.0745697
0.24575806
0.63243103
1.2381592
1.5146942
1.2980194
0.96162415
0.7988281
0.6695404
0.61447144
0.6336212
0.5701752
0.2756958
-0.28935242
-0.6628418
-0.37313843
1.047821
2.7070007
3.5713196
3.2983704
2.957199
3.1128235
3.5317993
3.2899933
2.5034943
1.8127747
1.4859619
1.5458221
1.6320038
1.5877075
1.5003204
1.588913
1.7277832
1.6200409
1.1567688
0.64201355
0.73298645
1.5051117
2.2161865
2.447235
2.0174713
1.0897217
0.40377808
0.042251587
0.10569763
0.93530273
1.9073334
2.0928955
1.870224
1.3267517
0.7928467
1.008316
1.6990509
1.9803619
1.8642426
1.7684784
1.8223419
1.7972107
1.2477417
0.66474915
0.4923706
0.58454895
0.76052856
0.7760773
0.48039246
-0.07746887
-0.58743286
-0.69755554
-0.27018738
0.9125519
2.0761414
2.7082062
2.2006378
1.2393494
1.0490112
1.6427765
2.2904205
2.320343
1.9241028
1.7373505
1.9899445
2.572937
2.9152985
2.7812195
2.0952911
1.0538025
0.17633057
-0.18400574
-0.048721313
0.5282898
1.1603546
1.5506134
1.4488525
1.1615448
1.0777588
1.1651306
1.1316223
1.142395
1.3040009
1.4991302
1.6260223
1.7577057
1.5075073
0.72221375
0.024291992
-0.11697388
0.035064697
0.32955933
1.0753632
1.7373505
2.115631
1.9935303
1.252533
0.79164124
0.6731262
0.6815033
0.98558044
1.454834
1.6451721
1.3818207
1.0214844
0.7126312
0.46603394
0.4061737
0.8730469
1.3375244
1.3016052
1.3052063
1.5374298
1.8510742
2.1347961
2.1012726
1.8486786
1.6858826
1.5194855
1.3123779
1.0945129
1.1555634
1.5410309
1.810379
1.4763794
0.6013031
0.434906
0.8000183
1.0969086
1.4201202
1.6559448
1.3686523
0.9364929
0.7964325
0.9364929
1.1830902
1.7253723
2.3275146
2.632782
2.3191376
1.770874
1.173523
0.49835205
0.14880371
0.1559906
0.2361908
0.34153748
0.647995
0.95085144
0.99993896
0.9652252
1.3075867
1.9205017
2.0450134
1.5051117
0.70783997
0.276886
0.51989746
0.73298645
0.79045105
0.8443146
0.9077606
1.1675415
1.3614655
1.0801392
0.68989563
0.84191895
1.2441559
1.4680023
1.6056671
1.8079834
1.7876282
1.85466
2.3335114
3.0014954
3.0290222
1.8474884
0.6264343
0.044647217
-0.023590088
0.36187744
1.4081573
1.983963
1.6870728
0.96762085
0.48518372
0.56300354
0.7700958
0.83473206
1.087326
1.4141388
1.5254669
1.454834
1.399765
1.0442352
0.62405396
0.21704102
0.012313843
0.025497437
0.3834381
1.0585938
1.4847717
1.4368744
0.81918335
0.23379517
0.2074585
0.355896
0.6898804
1.0897217
1.1950684
0.94007874
0.7162323
0.7281952
0.940094
1.3375244
1.7816467
1.9420624
1.8845978
1.7529144
1.751709
2.2281647
2.5346222
2.48674
2.0378265
1.6176453
1.6032715
1.8917847
2.2509003
2.067749
1.8187561
1.7062225
1.2872467
0.7497406
0.53427124
0.8862152
1.3614655
1.5589752
1.5553894
1.3806152
1.166336
0.9257202
0.6671448
0.6288452
1.0957031
1.612854
1.7086182
1.2513275
0.5282898
-0.14808655
-0.20196533
0.4708252
0.8670654
0.9652252
0.9987488
1.4225159
1.5853119
0.9724121
0.20985413
-0.23068237
-0.17800903
0.35829163
1.0023346
1.2884369
1.0693665
0.513916
0.1559906
0.30203247
0.64797974
0.94487
0.61686707
0.19429016
0.26611328
0.52948
0.9640198
1.4512482
1.4979401
1.126831
1.1136627
1.5913086
2.1754913
2.5513763
2.4604034
1.7265778
0.75094604
0.09371948
-0.25582886
-0.18640137
0.11048889
0.56777954
0.71621704
0.7413635
0.8048096
0.7377777
0.60369873
0.30921936
0.041046143
-0.07505798
0.023101807
0.60369873
1.3435059
1.8558655
1.6942596
1.0011292
0.18591309
0.09013367
0.48876953
0.86946106
1.0585938
0.9939575
0.7353821
0.5318756
0.6384125
0.96043396
1.0178986
0.97958374
0.8766327
0.3834381
-0.1816101
-0.36117554
-0.046340942
0.39060974
0.84550476
1.0849304
1.410553
1.8750153
2.1084442
2.2509155
2.122818
1.7816467
1.4727936
1.3231506
1.6092682
2.2556915
2.7896118
2.459198
1.691864
1.3542786
1.5194855
1.4620209
1.3195648
1.3387146
1.3447113
1.336319
1.3913879
1.320755
1.1819
0.9161377
0.6946869
0.51631165
0.52948
0.9017792
1.2728729
1.4847717
1.6451721
1.2692871
0.2972412
-0.34680176
-0.20075989
0.4313202
1.1052856
1.3578644
1.1651306
0.9077606
0.9197235
1.0178986
1.1507721
1.1627502
0.85987854
0.41215515
0.13563538
0.059005737
0.037460327
-0.08703613
-0.041549683
0.27450562
0.61686707
0.82037354
0.82276917
0.8167877
1.0382385
1.6020813
1.8510742
1.8834076
2.0964813
2.5130768
2.8482666
3.0457764
2.7680511
1.904953
1.1783142
1.0262756
1.0262756
1.0657806
1.2980194
1.2621002
1.20224
1.1531677
1.0681763
0.9364929
0.97480774
1.1112671
1.166336
0.98916626
0.8646698
1.0514069
1.2621002
1.0286713
0.7461548
0.48757935
0.2804718
-0.015213013
-0.18878174
-0.17442322
-0.13012695
0.039855957
0.38581848
0.50193787
0.3965912
0.53427124
0.59532166
0.46722412
0.3379364
0.35829163
0.42652893
0.23858643
-0.041549683
-0.07147217
-0.053512573
-0.19477844
-0.1313324
0.17514038
0.41096497
0.37265015
0.2685089
0.23498535
0.6599579
1.2273865
1.1914673
0.7413635
0.68151855
1.2154083
1.6475677
1.7050323
1.5781403
1.3435059
1.0729675
1.0143127
0.67552185
0.25534058
0.09492493
0.2577362
0.5354614
0.4492798
0.21463013
0.2290039
0.10809326
-0.11695862
-0.24385071
-0.22111511
-0.08584595
-0.07147217
-0.19477844
-0.2546234
-0.10739136
-0.06907654
-0.3408203
-0.7969208
-1.3583527
-2.1113434
-1.2362518
-0.53115845
-1.0411224
-1.351181
-1.3296204
-1.0566864
-0.51200867
-0.33483887
-0.6556549
-0.6939697
-0.4353943
-0.7203064
-0.65805054
-0.53715515
-0.45335388
-0.23547363
-0.3204651
-0.69755554
-0.69636536
-0.15048218
0.39779663
0.48039246
0.24217224
0.007537842
-0.18519592
-0.06549072
0.29364014
0.6336212
0.7413635
0.6623535
0.6767273
0.6994629
0.67193604
0.69706726
0.7126312
0.4648285
0.36068726
0.31280518
0.13084412
0.14880371
0.42652893
0.6994629
0.7928467
0.72579956
0.6120758
0.5522156
0.5127106
0.48757935
0.56300354
0.7162323
0.9628296
1.0538025
1.0107117
0.9807892
0.91015625
0.90057373
0.9412842
0.80960083
0.592926
0.52589417
0.6336212
0.78445435
0.9736023
1.0705566
1.0574036
0.9759979
0.9532471
0.9532471
0.8694458
0.7928467
0.826355
0.90057373
0.9831848
0.9831848
0.93170166
0.84072876
0.81918335
0.85269165
0.8957825
0.79763794
0.67193604
0.50912476
0.4061737
0.5426483
0.7988281
0.94847107
0.7856598
0.53666687
0.5785675
0.68270874
0.6336212
0.6024933
0.6958771
0.6707306
0.6994629
0.72340393
0.71144104
0.52589417
0.35110474
0.4456787
0.4456787
0.4636383
0.5941162
0.7605133
0.7976227
0.7760773
0.747345
0.7126312
0.6982727
0.6384125
0.55940247
0.5641937
0.45526123
0.47680664
0.73179626
0.71621704
0.50912476
0.33314514
0.40019226
0.47322083
0.4923706
0.36906433
0.25534058
0.25175476
0.33555603
0.46484375
0.5103302
0.6013031
0.76290894
0.8467102
0.79403687
0.7293854
0.6372223
0.61447144
0.6108856
0.4708252
0.38702393
0.46244812
0.37026978
0.38223267
0.56300354
0.54504395
0.42892456
0.49595642
0.65756226
0.72698975
0.6898804
0.6515808
0.65397644
0.68629456
0.7425537
0.747345
0.67910767
0.63243103
0.6623535
0.6838989
0.6838989
0.70783997
0.78685
0.7677002
0.7018585
0.64559937
0.66116333
0.67910767
0.5641937
0.6276398
0.66833496
0.6419983
0.6192627
0.6491852
0.73657227
0.78326416
0.77249146
0.7413635
0.69348145
0.5941162
0.54862976
0.513916
0.434906
0.41934204
0.46722412
0.55581665
0.60849
0.6192627
0.57377625
0.58813477
0.6767273
0.71502686
0.6898804
0.58813477
0.48757935
0.6695404
0.8395233
0.7389679
0.6683502
0.69706726
0.7305908
0.7449646
0.7485504
0.7569275
0.71502686
0.6503906
0.57855225
0.5330658
0.5510254
0.58454895
0.67910767
0.7353821
0.7018585
0.6001129
0.5869293
0.64320374
0.68989563
0.7497406
0.8083954
0.6731262
0.50193787
0.7377777
0.84072876
0.73179626
0.59532166
0.5713806
0.6671448
0.72102356
0.7090454
0.7066498
0.6551666
0.5582123
0.5079346
0.52589417
0.55940247
0.60609436
0.6503906
0.6336212
0.6180725
0.61447144
0.64320374
0.67910767
0.6803131
0.70306396
0.72579956
0.57377625
0.64320374
0.8287506
0.72579956
0.5546112
0.5031433
0.5701752
0.60609436
0.58454895
0.53427124
0.5354614
0.48397827
0.47320557
0.46244812
0.4995575
0.6228485
0.72579956
0.72340393
0.6312256
0.58932495
0.60369873
0.5546112
0.5067291
0.4863739
0.57496643
0.5797577
0.5079346
0.6707306
0.7305908
0.568985
0.4540558
0.5641937
0.7198181
0.75094604
0.6982727
0.6443939
0.57496643
0.5246887
0.48997498
0.47680664
0.5222931
0.55940247
0.5546112
0.5833435
0.5869446
0.613266
0.59532166
0.5426483
0.5282898
0.4935608
0.5103302
0.43251038
0.53785706
0.64559937
0.5211029
0.4061737
0.46961975
0.57855225
0.52827454
0.41455078
0.43850708
0.4815979
0.40977478
0.29603577
0.28407288
0.4133606
0.4923706
0.54623413
0.60609436
0.5809479
0.5330658
0.5222931
0.55581665
0.54623413
0.4923706
0.52827454
0.54862976
0.43011475
0.5438385
0.57496643
0.45046997
0.4241333
0.5366516
0.6049042
0.553421
0.5067291
0.5318756
0.4420929
0.311615
0.24575806
0.24217224
0.3152008
0.42292786
0.48997498
0.48997498
0.46124268
0.4061737
0.39300537
0.43611145
0.38702393
0.4492798
0.5187073
0.36428833
0.47920227
0.6599579
0.50553894
0.32955933
0.36547852
0.5151062
0.52948
0.4169464
0.38342285
0.41575623
0.35829163
0.3056183
0.31159973
0.35710144
0.316391
0.26371765
0.2756958
0.52948
0.5653839
-0.13850403
0.18231201
0.33795166
-0.06430054
0.08892822
-0.33244324
