0.18725586
0.21334839
0.1952362
0.3017578
0.348114
0.26820374
0.17712402
0.11054993
0.08338928
0.04663086
-0.0066375732
-0.08760071
-0.15737915
-0.15151978
-0.09664917
-0.057769775
-0.022079468
0.0072021484
-0.004501343
-0.049240112
-0.0716095
-0.03805542
0.02746582
0.032791138
-0.034866333
-0.07215881
-0.031677246
0.008804321
0.01574707
-0.022079468
-0.08174133
-0.064697266
0.009353638
0.04397583
0.030654907
0.02053833
0.016799927
0.012542725
2.89917E-4
-0.02154541
-0.025283813
-0.024749756
-0.056167603
-0.08439636
-0.048171997
0.011474609
-0.013031006
-0.09025574
-0.12062073
-0.09451294
-0.056167603
-0.027938843
-0.014099121
-0.044448853
-0.08439636
-0.09611511
-0.055633545
-0.0066375732
0.018936157
0.012542725
-0.01675415
-0.027404785
0.0024261475
0.002960205
-0.025802612
-0.031143188
-0.00982666
0.017333984
0.026397705
0.019470215
0.006149292
-0.0077056885
-0.01675415
-0.03540039
-0.07746887
-0.11048889
-0.12434387
-0.11529541
-0.07374573
-0.023147583
-0.0061035156
0.014144897
0.04663086
0.012008667
-0.043914795
-0.03060913
0.049301147
0.09616089
0.058883667
-0.003967285
-0.020492554
0.0040130615
0.024795532
0.008270264
-0.025283813
-0.010360718
0.03439331
0.0418396
-0.011428833
-0.09132385
-0.1541748
-0.17601013
-0.17494202
-0.16322327
-0.12701416
-0.08706665
-0.052978516
-0.038589478
-0.039123535
-0.033798218
-0.02633667
-0.031143188
-0.016220093
-0.02633667
-0.085998535
-0.12327576
-0.08760071
-0.040725708
-0.056167603
-0.08972168
-0.07002258
-0.02154541
-0.00982666
-0.043914795
-0.06575012
-0.041259766
-0.0061035156
0.008804321
0.023727417
0.035980225
0.035446167
0.03704834
0.019470215
8.239746E-4
0.019470215
0.06048584
0.08178711
0.059417725
0.03918457
0.05088806
0.06793213
0.059951782
0.022125244
0.008285522
0.035446167
0.033843994
0.014678955
0.033309937
0.07432556
0.07060242
0.006149292
-0.06788635
-0.09399414
-0.062026978
-0.027404785
8.239746E-4
0.054626465
0.10043335
0.10202026
0.06687927
0.040252686
0.041305542
0.042907715
0.022659302
-0.0061035156
-0.032730103
-0.049240112
-0.026870728
0.012542725
0.03491211
0.025863647
-0.0135650635
-0.030075073
-0.01461792
0.011474609
0.063690186
0.052490234
-0.014633179
-0.030075073
-0.00982666
-0.0066375732
-0.032211304
-0.06149292
-0.062026978
-0.04232788
-0.0050354004
0.031723022
0.05783081
0.05781555
0.050369263
0.02746582
-0.01675415
-0.029541016
0.008270264
0.047698975
0.042373657
0.029586792
0.03439331
0.045043945
0.05090332
0.042907715
0.02532959
0.0018920898
-0.013031006
-0.003967285
0.003479004
0.0050811768
8.239746E-4
-0.043380737
-0.08279419
-0.046585083
0.017868042
0.040252686
0.02319336
0.012008667
0.0040130615
0.00881958
0.03437805
0.038116455
0.0066833496
-0.017822266
-0.0034332275
0.0066833496
-0.0034484863
-0.015167236
-0.024215698
-0.013031006
8.239746E-4
-0.014083862
-0.03805542
-0.034332275
-0.0061035156
0.007217407
-0.0135650635
-0.036468506
-0.017822266
0.0013580322
-0.00289917
-0.009307861
-0.038589478
-0.07267761
-0.06149292
-0.031677246
-0.008773804
-0.0034332275
-0.010894775
-0.024749756
-0.011962891
0.026931763
0.059951782
0.05090332
0.016815186
-0.008773804
-0.00982666
-2.4414062E-4
-0.0018463135
-0.019958496
-0.03060913
-0.030075073
-0.0029144287
0.024795532
0.021072388
-0.010894775
-0.022079468
-0.009292603
0.032791138
0.080718994
0.035446167
-0.0284729
0.07220459
0.19844055
0.15263367
0.01626587
-0.056167603
-0.052444458
-0.03060913
-0.025802612
-0.033798218
-0.037521362
-0.032730103
-0.036468506
-0.048721313
-0.04232788
-0.017822266
-7.7819824E-4
-0.0018463135
-0.0034332275
0.007736206
0.013076782
0.020004272
0.017868042
0.0184021
0.02532959
0.05142212
0.06260681
0.043441772
-0.0034332275
-0.034332275
-0.029006958
0.0098724365
0.030654907
0.006149292
-0.003967285
0.008270264
0.04663086
0.09564209
0.12973022
0.12866211
0.07913208
0.057296753
0.09776306
0.13719177
0.11054993
0.075927734
0.040771484
0.0024261475
-0.032730103
-0.048187256
-0.03593445
-0.009292603
-0.012496948
-0.03805542
-0.040725708
-0.022079468
0.010406494
0.041305542
0.026931763
-0.0284729
-0.060958862
-0.04232788
-0.005569458
-0.0029144287
-0.0066375732
-0.018356323
-2.4414062E-4
0.047164917
0.08232117
0.09138489
0.06581116
0.03225708
0.016281128
0.008804321
-0.008239746
-0.019958496
0.02319336
0.09031677
0.12547302
0.118011475
0.10310364
0.0844574
0.044509888
-0.018356323
-0.052978516
-0.022079468
0.07485962
0.11534119
0.033309937
-0.031143188
-0.046051025
-0.04711914
-0.0023651123
0.043441772
-2.4414062E-4
-0.119018555
-0.19358826
-0.2010498
-0.19732666
-0.16854858
-0.10411072
-0.008773804
0.07273865
0.045043945
-0.05883789
-0.1818695
-0.25590515
-0.24258423
-0.114227295
0.007736206
0.066345215
0.13131714
0.21495056
0.19895935
0.10682678
0.024795532
0.003479004
0.021072388
0.015213013
-0.020492554
-0.018356323
0.035980225
0.13291931
0.21495056
0.20483398
0.08604431
-0.00289917
-0.0050354004
0.03439331
-0.0034332275
-0.10890198
-0.13552856
-0.08706665
-0.0519104
-0.046051025
-0.08546448
0.10948181
0.54730225
0.7731476
0.23518372
-0.33740234
-0.24099731
0.09989929
0.22187805
0.09031677
-0.16377258
-0.2868042
-0.30970764
-0.350708
-0.37149048
-0.32835388
-0.21755981
-0.10411072
0.003479004
0.10308838
0.19630432
0.2687378
0.27886963
0.20962524
0.092437744
0.02532959
0.09350586
0.22027588
0.25543213
0.26875305
0.29803467
-0.003967285
-0.40344238
-0.31822205
0.18777466
0.5201416
0.3251953
-0.104644775
-0.381073
-0.3821411
-0.21755981
-0.08067322
-0.03593445
-0.033798218
-0.004501343
0.059417725
0.11001587
0.08392334
-0.08920288
-0.26869202
-0.38320923
-0.44978333
-0.44659424
-0.3688202
-0.26176453
-0.19837952
-0.14459229
-0.057769775
-0.062026978
-0.13020325
-0.0753479
0.08711243
0.2421112
0.20109558
2.89917E-4
-0.21170044
-0.30863953
-0.27508545
-0.06362915
0.23252869
0.38645935
0.38804626
0.2575531
0.1552887
0.22613525
0.34117126
0.383255
0.30763245
0.26715088
0.3544922
0.45303345
0.46687317
0.30336
0.031188965
-0.036987305
0.127594
0.16860962
-0.019958496
-0.28733826
-0.33633423
-0.21330261
-0.20690918
-0.29745483
-0.37095642
-0.33740234
-0.1930542
-0.005569458
0.06314087
0.066345215
0.11054993
0.17340088
0.16221619
0.06739807
-0.058303833
-0.15470886
-0.12701416
-0.010894775
0.03491211
-0.09025574
-0.2788086
-0.24313354
8.239746E-4
0.20855713
0.13771057
-0.067352295
-0.13819885
-0.09718323
-0.06895447
-0.07748413
-0.10623169
-0.07800293
0.058883667
0.18618774
0.22399902
0.15849304
0.006149292
-0.15524292
-0.30545044
-0.44552612
-0.42155457
-0.266037
-0.11743164
-0.022079468
0.023727417
0.1355896
0.22241211
0.23997498
0.09669495
-0.052444458
-0.08760071
-0.10090637
-0.15045166
-0.13180542
-0.095062256
-0.11369324
-0.18507385
-0.25964355
-0.3267517
-0.3299408
-0.158432
0.1164093
0.29270935
0.33158875
0.28045654
0.16488647
0.0652771
0.05834961
0.007751465
-0.039123535
0.022659302
0.048233032
-0.008758545
-0.052978516
0.024261475
0.23997498
0.37046814
0.2218628
-0.111572266
-0.350708
-0.36509705
-0.27774048
-0.13552856
-0.20477295
-0.43806458
-0.526474
-0.47694397
-0.27774048
-0.04711914
0.05569458
0.061019897
0.06260681
0.066345215
0.08178711
-0.007171631
-0.12968445
-0.18347168
-0.1818695
-0.031677246
0.13131714
0.2064209
0.113220215
-0.067352295
-0.062026978
0.1829834
0.19364929
0.042907715
-0.07374573
-0.092926025
-0.074279785
-0.1541748
-0.32196045
-0.38693237
-0.24365234
-0.0050354004
0.21655273
0.34225464
0.31295776
0.17286682
0.054626465
-0.021011353
-0.15257263
-0.29159546
-0.3113098
-0.2010498
-0.081207275
-0.041259766
-0.06628418
-0.045516968
0.08924866
0.27407837
0.4178772
0.28526306
0.014144897
-0.12434387
-0.13127136
-0.08013916
-0.092926025
-0.09718323
-0.029006958
0.12333679
0.25701904
0.28578186
0.21974182
0.12600708
0.101486206
0.1952362
0.21760559
-0.003967285
-0.31610107
-0.43008423
-0.19358826
0.17819214
0.26715088
0.031188965
-0.18986511
-0.060958862
0.32626343
0.3816681
0.15849304
-0.046585083
-0.019424438
0.14624023
0.17393494
0.08605957
-0.04711914
-0.06362915
0.08711243
0.34809875
0.55636597
0.5243988
0.26501465
0.02267456
-0.0013122559
0.06367493
0.06314087
0.07167053
0.11054993
0.0929718
-0.056167603
-0.17654419
-0.062561035
0.2101593
0.26608276
0.05781555
-0.24258423
-0.2756195
0.037582397
0.29484558
0.27140808
0.05834961
-0.18986511
-0.30012512
-0.19145203
-0.0066375732
0.07167053
0.038116455
0.06048584
0.108428955
0.03437805
-0.16908264
-0.3075714
-0.24739075
-0.023147583
0.19151306
0.20535278
0.06314087
-0.020477295
0.025863647
0.13078308
0.2421112
0.0849762
-0.3134308
-0.5589752
-0.44126892
-0.074279785
0.039718628
-0.12913513
-0.37734985
-0.556839
-0.5451355
-0.37841797
-0.21330261
-0.0476532
0.10575867
0.10043335
-0.11741638
-0.34326172
-0.32514954
-0.2479248
-0.19786072
-0.23886108
-0.2798767
-0.22608948
-0.09931946
0.07006836
0.15795898
0.21388245
0.36567688
0.45196533
0.63838196
0.63679504
0.124938965
-0.16270447
-0.11741638
0.054092407
0.17658997
0.07432556
-0.057235718
0.0040130615
0.22506714
0.36195374
0.32572937
0.26608276
0.1313324
-0.00982666
-0.039657593
-0.022079468
-0.055633545
-0.07215881
0.008270264
0.16275024
0.21708679
0.11694336
0.14303589
0.24690247
0.23146057
0.120666504
0.01626587
0.14677429
0.21121216
0.013076782
-0.35177612
-0.650589
-0.6660309
-0.44126892
-0.14619446
0.02053833
-0.013031006
-0.15789795
-0.18772888
-0.1376648
-0.06842041
-0.036468506
-0.030075073
0.014144897
0.035446167
-0.079071045
-0.32408142
-0.4940033
-0.3837433
-0.17494202
0.04663086
0.14198303
-0.005569458
-0.3336792
-0.53660583
-0.48121643
-0.2548523
-0.20903015
-0.235672
-0.11741638
0.06954956
0.20004272
0.15156555
-0.062561035
-0.25964355
-0.31663513
-0.25697327
-0.235672
-0.22181702
-0.22660828
-0.24685669
-0.22341919
-0.17228699
-0.07800293
0.10362244
0.15635681
0.07913208
0.054092407
-0.12861633
-0.40344238
-0.5206299
-0.2910614
0.031188965
0.11961365
-0.0018463135
-0.17654419
-0.17494202
-0.039657593
0.0056152344
-0.048187256
-0.10623169
-0.08227539
0.017333984
0.07752991
0.035980225
-0.05670166
-0.15524292
-0.17015076
-0.13287354
-0.13606262
-0.21063232
-0.25057983
-0.1818695
-0.09664917
0.12333679
0.3278656
0.14303589
-0.18400574
-0.2788086
-0.11741638
0.1510315
0.2836609
0.087646484
-0.14831543
-0.12966919
0.066345215
0.23678589
0.2809906
0.120666504
-0.056167603
-0.107299805
-0.01889038
0.051956177
0.03491211
0.02053833
0.09510803
0.25808716
0.41575623
0.50416565
0.53559875
0.6138916
0.7646179
0.8376007
0.73799133
0.18405151
-0.141922
-0.27934265
-0.27934265
-0.04498291
0.2501068
0.20269775
-0.22607422
-0.6862793
-0.9504547
-0.82263184
-0.2942505
0.14091492
0.3475647
0.39711
0.3401184
0.27033997
0.19844055
0.0844574
-0.055099487
-0.13713074
-0.2314148
-0.33154297
-0.37095642
-0.3448639
-0.25590515
-0.14884949
-0.05670166
-0.076416016
-0.20158386
-0.28945923
-0.20690918
-0.08920288
-0.079071045
-0.19519043
-0.32196045
-0.34965515
-0.26123047
-0.15045166
0.008285522
0.174469
0.23518372
0.19364929
0.028533936
-0.19784546
-0.3065033
-0.1696167
0.0184021
0.13345337
0.22027588
0.29803467
0.30815125
0.20269775
0.14091492
0.20323181
0.22453308
-0.03540039
-0.26548767
-0.20423889
0.08552551
0.2421112
0.17819214
0.030654907
-0.10890198
-0.1611023
-0.14245605
-0.10357666
-0.07054138
-0.040725708
8.239746E-4
0.062088013
0.08604431
-0.029541016
-0.10890198
-0.1499176
-0.16322327
-0.095581055
0.033843994
0.13505554
0.18244934
0.18351746
0.10682678
-0.029541016
-0.033798218
0.10096741
0.24636841
0.2501068
0.108947754
-0.032196045
-0.06097412
-0.0077056885
0.008285522
0.010940552
-0.0061035156
0.03012085
0.07965088
0.0929718
-2.4414062E-4
-0.08013916
-0.010894775
0.18937683
0.35928345
0.39764404
0.25541687
0.14038086
0.17552185
0.25489807
0.3720703
0.32414246
-0.07002258
-0.48068237
-0.5259552
-0.25004578
-0.1184845
-0.24897766
-0.4156952
-0.43327332
-0.27934265
-0.015151978
0.12120056
-0.11315918
-0.37734985
-0.3102417
-0.024749756
0.1355896
0.059951782
-0.10676575
-0.10783386
0.029586792
0.115875244
0.035446167
-0.081207275
-0.024215698
0.2644806
0.5292053
0.50737
0.29537964
0.1510315
0.17765808
0.3193512
0.30282593
0.035446167
-0.19519043
-0.097717285
0.16860962
0.19204712
0.014144897
-0.053512573
0.004547119
0.07646179
0.09136963
0.02798462
-0.003967285
0.101501465
0.27886963
0.35928345
0.32574463
0.35876465
0.47540283
0.6213379
0.6559601
0.17658997
-0.12434387
-0.18933105
-0.009292603
0.3156128
0.24424744
-0.23353577
-0.6889343
-0.97709656
-0.93182373
-0.5232849
-0.102508545
0.08818054
0.084991455
0.042373657
0.02053833
0.054626465
0.19577026
0.3236084
0.3582306
0.23252869
-2.4414062E-4
-0.12008667
0.015213013
0.19311523
0.13026428
-0.1334076
-0.31982422
-0.27720642
-0.09399414
-0.013031006
-0.097717285
-0.2553711
-0.32940674
-0.18933105
0.059417725
0.09989929
-0.10569763
-0.34379578
-0.427948
-0.3230133
-0.188797
-0.05935669
0.03491211
0.089767456
0.14570618
0.17340088
0.10787964
-0.0034484863
-0.1307373
-0.22714233
-0.24472046
-0.141922
-0.0023651123
0.06367493
0.0040130615
-0.06895447
-0.06629944
0.051956177
0.23678589
0.17500305
-0.1264801
-0.20584106
0.016815186
0.16647339
0.013076782
-0.25857544
-0.4402008
-0.45085144
-0.28520203
-0.08174133
0.02532959
0.03492737
0.049301147
0.08018494
0.097229004
0.05569458
0.0056152344
0.014678955
0.07646179
0.19630432
0.32572937
0.39923096
0.2836609
0.031188965
-0.1845398
-0.317688
-0.40611267
-0.43008423
-0.22767639
0.16275024
0.30336
0.10682678
-0.13127136
-0.31236267
-0.3880005
-0.25590515
0.015213013
0.16700745
0.09403992
0.0066833496
0.048233032
0.059951782
-0.011428833
-0.07746887
-0.083862305
-0.14831543
-0.09185791
0.17819214
0.41415405
0.31880188
0.0013580322
-0.16801453
-0.099853516
0.03491211
0.07965088
-0.026870728
-0.1461792
-0.27668762
-0.4348755
-0.44659424
-0.3171692
-0.17440796
-0.002380371
0.19470215
0.25489807
0.19044495
0.16807556
0.22293091
0.2698059
0.23092651
0.14144897
0.14837646
0.27726746
0.43013
0.3827362
0.14356995
-0.07055664
-0.071624756
0.05569458
0.0050811768
-0.35231018
-0.5882721
-0.36616516
0.14196777
0.5243988
0.2783203
-0.39279175
-0.8071747
-0.7123718
-0.14938354
0.36727905
0.38113403
0.122802734
0.0098724365
0.06687927
0.030654907
-0.10571289
-0.21916199
-0.19145203
-0.07321167
-0.018356323
-0.055633545
-0.13180542
-0.10144043
0.033325195
0.14038086
-0.00982666
-0.2010498
-0.2361908
-0.050842285
0.21548462
0.17074585
-0.18614197
-0.44659424
-0.42155457
-0.1499176
0.14889526
0.2559662
0.28312683
0.32254028
0.39285278
0.43173218
0.35395813
0.16914368
-0.039657593
-0.12168884
-0.029006958
0.118011475
0.21069336
0.25489807
0.2559662
0.17340088
0.082855225
0.0050811768
-0.14778137
-0.21435547
-0.13233948
0.08818054
0.23731995
0.16700745
2.89917E-4
-0.15257263
-0.19837952
-0.15470886
-0.0945282
-0.06309509
-0.040725708
-0.09718323
-0.16589355
-0.21488953
-0.25750732
-0.33154297
-0.38960266
-0.31661987
-0.12168884
-0.011962891
-0.030075073
-0.052978516
0.015213013
0.16435242
0.15422058
-0.07321167
-0.27668762
-0.28359985
-0.12434387
-0.046585083
-0.065216064
-0.074279785
-0.034866333
0.028518677
0.059951782
0.124938965
0.237854
0.3070984
0.25650024
0.19418335
0.25543213
0.26341248
0.22666931
0.21228027
0.19044495
0.18778992
0.17660522
0.054626465
-0.1568451
-0.3214264
-0.31663513
-0.109436035
0.2453003
0.5233307
0.4056244
0.024261475
-0.2399292
-0.21330261
-0.027938843
0.050354004
-0.04498291
-0.2010498
-0.2713623
-0.17175293
-0.020492554
-0.10517883
-0.27774048
-0.26229858
-0.13873291
-0.0034332275
0.024261475
-0.048171997
-0.102508545
-0.04977417
0.035980225
0.021591187
-0.22927856
-0.43167114
-0.38160706
-0.23034668
-0.11103821
-0.05670166
-0.104644775
-0.13233948
-0.007171631
0.22453308
0.40190125
0.37420654
0.2218628
0.032791138
-0.049240112
-0.00982666
0.0098724365
-0.0061035156
0.0056152344
0.010406494
-0.043380737
-0.14138794
-0.28892517
-0.39385986
-0.32302856
-0.024749756
0.3592987
0.570755
0.38645935
-0.011962891
-0.19572449
-0.107299805
0.09350586
0.16807556
0.061019897
-0.11103821
-0.20956421
-0.2010498
-0.12860107
-0.10411072
-0.14245605
-0.188797
-0.12594604
-0.0018463135
0.029586792
-0.037521362
-0.07853699
-0.03805542
0.045578003
0.08338928
0.047164917
-0.017822266
-0.072143555
-0.19038391
-0.32621765
-0.3922577
-0.3368683
-0.15470886
-2.4414062E-4
0.09564209
0.20376587
0.24797058
0.1952362
0.15742493
0.13771057
0.08711243
0.03437805
0.042373657
0.12387085
0.2570343
0.30282593
0.15635681
-0.092926025
-0.24578857
-0.23194885
-0.24311829
-0.17549133
-7.7819824E-4
0.20695496
0.31614685
0.2698059
0.21707153
0.15689087
-0.037521362
-0.3171692
-0.46842957
-0.28520203
0.022659302
0.07060242
-0.11741638
-0.24472046
-0.19572449
-0.09239197
-0.13606262
-0.32621765
-0.31929016
-0.048721313
0.3236084
0.5025635
0.36088562
0.053024292
-0.12966919
-0.090789795
0.14143372
0.23731995
0.06686401
-0.1222229
-0.10144043
0.03491211
0.1126709
0.13931274
0.15049744
0.18618774
0.22399902
0.18565369
0.13345337
0.08232117
-0.029006958
-0.0987854
-0.05456543
0.044509888
0.12120056
0.091918945
-0.036468506
-0.13873291
-0.20903015
-0.12434387
0.015213013
-0.04711914
-0.19412231
-0.2164917
-0.0077056885
0.26766968
0.36195374
0.20695496
0.025863647
-0.07107544
-0.04286194
-0.0034332275
-0.069488525
-0.13713074
-0.15045166
-0.11476135
-0.092926025
-0.099853516
-0.12168884
-0.17654419
-0.32035828
-0.35125732
-0.1227417
0.16860962
0.31454468
0.4343872
0.5659485
0.7081604
0.8503723
0.8780823
0.68099976
0.1829834
-0.27027893
-0.25431824
-0.019943237
0.09031677
0.0695343
0.057281494
0.057296753
0.0040130615
-0.13659668
-0.27722168
-0.22767639
-0.040725708
0.20695496
0.72094727
1.1736908
0.44024658
-0.3533783
-0.7746887
-0.5983887
-0.3310089
-0.1738739
0.12440491
0.2799225
0.26713562
0.10681152
-0.14299011
-0.299057
-0.2207489
0.057296753
0.29910278
0.26501465
-0.026351929
-0.1973114
-0.12062073
0.101501465
0.09616089
-0.18293762
-0.39067078
-0.27615356
0.004547119
0.21014404
0.221344
0.014144897
-0.1818695
-0.2084961
-0.14352417
-0.067352295
-0.009292603
0.06846619
0.16540527
0.27566528
0.31507874
0.2501068
0.06793213
-0.15737915
-0.26229858
-0.4055786
-0.6298065
-0.5856018
-0.21488953
0.17126465
0.22879028
-0.07055664
-0.4364624
-0.5525818
-0.3965149
-0.17068481
0.020004272
0.12013245
0.14624023
0.15742493
0.144104
0.066345215
-0.09931946
-0.19145203
-0.141922
-0.08067322
-0.074279785
-0.13552856
-0.23939514
-0.3102417
-0.31929016
-0.20477295
0.040771484
0.1552887
0.015731812
-0.24153137
-0.32621765
-0.26922607
-0.049240112
0.15422058
0.15901184
0.11054993
0.080718994
0.14038086
0.3086853
0.3321228
0.03916931
-0.19784546
-0.19145203
-0.05456543
0.035446167
0.019470215
-0.034332275
-0.052444458
-0.022079468
-0.030075073
-0.13925171
-0.23034668
-0.16003418
-0.14511108
-0.31663513
-0.4156952
-0.13819885
0.27407837
0.3587494
0.07220459
-0.24899292
-0.35658264
-0.29159546
-0.1541748
-0.0519104
-0.027404785
-0.07481384
-0.158432
-0.2084961
-0.19519043
-0.12808228
-0.062561035
-0.021560669
0.0056152344
-0.045516968
-0.16429138
-0.2868042
-0.31661987
-0.10836792
0.24743652
0.43598938
0.28312683
-0.15789795
-0.509964
-0.56962585
-0.39492798
-0.07374573
0.11959839
0.13452148
0.2575531
0.36888123
0.29963684
0.1121521
-0.17814636
-0.36509705
-0.2899933
-0.07853699
0.031188965
0.021606445
0.007751465
0.02746582
0.09403992
0.1483612
0.08392334
0.055160522
0.07859802
-0.03593445
-0.15257263
-0.17601013
-0.282547
-0.50997925
-0.7496643
-0.7406006
-0.44978333
-0.022613525
0.24157715
0.22187805
0.09777832
-0.050842285
-0.12808228
-0.16856384
-0.1845398
-0.09611511
0.053024292
0.23199463
0.34970093
0.35928345
0.2532959
0.10522461
-0.023147583
-0.10676575
-0.111572266
-0.052978516
0.09403992
0.20162964
0.19844055
0.08657837
0.019470215
-0.003982544
0.06846619
0.021606445
-0.17388916
-0.17601013
0.017333984
0.16807556
0.24797058
0.14091492
-0.017288208
-0.01940918
0.12599182
0.21548462
0.11427307
-0.052978516
-0.18507385
-0.18560791
-0.011962891
0.28045654
0.3513031
0.19949341
0.08178711
0.101486206
0.07539368
-0.12062073
-0.21063232
-0.026870728
0.17819214
0.12226868
-0.033798218
-0.13659668
-0.09718323
-0.0061035156
0.09510803
0.12652588
0.07487488
0.0013427734
-0.040725708
-0.12966919
-0.2084961
-0.18507385
-0.06842041
0.010406494
0.06314087
0.10734558
0.039718628
-0.06895447
-0.045516968
0.10736084
0.22187805
0.27513123
0.18511963
0.1121521
0.44345093
0.92601013
1.3483887
1.3467865
0.89352417
0.63679504
0.39071655
-0.067352295
0.2809906
0.575531
0.15209961
-0.4875946
-0.87641907
-0.9275665
-0.6559143
-0.32835388
-0.09931946
-0.08653259
-0.26123047
-0.5371399
-0.7869415
-1.0559235
-1.2689667
-1.2332916
-0.48121643
0.15795898
0.34970093
0.29005432
0.25650024
0.31881714
0.3869934
0.38964844
0.21069336
0.1984253
0.3513031
0.3353119
0.08232117
-0.22660828
-0.3501892
-0.25325012
-0.11476135
0.008270264
0.17393494
0.23731995
0.17233276
0.10469055
0.040252686
-0.027404785
-0.03274536
-0.12062073
-0.32408142
-0.36244202
-0.1222229
0.17233276
0.21388245
-0.06362915
-0.2756195
-0.2441864
-0.119018555
-0.019958496
0.013076782
0.05355835
0.16487122
0.24583435
0.12333679
-0.09718323
-0.2319336
-0.21116638
-0.09611511
-0.052444458
-0.10997009
-0.22714233
-0.29159546
-0.23725891
-0.118499756
-0.1030426
-0.19944763
-0.26708984
-0.23939514
-0.15203857
-0.069488525
-0.013031006
-0.050842285
-0.15631104
-0.14778137
0.022140503
0.11480713
0.096710205
0.21334839
0.35502625
0.26927185
-0.045516968
-0.3267517
-0.3768158
-0.2868042
-0.18133545
-0.13394165
-0.05404663
0.075927734
0.16061401
0.1510315
0.056762695
-0.052978516
-0.12275696
-0.19358826
-0.22608948
-0.15737915
0.071136475
0.34970093
0.47753906
0.33000183
0.021072388
-0.10623169
-0.031661987
-2.4414062E-4
-0.024749756
0.049819946
0.1632843
0.09190369
-0.14724731
-0.31077576
-0.34007263
-0.34059143
-0.37841797
-0.4087677
-0.38746643
-0.29852295
-0.18400574
-0.13287354
-0.1696167
-0.27668762
-0.32196045
-0.14672852
0.12173462
0.31774902
0.366745
0.30177307
0.18725586
0.12919617
0.051956177
0.015213013
0.09085083
0.15742493
-0.004501343
-0.25378418
-0.3144989
-0.1611023
0.042373657
0.124938965
0.0887146
0.038116455
0.025863647
0.045043945
0.056762695
0.030654907
0.0040130615
0.0066833496
0.038116455
0.12013245
0.13877869
0.075927734
0.04663086
0.0184021
-0.074279785
-0.18400574
-0.12594604
0.061553955
0.15689087
0.19949341
0.3166809
0.45196533
0.42852783
0.17126465
-0.12860107
-0.31663513
-0.35656738
-0.26602173
-0.08013916
0.085510254
0.0844574
-0.021560669
-0.10997009
-0.1818695
-0.2441864
-0.3102417
-0.36351013
-0.32408142
-0.12434387
0.13877869
0.25222778
0.06474304
-0.14352417
-0.21595764
-0.21488953
-0.0993042
0.17819214
0.38858032
0.2794037
-0.04019165
-0.3022461
-0.31929016
-0.1499176
-0.010894775
0.037582397
0.16168213
0.35769653
0.49032593
0.48872375
0.34490967
0.20056152
0.08338928
0.007217407
8.239746E-4
0.08178711
0.20109558
0.2687378
0.24850464
0.17074585
0.094573975
-0.007171631
-0.090789795
-0.18026733
-0.32835388
-0.26815796
0.11428833
0.589386
0.81788635
0.57180786
-0.003967285
-0.5467224
-0.69692993
-0.40611267
0.13238525
0.5851288
0.6335907
0.3955078
0.2021637
0.048233032
-0.12434387
-0.23300171
-0.2479248
-0.1696167
-0.04498291
0.023727417
-0.011428833
-0.1179657
-0.15896606
-0.13394165
-0.121154785
-0.18933105
-0.2713623
-0.24685669
-0.158432
-0.011962891
0.11854553
0.045562744
-0.19891357
-0.32035828
-0.22076416
-0.050842285
-0.013031006
-0.09239197
-0.052444458
0.1632843
0.29963684
0.1979065
0.024261475
-0.013549805
0.05142212
0.08018494
0.05569458
0.024261475
0.078063965
0.20855713
0.27938843
0.20429993
0.0695343
0.036514282
0.03437805
-0.004501343
-0.111572266
-0.44659424
-0.7667084
-0.7294159
-0.21276855
0.46154785
0.63679504
0.18139648
-0.38160706
-0.47375488
-0.12913513
0.1398468
0.1787262
0.10469055
0.0066833496
-0.03807068
-0.020477295
-0.0034484863
-0.11155701
-0.23406982
-0.28094482
-0.2564392
-0.17015076
-0.05935669
0.078063965
0.21228027
0.32040405
0.174469
-0.13446045
-0.2633667
-0.21488953
-0.18614197
-0.25697327
-0.24897766
-0.1611023
-0.102508545
-0.06788635
0.031188965
0.1952362
0.3598175
0.4248047
0.34544373
0.19416809
0.05142212
-0.045516968
-0.08760071
-0.11582947
-0.10676575
0.036514282
0.23518372
0.31828308
0.28045654
0.17979431
0.0184021
-0.12008667
-0.123291016
-0.1776123
-0.27720642
-0.16429138
0.18777466
0.54997253
0.57180786
0.24157715
-0.11689758
-0.28892517
-0.23088074
-0.038589478
0.1164093
0.14570618
0.05088806
-0.07321167
-0.14405823
-0.17494202
-0.25430298
-0.29585266
-0.21542358
-0.06842041
0.042907715
0.09510803
0.06474304
-0.07267761
-0.20744324
-0.13978577
0.051956177
0.15795898
0.1478424
0.1510315
0.11001587
-0.053512573
-0.2202301
-0.2702942
-0.18133545
-0.08227539
0.007217407
0.18032837
0.38432312
0.4482422
0.31507874
0.09776306
-0.015151978
-0.017822266
0.0018920898
0.018936157
0.11054993
0.32147217
0.4524994
0.38911438
0.19044495
-0.097717285
-0.25590515
-0.21809387
-0.2164917
-0.27667236
-0.27134705
-0.16322327
0.026397705
0.17765808
0.11161804
-0.10890198
-0.27401733
-0.29638672
-0.12487793
0.11959839
0.18884277
0.054092407
-0.14938354
-0.21382141
-0.11050415
-0.048706055
-0.18026733
-0.39704895
-0.4364624
-0.24046326
0.0184021
0.15422058
0.13505554
0.13079834
0.30389404
0.53878784
0.47860718
-0.02154541
-0.4167633
-0.37149048
-0.07481384
0.08711243
0.020004272
-0.07746887
-0.104644775
-0.10997009
-0.043395996
0.08178711
0.14782715
0.17393494
0.1872406
0.21228027
0.22293091
0.18778992
0.11694336
0.080718994
0.07060242
0.1078949
0.20323181
0.25382996
0.22241211
0.18244934
0.15689087
0.13717651
0.0695343
0.038650513
-0.003967285
-0.13020325
-0.16854858
-0.041793823
0.2740631
0.5148163
0.39337158
-0.022613525
-0.37467957
-0.34379578
-0.027404785
0.17181396
0.11907959
0.024261475
0.004547119
0.059951782
0.07913208
0.042373657
0.049835205
0.27194214
0.6772766
0.76249695
0.3859253
0.20162964
0.1717987
0.3124237
0.32307434
0.19204712
0.12387085
0.07273865
0.02319336
-0.002380371
0.021072388
-0.07321167
-0.23939514
-0.26602173
-0.06362915
0.14091492
0.10096741
-0.17814636
-0.39012146
-0.45510864
-0.37895203
-0.17601013
0.029586792
0.13931274
0.17765808
0.15956116
0.09138489
-0.05937195
-0.24739075
-0.37893677
-0.36776733
-0.22288513
-0.029006958
0.04876709
0.0040130615
-0.10676575
-0.23460388
-0.16854858
0.087646484
0.26182556
0.115875244
-0.16854858
-0.26815796
-0.10783386
0.12599182
0.09883118
-0.13287354
-0.33847046
-0.4402008
-0.25804138
0.111083984
0.2921753
0.17233276
-0.01461792
-0.12008667
-0.13819885
-0.074279785
0.024795532
0.07485962
0.12387085
0.1979065
0.24957275
0.17393494
0.01574707
-0.10569763
-0.119018555
-0.19519043
-0.4055786
-0.5579071
-0.24685669
0.3779297
0.6357269
0.32466125
-0.2841339
-0.7347412
-0.7970581
-0.491333
-2.4414062E-4
0.40882874
0.53559875
0.4290619
0.2724762
0.11853027
-0.0013122559
-0.08332825
-0.16322327
-0.22821045
-0.20051575
-0.06895447
0.07699585
0.19577026
0.32254028
0.5078888
0.60643005
0.3869934
0.089782715
0.015731812
0.30177307
0.5925751
0.5547638
0.13345337
-0.41516113
-0.6793518
-0.5813446
-0.2676239
0.028518677
0.14677429
0.10948181
0.047164917
-0.037521362
-0.09611511
-0.07267761
-0.027404785
-0.027404785
-7.7819824E-4
0.08018494
0.18830872
0.19897461
0.052490234
-0.054031372
0.007751465
0.066345215
0.023208618
-0.14938354
-0.24259949
0.012542725
0.3624878
0.3747406
0.035446167
-0.42262268
-0.74645996
-0.7406006
-0.32035828
0.33532715
0.6927185
0.62294006
0.29856873
-0.015151978
-0.1222229
-0.08918762
-0.12168884
-0.29052734
-0.3688202
-0.28041077
-0.03540039
0.12812805
0.025863647
-0.10357666
0.035446167
0.35342407
0.43865967
0.1078949
-0.16268921
-0.16003418
0.003479004
0.12068176
0.033325195
-0.072143555
-0.044448853
-0.0061035156
0.00881958
0.0050811768
0.080718994
0.19897461
0.20323181
0.08818054
0.01626587
0.047164917
0.07487488
0.22825623
0.6623535
0.88339233
0.51535034
0.1787262
0.07699585
0.087646484
0.22027588
0.23892212
0.054626465
-0.235672
-0.42315674
-0.31503296
0.04397583
0.2799225
0.18351746
-0.08760071
-0.25057983
-0.24099731
-0.053512573
0.31454468
0.44770813
0.16488647
-0.1611023
-0.30810547
-0.22395325
-0.027938843
0.17233276
0.29270935
0.28578186
0.23838806
0.27352905
0.33532715
0.2921753
0.23413086
0.22239685
-0.12487793
-0.6601715
-0.77841187
-0.36669922
0.3321228
0.7885895
0.605896
-2.4414062E-4
-0.53874207
-0.7858734
-0.52967834
0.04663086
0.3779297
0.29856873
0.0849762
-0.10623169
-0.16801453
-0.12008667
-0.09132385
-0.06575012
-0.017822266
0.09190369
0.23625183
0.36302185
0.3166809
0.14624023
-0.055633545
-0.19358826
-0.38693237
-0.5589752
-0.3698883
0.3156128
0.8327942
0.7417145
0.19895935
-0.34484863
-0.50198364
-0.2899933
-0.03326416
0.049835205
0.020004272
0.031723022
0.064208984
0.12866211
0.12600708
0.078063965
0.026931763
0.006149292
0.028518677
0.085510254
0.1318512
0.14570618
0.11961365
0.120666504
0.3076172
0.45996094
0.35290527
0.2106781
0.25862122
0.3070984
0.17979431
-0.09611511
-0.34484863
-0.30970764
-0.017288208
0.3347931
0.43119812
0.26075745
0.0098724365
-0.1653595
-0.18347168
-0.10836792
-0.034866333
0.021072388
0.069000244
0.144104
0.29377747
0.42160034
0.44078064
0.3640747
0.32147217
0.38432312
0.50949097
0.38804626
-0.06895447
-0.40930176
-0.19625854
0.26394653
0.41734314
0.15635681
-0.21809387
-0.36775208
-0.2511139
0.00881958
0.2453003
0.35662842
0.31082153
0.21601868
0.20269775
0.18511963
0.13665771
0.12173462
0.09190369
0.022125244
-0.00982666
0.010406494
0.075927734
0.16593933
0.23518372
0.2879181
0.3635559
0.42533875
0.3555603
0.1483612
-0.10092163
-0.062561035
0.18832397
0.2932434
0.1084137
-0.17974854
-0.30703735
-0.235672
-0.08972168
0.035446167
0.12973022
0.25169373
0.39390564
0.53718567
0.559021
0.09564209
-0.17068481
-0.009292603
0.20376587
0.27407837
0.32626343
0.4056244
0.2687378
-0.08706665
-0.3501892
-0.2788086
-0.003967285
0.13452148
-0.05935669
-0.29159546
-0.20051575
0.09776306
0.14570618
-0.10783386
-0.4625702
-0.7129059
-0.5909271
-0.13659668
0.34384155
0.58140564
0.53878784
0.26235962
-0.12806702
-0.39971924
-0.44818115
-0.37202454
-0.1850586
0.024795532
0.13612366
0.09510803
-0.08920288
-0.20637512
-0.12487793
0.055160522
0.033325195
-0.20263672
-0.39865112
-0.38320923
-0.25057983
-0.12861633
-0.11262512
-0.1611023
-0.15364075
-0.11050415
-0.046585083
0.07859802
0.15795898
0.1164093
-0.014083862
-0.18293762
-0.30438232
-0.22927856
-0.09931946
0.04876709
0.21121216
0.3582306
0.41308594
0.29963684
0.113204956
-0.018356323
-0.017822266
0.01361084
-0.10090637
-0.29638672
-0.252182
0.03012085
0.04397583
-0.32354736
-0.71769714
-0.7262268
-0.32940674
0.18618774
0.48712158
0.55210876
0.4423828
0.22613525
0.008270264
-0.40983582
-0.9073181
-1.1443329
-1.0410004
-0.70225525
-0.31610107
-0.046051025
-0.011428833
-0.07481384
0.004547119
0.23466492
0.4093628
0.35237122
0.15422058
0.075927734
0.05355835
-0.072143555
-0.32781982
-0.45350647
-0.31556702
-0.06788635
0.19895935
0.36408997
0.37953186
0.30496216
0.18405151
0.014678955
-0.09718323
-0.07853699
0.049835205
0.19258118
0.36302185
0.5057678
0.52493286
0.42373657
0.24743652
0.08552551
-0.03807068
-0.24632263
-0.44978333
-0.2788086
0.2490387
0.6032257
0.3736725
-0.30438232
-0.8551178
-0.8663025
-0.45350647
0.14570618
0.53292847
0.5377197
0.40776062
0.26927185
0.18565369
0.069000244
-0.11582947
-0.21595764
-0.188797
-0.062561035
0.06739807
0.092437744
0.026397705
0.040771484
0.20269775
0.3598175
0.31774902
0.06048584
-0.14724731
-0.16749573
-0.17868042
-0.1738739
-0.15629578
-0.11369324
-0.104644775
-0.16482544
-0.2441864
-0.16749573
0.02319336
0.054092407
0.0024108887
-0.062026978
-0.1179657
-0.12594604
-0.022613525
0.12705994
0.29910278
0.44451904
0.4567566
0.37580872
0.31082153
0.28259277
0.12705994
-0.114227295
-0.15364075
0.02267456
0.075927734
-0.1456604
-0.50198364
-0.69532776
-0.5840149
-0.18080139
0.2618103
0.50416565
0.4892578
0.31188965
0.094573975
-0.12915039
-0.4348755
-0.8966675
-1.3483276
-1.4649811
-0.9920044
-0.18666077
0.44450378
0.7576904
0.7688904
0.66716003
0.55955505
0.4024353
0.17233276
-0.0061035156
-0.06309509
-0.058303833
-0.08546448
-0.10090637
-0.058303833
-0.0284729
0.007217407
0.1126709
0.16647339
0.080718994
0.027999878
0.030654907
-0.0050354004
-0.055633545
-0.0034332275
0.15901184
0.33158875
0.38059998
0.15849304
-0.13127136
-0.1930542
0.023727417
0.26501465
0.34277344
0.49298096
0.7971039
0.9595642
0.67248535
-0.14033508
-1.1608582
-1.7121277
-1.5006714
-0.7006531
0.05834961
0.46261597
0.6346588
0.6266632
0.39178467
-0.0050354004
-0.3933258
-0.53819275
-0.38534546
-0.1349945
0.0072021484
0.04397583
0.056228638
0.12866211
0.29910278
0.46421814
0.43598938
0.18725586
-0.030075073
-0.0753479
0.004547119
0.047164917
-0.08546448
-0.23034668
-0.20051575
-0.052978516
0.06581116
0.082855225
-0.015686035
-0.16270447
-0.2644348
-0.30810547
-0.3134308
-0.2479248
-0.1499176
0.023727417
0.22825623
0.40722656
0.47647095
0.38964844
0.27726746
0.23039246
0.29003906
0.26661682
0.059417725
-0.019958496
0.19950867
0.4098816
0.19897461
-0.40397644
-0.8908081
-0.8886719
-0.44606018
0.13824463
0.52919006
0.64479065
0.5739441
0.35183716
0.064208984
-0.17601013
-0.34965515
-0.42741394
-0.41249084
-0.2937317
-0.085998535
0.12013245
0.21388245
0.21228027
0.18405151
0.22825623
0.22772217
0.022140503
-0.20851135
-0.3118286
-0.39172363
-0.41516113
-0.29852295
-0.14405823
-0.053512573
-0.07215881
-0.14671326
-0.20423889
-0.09132385
0.24371338
0.51268005
0.53292847
0.24690247
-0.104644775
-0.26815796
-0.17814636
-0.03593445
0.06581116
0.124938965
0.12919617
0.174469
0.27301025
0.14942932
-0.15789795
-0.2953186
-0.0710907
0.24583435
0.27619934
-0.022079468
-0.45085144
-0.7059784
-0.6218262
-0.23939514
0.15635681
0.39071655
0.47859192
0.4897766
0.35237122
0.10736084
-0.09397888
-0.21170044
-0.18986511
-0.023147583
0.20429993
0.30496216
0.24317932
0.19737244
0.21813965
0.3081665
0.32414246
0.12973022
-0.10623169
-0.15682983
-0.09239197
-0.08493042
-0.11103821
-0.114227295
-0.10357666
-0.15364075
-0.31289673
-0.31982422
-0.059890747
0.14463806
0.120666504
-0.029541016
-0.14512634
-0.15896606
-0.13926697
-0.07215881
0.15370178
0.4189453
0.493515
0.30763245
0.084991455
0.02746582
0.07752991
0.09829712
0.0050811768
-0.045516968
0.07273865
0.21281433
0.15475464
-0.15896606
-0.5824127
-0.7874756
-0.5925293
-0.12808228
0.34118652
0.53453064
0.35662842
0.058883667
-0.19358826
-0.3411255
-0.40237427
-0.36883545
-0.21916199
-0.043380737
0.07911682
0.06581116
-0.052444458
-0.18986511
-0.14405823
0.045043945
0.17286682
0.13771057
0.045562744
0.02532959
-0.06097412
-0.20690918
-0.2164917
-0.10411072
0.04611206
0.087646484
0.048233032
0.0929718
0.1632843
0.25169373
0.30975342
0.21813965
0.022659302
-0.17921448
-0.2511139
-0.11955261
0.13824463
0.3401184
0.39337158
0.38911438
0.34172058
0.26341248
0.20056152
0.104156494
-0.013031006
-0.0050354004
0.21813965
0.26075745
-0.024734497
-0.4210205
-0.6889343
-0.620224
-0.141922
0.52867126
1.1502533
1.4085846
1.1816711
0.6080322
-0.023147583
-0.50730896
-0.68414307
-0.5674896
-0.3065033
-0.062026978
0.08392334
0.087646484
-0.024749756
-0.13873291
-0.1499176
-0.10571289
-0.10571289
-0.11955261
-0.0476532
0.10736084
0.32626343
0.45196533
0.2889862
-0.042312622
-0.26390076
-0.3075714
-0.19465637
-0.05670166
-0.099853516
-0.1456604
-0.0796051
0.006149292
-0.016220093
-0.112091064
-0.188797
-0.18347168
-0.16429138
-0.16642761
-0.141922
-0.07215881
0.071136475
0.16807556
-0.003982544
-0.30969238
-0.30064392
0.12705994
0.47753906
0.43013
0.031188965
-0.37095642
-0.47322083
-0.27615356
0.0652771
0.30975342
0.37953186
0.221344
-2.4414062E-4
-0.06575012
-0.060424805
-0.07853699
-0.16801453
-0.2798767
-0.30438232
-0.2718811
-0.24099731
-0.13287354
0.15742493
0.5281372
0.7134857
0.59098816
0.26394653
-0.014083862
-0.10890198
-0.07588196
-0.14299011
-0.37309265
-0.47322083
-0.39971924
-0.2244873
-0.05670166
0.054626465
0.056747437
0.004547119
-0.06523132
-0.14086914
-0.22767639
-0.20637512
0.0098724365
0.32733154
0.48446655
0.36569214
0.066345215
-0.10676575
-0.021026611
0.084991455
-0.051376343
-0.22288513
-0.17921448
0.16061401
0.4775238
0.3475647
-0.069488525
-0.39492798
-0.44233704
-0.23033142
0.12440491
0.36621094
0.43492126
0.4013672
0.32359314
0.13771057
-0.08706665
-0.2665558
-0.3741455
-0.36616516
-0.20690918
-0.0061035156
0.045562744
-0.022613525
0.013076782
0.20748901
0.3598175
0.28419495
0.051956177
-0.10890198
-0.040725708
0.17819214
0.22879028
0.06048584
-0.09346008
-0.121154785
-0.05883789
0.1078949
0.20909119
0.20269775
0.16914368
0.059951782
-0.04711914
-0.05404663
0.008804321
0.10202026
0.16860962
0.23731995
0.29164124
0.27033997
0.16061401
0.02798462
0.028518677
0.15795898
0.17926025
0.03491211
-0.22714233
-0.19784546
0.10203552
0.30282593
0.20269775
0.007751465
0.05834961
0.32307434
0.5126953
0.48233032
0.22239685
-0.090789795
-0.22341919
-0.16163635
-0.076416016
-0.13871765
-0.25430298
-0.22981262
-0.11529541
-0.05935669
-0.17921448
-0.32514954
-0.27934265
-0.04286194
0.25968933
0.44451904
0.36834717
0.118011475
-0.22235107
-0.36190796
-0.1376648
0.14196777
0.23146057
0.051956177
-0.1461792
-0.1030426
0.10096741
0.29856873
0.41362
0.45835876
0.50842285
0.46847534
0.24690247
0.06739807
0.108947754
0.24157715
0.32200623
0.31507874
0.37313843
0.4812622
0.53079224
0.4700775
0.32893372
0.16221619
0.099365234
0.06739807
-0.03753662
0.05090332
0.35716248
0.16488647
-0.03060913
0.018936157
0.2144165
0.2256012
-0.20051575
-0.76776123
-1.1571198
-1.2487335
-0.8386078
-0.07321167
0.5489044
0.75982666
0.3513031
-0.08013916
-0.22714233
-0.2756195
-0.23086548
-0.10571289
-0.024215698
-0.037002563
-0.15205383
-0.235672
-0.16642761
-0.07374573
0.03704834
0.07273865
0.011474609
-0.13926697
-0.28199768
-0.31555176
-0.15737915
0.047698975
0.18830872
0.2298584
0.16062927
0.07006836
-0.011428833
-0.090789795
-0.12861633
-0.17121887
-0.18347168
-0.17228699
-0.22767639
-0.33847046
-0.39971924
-0.3959961
-0.32780457
-0.21330261
-0.08546448
0.006149292
0.040771484
0.02746582
0.03012085
0.031723022
0.016281128
-0.002380371
0.012008667
0.023742676
-0.0077056885
-0.0753479
-0.14352417
-0.12487793
-0.0987854
-0.10623169
-0.08067322
-0.023147583
0.013076782
-0.02154541
-0.083862305
-0.08706665
-0.023147583
0.014144897
-0.005569458
-0.046051025
-0.034866333
0.035980225
0.092437744
0.09136963
0.05088806
-0.0135650635
-0.0013122559
0.04876709
0.06262207
0.05355835
0.07006836
0.104156494
0.12547302
0.13771057
0.056747437
-0.022613525
-0.003982544
0.07273865
0.13505554
0.15795898
0.13026428
0.05142212
-0.0284729
-0.032730103
0.01361084
0.054092407
0.0460968
-0.00982666
-0.02633667
0.013076782
0.056228638
0.061019897
0.032791138
-0.00289917
-0.014099121
-0.009292603
0.024795532
0.0460968
0.02746582
-0.025802612
-0.07588196
-0.074279785
0.010406494
0.08924866
0.080200195
0.015213013
-0.008758545
0.01361084
0.05621338
0.022659302
-0.039123535
-0.0284729
0.022125244
0.052490234
0.02746582
-0.012496948
-0.031143188
-0.015686035
-0.008224487
-0.02154541
-0.046585083
-0.055633545
-0.01675415
0.03970337
0.06048584
-2.4414062E-4
-0.10197449
-0.14405823
-0.10836792
-0.02368164
0.022140503
-0.015167236
-0.048171997
-0.0076904297
0.038116455
0.017868042
-0.034332275
-0.03753662
0.008804321
0.059951782
0.06846619
0.022140503
-0.0284729
-0.041793823
-0.03274536
-0.021026611
-0.0077056885
0.004547119
0.016815186
0.014144897
0.0098724365
-0.008773804
-0.051376343
-0.048187256
0.0013580322
0.045562744
0.030654907
-0.007171631
0.006149292
0.061538696
0.06048584
0.0013580322
-0.041259766
-0.020477295
0.024261475
0.02746582
-0.004501343
-0.027404785
-0.024749756
-0.008239746
-0.0029144287
-0.0029144287
-0.008239746
0.0040130615
0.024261475
0.035446167
0.059417725
0.038650513
-0.06416321
-0.112091064
-0.029006958
0.059951782
0.03916931
-0.0284729
-0.067352295
-0.055633545
-0.030075073
-0.010894775
0.00881958
0.030654907
0.047164917
0.0418396
0.014144897
-0.01461792
-0.024734497
-0.01461792
0.003479004
0.008270264
-0.015686035
-0.023147583
0.0056152344
0.0460968
0.057281494
-0.030593872
-0.095581055
-0.03060913
0.09136963
0.11001587
0.033309937
-0.058303833
-0.085998535
-0.031143188
0.0066833496
0.0018920898
0.006149292
0.033325195
0.05090332
0.0460968
0.021072388
2.89917E-4
0.0050811768
0.021606445
0.03225708
0.02532959
0.014678955
0.03012085
0.0418396
0.05569458
0.04449463
-0.026870728
-0.050308228
0.010406494
0.073272705
0.056228638
-0.007171631
-0.03540039
-0.00289917
0.020004272
0.006149292
0.004547119
0.019470215
0.026397705
0.02267456
-0.0013122559
-0.029541016
-0.013549805
0.026931763
0.031188965
-0.0029144287
-0.015151978
0.014144897
0.04397583
0.03437805
0.019470215
-0.015167236
-0.06149292
-0.05456543
0.010406494
0.054092407
0.029052734
-0.013031006
-0.0135650635
0.010406494
0.014678955
-0.004501343
-0.00289917
0.021606445
0.040237427
0.035980225
0.027999878
0.0184021
0.0056152344
0.015213013
0.045562744
0.048233032
0.02532959
0.024261475
0.041305542
0.03704834
0.013076782
-0.041793823
-0.0519104
0.012542725
0.066345215
0.05781555
0.035980225
0.023742676
0.017333984
0.025863647
0.03704834
0.029067993
0.032791138
0.056762695
0.0460968
0.020004272
-7.7819824E-4
-0.015167236
-0.018356323
-0.01675415
-0.02368164
-0.025283813
0.0056152344
0.033859253
0.025863647
0.02319336
-0.019424438
-0.085998535
-0.054031372
0.057281494
0.11001587
0.07167053
-0.0034332275
-0.0519104
-0.015167236
0.006149292
-0.013031006
-0.0018463135
0.03491211
0.0460968
0.009338379
-0.030593872
-0.02633667
0.009338379
0.033325195
0.040771484
0.02053833
0.007736206
0.036514282
0.06474304
0.06260681
0.0024261475
-0.07374573
-0.071624756
0.029586792
0.108947754
0.07858276
0.01574707
-0.029006958
2.89917E-4
0.054626465
0.05621338
0.036514282
0.035980225
0.073272705
0.1313324
0.16914368
0.20855713
0.43173218
0.6916504
0.2836609
-0.01889038
0.007217407
0.08552551
0.32147217
0.46368408
