-27.781677
-26.28479
-26.618958
-25.680542
-27.793884
-27.793884
-27.793884
-27.256775
-25.93689
-25.665283
-26.473999
-26.072693
-25.975037
-25.949097
-27.049255
-26.428223
-26.315308
-26.608276
-25.228882
-26.289368
-25.979614
-27.339172
-27.354431
-25.1297
-25.527954
-25.268555
-26.330566
-26.464844
-27.949524
-27.799988
-26.605225
-26.41449
-26.797485
-25.794983
-27.06604
-25.590515
-25.045776
-24.682617
-27.102661
-25.698853
-25.015259
-26.620483
-25.886536
-24.920654
-23.72284
-25.6958
-25.820923
-25.56305
-26.428223
-24.835205
-26.757812
-25.708008
-25.830078
-27.999878
-25.151062
-25.646973
-26.541138
-24.990845
-25.297546
-26.837158
-25.161743
-25.636292
-25.697327
-25.875854
-26.519775
-25.743103
-26.707458
-25.1297
-25.187683
-25.209045
-25.70343
-25.042725
-27.207947
-26.353455
-24.97406
-26.106262
-25.944519
-25.038147
-26.551819
-26.083374
-24.908447
-25.691223
-25.691223
-25.691223
-25.752258
-25.950623
-25.062561
-26.087952
-24.864197
-26.37024
-26.062012
-23.713684
-26.341248
-25.668335
-26.309204
-24.81842
-24.188232
-26.617432
-26.091003
-24.909973
-24.510193
-23.747253
-25.912476
-26.55487
-25.996399
-26.838684
-25.627136
-26.594543
-26.106262
-26.454163
-26.05133
-25.03357
-25.8255
-25.68512
-26.115417
-26.10321
-26.765442
-26.400757
-25.300598
-25.440979
-26.142883
-26.844788
-26.142883
-27.394104
-25.971985
-26.469421
-26.628113
-24.551392
-25.959778
-26.023865
-26.191711
-25.846863
-25.646973
-25.367737
-26.66626
-25.804138
-24.571228
-26.094055
-26.58844
-26.127625
-26.022339
-27.21405
-26.64032
-26.097107
-24.415588
-26.79596
-26.79596
-25.39215
-26.564026
-27.172852
-25.642395
-26.341248
-25.901794
-25.344849
-25.917053
-26.45874
-25.056458
-24.967957
-25.022888
-25.022888
-25.740051
-26.870728
-24.5224
-25.912476
-24.580383
-25.90332
-26.53656
-26.365662
-26.072693
-25.709534
-25.07019
-26.351929
-25.33722
-26.663208
-26.533508
-26.55487
-25.630188
-24.241638
-26.341248
-25.782776
-25.810242
-26.719666
-24.838257
-25.830078
-27.293396
-25.857544
-26.46637
-26.539612
-25.37384
-25.894165
-25.935364
-25.805664
-26.3443
-25.328064
-26.374817
-27.497864
-25.845337
-23.503113
-25.819397
-24.978638
-25.621033
-26.045227
-26.065063
-25.11444
-26.405334
-26.081848
-25.566101
-24.369812
-25.312805
-25.950623
-25.274658
-25.819397
-26.351929
-25.80719
-25.724792
-25.642395
-26.480103
-23.472595
-26.034546
-25.979614
-25.265503
-24.490356
-26.617432
-26.296997
-24.247742
-26.681519
-25.004578
-25.302124
-24.455261
-26.062012
-26.675415
-25.752258
-25.810242
-25.187683
-25.978088
-25.785828
-25.785828
-25.590515
-25.746155
-25.283813
-25.819397
-26.545715
-27.389526
-25.013733
-27.134705
-24.89624
-27.288818
-26.081848
-27.328491
-26.405334
-26.843262
-26.600647
-26.37024
-26.625061
-25.579834
-26.057434
-27.534485
-26.327515
-27.096558
-26.571655
-27.88086
-26.791382
-26.800537
-25.289917
-25.738525
-26.809692
-24.337769
-26.28479
-27.989197
-26.577759
-28.627014
-27.482605
-26.719666
-24.954224
-26.750183
-25.975037
-26.480103
-25.05188
-26.657104
-25.698853
-26.59607
-24.118042
-26.272583
-25.71106
-25.65918
-27.864075
-26.519775
-25.16632
-26.330566
-26.594543
-26.66626
-25.970459
-27.120972
-25.241089
-26.083374
-25.823975
-25.944519
-26.361084
-27.45819
-25.14038
-26.312256
-24.27826
-27.575684
-27.85492
-24.812317
-26.707458
-24.354553
-25.75531
-24.99237
-28.036499
-26.689148
-25.265503
-25.265503
-25.265503
-26.046753
-24.549866
-25.852966
-27.134705
-25.941467
-25.169373
-26.748657
-25.358582
-26.335144
-26.075745
-24.88861
-26.309204
-27.43988
-26.571655
-27.607727
-27.267456
-25.16632
-26.045227
-26.887512
-24.27826
-25.723267
-25.18158
-27.886963
-26.034546
-27.207947
-24.580383
-25.04425
-24.995422
-25.315857
-25.196838
-26.701355
-25.656128
-26.016235
-25.144958
-26.533508
-25.02594
-25.811768
-24.842834
-23.052979
-25.372314
-24.868774
-25.39978
-24.258423
-23.791504
-25.97351
-23.313904
-25.9552
-26.002502
-26.722717
-25.177002
-25.196838
-26.345825
-25.184631
-26.00708
-26.37024
-24.620056
-27.584839
-25.935364
-26.930237
-25.04425
-26.400757
-26.741028
-27.963257
-26.487732
-23.770142
-24.433899
-26.460266
-27.19574
-26.548767
-26.887512
-26.121521
-27.955627
-25.273132
-24.485779
-24.769592
-24.769592
-25.07019
-23.840332
-25.28534
-25.793457
-24.258423
-25.624084
-23.812866
-24.383545
-25.036621
-24.331665
-23.397827
-24.386597
-25.022888
-24.389648
-23.605347
-25.238037
-23.287964
-24.177551
-23.414612
-24.105835
-24.53003
-25.210571
-25.335693
-24.328613
-24.1745
-25.349426
-23.10791
-25.267029
-25.456238
-24.732971
-23.175049
-23.191833
-24.545288
-24.273682
-24.459839
-23.223877
-24.684143
-23.962402
-23.562622
-23.161316
-23.616028
-22.88208
-24.464417
-25.796509
-25.642395
-24.606323
-24.874878
-24.900818
-25.143433
-23.428345
-25.20752
-24.28894
-25.308228
-24.44458
-24.171448
-26.42212
-25.959778
-24.116516
-24.198914
-25.279236
-23.991394
-24.07074
-24.769592
-24.945068
-24.105835
-24.003601
-24.560547
-25.775146
-25.323486
-26.464844
-26.072693
-26.751709
-24.684143
-24.771118
-25.297546
-24.708557
-24.516296
-24.516296
-24.516296
-26.205444
-24.609375
-24.0448
-25.811768
-25.83313
-26.597595
-26.850891
-24.789429
-25.863647
-25.048828
-24.397278
-24.308777
-23.495483
-26.039124
-23.808289
-24.313354
-23.6557
-24.617004
-23.66333
-24.620056
-25.382996
-24.867249
-26.101685
-25.260925
-25.149536
-26.64032
-24.099731
-25.843811
-25.021362
-24.876404
-25.012207
-25.27771
-25.778198
-24.789429
-23.74878
-25.262451
-24.853516
-24.996948
-24.847412
-24.291992
-25.75531
-25.646973
-26.564026
-25.44403
-25.698853
-24.681091
-24.964905
-25.230408
-24.638367
-25.889587
-24.699402
-24.984741
-25.85144
-25.334167
-25.204468
-25.92926
-24.58191
-25.462341
-25.346375
-25.44403
-25.001526
-24.665833
-24.687195
-25.961304
-27.416992
-27.046204
-28.198242
-26.896667
-26.794434
-26.029968
-26.168823
-28.03955
-28.063965
-28.063965
-28.063965
-28.80249
-29.545593
-28.15094
-29.356384
-29.063416
-27.941895
-29.925537
-28.32489
-28.15094
-29.50592
-28.102112
-28.051758
-29.05426
-27.301025
-28.66211
-27.114868
-28.248596
-28.048706
-28.225708
-27.667236
-29.013062
-28.611755
-28.216553
-29.455566
-26.875305
-28.718567
-27.500916
-27.94342
-26.026917
-28.837585
-27.294922
-27.391052
-27.287292
-27.39563
-25.598145
-27.32544
-27.406311
-25.52948
-26.307678
-26.123047
-27.507019
-26.705933
-28.237915
-27.552795
-26.908875
-27.522278
-27.679443
-27.789307
-27.676392
-28.19519
-27.449036
-28.453064
-29.992676
-27.427673
-29.249573
-28.46222
-28.175354
-29.214478
-27.656555
-26.930237
-28.49884
-29.325867
-28.767395
-29.518127
-28.004456
-27.345276
-29.518127
-29.63562
-28.3432
-28.78418
-29.676819
-29.8172
-27.308655
-28.967285
-28.967285
-28.967285
-26.715088
-29.82483
-30.854797
-27.08435
-27.7359
-28.32489
-29.774475
-27.34375
-29.049683
-27.383423
-27.9068
-28.392029
-27.9068
-27.952576
-28.155518
-28.573608
-28.166199
-27.770996
-28.565979
-27.711487
-28.425598
-26.924133
-28.947449
-29.672241
-29.818726
-28.004456
-30.459595
-30.282593
-30.340576
-31.230164
-30.570984
-28.970337
-29.792786
-29.579163
-30.201721
-30.490112
-30.599976
-28.733826
-30.488586
-29.501343
-29.878235
-28.865051
-28.910828
-27.804565
-30.32074
-30.293274
-28.834534
-29.29535
-27.546692
-29.57611
-29.5578
-28.907776
-29.803467
-29.476929
-28.683472
-29.260254
-28.045654
-28.399658
-28.440857
-26.599121
-28.207397
-27.224731
-27.21405
-28.816223
-27.780151
-28.42102
-27.114868
-26.908875
-26.789856
-26.579285
-26.271057
-26.046753
-28.138733
-26.786804
-27.397156
-27.397156
-27.397156
-27.528381
-26.818848
-27.146912
-27.14386
-29.014587
-28.72467
-28.31726
-28.503418
-28.582764
-29.981995
-28.318787
-30.114746
-29.081726
-29.362488
-30.740356
-29.237366
-28.715515
-28.753662
-29.975891
-30.406189
-29.46167
-29.466248
-29.985046
-28.141785
-28.469849
-29.4281
-28.796387
-28.218079
-29.580688
-30.413818
-30.566406
-28.749084
-29.512024
-30.142212
-28.753662
-29.814148
-29.740906
-27.871704
-27.545166
-26.85852
-28.141785
-29.501343
-27.937317
-28.474426
-28.186035
-26.985168
-28.060913
-28.038025
-26.96991
-26.982117
-27.748108
-26.6922
-28.18451
-26.704407
-27.090454
-25.845337
-25.872803
-27.108765
-26.985168
-27.757263
-26.177979
-27.017212
-28.205872
-27.786255
-28.735352
-27.862549
-27.967834
-27.980042
-27.835083
-27.722168
-27.653503
-27.708435
-26.583862
-26.42212
-26.42212
-26.42212
-27.363586
-25.091553
-25.648499
-27.105713
-28.349304
-25.798035
-26.641846
-26.927185
-26.824951
-26.727295
-27.050781
-27.001953
-27.00653
-27.920532
-25.634766
-26.213074
-26.37024
-25.43335
-26.32904
-25.608826
-25.4776
-25.013733
-24.864197
-25.54779
-24.034119
-24.632263
-25.550842
-24.716187
-25.169373
-26.947021
-24.99237
-26.582336
-25.559998
-24.873352
-24.813843
-25.637817
-25.167847
-26.68457
-25.78125
-27.503967
-27.00653
-25.958252
-25.637817
-24.368286
-27.529907
-25.575256
-25.253296
-27.288818
-27.22168
-26.515198
-26.820374
-26.489258
-26.109314
-25.022888
-26.06659
-25.914001
-25.350952
-24.951172
-24.362183
-23.725891
-25.1297
-24.50409
-24.653625
-24.35913
-24.163818
-23.954773
-22.224426
-22.702026
-23.400879
-22.735596
-21.566772
-21.173096
-21.588135
-22.981262
-22.645569
-22.645569
-22.669983
-21.601868
-23.451233
-21.868896
-22.276306
-22.642517
-22.375488
-22.653198
-21.894836
-23.83728
-22.19696
-22.163391
-21.543884
-22.097778
-23.492432
-22.233582
-25.66986
-24.319458
-25.07019
-24.751282
-24.484253
-25.120544
-25.434875
-24.880981
-25.105286
-24.240112
-24.986267
-24.81842
-22.102356
-22.070312
-23.187256
-22.094727
-21.331787
-22.537231
-21.264648
-22.521973
-22.642517
-23.132324
-23.83728
-22.738647
-24.203491
-22.024536
-22.50824
-22.470093
-20.228577
-21.731567
-20.936584
-21.574402
-22.367859
-21.684265
-21.51184
-19.99054
-20.985413
-21.029663
-20.857239
-20.42694
-20.187378
-19.221497
-19.432068
-20.767212
-19.41986
-18.659973
-20.191956
-19.578552
-20.274353
-20.233154
-20.487976
-21.06781
-19.647217
-19.319153
-22.283936
-19.961548
-20.056152
-22.5708
-21.133423
-21.133423
-21.133423
-20.191956
-20.809937
-21.01593
-22.180176
-22.349548
-21.829224
-21.746826
-22.257996
-23.410034
-22.29309
-23.33374
-22.303772
-22.424316
-20.918274
-22.994995
-22.285461
-21.528625
-22.164917
-22.303772
-20.803833
-20.959473
-22.091675
-20.513916
-20.040894
-20.954895
-20.944214
-21.296692
-20.767212
-21.420288
-19.863892
-19.955444
-20.56427
-20.916748
-21.42334
-21.009827
-20.617676
-21.228027
-19.89441
-21.63086
-21.136475
-22.756958
-21.643066
-21.94519
-20.753479
-21.304321
-20.358276
-22.75238
-23.075867
-22.227478
-22.167969
-21.809387
-22.203064
-22.532654
-21.79718
-21.716309
-21.116638
-22.673035
-24.014282
-22.434998
-22.805786
-23.48938
-23.9151
-22.569275
-22.390747
-22.097778
-23.197937
-23.321533
-22.54181
-23.587036
-23.280334
-24.212646
-24.162292
-24.67041
-24.938965
-23.35968
-23.382568
-24.77417
-24.77417
-24.77417
-24.520874
-23.268127
-25.250244
-25.956726
-26.489258
-24.604797
-27.461243
-26.443481
-25.968933
-26.25885
-27.027893
-26.171875
-27.74353
-27.062988
-27.383423
-27.354431
-26.974487
-27.650452
-29.338074
-26.896667
-27.616882
-28.038025
-28.971863
-29.992676
-29.064941
-27.508545
-30.192566
-26.69983
-29.136658
-28.782654
-29.476929
-29.73175
-27.85492
-29.568481
-29.039001
-29.067993
-28.587341
-28.840637
-27.883911
-28.985596
-29.774475
-29.548645
-28.038025
-29.042053
-29.045105
-28.710938
-28.971863
-27.23236
-28.614807
-27.357483
-27.017212
-27.175903
-27.003479
-26.586914
-27.00653
-27.323914
-27.067566
-27.494812
-26.420593
-24.711609
-25.45929
-24.946594
-25.846863
-25.830078
-25.709534
-25.559998
-23.258972
-24.511719
-27.539062
-25.263977
-23.728943
-24.040222
-24.040222
-24.040222
-22.569275
-24.804688
-22.955322
-24.230957
-22.625732
-23.675537
-22.402954
-21.391296
-22.593689
-21.775818
-22.845459
-22.042847
-21.278381
-19.647217
-21.304321
-20.509338
-18.237305
-20.274353
-19.00177
-18.86444
-17.979431
-18.32428
-18.736267
-17.799377
-17.193604
-18.563843
-16.560364
-16.311646
-15.740967
-15.805054
-15.432739
-14.352417
-14.744568
-13.887024
-13.246155
-13.438416
-13.464355
-13.1866455
-11.651611
-11.31897
-10.235596
-10.848999
-9.7595215
-10.934448
-8.792114
-8.834839
-8.699036
-8.926392
-8.540344
-7.319641
-7.247925
-8.195496
-7.0144653
-6.335449
-5.570984
-5.8883667
-5.5236816
-3.074646
-6.277466
-4.2892456
-3.9398193
-3.1936646
-2.3132324
-3.3309937
-3.3081055
-1.81427
-0.7095337
-1.4587402
-0.7904053
-0.69122314
-1.0848999
0.6011963
-0.3326416
2.1820068
0.58288574
0.58288574
0.58288574
0.6439209
4.3411255
0.76904297
2.2033691
4.2800903
3.3065796
3.8024902
4.576111
4.51355
5.66864
7.321167
6.8374634
5.621338
8.093262
7.975769
8.190918
7.6675415
7.286072
8.9904785
8.383179
7.647705
10.189819
9.051514
8.363342
11.047363
9.005737
9.486389
10.487366
9.649658
9.762573
10.177612
8.357239
8.380127
10.327148
8.421326
10.195923
9.884644
9.872437
11.276245
9.899902
9.927368
10.733032
10.717773
10.253906
9.970093
9.988403
9.757996
9.812927
8.724976
8.802795
8.674622
9.40094
9.599304
9.80072
9.657288
10.647583
8.0581665
8.94165
7.1777344
8.325195
7.4310303
9.111023
9.902954
9.112549
9.407043
9.490967
9.362793
8.166504
9.111023
8.31604
9.072876
7.5164795
8.026123
8.737183
8.14209
8.14209
8.187866
8.171082
7.3883057
7.3760986
8.869934
8.154297
8.634949
6.314087
8.111572
5.1345825
5.66864
7.8582764
6.4849854
6.613159
8.06427
6.0180664
6.852722
5.104065
6.086731
6.373596
5.168152
7.2631836
6.7993164
6.4849854
5.5511475
5.3115845
5.0979614
5.2871704
7.2647095
5.5358887
6.6101074
5.279541
5.82428
6.7337036
7.36084
6.439209
8.096313
6.8008423
6.5338135
6.567383
7.3379517
6.5856934
6.315613
7.521057
9.243774
8.69751
6.5734863
7.7423096
7.0495605
8.612061
8.857727
7.852173
7.170105
7.232666
9.1796875
10.218811
8.14209
8.018494
7.9208374
8.590698
7.939148
8.5372925
9.565735
9.3185425
8.833313
9.286499
8.528137
8.555603
11.694336
10.899353
8.804321
9.503174
10.940552
9.317017
10.923767
11.428833
11.428833
10.913086
11.824036
11.637878
11.550903
11.488342
10.853577
11.314392
12.207031
12.062073
12.062073
11.790466
12.252808
12.0147705
13.473511
12.712097
11.46698
13.673401
13.804626
13.609314
11.869812
13.597107
13.169861
13.087463
11.940002
13.024902
12.605286
11.958313
12.120056
12.658691
11.9140625
12.92572
12.654114
10.696411
12.580872
11.721802
13.252258
12.199402
12.147522
12.620544
13.320923
12.580872
13.259888
12.866211
12.713623
13.311768
12.078857
10.372925
11.576843
12.020874
11.141968
11.24115
11.7752075
12.301636
10.813904
12.002563
11.621094
11.764526
11.924744
11.407471
10.986328
11.122131
8.630371
9.936523
9.21936
9.547424
8.31604
7.511902
7.7926636
7.460022
6.298828
6.390381
6.654358
7.7713013
5.1986694
5.1986694
5.1986694
5.5282593
5.1376343
2.9663086
5.4748535
4.803467
5.567932
3.0319214
2.8442383
4.0237427
3.7139893
1.4694214
2.1850586
3.9764404
3.804016
2.0370483
1.6693115
2.432251
2.281189
-0.6088257
0.010681152
0.92315674
-0.680542
2.1575928
0.08239746
-1.3534546
0.14648438
0.8544922
0.39367676
-0.9674072
-0.076293945
0.1159668
0.13122559
0.015258789
-0.33874512
0.033569336
-1.1123657
0.39520264
-0.21820068
-0.83618164
0.4119873
-1.2420654
-2.2857666
-2.7923584
-2.0080566
-0.7369995
-1.9836426
-1.4907837
-1.6571045
-0.33416748
-2.4673462
-3.086853
-2.3208618
-1.5029907
-2.027893
-2.3086548
-1.2161255
-1.8676758
-4.0496826
-2.3529053
-1.1230469
-0.95062256
-1.8585205
-2.810669
-2.368164
-3.5888672
-3.4545898
-1.1322021
-2.809143
-1.5274048
-2.430725
-3.1066895
-2.3147583
-3.1417847
-4.084778
-3.590393
-3.590393
-3.3035278
-3.8772583
-4.0252686
-4.6463013
-4.0664673
-4.0252686
-6.562805
-6.918335
-6.323242
-4.878235
-3.9260864
-5.5603027
-4.6554565
-4.071045
-5.5786133
-5.9158325
-6.6833496
-6.864929
-6.5185547
-4.107666
-5.886841
-5.630493
-5.5618286
-4.196167
-5.6167603
-4.4189453
-7.1273804
-4.258728
-5.8807373
-5.859375
-5.7113647
-6.715393
-5.644226
-6.311035
-5.706787
-4.8309326
-7.1884155
-5.307007
-6.8389893
-4.211426
-4.862976
-4.173279
-6.288147
-5.4656982
-5.6274414
-6.2591553
-6.3461304
-5.491638
-4.522705
-6.05011
-5.014038
-4.211426
-3.919983
-5.0231934
-6.5353394
-4.397583
-3.567505
-4.3670654
-5.7632446
-2.178955
-3.40271
-4.4265747
-4.8721313
-3.579712
-3.7765503
-4.8339844
-2.06604
-4.4158936
-4.0863037
-3.5964966
-5.192566
-4.7821045
-4.7851562
-4.1412354
-5.000305
-3.6468506
-3.6468506
-3.9627075
-5.177307
-4.9850464
-5.541992
-4.772949
-3.7597656
-4.4891357
-4.86145
-3.7353516
-4.93927
-6.1172485
-5.4351807
-5.3466797
-6.2835693
-6.625366
-5.912781
-6.3049316
-8.137512
-8.140564
-8.54187
-10.48584
-8.345032
-7.6568604
-9.828186
-10.572815
-10.273743
-9.039307
-9.913635
-8.973694
-11.056519
-9.474182
-10.308838
-8.778381
-10.223389
-10.179138
-10.498047
-10.879517
-11.18927
-12.284851
-10.160828
-12.266541
-11.735535
-11.401367
-12.918091
-12.426758
-12.478638
-11.605835
-13.74054
-14.039612
-13.648987
-14.993286
-14.263916
-13.075256
-14.99939
-14.889526
-14.466858
-14.559937
-14.840698
-16.046143
-17.814636
-14.764404
-14.886475
-16.542053
-16.415405
-16.938782
-18.110657
-17.17987
-15.623474
-17.5766
-18.023682
-18.591309
-16.899109
-17.790222
-17.567444
-17.570496
-17.570496
-17.570496
-17.71698
-19.709778
-19.984436
-21.513367
-19.941711
-20.457458
-19.966125
-19.95697
-18.859863
-19.882202
-21.479797
-20.820618
-21.633911
-21.276855
-20.86792
-22.80426
-22.34497
-23.428345
-23.153687
-24.241638
-23.42987
-24.638367
-22.929382
-25.067139
-24.485779
-24.491882
-25.85907
-25.91095
-25.100708
-25.105286
-25.097656
-25.717163
-25.872803
-27.508545
-27.194214
-26.57013
-27.278137
-28.434753
-26.908875
-26.445007
-28.703308
-27.590942
-27.354431
-30.406189
-28.778076
-29.229736
-29.545593
-29.53186
-28.475952
-29.940796
-30.427551
-31.741333
-30.455017
-28.094482
-31.42395
-28.977966
-29.89502
-31.059265
-31.330872
-31.002808
-31.892395
-32.687378
-31.369019
-31.80542
-31.777954
-31.64215
-33.31604
-34.49707
-33.84552
-34.269714
-35.932922
-34.828186
-34.669495
-36.90338
-36.90338
-36.90338
-35.577393
-34.176636
-36.473083
-35.82306
-35.49652
-36.29608
-35.084534
-36.131287
-36.61194
-36.904907
-36.131287
-36.265564
-37.852478
-36.346436
-39.60724
-38.381958
-37.846375
-37.14142
-38.11493
-37.605286
-38.087463
-37.010193
-37.130737
-36.776733
-36.730957
-34.88617
-34.727478
-35.961914
-37.574768
-36.14044
-36.247253
-35.398865
-36.40747
-36.405945
-36.46698
-37.782288
-36.88202
-37.026978
-37.20703
-37.96234
-37.654114
-38.01117
-37.92572
-36.78894
-39.46991
-36.753845
-38.311768
-38.52234
-36.96289
-37.771606
-35.96039
-37.042236
-37.664795
-36.187744
-36.395264
-36.990356
-36.37085
-35.1532
-36.7218
-36.231995
-36.094666
-34.877014
-36.372375
-36.91864
-35.487366
-34.580994
-34.805298
-37.11853
-35.643005
-35.292053
-35.639954
-36.00769
-34.701538
-35.282898
-34.84192
-34.84192
-34.84192
-34.587097
-36.22284
-35.116577
-36.013794
-35.139465
-34.654236
-34.39331
-36.05194
-35.972595
-35.443115
-35.098267
-34.82361
-36.10382
-34.34143
-32.759094
-35.255432
-34.628296
-32.463074
-33.999634
-33.78601
-32.484436
-35.083008
-31.948853
-31.677246
-31.925964
-32.099915
-30.618286
-32.89337
-30.581665
-31.161499
-29.838562
-29.345703
-29.164124
-28.643799
-29.637146
-30.776978
-28.430176
-29.400635
-29.82788
-28.961182
-28.604126
-29.914856
-28.533936
-28.135681
-27.586365
-26.593018
-26.713562
-26.9516
-26.704407
-28.14331
-26.499939
-24.710083
-25.765991
-24.894714
-24.94049
-24.624634
-23.562622
-24.668884
-23.460388
-25.3891
-24.269104
-23.867798
-22.058105
-24.186707
-22.937012
-22.671509
-22.702026
-23.10791
-24.33319
-22.976685
-22.761536
-22.743225
-22.618103
-22.244263
-22.698975
-22.698975
-21.936035
-21.450806
-21.087646
-20.097351
-18.9682
-20.321655
-19.578552
-19.656372
-19.12384
-18.08319
-17.570496
-17.559814
-19.534302
-18.504333
-17.588806
-19.085693
-19.735718
-18.78357
-19.56482
-18.307495
-17.633057
-18.003845
-17.747498
-18.405151
-16.937256
-17.991638
-16.596985
-16.46576
-16.893005
-16.734314
-17.24701
-16.912842
-17.625427
-17.425537
-18.780518
-18.44635
-17.36908
-17.918396
-16.82129
-18.016052
-17.477417
-18.408203
-17.67273
-19.000244
-19.82727
-21.18988
-20.401001
-19.613647
-22.659302
-18.676758
-20.370483
-19.795227
-20.98999
-20.750427
-21.069336
-21.81549
-21.269226
-21.292114
-20.143127
-21.15326
-21.092224
-20.935059
-22.616577
-22.839355
-22.790527
-21.78955
-23.37799
-24.342346
-23.379517
-23.6557
-22.90802
-23.413086
-24.383545
-23.646545
-22.659302
-21.75293
-21.75293
-22.349548
-21.603394
-22.8302
-22.71576
-21.730042
-22.776794
-21.542358
-21.636963
-21.826172
-21.575928
-22.351074
-22.055054
-21.97876
-23.83728
-23.384094
-22.764587
-21.606445
-22.338867
-22.57843
-20.3125
-24.975586
-25.556946
-25.601196
-25.117493
-24.069214
-23.205566
-22.561646
-23.57788
-22.817993
-23.797607
-24.6109
-24.102783
-23.545837
-24.591064
-23.815918
-23.330688
-26.509094
-25.028992
-24.079895
-23.823547
-24.058533
-23.478699
-26.208496
-25.700378
-26.03302
-24.513245
-26.473999
-26.426697
-27.915955
-26.330566
-25.611877
-26.475525
-26.721191
-26.776123
-25.979614
-26.449585
-27.252197
-27.191162
-26.130676
-26.895142
-25.636292
-25.619507
-25.645447
-26.280212
-23.764038
-24.559021
-24.911499
-25.126648
-25.419617
-23.971558
-26.05133
-24.465942
-28.459167
-28.878784
-28.76892
-28.76892
-28.76892
-25.906372
-29.412842
-27.778625
-28.35083
-26.820374
-27.900696
-29.257202
-27.996826
-28.335571
-28.805542
-28.431702
-27.851868
-29.03595
-28.466797
-28.440857
-30.621338
-31.773376
-28.245544
-29.46167
-28.72467
-30.622864
-29.116821
-29.780579
-27.220154
-29.197693
-29.769897
-30.252075
-31.311035
-28.70636
-29.893494
-31.64978
-29.089355
-30.943298
-28.500366
-29.156494
-30.255127
-29.013062
-29.724121
-29.449463
-27.540588
-29.47998
-28.411865
-27.938843
-28.356934
-27.424622
-27.015686
-27.574158
-29.284668
-27.494812
-28.416443
-28.425598
-29.318237
-28.48816
-29.855347
-27.438354
-28.733826
-28.704834
-29.522705
-28.977966
-27.944946
-29.159546
-31.355286
-28.691101
-29.785156
-31.773376
-31.620789
-31.288147
-28.64685
-30.534363
-30.503845
-29.821777
-29.875183
-31.703186
-29.420471
-29.4281
-29.4281
-29.4281
-30.940247
-31.977844
-30.802917
-30.601501
-30.915833
-31.33545
-30.178833
-31.222534
-31.692505
-31.521606
-33.53882
-32.32422
-33.125305
-31.680298
-31.541443
-30.877686
-32.409668
-31.201172
-32.847595
-31.620789
-30.58319
-32.30133
-30.456543
-31.575012
-32.12433
-30.680847
-30.384827
-31.492615
-31.178284
-31.54602
-34.7641
-32.832336
-32.80487
-32.492065
-32.71942
-33.06122
-32.434082
-33.840942
-34.51538
-34.75952
-35.38513
-32.937622
-32.868958
-33.78296
-33.244324
-33.28247
-34.39789
-33.8562
-34.802246
-34.283447
-34.010315
-34.768677
-32.299805
-32.865906
-33.818054
-33.51593
-33.75244
-33.09784
-32.23877
-33.1192
-32.333374
-32.23419
-34.657288
-33.00171
-34.701538
-33.947754
-33.807373
-32.925415
-32.06787
-31.469727
-32.452393
-32.470703
-32.1167
-31.869507
-31.866455
-31.866455
-31.866455
-31.369019
-31.784058
-31.503296
-29.25415
-30.247498
-30.531311
-30.279541
-30.833435
-30.801392
-30.926514
-31.567383
-31.074524
-31.077576
-31.730652
-32.432556
-30.825806
-30.905151
-30.68695
-32.330322
-30.28717
-30.848694
-30.740356
-29.969788
-31.147766
-31.007385
-30.757141
-30.732727
-29.429626
-30.770874
-30.426025
-30.090332
-28.366089
-28.692627
-28.793335
-29.614258
-29.12445
-29.864502
-28.401184
-28.347778
-28.616333
-26.991272
-29.486084
-28.605652
-27.688599
-27.868652
-28.485107
-27.81372
-28.186035
-27.279663
-28.68042
-27.355957
-27.789307
-28.199768
-29.327393
-28.096008
-26.470947
-28.567505
-28.585815
-28.753662
-27.929688
-30.612183
-29.60968
-30.169678
-30.19104
-30.241394
-29.753113
-29.100037
-28.39508
-29.49524
-28.953552
-29.907227
-29.586792
-29.768372
-29.501343
-29.394531
-29.394531
-29.394531
-29.13971
-30.348206
-29.463196
-30.569458
-30.703735
-30.177307
-28.7323
-29.112244
-29.82788
-29.83551
-28.393555
-30.163574
-28.651428
-30.970764
-26.67389
-26.515198
-27.404785
-27.452087
-25.941467
-26.99585
-26.869202
-25.89264
-26.098633
-26.535034
-27.937317
-24.406433
-25.375366
-26.222229
-26.055908
-25.231934
-26.037598
-26.53656
-26.501465
-26.01471
-24.279785
-26.531982
-24.816895
-23.944092
-25.354004
-24.43695
-25.517273
-25.967407
-24.398804
-24.998474
-24.641418
-25.77362
-24.33319
-22.064209
-23.114014
-22.860718
-22.970581
-21.270752
-22.05658
-20.806885
-23.077393
-22.654724
-22.80426
-22.962952
-24.932861
-22.694397
-23.077393
-23.124695
-23.7854
-23.500061
-22.25647
-23.588562
-23.138428
-24.998474
-22.72644
-22.184753
-23.387146
-22.627258
-21.940613
-22.207642
-21.949768
-21.949768
-21.949768
-21.601868
-22.827148
-21.650696
-22.073364
-21.606445
-21.980286
-22.95227
-22.798157
-23.109436
-23.00415
-21.609497
-22.872925
-21.421814
-23.153687
-23.05603
-21.981812
-22.427368
-21.440125
-22.776794
-22.044373
-22.99347
-22.389221
-23.883057
-22.819519
-22.799683
-22.747803
-20.94574
-21.498108
-22.753906
-22.441101
-24.302673
-24.046326
-23.197937
-23.120117
-23.973083
-23.776245
-23.121643
-23.587036
-22.279358
-23.672485
-23.526001
-22.955322
-21.995544
-23.831177
-23.684692
-23.591614
-22.4823
-22.773743
-22.018433
-22.018433
-21.652222
-22.026062
-20.08667
-19.786072
-17.82837
-19.873047
-19.400024
-20.646667
-20.144653
-20.851135
-20.663452
-18.59436
-19.569397
-20.332336
-20.869446
-20.219421
-19.407654
-18.35785
-18.344116
-20.585632
-21.044922
-21.530151
-19.76471
-18.865967
-20.483398
-20.483398
-20.483398
-19.314575
-19.996643
-18.377686
-19.398499
-19.273376
-18.423462
-19.117737
-17.944336
-20.692444
-21.452332
-20.632935
-19.177246
-19.891357
-18.347168
-19.355774
-19.604492
-19.47937
-19.644165
-20.391846
-20.446777
-18.969727
-19.442749
-19.787598
-20.095825
-19.120789
-19.544983
-19.010925
-19.924927
-17.718506
-19.294739
-19.1391
-20.01648
-18.630981
-18.278503
-17.811584
-18.4021
-18.611145
-18.469238
-18.469238
-18.63556
-17.29889
-17.796326
-16.633606
-18.330383
-17.404175
-16.610718
-18.093872
-18.267822
-16.181946
-17.739868
-16.096497
-17.723083
-17.29889
-18.31665
-17.404175
-17.30194
-18.850708
-16.641235
-16.784668
-19.03534
-19.198608
-21.29364
-21.255493
-19.438171
-19.688416
-19.726562
-18.806458
-19.36493
-21.095276
-21.047974
-17.607117
-18.830872
-19.044495
-18.244934
-18.435669
-17.56134
-17.56134
-17.277527
-17.308044
-18.247986
-16.793823
-17.19513
-16.00647
-17.42096
-16.601562
-18.302917
-17.918396
-17.704773
-17.202759
-17.50946
-18.164062
-17.24701
-17.242432
-16.986084
-18.215942
-15.942383
-18.255615
-17.701721
-17.893982
-16.822815
-18.952942
-17.027283
-16.358948
-17.166138
-17.468262
-17.63916
-16.741943
-15.673828
-17.547607
-16.253662
-16.358948
-17.50946
-14.868164
-17.884827
-18.708801
-19.514465
-17.121887
-17.906189
-17.366028
-18.862915
-18.432617
-16.903687
-18.069458
-19.294739
-18.35022
-16.82434
-17.593384
-17.633057
-16.690063
-17.601013
-16.853333
-16.766357
-17.756653
-16.80603
-17.518616
-18.286133
-17.539978
-18.09845
-18.42804
-18.103027
-19.096375
-18.42804
-17.50946
-17.518616
-16.65039
-16.056824
-16.66565
-18.486023
-16.04309
-16.984558
-17.056274
-17.788696
-17.788696
-17.788696
-15.997314
-17.37976
-15.840149
-18.504333
-17.063904
-18.455505
-18.299866
-17.43927
-18.540955
-19.007874
-15.957642
-17.970276
-19.337463
-19.136047
-20.109558
-17.71698
-19.273376
-18.556213
-17.887878
-18.26477
-19.02771
-18.443298
-19.33899
-17.27295
-17.167664
-16.766357
-18.467712
-18.281555
-17.96112
-17.674255
-18.157959
-16.493225
-17.19513
-18.818665
-16.371155
-17.988586
-17.430115
-18.319702
-18.229675
-18.144226
-18.309021
-17.799377
-17.643738
-17.61322
-17.948914
-15.014648
-17.211914
-17.338562
-17.999268
-16.54358
-17.286682
-18.136597
-15.736389
-16.966248
-17.030334
-15.344238
-18.086243
-19.265747
-18.534851
-19.187927
-18.571472
-16.734314
-16.773987
-16.77246
-14.44397
-15.992737
-14.321899
-16.584778
-16.07666
-14.752197
-13.656616
-15.031433
-16.087341
-16.694641
-16.741943
-17.28363
-17.28363
-16.635132
-16.886902
-18.414307
-16.7099
-15.649414
-17.199707
-15.8706665
-17.941284
-19.06128
-18.734741
-18.258667
-17.953491
-17.442322
-17.556763
-16.516113
-18.048096
-17.311096
-19.055176
-17.274475
-18.640137
-17.385864
-16.830444
-16.726685
-17.674255
-16.93573
-17.356873
-18.743896
-19.062805
-15.899658
-16.677856
-17.306519
-18.24646
-14.802551
-15.965271
-15.464783
-16.751099
-17.350769
-16.178894
-17.57965
-16.304016
-17.807007
-17.759705
-16.633606
-19.021606
-16.638184
-16.9281
-17.289734
-16.989136
-17.6651
-17.623901
-17.459106
-18.373108
-19.902039
-18.278503
-18.818665
-17.10968
-18.717957
-18.34259
-19.410706
-20.637512
-19.091797
-20.074463
-18.74237
-19.38324
-18.727112
-20.335388
-18.333435
-21.618652
-17.893982
-19.53888
-18.269348
-18.307495
-19.044495
-18.623352
-17.027283
-17.25769
-17.25769
-18.666077
-18.67981
-18.667603
-17.495728
-18.840027
-17.69867
-18.432617
-17.222595
-17.375183
-19.038391
-18.017578
-18.902588
-19.740295
-19.117737
-20.004272
-19.958496
-19.325256
-18.615723
-19.667053
-17.466736
-17.475891
-17.585754
-19.1391
-19.029236
-19.819641
-19.792175
-21.347046
-21.798706
-20.724487
-21.755981
-21.870422
-20.710754
-21.138
-20.245361
-21.772766
-22.54486
-22.819519
-21.748352
-22.007751
-20.39032
-22.209167
-22.991943
-22.024536
-21.295166
-21.969604
-22.616577
-20.941162
-21.121216
-20.480347
-21.440125
-20.33081
-20.34607
-19.447327
-18.849182
-19.126892
-20.539856
-19.091797
-21.731567
-20.747375
-19.566345
-19.224548
-18.75763
-19.810486
-19.082642
-19.750977
-19.555664
-21.073914
-21.360779
-19.804382
-21.360779
-20.524597
-19.10553
-20.729065
-21.061707
-18.733215
-20.39795
-20.39795
-20.39795
-20.620728
-21.853638
-22.113037
-21.780396
-21.961975
-20.117188
-19.503784
-19.714355
-20.587158
-22.099304
-19.830322
-20.526123
-21.83075
-21.063232
-21.221924
-20.620728
-20.63446
-22.149658
-20.170593
-19.66858
-20.948792
-21.859741
-20.20111
-19.407654
-20.51239
-20.506287
-19.151306
-19.792175
-19.429016
-19.760132
-19.111633
-18.89801
-19.64264
-17.51709
-19.100952
-17.404175
-18.048096
-18.566895
-17.782593
-18.908691
-20.507812
-18.865967
-18.762207
-17.752075
-19.136047
-17.35382
-19.60907
-19.969177
-19.32373
-18.91632
-18.537903
-18.963623
-19.058228
-20.010376
-19.100952
-17.565918
-19.786072
-18.226624
-19.715881
-17.956543
-18.217468
-17.91687
-18.840027
-19.651794
-19.160461
-19.612122
-18.943787
-19.12384
-17.541504
-18.397522
-19.641113
-18.836975
-18.684387
-19.709778
-17.91687
-17.91687
-19.145203
-18.096924
-19.206238
-18.051147
-18.273926
-17.373657
-18.44635
-19.082642
-15.991211
-16.7099
-16.088867
-16.0141
-18.492126
-14.047241
-16.366577
-15.634155
-15.306091
-16.046143
-15.435791
-15.209961
-15.5807495
-15.245056
-13.5772705
-16.036987
-15.380859
-16.169739
-15.571594
-15.953064
-15.507507
-16.52069
-15.318298
-16.548157
-16.725159
-16.731262
-17.416382
-15.377808
-17.626953
-16.65039
-17.736816
-16.946411
-15.698242
-16.16211
-17.22107
-15.844727
-16.912842
-17.193604
-15.69519
-15.861511
-17.544556
-17.572021
-17.663574
-18.95752
-16.900635
-17.999268
-18.426514
-16.69159
-17.362976
-14.38446
-15.4800415
-16.703796
-17.747498
-16.273499
-16.880798
-17.4469
-16.790771
-15.397644
-15.4800415
-16.12091
-14.625549
-16.873169
-15.574646
-17.526245
-17.219543
-17.720032
-16.746521
-17.121887
-17.121887
-16.751099
-16.790771
-16.42456
-16.74347
-16.4505
-15.965271
-15.59906
-16.116333
-17.407227
-16.990662
-17.086792
-19.078064
-17.860413
-17.774963
-17.056274
-16.741943
-18.94226
-16.586304
-16.61377
-18.199158
-18.927002
-17.488098
-17.463684
-17.358398
-19.36493
-16.9693
-17.74292
-16.537476
-17.442322
-17.027283
-17.30194
-17.276001
-16.833496
-17.774963
-18.847656
-16.111755
-18.101501
-17.814636
-16.264343
-17.686462
-16.775513
-16.021729
-17.69867
-17.617798
-17.762756
-16.770935
-17.90924
-19.743347
-18.67981
-19.758606
-21.458435
-19.746399
-17.675781
-17.663574
-18.592834
-18.218994
-19.039917
-20.48645
-19.308472
-17.695618
-19.030762
-19.805908
-20.883179
-20.025635
-19.224548
-21.148682
-20.6604
-20.025635
-19.73114
-20.411682
-21.426392
-20.986938
-20.39795
-20.314026
-22.105408
-19.657898
-19.657898
-20.744324
-19.932556
-21.017456
-20.69397
-20.393372
-20.217896
-19.160461
-19.664001
-20.269775
-18.461609
-19.587708
-18.821716
-18.089294
-19.129944
-17.269897
-18.566895
-17.440796
-17.053223
-16.59851
-16.607666
-15.98053
-18.258667
-17.765808
-16.78009
-17.08374
-16.731262
-18.269348
-17.433167
-16.677856
-18.351746
-18.721008
-18.266296
-16.706848
-17.433167
-15.490723
-15.907288
-14.69574
-17.655945
-18.359375
-16.822815
-18.17627
-18.031311
-16.513062
-16.664124
-16.1026
-17.64679
-18.093872
-16.929626
-16.830444
-17.236328
-16.204834
-17.449951
-17.63916
-16.900635
-16.149902
-16.00647
-16.76178
-16.899109
-17.45758
-17.4469
-15.966797
-15.803528
-14.562988
-15.608215
-14.956665
-13.529968
-15.309143
-12.759399
-14.425659
-15.197754
-14.511108
-15.708923
-15.454102
-15.892029
-13.478088
-14.213562
-14.213562
-14.213562
-15.759277
-13.780212
-14.585876
-12.754822
-14.649963
-13.551331
-13.638306
-13.452148
-14.41803
-13.188171
-11.933899
-13.774109
-13.499451
-13.122559
-11.967468
-13.755798
-13.787842
-13.771057
-12.236023
-13.499451
-13.134766
-12.716675
-12.998962
-12.32605
-13.702393
-12.62207
-14.154053
-13.604736
-13.708496
-13.098145
-13.07373
-12.145996
-13.717651
-13.122559
-12.82959
-14.331055
-13.555908
-14.454651
-12.06665
-12.838745
-11.445618
-10.68573
-12.338257
-11.161804
-11.656189
-9.783936
-12.107849
-11.981201
-11.506653
-12.141418
-13.502502
-12.892151
-12.173462
-11.547852
-11.940002
-12.402344
-11.575317
-11.671448
-10.986328
-12.185669
-11.587524
-11.697388
-13.1073
-12.477112
-12.742615
-12.576294
-13.206482
-11.981201
-11.903381
-13.143921
-13.128662
-13.400269
-12.983704
-13.502502
-13.798523
-13.798523
-13.798523
-14.151001
-14.480591
-11.505127
-13.606262
-13.929749
-14.494324
-13.084412
-14.15863
-14.639282
-15.254211
-13.830566
-14.665222
-15.194702
-15.246582
-14.309692
-15.32135
-14.680481
-15.184021
-14.196777
-15.875244
-15.777588
-16.044617
-13.473511
-15.441895
-15.841675
-13.824463
-15.452576
-16.133118
-16.981506
-16.947937
-14.875793
-13.595581
-15.917969
-14.854431
-14.117432
-13.6276245
-14.848328
-14.903259
-14.091492
-14.71405
-14.723206
-15.922546
-16.21399
-13.690186
-14.8880005
-15.280151
-14.8376465
-14.744568
-15.274048
-13.09967
-15.463257
-13.35907
-14.582825
-13.987732
-11.676025
-15.254211
-15.406799
-15.57312
-14.595032
-16.25061
-14.958191
-14.196777
-14.750671
-14.976501
-14.115906
-14.750671
-15.26947
-14.918518
-14.407349
-14.079285
-14.619446
-13.273621
-13.35907
-14.7994995
-13.757324
-13.757324
-13.757324
-14.1067505
-15.492249
-15.310669
-13.685608
-15.374756
-14.784241
-14.105225
-15.159607
-13.708496
-14.152527
-14.352417
-13.743591
-13.748169
-13.349915
-13.989258
-13.670349
-14.122009
-13.949585
-11.392212
-13.819885
-14.08844
-13.931274
-13.673401
-14.86969
-13.88855
-13.310242
-12.136841
-13.652039
-13.310242
-13.244629
-12.5442505
-13.778687
-12.332153
-13.952637
-14.291382
-13.293457
-13.499451
-13.722229
-13.751221
-13.882446
-14.074707
-14.651489
-14.399719
-13.154602
-13.201904
-13.63678
-13.723755
-14.323425
-13.723755
-13.739014
-12.086487
-12.979126
-12.535095
-13.912964
-12.992859
-14.007568
-13.534546
-12.965393
-12.359619
-13.018799
-15.167236
-14.614868
-12.036133
-14.72168
-12.983704
-12.023926
-13.023376
-13.85498
-13.07373
-14.506531
-14.361572
-15.084839
-13.244629
-13.858032
-13.319397
-15.113831
-15.113831
-13.813782
-16.223145
-14.712524
-16.021729
-12.818909
-12.771606
-14.63623
-16.007996
-13.163757
-13.583374
-14.874268
-14.004517
-12.942505
-12.362671
-12.533569
-13.62915
-14.627075
-12.515259
-14.564514
-14.694214
-13.690186
-13.310242
-14.492798
-13.931274
-13.21106
-13.639832
-13.296509
-13.648987
-14.486694
-11.616516
-14.338684
-14.137268
-14.38446
-12.464905
-13.565063
-11.582947
-13.122559
-12.979126
-12.217712
-14.004517
-14.364624
-14.454651
-13.154602
-14.431763
-14.077759
-12.771606
-14.834595
-13.601685
-13.916016
-14.431763
-12.854004
-13.522339
-13.005066
-13.145447
-14.01062
-12.535095
-13.0859375
-13.900757
-13.73291
-13.769531
-13.699341
-13.124084
-12.950134
-12.957764
-13.931274
-13.873291
-13.30719
-14.465332
-13.777161
-12.06665
-13.952637
-12.367249
-15.310669
-14.381409
-13.33313
-12.440491
-12.440491
-12.440491
-12.599182
-13.742065
-14.370728
-12.87384
-13.134766
-12.988281
-14.724731
-13.757324
-13.142395
-13.61084
-12.788391
-13.293457
-14.607239
-12.965393
-12.167358
-13.641357
-14.825439
-13.569641
-13.607788
-13.00354
-14.315796
-12.39624
-14.341736
-14.086914
-12.843323
-13.171387
-13.047791
-13.134766
-13.250732
-13.580322
-12.245178
-12.080383
-12.503052
-12.37793
-12.82959
-13.783264
-13.937378
-12.983704
-14.385986
-13.543701
-13.749695
-12.033081
-13.072205
-14.897156
-13.143921
-13.61084
-12.843323
-12.545776
-12.513733
-12.4938965
-12.849426
-12.976074
-13.870239
-13.897705
-13.304138
-12.062073
-12.301636
-12.055969
-13.900757
-12.55188
-12.362671
-12.364197
-13.595581
-13.777161
-12.969971
-12.390137
-13.150024
-12.867737
-13.73291
-11.479187
-13.595581
-15.12146
-13.293457
-12.498474
-13.284302
-13.284302
-13.284302
-14.517212
-13.182068
-14.047241
-13.592529
-11.277771
-13.623047
-13.85498
-13.0859375
-13.757324
-13.916016
-12.025452
-12.953186
-13.105774
-13.8671875
-13.757324
-14.63623
-14.376831
-14.331055
-13.835144
-13.73291
-13.98468
-13.734436
-14.398193
-12.269592
-13.305664
-14.395142
-13.256836
-12.927246
-14.831543
-13.931274
-14.093018
-12.463379
-12.583923
-14.511108
-13.195801
-13.014221
-14.355469
-12.814331
-13.116455
-12.835693
-14.105225
-13.870239
-13.928223
-12.979126
-13.705444
-13.739014
-12.814331
-13.088989
-12.04834
-12.831116
-12.805176
-13.386536
-13.937378
-12.017822
-13.392639
-15.124512
-14.424133
-13.638306
-12.799072
-13.154602
-14.561462
-13.934326
-14.63623
-12.559509
-11.766052
-12.974548
-13.825989
-14.057922
-13.764954
-13.623047
-14.004517
-12.979126
-13.8671875
-14.01062
-13.572693
-14.312744
-14.312744
-15.904236
-16.177368
-16.378784
-15.345764
-16.641235
-15.435791
-14.385986
-15.884399
