-2.2813263
-1.6755981
-1.311676
-1.2577972
-1.434967
-1.4708862
-1.521164
-1.3523712
-0.9070587
-0.6149597
-0.3887024
-0.030776978
0.12484741
0.1715393
0.5809479
0.7760773
0.4540558
0.024291992
-0.19717407
-0.22949219
-0.11097717
0.19548035
0.18470764
0.047042847
0.0745697
0.3223877
0.5869446
0.7569275
0.9628296
1.0609894
0.3918152
-0.32885742
0.12365723
1.2142181
2.0222626
2.225769
2.1802826
1.9624023
1.573349
0.8945923
0.92930603
1.1352081
0.52589417
-0.37553406
-0.6951599
-0.56108093
-0.41864014
-0.36117554
-0.2402649
-0.13491821
0.023086548
0.054214478
0.08654785
0.050628662
0.045837402
0.12486267
0.10569763
0.06498718
-0.06788635
-0.005630493
0.114089966
0.12246704
0.15837097
0.2756958
0.692276
1.331543
1.1591492
0.59532166
0.74375916
1.1914673
1.4656067
1.1866913
0.57377625
0.15238953
0.29844666
0.5438385
0.6156769
0.6659546
0.85150146
1.0837402
1.2932281
1.5122986
1.6224213
1.5685577
1.6451721
1.7948151
1.715805
1.6607361
1.4931488
1.1483765
0.9700012
0.7760773
0.24456787
-0.3408203
-0.5455322
-0.26660156
-0.045135498
-0.17681885
-0.3156891
-0.35638428
-0.26062012
-0.16723633
-0.1313324
0.025482178
0.08175659
-0.09301758
-0.1708374
0.017105103
0.3965912
0.67552185
0.5893402
0.34991455
0.4133606
0.8036194
1.2477417
1.7588959
2.2066193
2.2281647
1.865448
1.3626709
1.1675262
1.241745
1.1962585
0.96881104
0.82037354
0.6408081
0.54145813
0.39660645
0.38702393
0.6695404
0.9759979
1.0143127
0.76290894
0.65756226
0.8574829
1.1388092
1.2249908
1.1890717
1.4201202
1.6810913
1.6499634
1.4380798
1.3375244
1.1723175
0.9329071
1.0801392
1.2405548
1.2142181
0.91734314
0.7198181
0.8179779
1.0131073
1.0945129
1.0813446
0.79045105
0.4923706
0.36068726
0.15957642
0.23020935
0.45526123
0.58813477
0.62524414
0.68510437
0.8610687
1.1962585
1.51828
1.5146942
1.3351288
1.2621002
1.2106323
0.9460602
0.5869446
0.40975952
0.6192627
0.9915619
1.3746338
1.4213257
1.2728729
1.2776642
1.2716827
1.1507721
1.221405
1.533844
1.7744598
1.7816467
1.6487732
1.4668121
1.331543
1.3961792
1.4835663
1.509903
1.2980194
0.984375
0.7976227
0.73657227
1.0166931
1.0717621
0.7557373
0.3882141
0.16316223
0.14880371
0.5079346
0.9077606
1.0178986
0.9544525
0.70066833
0.38702393
0.2685089
0.31758118
0.5115204
0.553421
0.42771912
0.4576416
0.692276
0.78326416
0.81318665
1.0011292
1.3530884
1.612854
1.9516296
2.2149963
1.8007965
1.1807098
1.3746338
1.9636078
2.1084595
1.7972107
1.36026
1.2333679
1.3482971
1.4524384
1.5027161
1.470398
1.4979248
1.5781403
1.6308136
1.6451721
1.5122986
1.292038
1.217804
1.3459015
1.6308136
1.791214
1.5709534
1.1675262
0.81918335
0.7389679
0.7198181
0.6491852
0.6587677
0.5641937
0.5390625
0.53666687
0.60369873
0.7425537
0.826355
0.7581177
0.568985
0.29484558
-0.030776978
-0.1253357
0.051818848
0.10092163
0.06260681
0.07936096
0.16674805
0.3056183
0.474411
0.55581665
0.747345
1.0143127
1.2333679
1.3339233
1.454834
1.8546753
2.0952759
1.707428
1.1627502
0.9161377
1.1842957
1.2836609
1.0681763
1.1902771
1.5290527
1.5529938
1.0849304
0.7425537
0.7748871
1.0286713
1.1627502
1.063385
0.99635315
1.0274658
1.1687317
1.3147736
1.1352081
0.7748871
0.6623535
0.83114624
0.79522705
0.35710144
-0.31089783
-0.9094391
-0.5658722
0.23977661
0.6408081
0.5761719
0.21942139
0.014724731
0.23738098
0.5282898
0.7102356
0.6276398
0.28048706
-0.058303833
-0.13850403
-0.06788635
0.008728027
0.05781555
0.038650513
0.18710327
0.18591309
0.09492493
0.38822937
0.68510437
1.0107117
1.5039215
2.0019073
1.983963
1.4009705
1.0107117
1.4524384
1.9707794
1.9456482
1.3734283
0.6216583
0.19070435
0.19309998
0.30322266
0.26611328
0.29125977
0.5498352
0.96762085
1.3854065
1.5865173
1.5398407
1.463211
1.3878021
1.2178192
1.0095062
0.5402527
-0.03794861
0.030273438
0.21943665
0.042251587
-0.19836426
-0.45933533
-0.6125641
-0.63171387
-0.33244324
0.23977661
0.7880554
1.1040802
1.0657806
0.7569275
0.45526123
0.11048889
-0.2175293
-0.4234314
-0.41983032
-0.22949219
-0.051116943
-0.036758423
0.15359497
0.61447144
1.0418396
0.826355
0.6336365
0.9340973
1.6116638
1.8271332
1.4105377
0.9017792
0.89100647
1.2178192
1.3662567
1.3435059
1.3183746
1.4404755
1.7601013
1.8666382
1.6966553
1.276474
0.9161377
0.9257202
0.96162415
0.6982727
0.43849182
0.6683502
1.1411896
1.3459015
0.8323517
-0.15885925
-0.12055969
0.316391
0.019500732
-0.27737427
-0.5970001
-0.38630676
-0.047531128
0.047042847
0.025482178
-0.09780884
-0.34440613
-0.7813568
-0.9273987
-0.90345764
-0.7418518
-0.3875122
-0.29174805
-0.5682678
-0.83522034
-0.8208618
-0.604187
-0.35398865
-0.2582245
-0.22590637
-0.1756134
-0.2833557
-0.5503235
-0.82684326
-0.995636
-1.0255585
-0.8364258
-0.62094116
-0.55989075
-0.4270172
-0.2618103
-0.12414551
0.4648285
1.0166931
1.3063965
1.2477417
0.96162415
1.1998596
1.7062225
2.4927216
3.0266266
2.6196136
1.9504395
1.2142181
0.8036041
0.5438385
0.31999207
0.31280518
0.49716187
0.63482666
0.69348145
0.76171875
0.6671448
0.6264343
0.60849
0.77249146
0.8610687
0.87423706
0.900589
0.7245941
0.39898682
0.025497437
-0.32167053
-0.29174805
-0.38990784
-0.6855774
-0.7406616
-0.29652405
0.25054932
0.5067291
0.5761719
0.56777954
0.6875
0.5905304
0.14161682
-0.18400574
-0.0846405
-0.15527344
-0.47250366
-0.6939697
-0.5754547
-0.4605255
-0.36117554
-0.16725159
-0.25582886
-0.6652374
-0.6915741
-0.27737427
0.37504578
1.4524384
1.6978455
0.61686707
-0.12414551
0.1667633
0.4420929
0.8550873
1.0190887
0.41815186
-0.12654114
-0.30610657
