-0.36044312
-0.27842712
-0.20544434
-0.19000244
-0.2640381
-0.3908081
-0.4920044
-0.5053253
-0.40945435
-0.22250366
-0.057373047
-0.08666992
-0.24006653
-0.27256775
-0.10745239
-0.013168335
-0.19267273
-0.44833374
-0.52023315
-0.35139465
-0.15272522
-0.14526367
-0.27575684
-0.3189087
-0.23580933
-0.12449646
-0.04246521
-0.053649902
-0.18893433
-0.26564026
-0.073898315
0.2238617
0.35754395
0.24569702
-0.022766113
-0.23527527
-0.40785217
-0.5969391
-0.725296
-0.6257019
-0.30665588
0.035308838
0.32824707
0.54823303
0.60894775
0.517334
0.28085327
-0.11543274
-0.48295593
-0.56817627
-0.33807373
0.009735107
0.2835083
0.41134644
0.44702148
0.40016174
0.24197388
-0.010513306
-0.22515869
-0.23101807
-0.0728302
0.02357483
-0.059509277
-0.24859619
-0.34872437
-0.21929932
-0.056854248
-0.022232056
-0.10585022
-0.17030334
-0.12503052
-0.097854614
-0.17881775
-0.30665588
-0.34979248
-0.21450806
0.007598877
0.14183044
0.20414734
0.29896545
0.404953
0.45288086
0.4560852
0.4550171
0.46141052
0.40176392
0.24409485
0.06832886
-0.07815552
-0.14952087
-0.15325928
-0.24752808
-0.43501282
-0.49253845
-0.3119812
-0.06802368
-0.004119873
-0.097854614
-0.1713562
-0.14047241
-0.0690918
0.022521973
0.12532043
0.16845703
0.1466217
0.1338501
0.16952515
0.21960449
0.21054077
0.14555359
0.10295105
0.15141296
0.22225952
0.18603516
0.018249512
-0.11756897
-0.06376648
0.017181396
-0.073898315
-0.277359
-0.36257935
-0.3050537
-0.26564026
-0.36471558
-0.49093628
-0.4733734
-0.3109131
-0.12023926
0.007598877
0.08111572
0.14929199
0.165802
0.094955444
0.058746338
0.14982605
0.24356079
0.20149231
0.08218384
0.0038757324
-0.03553772
-0.052581787
-0.09413147
-0.20332336
-0.3588562
-0.44300842
-0.3050537
0.09442139
0.44543457
0.44755554
0.19670105
-0.01210022
-0.040863037
0.011856079
0.035827637
0.045425415
0.10348511
0.17059326
0.14981079
0.07897949
0.08111572
0.1466217
0.13224792
0.056610107
0.108810425
0.29629517
0.38578796
0.18177795
-0.15751648
-0.3854828
-0.34872437
-0.17562866
-0.071762085
-0.064834595
-0.08880615
-0.1282196
-0.21290588
-0.29652405
-0.29493713
-0.26031494
-0.2454071
-0.15965271
0.027313232
0.1897583
0.19615173
0.12213135
0.12265015
0.22439575
0.31175232
0.27711487
0.18017578
0.11732483
0.059265137
-0.05897522
-0.13568115
-0.07496643
0.06619263
0.092300415
-0.03074646
-0.10903931
-0.038208008
0.09390259
0.19935608
0.23344421
0.16152954
0.052886963
0.01133728
0.039031982
0.0635376
0.037963867
0.04916382
0.13650513
0.20361328
0.17538452
0.094436646
0.05342102
0.1109314
0.18444824
0.15887451
0.017715454
-0.17562866
-0.2416687
-0.16444397
-0.08773804
-0.052581787
-0.008911133
0.05342102
0.05342102
-0.017440796
-0.0920105
-0.16976929
-0.20704651
-0.11064148
0.06939697
0.19721985
0.19509888
0.118392944
0.104019165
0.17166138
0.24569702
0.24090576
0.19935608
0.17858887
0.14183044
0.07632446
-0.001449585
-0.06430054
-0.11064148
-0.25231934
-0.37216187
-0.27789307
0.0065307617
0.27072144
0.33091736
0.22279358
0.10614014
0.07951355
0.07791138
0.01399231
-0.07069397
-0.08668518
-0.0046539307
0.11413574
0.1812439
0.1743164
0.08164978
-0.024887085
-0.07496643
-0.038208008
0.07418823
0.18817139
0.13171387
-0.05845642
-0.17828369
-0.13142395
-0.08560181
-0.27308655
-0.6310272
-0.81211853
-0.64167786
-0.25445557
0.10241699
0.21107483
0.07312012
-0.10745239
-0.10372925
0.043823242
0.17433167
0.19296265
0.14929199
0.13650513
0.18017578
0.23130798
0.19563293
0.028381348
-0.14047241
-0.21343994
-0.18095398
-0.07229614
-0.011581421
-0.05897522
-0.1473999
-0.19213867
-0.16923523
-0.09573364
0.039031982
0.12213135
0.06300354
-0.04725647
-0.10105896
-0.053115845
0.068862915
0.15675354
0.13171387
0.037963867
-0.046188354
-0.0962677
-0.12075806
-0.099990845
-0.020095825
0.047027588
0.021972656
-0.039276123
-0.053649902
0.010269165
0.058746338
0.043823242
-0.01637268
-0.045135498
-0.08720398
-0.22836304
-0.3386078
-0.1985321
0.10934448
0.2835083
0.113601685
-0.25498962
-0.45205688
-0.32688904
-0.07601929
0.04916382
0.054473877
0.07632446
0.1508789
0.22012329
0.23344421
0.21586609
0.19509888
0.16366577
0.14450073
0.1381073
0.029968262
-0.15058899
-0.22727966
-0.1905365
-0.14047241
-0.08720398
-0.029144287
-0.0019836426
-0.007843018
0.01878357
0.10560608
0.1503601
0.075790405
-0.081344604
-0.20172119
-0.18521118
-0.12715149
-0.14100647
-0.18946838
-0.27096558
-0.32476807
-0.28533936
-0.15005493
0.0033416748
0.09336853
0.15940857
0.20414734
0.15515137
0.058746338
0.008666992
-0.038208008
-0.15911865
-0.39241028
-0.49467468
-0.34979248
-0.1628418
-0.14898682
-0.2917328
-0.30877686
-0.064834595
0.16900635
0.13064575
-0.11489868
-0.27468872
-0.2097168
-0.0046539307
0.15620422
0.17965698
0.14608765
0.11785889
0.016113281
-0.11331177
-0.1394043
-0.1473999
-0.14579773
-0.13461304
-0.022750854
0.23930359
0.468338
0.5679321
0.594574
0.5471649
0.32080078
0.06993103
0.037963867
0.21533203
0.28990173
0.10987854
-0.15379333
-0.27468872
-0.21131897
-0.08773804
-0.050460815
-0.07815552
-0.07601929
-0.010513306
0.057678223
0.06939697
0.027832031
-0.034469604
-0.121292114
-0.19906616
-0.17402649
-0.05204773
0.03050232
0.041168213
0.026779175
0.035842896
0.01612854
-0.11489868
-0.31251526
-0.4877472
-0.5346222
-0.34606934
0.059814453
0.43318176
0.5167999
0.2361145
-0.19586182
-0.39294434
-0.25231934
0.016662598
0.18177795
0.1934967
0.16047668
0.15515137
0.16047668
0.11785889
0.056610107
0.021453857
0.047027588
0.12478638
0.19456482
0.2211914
0.25369263
0.32240295
0.38098145
0.3660736
0.29736328
0.165802
-0.12075806
-0.31410217
-0.17721558
0.073654175
0.13543701
0.033172607
-0.035003662
0.01399231
0.07737732
0.06512451
0.0070648193
-0.031814575
-0.035003662
0.001739502
0.050216675
0.022506714
-0.08666992
-0.17030334
-0.15911865
-0.09147644
-0.010513306
0.059799194
0.05821228
0.020385742
0.055007935
0.19029236
0.37086487
0.38471985
0.021987915
-0.33062744
-0.19692993
0.18391418
0.32185364
0.19670105
-0.07495117
-0.28907776
-0.18467712
