-0.19891357
-0.6351471
-0.77948
-0.7363434
-0.5983887
-0.41197205
-0.29638672
-0.22288513
-0.20851135
-0.22288513
-0.19625854
-0.16854858
-0.252182
-0.42208862
-0.4598999
-0.27508545
-0.13819885
-0.23300171
-0.40878296
-0.47055054
-0.32354736
-0.16696167
-0.19252014
-0.32833862
-0.39971924
-0.3144989
-0.19572449
-0.25164795
-0.42155457
-0.43380737
-0.3683014
-0.6548462
-1.2481995
-1.417038
-1.0862885
-0.6228943
-0.3299408
0.15847778
0.5132141
0.5505066
0.58299255
0.66181946
0.7395935
0.7683563
0.61016846
0.48339844
0.43013
0.3582306
0.22506714
0.038650513
-0.055633545
0.026931763
0.11906433
0.06314087
-0.034866333
-0.018356323
0.10522461
0.10469055
-0.109436035
-0.287323
-0.17547607
0.09724426
0.2256012
0.038635254
-0.40292358
-0.67988586
-0.6186371
-0.35177612
-0.033798218
0.27087402
0.47753906
0.49990845
0.31614685
0.038650513
-0.19944763
-0.36616516
-0.43167114
-0.41941833
-0.30543518
-0.12008667
-0.008239746
0.0024108887
-0.08546448
-0.23406982
-0.3613739
-0.3880005
-0.32354736
-0.21063232
-0.14405823
-0.07267761
0.115875244
0.3156128
0.45036316
0.54145813
0.5313263
0.3715515
0.09136963
-0.18614197
-0.34007263
-0.317688
-0.23886108
-0.11581421
0.06367493
0.27461243
0.47753906
0.5984497
0.55210876
0.33798218
0.048233032
-0.18240356
-0.24365234
-0.1696167
-0.04232788
0.02319336
-0.069488525
-0.33633423
-0.47375488
-0.34965515
-0.1499176
-2.4414062E-4
0.1979065
0.366745
0.3470459
0.1552887
-0.026870728
-0.1264801
-0.1461792
-0.13713074
-0.17440796
-0.22607422
-0.19572449
-0.1307373
-0.141922
-0.22288513
-0.27348328
-0.26123047
-0.24099731
-0.2718811
-0.29319763
-0.22821045
-0.10571289
0.029586792
0.12812805
0.03491211
-0.22128296
-0.45777893
-0.39279175
-0.14831543
-0.041793823
-0.062026978
-0.12913513
-0.1653595
-0.141922
-0.11529541
-0.0753479
0.05834961
0.21174622
0.34223938
0.41629028
0.4386444
0.35769653
0.09883118
-0.18986511
-0.32356262
-0.17601013
0.21334839
0.55422974
0.5883179
0.29537964
-0.032730103
-0.09664917
-0.0066375732
0.038650513
0.01361084
0.026931763
0.02532959
-0.013031006
-0.08811951
-0.1930542
-0.25164795
-0.22447205
-0.15577698
-0.08972168
-0.111572266
-0.158432
-0.1541748
-0.06362915
0.045043945
0.0184021
-0.056167603
-0.06309509
0.0024108887
0.038650513
0.030654907
0.05781555
0.20695496
0.35290527
0.33691406
0.21920776
0.07060242
-0.13180542
-0.32621765
-0.35603333
-0.24685669
-0.069488525
0.16275024
0.37739563
0.46528625
0.4258728
0.34277344
0.2921753
0.20376587
-0.029541016
-0.3065033
-0.35498047
-0.13552856
0.10362244
0.122802734
-0.07853699
-0.5025177
-0.78800964
-0.6516571
-0.26815796
0.06794739
0.25169373
0.31774902
0.29270935
0.28578186
0.32200623
0.272995
0.07485962
-0.14299011
-0.19784546
-0.09132385
0.0460968
0.07913208
0.038116455
-2.4414062E-4
-0.02633667
-0.08174133
-0.11262512
-0.13926697
-0.15629578
-0.13020325
-0.08280945
0.012542725
0.16007996
0.21228027
0.13824463
0.013076782
-0.043914795
-0.041259766
-0.10836792
-0.15682983
-0.12434387
-0.054031372
8.239746E-4
0.09829712
0.2218628
0.29164124
0.2559662
0.20429993
0.14570618
0.06314087
-0.025802612
-0.050308228
-0.017288208
0.055160522
0.10310364
0.14730835
0.19044495
0.16967773
0.01574707
-0.16217041
-0.19837952
-0.040725708
0.113220215
0.08125305
-0.011428833
0.09030151
0.38539124
0.44024658
0.22718811
-0.032196045
-0.1802826
-0.15310669
-0.031143188
0.054626465
0.045578003
0.014144897
0.082855225
0.12545776
0.042907715
-0.15257263
-0.3022461
-0.30491638
-0.22128296
-0.11689758
-0.018356323
0.104156494
0.2575531
0.27301025
0.1632843
0.10255432
0.22080994
0.3821869
0.34916687
0.14624023
-0.0034484863
-0.044448853
-0.04711914
-0.05458069
-0.025802612
0.13665771
0.36035156
0.49032593
0.4178772
0.21974182
0.073791504
-0.008239746
-0.046585083
-0.076934814
-0.15896606
-0.14138794
0.01361084
0.069000244
-0.16696167
-0.4593811
-0.5355377
-0.37095642
-0.13925171
0.15582275
0.40350342
0.46795654
0.34490967
0.122802734
-0.083862305
-0.20957947
-0.19091797
-0.06842041
0.036514282
0.01574707
-0.11634827
-0.27668762
-0.4045105
-0.53767395
-0.67562866
-0.73527527
-0.58613586
-0.20851135
0.13664246
0.30389404
0.3955078
0.4328003
0.36408997
0.20002747
0.09562683
0.051971436
-0.020477295
-0.102508545
-0.067352295
0.08818054
0.2335968
0.29856873
0.2655487
0.24050903
0.24424744
0.25862122
0.2144165
0.09510803
0.07273865
0.10469055
0.03916931
-0.18507385
-0.35816956
-0.2665558
-0.07267761
-0.08387756
-0.30171204
-0.5248871
-0.6074524
-0.6324768
-0.6575165
-0.47747803
0.0066833496
0.48072815
0.60110474
0.3789978
0.02532959
-0.12275696
-0.04711914
0.14942932
0.30708313
0.32626343
0.27459717
0.28952026
0.34172058
0.3305359
0.25862122
0.2655487
0.50097656
0.90097046
0.9803314
0.3486328
-0.123291016
-0.14457703
0.14782715
0.45835876
0.43013
0.21334839
0.04876709
0.1787262
0.1867218
-0.09664917
-0.36244202
-0.29266357
-0.03753662
0.03918457
-0.074279785
-0.16217041
-0.13552856
-0.014099121
0.13291931
0.21974182
0.1867218
0.07060242
-0.057235718
-0.10144043
-0.074279785
-0.0061035156
0.040237427
-0.009841919
-0.090789795
-0.1499176
-0.21809387
-0.3310089
-0.4764099
-0.49186707
-0.34805298
-0.23886108
-0.2606964
-0.39172363
-0.48068237
-0.26176453
0.08178711
0.25915527
0.10736084
-0.20317078
-0.4540558
-0.5206299
-0.35923767
-0.03540039
0.31028748
0.52388
0.54411316
0.41148376
0.20909119
-0.081207275
-0.35656738
-0.46524048
-0.3890686
-0.16642761
0.09083557
0.29484558
0.42694092
0.45729065
0.40615845
0.3209381
0.07965088
-0.22235107
-0.45724487
-0.34165955
0.068481445
0.3475647
0.24957275
-0.10411072
-0.38053894
-0.30543518
-0.00289917
0.29431152
0.4759369
0.4658203
0.35609436
0.29270935
0.2852478
0.18032837
0.0652771
0.06048584
0.11747742
0.14250183
0.15635681
0.221344
0.13238525
-0.07055664
-0.20051575
-0.22660828
-0.041793823
0.16488647
0.06474304
-0.04977417
0.11001587
0.43865967
0.36514282
0.039718628
-0.30491638
-0.47428894
-0.33314514
