28.518677
27.870178
27.981567
27.05841
28.497314
25.793457
26.495361
26.733398
26.39618
27.122498
26.19629
26.19629
26.083374
25.985718
25.959778
26.046753
26.649475
26.045227
26.686096
27.810669
26.92566
26.73645
27.35138
27.500916
26.812744
25.775146
25.585938
26.300049
26.861572
26.150513
25.738525
26.464844
24.612427
24.163818
23.260498
23.23761
21.186829
22.912598
23.576355
23.988342
24.42627
25.45166
26.811218
26.811218
25.17395
25.85907
27.809143
26.255798
25.732422
27.120972
27.056885
26.708984
26.85852
27.76947
26.454163
27.380371
26.992798
27.766418
27.079773
28.45459
26.991272
27.677917
26.927185
26.831055
25.978088
28.242493
27.54364
28.868103
27.832031
29.530334
28.707886
29.86908
29.182434
30.596924
30.122375
30.723572
30.059814
30.595398
30.099487
29.910278
30.00946
29.974365
31.111145
30.659485
31.385803
29.660034
30.160522
32.29828
30.784607
31.19812
30.548096
31.835938
31.738281
32.588196
33.277893
33.987427
33.750916
32.485962
33.363342
33.499146
34.40094
34.313965
33.33893
33.236694
33.33893
34.89685
34.336853
33.457947
34.484863
34.46045
35.03723
34.184265
34.422302
34.413147
35.414124
36.57379
34.43756
34.002686
36.01532
35.191345
35.191345
35.10437
36.180115
36.26709
38.720703
36.99341
36.63025
36.671448
37.872314
38.87329
38.121033
37.39624
39.212036
38.375854
37.501526
39.72473
38.438416
37.97455
37.89978
37.9776
40.530396
39.15558
38.816833
38.780212
39.942932
40.483093
40.15808
40.444946
39.704895
39.5813
39.730835
40.771484
40.483093
40.80658
41.020203
41.433716
41.082764
41.394043
42.518616
40.98053
43.681335
41.41693
42.556763
42.495728
42.55829
41.479492
42.478943
43.5791
43.530273
43.267822
44.892883
44.18335
44.631958
42.897034
42.99164
44.59381
44.996643
43.623352
44.06891
43.208313
42.55829
45.248413
42.895508
44.032288
44.13452
41.870117
45.036316
43.595886
44.40918
42.34619
43.144226
43.33496
43.533325
45.259094
44.033813
44.869995
44.270325
44.270325
44.270325
45.281982
45.407104
45.117188
44.7052
45.24231
44.215393
44.96765
44.241333
45.1416
44.63806
43.637085
45.051575
45.428467
45.877075
44.16046
43.63556
44.94934
42.90924
44.735718
44.16046
43.281555
43.19458
42.396545
43.951416
42.76123
43.537903
42.974854
43.060303
43.63556
42.601013
44.45038
43.09845
42.948914
44.0506
44.451904
44.700623
42.286682
43.600464
44.387817
44.636536
45.237732
43.699646
43.4494
43.94989
44.573975
44.137573
44.799805
43.57605
43.725586
42.93518
44.325256
43.574524
44.26422
44.636536
44.851685
43.93463
45.010376
42.93518
44.223022
44.122314
45.03479
42.808533
44.72351
43.696594
44.033813
45.347595
43.719482
43.80493
43.345642
43.029785
43.844604
44.033813
43.00537
41.4917
43.28003
43.0542
43.0542
43.717957
42.556763
44.636536
44.947815
43.03589
43.948364
42.759705
43.559265
44.0094
44.07196
43.32428
42.658997
44.03534
43.537903
44.0979
44.50836
45.259094
43.658447
43.408203
43.658447
43.696594
44.384766
43.284607
43.408203
43.73474
43.824768
44.54956
44.284058
44.22455
45.82367
43.659973
45.384216
43.371582
45.25757
43.595886
43.59436
42.929077
42.842102
41.86554
43.302917
42.842102
43.4021
43.078613
42.866516
41.575623
43.614197
42.201233
40.948486
39.78424
40.59601
40.348816
40.18402
39.019775
39.083862
38.172913
38.623047
36.131287
36.732483
37.983704
39.03351
39.146423
38.909912
39.598083
39.227295
40.826416
40.327454
39.64691
37.61139
39.186096
39.274597
38.6261
37.44812
37.27417
36.949158
38.412476
38.249207
38.249207
38.249207
37.95929
39.312744
38.81073
35.820007
38.485718
38.74817
34.970093
34.40399
35.757446
34.718323
34.31549
33.992004
35.31952
34.19342
33.84552
34.90448
35.98175
34.13086
34.69391
33.59375
35.229492
34.280396
34.60846
34.069824
32.304382
33.078003
31.954956
32.455444
31.782532
32.385254
32.724
32.035828
31.620789
31.34613
33.737183
32.44934
32.5119
33.198547
31.910706
30.245972
31.575012
31.70929
32.099915
32.724
31.471252
32.50885
31.558228
32.785034
34.42383
33.9859
34.635925
35.26001
33.19702
35.586548
34.89685
33.029175
34.23004
32.1167
34.96704
32.426453
32.52716
31.776428
30.613708
31.38733
30.888367
30.827332
29.537964
30.825806
28.286743
30.036926
30.038452
28.997803
29.88739
27.311707
29.188538
28.761292
28.761292
28.500366
27.749634
28.137207
28.97644
28.161621
27.702332
28.250122
27.937317
27.502441
27.539062
26.023865
27.003479
27.29187
25.439453
24.67804
27.104187
26.576233
27.415466
26.815796
23.878479
25.944519
25.567627
24.868774
26.141357
25.878906
27.005005
27.128601
26.853943
25.280762
27.168274
25.90332
26.005554
26.478577
26.890564
26.78833
27.60315
28.51715
27.104187
27.539062
25.87738
27.476501
26.289368
27.0401
25.376892
25.314331
25.151062
24.62616
24.501038
23.899841
23.898315
24.801636
24.37439
25.212097
25.624084
25.0
23.336792
24.563599
23.901367
25.376892
25.875854
25.85144
26.264954
25.212097
24.86267
25.914001
25.749207
25.724792
25.187683
25.976562
26.602173
25.727844
27.764893
27.0401
26.976013
28.741455
28.581238
28.414917
