1624763783587
1624763783588
1624763783602
1624763783633
1624763783645
1624763783661
1624763783681
1624763783701
1624763783722
1624763783741
1624763783762
1624763783782
1624763783801
1624763783822
1624763783844
1624763783863
1624763783882
1624763783903
1624763783923
1624763783945
1624763783963
1624763783981
1624763784001
1624763784020
1624763784045
1624763784061
1624763784080
1624763784101
1624763784120
1624763784141
1624763784160
1624763784181
1624763784203
1624763784223
1624763784243
1624763784260
1624763784282
1624763784302
1624763784322
1624763784341
1624763784362
1624763784382
1624763784402
1624763784421
1624763784441
1624763784461
1624763784481
1624763784500
1624763784521
1624763784540
1624763784561
1624763784580
1624763784602
1624763784622
1624763784642
1624763784662
1624763784682
1624763784702
1624763784722
1624763784742
1624763784762
1624763784782
1624763784801
1624763784820
1624763784841
1624763784863
1624763784881
1624763784900
1624763784920
1624763784940
1624763784961
1624763784980
1624763785001
1624763785020
1624763785041
1624763785061
1624763785081
1624763785100
1624763785121
1624763785141
1624763785161
1624763785182
1624763785202
1624763785221
1624763785242
1624763785265
1624763785282
1624763785302
1624763785322
1624763785342
1624763785364
1624763785383
1624763785402
1624763785421
1624763785442
1624763785462
1624763785482
1624763785502
1624763785522
1624763785542
1624763785562
1624763785583
1624763785607
1624763785621
1624763785642
1624763785662
1624763785683
1624763785702
1624763785722
1624763785741
1624763785763
1624763785785
1624763785803
1624763785821
1624763785843
1624763785862
1624763785884
1624763785903
1624763785922
1624763785945
1624763785961
1624763785983
1624763786006
1624763786021
1624763786041
1624763786062
1624763786083
1624763786103
1624763786122
1624763786142
1624763786162
1624763786183
1624763786203
1624763786222
1624763786242
1624763786262
1624763786284
1624763786303
1624763786322
1624763786342
1624763786362
1624763786383
1624763786402
1624763786423
1624763786442
1624763786462
1624763786483
1624763786503
1624763786522
1624763786543
1624763786563
1624763786583
1624763786602
1624763786622
1624763786642
1624763786663
1624763786683
1624763786703
1624763786722
1624763786742
1624763786761
1624763786783
1624763786803
1624763786823
1624763786843
1624763786863
1624763786882
1624763786903
1624763786922
1624763786942
1624763786962
1624763786983
1624763787003
1624763787022
1624763787042
1624763787063
1624763787083
1624763787105
1624763787123
1624763787143
1624763787162
1624763787183
1624763787203
1624763787223
1624763787243
1624763787263
1624763787283
1624763787303
1624763787323
1624763787343
1624763787362
1624763787382
1624763787404
1624763787423
1624763787443
1624763787461
1624763787482
1624763787504
1624763787523
1624763787543
1624763787563
1624763787582
1624763787604
1624763787623
1624763787642
1624763787663
1624763787683
1624763787703
1624763787723
1624763787743
1624763787763
1624763787783
1624763787803
1624763787824
1624763787843
1624763787863
1624763787883
1624763787903
1624763787923
1624763787943
1624763787963
1624763787983
1624763788003
1624763788023
1624763788043
1624763788063
1624763788083
1624763788103
1624763788124
1624763788143
1624763788163
1624763788183
1624763788203
1624763788223
1624763788243
1624763788263
1624763788283
1624763788303
1624763788325
1624763788343
1624763788363
1624763788383
1624763788403
1624763788423
1624763788443
1624763788463
1624763788483
1624763788503
1624763788523
1624763788543
1624763788563
1624763788583
1624763788603
1624763788625
1624763788643
1624763788663
1624763788683
1624763788703
1624763788723
1624763788745
1624763788763
1624763788783
1624763788803
1624763788823
1624763788844
1624763788863
1624763788883
1624763788903
1624763788923
1624763788944
1624763788963
1624763788983
1624763789003
1624763789023
1624763789043
1624763789063
1624763789084
1624763789103
1624763789123
1624763789146
1624763789164
1624763789184
1624763789203
1624763789223
1624763789243
1624763789264
1624763789283
1624763789305
1624763789323
1624763789345
1624763789364
1624763789384
1624763789404
1624763789423
1624763789444
1624763789464
1624763789483
1624763789504
1624763789523
1624763789545
1624763789563
1624763789583
1624763789605
1624763789624
1624763789644
1624763789664
1624763789683
1624763789704
1624763789723
1624763789744
1624763789763
1624763789783
1624763789805
1624763789824
1624763789845
1624763789864
1624763789884
1624763789904
1624763789924
1624763789943
1624763789963
1624763789984
1624763790004
1624763790026
1624763790044
1624763790064
1624763790085
1624763790104
1624763790124
1624763790144
1624763790164
1624763790183
1624763790204
1624763790225
1624763790244
1624763790265
1624763790284
1624763790304
1624763790324
1624763790346
1624763790364
1624763790384
1624763790404
1624763790425
1624763790444
1624763790465
1624763790484
1624763790503
1624763790525
1624763790544
1624763790564
1624763790585
1624763790604
1624763790624
1624763790644
1624763790664
1624763790684
1624763790703
1624763790724
1624763790745
1624763790764
1624763790784
1624763790804
1624763790825
1624763790845
1624763790864
1624763790885
1624763790905
1624763790924
1624763790944
1624763790963
1624763790984
1624763791004
1624763791025
1624763791045
1624763791065
1624763791084
1624763791104
1624763791125
1624763791145
1624763791164
1624763791186
1624763791204
1624763791224
1624763791245
1624763791265
1624763791285
1624763791304
1624763791323
1624763791345
1624763791364
1624763791386
1624763791404
1624763791423
1624763791446
1624763791465
1624763791484
1624763791506
1624763791524
1624763791546
1624763791565
1624763791585
1624763791605
1624763791624
1624763791643
1624763791664
1624763791685
1624763791714
1624763791723
1624763791743
1624763791765
1624763791785
1624763791808
1624763791824
1624763791843
1624763791865
1624763791886
1624763791905
1624763791925
1624763791945
1624763791965
1624763791984
1624763792003
1624763792024
1624763792044
1624763792064
1624763792084
1624763792106
1624763792125
1624763792145
1624763792166
1624763792185
1624763792206
1624763792225
1624763792244
1624763792265
1624763792284
1624763792306
1624763792324
1624763792344
1624763792365
1624763792385
1624763792405
1624763792424
1624763792444
1624763792465
1624763792485
1624763792504
1624763792524
1624763792545
1624763792565
1624763792585
1624763792606
1624763792625
1624763792645
1624763792665
1624763792686
1624763792706
1624763792725
1624763792745
1624763792765
1624763792786
1624763792808
1624763792825
1624763792845
1624763792865
1624763792886
1624763792905
1624763792925
1624763792945
1624763792965
1624763792986
1624763793006
1624763793026
1624763793044
1624763793064
1624763793086
1624763793104
1624763793125
1624763793145
1624763793165
1624763793185
1624763793205
1624763793226
1624763793245
1624763793265
1624763793285
1624763793305
1624763793325
1624763793346
1624763793365
1624763793385
1624763793407
1624763793425
1624763793445
1624763793465
1624763793485
1624763793505
1624763793525
1624763793549
1624763793564
1624763793585
1624763793606
1624763793632
1624763793646
1624763793665
1624763793686
