1624764647078
1624764647087
1624764647117
1624764647125
1624764647143
1624764647164
1624764647184
1624764647204
1624764647224
1624764647244
1624764647265
1624764647284
1624764647304
1624764647324
1624764647344
1624764647364
1624764647384
1624764647404
1624764647424
1624764647447
1624764647465
1624764647484
1624764647505
1624764647525
1624764647545
1624764647564
1624764647584
1624764647605
1624764647624
1624764647645
1624764647667
1624764647684
1624764647704
1624764647724
1624764647745
1624764647766
1624764647786
1624764647805
1624764647824
1624764647844
1624764647866
1624764647886
1624764647906
1624764647925
1624764647946
1624764647965
1624764647985
1624764648006
1624764648026
1624764648046
1624764648065
1624764648085
1624764648105
1624764648126
1624764648146
1624764648165
1624764648185
1624764648205
1624764648226
1624764648245
1624764648265
1624764648285
1624764648305
1624764648325
1624764648345
1624764648365
1624764648386
1624764648405
1624764648425
1624764648445
1624764648464
1624764648487
1624764648504
1624764648524
1624764648544
1624764648564
1624764648585
1624764648605
1624764648625
1624764648645
1624764648665
1624764648686
1624764648706
1624764648725
1624764648746
1624764648767
1624764648786
1624764648804
1624764648824
1624764648845
1624764648865
1624764648885
1624764648905
1624764648924
1624764648944
1624764648964
1624764648984
1624764649004
1624764649024
1624764649044
1624764649064
1624764649089
1624764649104
1624764649124
1624764649144
1624764649164
1624764649184
1624764649205
1624764649226
1624764649246
1624764649266
1624764649287
1624764649317
1624764649325
1624764649345
1624764649366
1624764649387
1624764649407
1624764649425
1624764649445
1624764649465
1624764649486
1624764649506
1624764649525
1624764649545
1624764649566
1624764649587
1624764649606
1624764649627
1624764649646
1624764649666
1624764649688
1624764649707
1624764649726
1624764649746
1624764649768
1624764649786
1624764649806
1624764649826
1624764649846
1624764649866
1624764649886
1624764649905
1624764649925
1624764649945
1624764649966
1624764649984
1624764650006
1624764650025
1624764650045
1624764650067
1624764650085
1624764650107
1624764650126
1624764650146
1624764650165
1624764650185
1624764650206
1624764650226
1624764650245
1624764650266
1624764650285
1624764650305
1624764650325
1624764650345
1624764650366
1624764650386
1624764650407
1624764650426
1624764650445
1624764650466
1624764650486
1624764650507
1624764650526
1624764650545
1624764650566
1624764650585
1624764650607
1624764650627
1624764650646
1624764650674
1624764650685
1624764650705
1624764650725
1624764650744
1624764650764
1624764650784
1624764650804
1624764650825
1624764650845
1624764650866
1624764650885
1624764650905
1624764650925
1624764650945
1624764650966
1624764650985
1624764651006
1624764651025
1624764651045
1624764651066
1624764651085
1624764651105
1624764651126
1624764651145
1624764651165
1624764651185
1624764651205
1624764651226
1624764651245
1624764651266
1624764651285
1624764651305
1624764651326
1624764651346
1624764651366
1624764651386
1624764651406
1624764651426
1624764651446
1624764651467
1624764651486
1624764651505
1624764651526
1624764651547
1624764651566
1624764651586
1624764651606
1624764651626
1624764651647
1624764651669
1624764651685
1624764651705
1624764651733
1624764651747
1624764651765
1624764651786
1624764651805
1624764651826
1624764651845
1624764651865
1624764651886
1624764651906
1624764651925
1624764651946
1624764651966
1624764651986
1624764652005
1624764652028
1624764652046
1624764652066
1624764652086
1624764652107
1624764652126
1624764652146
1624764652167
1624764652186
1624764652206
1624764652226
1624764652248
1624764652266
1624764652286
1624764652306
1624764652326
1624764652346
1624764652366
1624764652386
1624764652406
1624764652426
1624764652446
1624764652467
1624764652486
1624764652506
1624764652525
1624764652546
1624764652566
1624764652586
1624764652606
1624764652626
1624764652647
1624764652666
1624764652686
1624764652706
1624764652726
1624764652746
1624764652767
1624764652786
1624764652807
1624764652827
1624764652845
1624764652868
1624764652886
1624764652906
1624764652926
1624764652947
1624764652968
1624764652986
1624764653005
1624764653026
1624764653047
1624764653066
1624764653086
1624764653107
1624764653127
1624764653146
1624764653166
1624764653186
1624764653208
1624764653227
1624764653247
1624764653268
1624764653291
1624764653305
1624764653326
1624764653347
