-2.260971
-1.5319366
-0.98846436
-1.1895752
-1.9126129
-2.0012054
-1.58461
-1.0423279
-0.9908447
-1.3942719
-1.4050446
-0.6233368
0.06260681
0.1499939
-0.18640137
-0.188797
0.31759644
0.9436798
1.7732697
2.2305603
1.6894684
1.3961792
1.6332092
1.6751099
1.8199463
2.2712555
2.5094757
2.1443634
1.4165344
0.74375916
0.41934204
0.28048706
0.30921936
0.2756958
0.30203247
0.39900208
0.69229126
0.65037537
0.43969727
0.27928162
0.15478516
0.21104431
0.52349854
0.84552
0.80122375
0.51631165
0.21105957
-0.24624634
-1.1201324
-1.7809296
-1.5427094
-0.75382996
0.25294495
1.2537231
1.9205017
2.2951965
2.522644
2.4364624
1.9169159
1.6080627
1.3698425
0.85269165
0.21343994
-0.33125305
-0.6520691
-0.8878937
-0.9441681
-0.6113739
0.023101807
0.29244995
0.047042847
-0.32885742
-0.5838318
0.16555786
1.7828522
2.5346222
2.126419
1.5924988
1.470398
2.1168365
2.9739532
3.3175201
2.4197083
0.9065552
-0.24266052
-0.7526245
-0.60658264
-0.028381348
0.32357788
0.34751892
0.26132202
0.20385742
0.1499939
0.027877808
-0.043945312
-0.045135498
0.049438477
0.40856934
0.652771
0.6491852
0.30801392
-0.41503906
-0.9968262
-1.2087097
-1.4565277
-1.6456604
-1.2661896
-0.75502014
-0.2689972
0.39898682
0.8874054
0.78685
0.4025879
0.21943665
0.19070435
0.09611511
0.1212616
0.06260681
-0.11695862
-0.39707947
-0.48686218
-0.2402649
0.30322266
0.73298645
0.826355
0.5318756
0.33795166
0.92211914
1.8271332
2.430481
2.6459503
2.4580078
2.074936
1.8187561
1.7672882
1.4955444
0.9771881
0.75094604
0.8945923
0.69706726
0.09132385
-0.40426636
-0.27616882
0.34991455
0.6779175
0.5833435
0.25413513
-0.053512573
-0.13851929
-8.392334E-4
0.4313202
0.98558044
1.3925934
1.2345734
0.6731262
-0.14329529
-1.0626678
-1.466095
-1.4613037
-1.2410431
-0.698761
-0.22111511
0.11647034
0.35350037
0.66833496
0.30801392
0.1894989
0.14042664
0.32118225
0.4887848
0.2864685
-0.25941467
-0.8998718
-1.1835785
-0.8471985
-0.08822632
0.46842957
0.6372223
0.34152222
0.07337952
0.29963684
1.4883575
2.2784424
1.9767761
1.5266571
1.4177246
1.5278625
1.8522797
1.9264984
1.423706
0.7162323
0.27090454
-0.1133728
-0.31806946
-0.24624634
-0.06309509
0.1667633
0.2756958
0.14640808
0.17514038
0.32836914
0.44807434
0.57496643
0.8431244
1.4488525
1.865448
1.2106323
1.1328125
1.134018
1.0609894
0.9041748
0.4025879
0.08892822
0.29364014
0.7677002
1.126831
1.2633057
1.3099823
1.3482971
1.2788544
0.95085144
0.7880554
1.0250702
0.80241394
0.48997498
0.41934204
0.33795166
-0.07028198
-0.233078
0.1894989
0.692276
0.88142395
0.68989563
0.48757935
0.97120667
1.9863434
2.7381287
2.498703
1.964798
1.8881836
2.107254
2.3167572
2.1371765
1.6535492
1.3255463
1.0526123
0.7641144
0.35350037
0.027877808
0.11288452
0.29364014
0.47322083
1.0442352
1.770874
2.3299255
2.4615936
2.1922607
1.9408569
2.107254
2.3825989
2.1395721
1.549408
0.9089508
0.25654602
-0.15048218
-0.11218262
-0.1133728
-0.15646362
-0.12294006
0.18112183
0.67552185
1.3375244
1.8426971
1.8043823
1.4356842
1.257309
1.2201996
1.1854858
1.0909271
0.82037354
0.25294495
-0.2510376
-0.3264618
-0.09301758
0.27928162
0.7688904
0.80960083
-0.35279846
-0.50123596
1.2513275
2.5513763
2.8398895
2.6974335
2.97995
4.1411285
4.4882812
3.5126495
1.5398254
0.60849
0.81199646
0.8730469
0.82995605
0.9017792
1.0993042
1.3279419
1.1986542
0.8048096
0.5187073
0.54862976
0.41934204
0.06619263
-0.22351074
-0.22949219
0.027893066
0.5019531
0.94487
0.92453
0.61805725
0.7557373
1.2178192
1.1890869
0.61805725
-0.05949402
-0.25343323
0.2876587
0.7796631
1.1364136
1.384201
1.6775055
1.7636871
1.5434265
1.2549286
0.89219666
0.474411
0.26013184
0.18830872
0.09971619
-0.08943176
-0.30729675
-0.3408203
-0.2546234
-0.19955444
-0.08822632
0.11167908
0.013519287
-0.28216553
-0.26779175
0.16795349
1.1435852
1.7996063
2.0904999
2.0952911
1.8426971
1.6822815
1.8738251
2.1240082
2.435257
2.4843445
2.1599274
1.5757446
1.126831
0.92811584
0.7533264
0.8155823
0.93769836
1.0765533
0.9185333
0.7090454
0.8371277
0.8934021
0.9592438
1.0645752
1.0861206
1.0645752
1.5039215
2.6303864
3.1331635
1.4775848
-0.85557556
-1.7210846
-1.2973022
-0.84480286
-0.6257324
-0.008026123
0.9987488
2.07135
2.3694305
1.6798859
0.86946106
0.31759644
0.24098206
0.7784729
1.0023346
0.49116516
-0.28933716
-0.72987366
-0.75141907
-0.39109802
0.045837402
0.15238953
0.12724304
0.2984314
0.47322083
0.6695404
1.3830109
2.3406982
2.2353516
1.5805359
1.4524384
1.6272278
2.40773
3.3235016
4.2153473
4.0812836
2.6531372
1.2453461
0.51631165
0.53666687
0.65756226
0.5019531
0.5007477
0.61686707
0.7174225
0.72102356
0.5833435
0.38581848
0.3918152
0.5821533
0.26611328
-0.3599701
-0.32765198
-0.5132141
-1.1740112
-1.2278748
-1.0255585
-0.5155945
-0.75502014
-1.8264313
-2.0131683
-1.0088043
0.17274475
0.6204529
0.116485596
-0.56707764
-0.8280487
-0.50961304
-0.8759308
-1.6073608
-1.6348877
-1.0806274
-0.7562103
-0.97288513
-1.3978577
-1.6863708
-1.5558777
-1.2182922
-1.098587
-0.9920349
-0.93218994
-0.8723297
-0.5826416
-0.0044403076
0.8167877
1.5398254
1.5206757
1.1651459
1.0933075
1.3231506
1.9193115
2.7213745
3.1499329
2.6615143
1.5697632
0.7054596
0.41455078
0.38223267
0.395401
0.3846283
0.23139954
-0.09422302
-0.3192749
-0.26420593
-0.058303833
0.17633057
0.13682556
-8.544922E-4
0.15957642
0.5617981
0.8000183
0.61447144
0.22541809
-0.14808655
-0.3815155
-0.6903839
-1.2649841
-1.6887512
-1.4493408
-0.6329193
0.29484558
0.64320374
0.31759644
-0.037963867
-0.20315552
-0.35758972
-0.39109802
-0.38511658
-0.5946045
-0.8711395
-1.138092
-1.193161
-1.0028229
-0.78375244
-0.72628784
-0.44137573
-0.08824158
0.11647034
0.35110474
0.7593231
1.4045563
2.0222626
2.126419
1.6786957
1.4464569
1.5709534
1.825943
1.8618469
1.3243561
0.48399353
-0.55989075
-1.1452789
-0.8495941
-0.41983032
-0.33842468
-0.2546234
-0.12055969
-0.09303284
-0.07267761
-0.12773132
-0.11216736
3.5095215E-4
0.30921936
0.12365723
-0.29293823
-0.40307617
-0.07984924
0.023101807
-0.17802429
-1.16922
