9.00531
8.616257
8.937073
8.877228
8.061996
6.9774323
6.900818
7.379654
7.672943
7.684906
8.065598
9.316559
10.038422
9.898346
9.667313
9.945038
10.755478
11.0260315
10.457397
10.300583
11.719147
13.684784
13.803299
12.188416
9.8923645
8.19368
7.9434814
8.628235
9.292618
9.198044
8.325363
7.356903
6.566818
6.3345795
6.624283
8.012909
9.108261
9.510498
10.177277
10.695618
10.648941
10.076721
10.2634735
10.994888
10.990112
10.207199
9.59668
9.75589
10.532822
11.320511
10.982925
9.706818
8.720398
8.78624
9.983353
11.042786
11.026016
9.955811
8.451065
7.241989
6.481827
6.0688324
6.0472717
6.664978
7.389221
7.7938538
8.358887
9.107071
9.528442
9.955811
11.128983
12.566681
13.086243
12.140518
11.676041
12.994064
14.364731
13.786545
11.388748
8.783859
7.04805
6.660202
7.537674
8.721603
9.271072
8.610275
7.1055145
5.9419403
6.0017853
6.8038483
7.9003906
8.647385
8.878433
9.042419
9.073547
8.963409
9.259094
10.274246
11.609009
11.276215
9.374023
8.577957
10.452606
12.674423
12.636124
10.914688
9.561966
9.619431
10.583084
10.90271
10.055176
8.882019
8.198471
7.957855
7.7423706
7.5352783
7.2240295
7.0959473
7.5520325
8.363678
9.032852
9.229172
9.594284
10.124603
10.772232
11.344452
11.589859
11.623383
11.405502
11.321701
11.410294
11.368393
10.905106
9.822937
8.313385
7.162979
7.465851
8.949051
10.038406
10.006088
8.943069
7.553238
6.918762
7.0504456
7.44191
8.144608
9.553589
10.799774
10.745895
9.881592
9.314163
9.7535095
10.80217
10.992508
10.079117
9.289032
9.810959
10.869202
10.823715
9.567947
8.372055
8.281067
9.951019
11.922653
11.556335
9.831314
7.791458
6.292679
5.892853
6.545273
7.68013
8.148193
8.014114
8.120651
8.751526
9.390793
9.73793
10.269455
11.215164
12.022003
12.020813
11.513245
11.427048
12.5008545
13.532745
12.996445
10.933853
8.737167
7.6741333
7.941086
8.678513
9.08313
8.158966
6.6829376
6.127487
6.4339447
7.0887604
7.4873962
7.6705475
8.039246
8.585129
9.269882
10.093475
10.617813
11.047562
11.332474
10.990112
9.958206
9.213608
9.801392
11.028412
11.290573
10.463379
9.250717
8.877228
9.6744995
10.506485
10.437042
9.535629
8.974197
8.222412
7.756729
7.6322327
7.3377533
7.250366
7.5723877
8.083557
8.58992
9.042419
9.353668
9.706818
10.398743
11.009262
11.439011
11.185242
10.798569
11.023621
11.891525
12.678024
12.280579
10.911102
9.195663
8.176926
8.552811
9.590698
10.074326
9.399155
8.018906
6.734421
6.1813507
6.29628
6.988205
7.944687
8.775467
9.310577
9.565552
9.59668
9.335709
9.077133
8.996933
9.374023
9.947433
9.632599
8.938278
9.450638
10.729141
11.167282
10.471756
9.376419
8.98616
9.881592
11.237915
11.640137
10.433456
8.706039
7.7256165
7.270706
7.0899506
6.905609
6.8684845
7.0432587
7.277893
7.4813995
8.248749
9.293823
10.676468
12.10939
10.443039
8.514496
11.623367
12.084259
10.695618
10.2287445
11.574295
13.348404
12.77858
9.898361
8.25354
9.031647
9.980942
10.156921
9.699631
9.212418
8.720398
8.107483
7.415573
7.231201
7.731598
8.363663
8.419922
7.9877777
7.5400696
7.605896
8.099106
8.513306
8.785049
9.1058655
9.351273
8.546829
7.6873016
9.927078
13.548309
15.266159
14.217499
11.914261
11.039185
10.623795
10.305374
9.557175
8.443878
7.728012
8.139816
8.779053
8.995743
8.86525
8.623444
8.532455
8.234375
7.7962494
7.826172
8.180511
8.362473
8.395996
8.874832
9.881592
10.858429
11.51564
12.170441
11.759842
11.191223
11.231918
12.244675
13.402267
13.33403
11.838852
10.061157
8.915543
8.507324
8.331345
7.8872223
7.2790985
6.6039276
6.2543793
6.241211
6.687729
7.724411
8.373245
8.67012
8.611465
8.263107
8.03447
8.167343
8.455841
8.629425
9.237549
10.513657
11.704788
11.680832
11.508453
12.736679
13.877518
12.862381
10.519653
8.956238
9.472183
11.042786
11.726318
11.0308075
9.255508
7.5161285
6.3944397
5.889267
5.938339
6.79068
8.127838
9.00531
8.813782
8.257126
8.315781
8.90596
9.613434
10.459793
10.897934
10.838074
10.536407
10.038406
10.921875
14.130096
16.90857
15.875473
11.966949
8.577942
7.328186
7.5017548
8.25473
8.712021
8.336136
7.735199
7.0624237
6.826599
7.00856
7.262329
7.728012
8.376831
8.564789
8.139816
7.999756
8.168549
8.051224
8.799408
10.72435
11.915466
10.762665
9.048401
9.408737
12.170456
13.275375
11.3276825
9.632599
9.757095
11.368393
12.38472
11.646118
8.381622
6.329788
7.6118927
8.455841
7.3988037
7.0779877
7.945877
8.028473
7.3928223
6.902008
6.8445435
7.380844
8.471405
9.335724
9.704422
9.897156
10.676468
11.684433
11.377975
10.54599
10.917084
12.777374
14.138489
13.227493
10.735123
7.9817963
7.0420685
7.8692627
8.667725
8.8461
8.322968
7.451477
6.7858887
6.937912
7.9829865
8.962219
9.439865
9.699631
9.824127
9.99411
10.113831
9.669708
8.8880005
8.619858
9.175308
9.861237
9.696045
9.011307
8.843704
10.256287
12.039963
12.024399
10.512466
9.192062
9.296204
10.30896
10.858429
10.453812
9.490143
8.224808
7.292267
6.973831
6.9079895
6.9067993
7.0492554
7.237198
7.676529
8.667725
9.585907
10.075531
10.277832
10.225159
10.457397
10.824905
10.772232
10.489716
11.118195
12.675629
14.304886
14.187561
11.544373
8.640198
7.12706
7.672943
9.540421
10.741119
10.429855
9.116653
7.8477173
6.960663
6.708084
6.945099
7.3102264
7.905182
8.492966
8.880814
9.316559
10.13179
9.793015
7.9506683
7.93869
9.166916
9.156143
8.732376
8.969406
