24.511719
25.149536
23.649597
24.586487
25.439453
25.862122
25.524902
26.852417
26.5625
25.0
25.961304
27.226257
25.549316
26.148987
23.94867
26.252747
25.274658
25.274658
25.274658
25.411987
25.714111
24.464417
22.77832
22.738647
22.904968
22.903442
22.07489
21.914673
21.954346
21.365356
19.262695
22.117615
21.824646
19.602966
21.77887
19.39087
19.387817
20.230103
19.602966
18.914795
19.45343
18.287659
18.663025
18.63861
18.574524
20.19043
20.51239
19.099426
19.812012
19.06128
18.850708
19.12384
18.873596
19.224548
20.072937
18.522644
18.435669
19.747925
19.03534
19.906616
21.281433
20.695496
23.097229
22.409058
22.598267
21.88263
22.296143
23.13385
23.50769
22.509766
22.535706
21.969604
21.284485
22.634888
22.383118
21.284485
21.495056
21.621704
22.509766
23.269653
21.321106
23.420715
22.944641
21.820068
21.324158
21.723938
21.26007
21.884155
22.010803
20.40863
20.887756
20.385742
20.925903
19.532776
19.262695
19.262695
19.262695
18.936157
19.412231
18.684387
19.810486
19.935608
20.324707
21.463013
21.113586
21.4859
20.88623
21.762085
22.174072
21.098328
20.948792
22.073364
21.51184
21.136475
21.635437
23.149109
21.42334
20.736694
22.16034
20.861816
21.26007
20.91217
21.536255
22.486877
21.575928
21.487427
20.472717
22.650146
22.988892
21.824646
22.927856
21.385193
22.451782
21.386719
20.640564
21.612549
22.215271
20.576477
20.639038
18.414307
20.077515
20.228577
19.450378
21.490479
21.278381
19.477844
19.927979
19.16504
20.890808
19.929504
21.090698
21.07544
21.702576
21.824646
23.150635
22.30072
22.924805
21.740723
25.151062
25.775146
26.416016
23.986816
25.064087
25.628662
24.177551
26.377869
27.415466
28.289795
27.375793
28.387451
27.664185
26.725769
26.44043
26.852417
26.852417
26.852417
27.027893
27.102661
27.537537
25.942993
27.06604
27.290344
25.276184
25.90332
25.601196
24.128723
24.72992
23.965454
25.72937
25.190735
23.780823
24.368286
23.591614
24.090576
22.467041
22.94159
22.341919
22.43042
22.782898
21.717834
23.883057
21.582031
21.582031
21.343994
21.342468
22.331238
20.118713
22.43042
23.005676
23.440552
23.652649
24.404907
26.51825
25.878906
25.314331
25.216675
24.75586
25.917053
24.067688
24.591064
24.627686
25.857544
26.953125
26.217651
26.043701
26.00708
25.292969
24.320984
24.067688
24.295044
23.306274
23.782349
21.40503
21.185303
22.033691
19.64264
18.73169
19.395447
19.119263
19.458008
18.460083
18.359375
18.02063
17.396545
16.85791
17.333984
17.04712
16.697693
19.207764
18.006897
17.419434
17.381287
17.381287
17.381287
18.521118
17.982483
17.634583
17.443848
19.296265
19.334412
19.857788
18.959045
19.496155
20.870972
20.74585
20.056152
20.706177
20.33081
21.86737
21.55304
23.492432
23.942566
22.431946
21.929932
23.179626
21.64154
23.466492
23.381042
24.591064
23.40393
22.927856
23.017883
22.218323
22.17865
21.955872
20.993042
20.680237
22.929382
22.99347
24.128723
25.317383
26.629639
25.378418
26.945496
23.820496
22.779846
22.529602
23.719788
22.155762
22.633362
21.14563
20.993042
21.272278
21.244812
20.306396
19.654846
20.619202
18.792725
17.37976
18.894958
18.896484
17.933655
18.708801
17.83142
18.35785
19.308472
17.42096
17.63153
17.358398
17.108154
15.983582
15.6692505
13.095093
12.368774
12.220764
12.742615
12.817383
12.193298
12.4053955
12.931824
12.931824
10.990906
12.657166
11.244202
9.144592
8.979797
9.643555
8.518982
8.670044
8.068848
6.716919
7.7041626
6.1706543
5.027771
4.5303345
5.155945
3.7780762
4.5303345
4.055786
2.2033691
1.7166138
1.8676758
-0.23345947
0.10223389
0.10070801
-1.5853882
-0.8987427
-0.5859375
-1.53656
-1.1108398
-2.935791
-1.5853882
-1.4587402
-3.024292
-4.1000366
-2.5634766
-3.3737183
-3.9505005
-3.4988403
-4.2022705
-5.3894043
-3.3248901
-3.9260864
-4.698181
-4.663086
-5.7998657
-6.55365
-6.968689
-9.5047
-11.206055
-12.107849
-10.8428955
-10.882568
-11.143494
-12.208557
-12.995911
-12.083435
-12.710571
-12.585449
-13.145447
-11.508179
-12.585449
-12.670898
-11.920166
-12.583923
-14.558411
-15.260315
-14.373779
-14.024353
-13.35907
-14.375305
-13.723755
-14.872742
-14.627075
-15.875244
-16.737366
-16.351318
-18.078613
-18.078613
-18.078613
-18.078613
-19.342041
-19.691467
-19.154358
-19.692993
-19.779968
-19.981384
-19.493103
-20.54596
-21.833801
-20.480347
-19.056702
-19.631958
-21.981812
-21.794128
-22.297668
-21.896362
-21.047974
-20.14618
-20.48645
-18.507385
-19.07196
-18.507385
-20.272827
-18.283081
-17.468262
-16.970825
-18.695068
-17.718506
-16.116333
-16.281128
-16.392517
-17.96875
-17.218018
-17.904663
-18.154907
-17.254639
-16.218567
-15.805054
-16.305542
-17.94281
-17.443848
-17.367554
-18.130493
-18.156433
-18.980408
-17.881775
-20.358276
-21.583557
-21.235657
-21.862793
-21.710205
-21.235657
-22.43805
-22.98584
-24.08905
-25.100708
-24.47815
-25.376892
-26.200867
-27.116394
-25.915527
-27.20337
-28.179932
-27.728271
-25.939941
-28.092957
-26.515198
-27.142334
-27.766418
-28.179932
-28.630066
-26.49231
-27.394104
-27.227783
-27.391052
-27.391052
-27.391052
-26.617432
-25.975037
-26.766968
-27.17743
-26.07727
-25.926208
-27.52533
-25.161743
-24.249268
-26.138306
-24.72229
-24.447632
-25.823975
-26.535034
-25.44403
-26.283264
-24.320984
-22.991943
-22.706604
-25.00763
-24.281311
-25.20752
-23.181152
-26.135254
-26.631165
-26.408386
-25.408936
-26.844788
-27.171326
-28.419495
-25.784302
-27.75879
-28.608704
-28.297424
-31.526184
-29.23584
-28.674316
-28.572083
-29.795837
-29.048157
-30.57251
-31.085205
-31.175232
-28.485107
-29.449463
-28.04718
-28.096008
-26.85852
-28.04718
-28.170776
-26.905823
-27.34375
-26.71814
-26.6922
-26.779175
-24.531555
-24.465942
-22.140503
-22.97821
-22.329712
