-0.73347473
-0.9297943
-0.4964447
-0.057113647
0.37265015
0.75572205
0.692276
0.35110474
0.12844849
0.17514038
0.23379517
0.09971619
-0.23667908
-0.4102478
-0.20674133
0.11048889
0.16197205
-0.31089783
-0.71910095
-0.66044617
-0.54193115
-0.6257324
-0.54911804
-0.44976807
-0.51200867
-0.5550995
-0.19477844
-0.35040283
-0.6006012
-0.6951599
-0.659256
-1.098587
-1.4170227
-0.8543701
-0.5455322
-0.47250366
0.09492493
0.74494934
0.81918335
0.826355
1.0298615
1.166336
1.4284973
1.1567535
0.4540558
0.041046143
0.16555786
0.5510254
0.592926
0.41815186
0.2984314
0.55581665
0.76530457
1.1076813
1.4763794
1.5721588
1.652359
1.6667175
1.6691132
1.8582611
2.1168365
2.0102997
1.573349
1.0274811
0.5833435
0.25654602
0.2685089
0.5701752
0.8467102
0.9245148
0.8754425
0.984375
1.0190887
0.9807892
0.8981781
0.782074
0.77967834
1.0370483
1.2249908
1.1830902
1.0142975
0.6013031
0.044647217
-0.6664276
-1.0566864
-1.1273193
-0.5946045
0.53904724
1.2058411
1.1124573
0.5653839
0.12007141
0.08654785
0.1894989
0.14041138
0.048233032
-0.034362793
-0.1421051
-0.21273804
-0.22590637
-0.07865906
-0.010421753
0.16555786
0.2876587
0.31759644
0.19308472
0.26971436
0.67552185
1.047821
1.33992
1.6763
2.004303
2.0845184
1.6810913
1.1687317
1.0765533
1.1543732
0.9532471
0.4456787
0.15359497
0.29844666
0.4025879
0.592926
0.87184143
0.9233246
0.79045105
0.647995
0.63601685
0.5917206
0.49954224
0.5366516
0.80960083
0.84552
0.7305908
0.5031433
0.27809143
0.07098389
-0.12414551
-0.2402649
-0.26539612
0.12246704
0.7425537
1.3147736
1.4895477
1.221405
0.9161377
0.79164124
0.85987854
0.91134644
0.8072052
0.49716187
-0.024795532
-0.5910187
-0.738266
-0.4748993
0.06977844
0.810791
1.3878021
1.4009705
1.375824
2.0414124
2.8267212
2.8566437
2.474762
2.4843445
2.7285614
2.8135376
2.6842499
2.3095703
1.8630524
1.4524384
1.0729523
0.66833496
0.37625122
0.47680664
0.7305908
0.83114624
1.0717621
1.4931488
1.6858673
1.5482025
1.4644165
1.5242767
1.4620209
1.3878021
1.4979401
1.810379
2.3394928
2.1671143
1.0968933
-0.21273804
-0.98965454
-0.687973
0.27330017
1.1076813
1.384201
1.2800598
0.95085144
0.85987854
0.9927521
0.75213623
0.316391
0.2469635
0.28886414
0.16555786
0.19189453
0.5079346
0.94966125
1.5589905
2.1910553
2.3131561
1.6068726
1.3315277
2.466385
3.3187256
2.8829803
2.1287994
2.4089203
3.3354797
4.008255
3.7496796
2.90094
2.0701447
1.6559448
1.6822815
1.8833923
2.0138855
2.0797272
1.9121246
1.6559448
1.59729
1.3842163
1.099289
0.88861084
0.67433167
0.34632874
0.1894989
0.43251038
0.81199646
1.0310669
1.2118225
0.9927521
-0.08583069
-1.0471191
-0.9920349
-0.30252075
0.33554077
0.7413635
0.6120758
0.22541809
-0.043945312
-0.16125488
-0.17323303
-0.018798828
0.22779846
0.22781372
-0.017608643
-0.3551941
-0.55270386
-0.63171387
-0.62693787
-0.64727783
-0.60658264
-0.5838318
-0.45933533
-0.48088074
-0.28814697
0.85627747
2.0952911
2.1958466
1.3494873
0.434906
-0.005630493
0.69348145
1.8510742
2.5346222
2.6794739
2.474762
1.9767761
1.3028107
0.66474915
0.33674622
0.38583374
0.68989563
0.94966125
0.7772827
0.44807434
0.1787262
0.06977844
0.03387451
0.1894989
0.4169464
0.39300537
0.049438477
-0.16604614
-0.29414368
-0.09182739
0.08294678
-0.0032348633
0.055419922
0.3439331
0.4971466
0.39421082
0.27928162
0.39421082
0.38104248
0.17991638
0.048233032
0.13563538
0.35231018
0.32836914
-0.13372803
-0.6796112
-0.8902893
-0.7131195
-0.51200867
-0.45454407
-0.47608948
-0.36715698
-0.19238281
-0.24147034
-0.049926758
1.0310669
2.2030334
2.557373
2.1515503
1.6727142
1.43927
1.5661621
2.1096497
2.2556915
2.0701447
1.5410309
0.7928467
0.23858643
-0.11935425
-0.16723633
0.15357971
0.3882141
0.40856934
0.45884705
0.49595642
0.46961975
0.43969727
0.03387451
-0.17921448
-0.11935425
-0.30610657
-0.09661865
0.355896
-0.048721313
-1.6229248
-2.3818817
-2.47406
-2.2478027
-0.9058533
-0.5910187
-1.5977783
-1.9964142
-1.4230042
-0.6269226
-0.27737427
-0.42103577
-0.4748993
-0.2618103
-0.23905945
-0.4892578
-0.8005066
-0.9621124
-0.91304016
-0.72628784
-0.6915741
-0.7394562
-0.5562897
-0.30970764
-0.16246033
0.1787262
0.79522705
1.3662567
1.3075867
1.1795044
1.3854065
1.6475677
1.9408569
2.0629578
1.7960052
1.4356842
0.84310913
-0.0020446777
-0.49404907
-0.36476135
0.2469635
0.6096802
0.53904724
0.3271637
0.51512146
0.8838196
1.0669708
0.58813477
0.15119934
0.21702576
0.39060974
0.4205475
0.45645142
0.2469635
-0.10140991
-0.5443268
-1.0794373
-1.263794
-0.9118347
-0.28456116
0.2864685
0.5151062
0.46243286
0.23498535
-0.049926758
-0.34561157
-0.34561157
-0.025985718
0.27330017
0.20864868
-0.06668091
-0.18640137
-0.16365051
-0.07745361
-0.09661865
-0.1026001
-0.035568237
0.07817078
0.1452179
0.13084412
0.5234833
1.4129333
1.7002411
1.1495667
0.9364929
1.20224
1.7960052
2.3215332
2.0485992
1.2237854
0.47201538
-0.25582886
-0.71551514
-0.7514343
-0.33483887
0.1894989
0.3846283
0.22062683
-0.010421753
-0.060699463
-0.058303833
-0.188797
-0.48806763
-0.58981323
-0.36357117
0.17753601
0.27330017
0.002746582
-0.7514343
-1.2027283
-0.96092224
-0.46292114
-0.08584595
0.24815369
0.4971466
0.67193604
0.69706726
0.6910858
-0.15527344
-0.13252258
-0.2223053
-0.6376953
-1.2781525
