1.8790894
1.9760437
1.6779785
1.3200378
1.3607483
1.3547516
1.261383
1.3224335
1.4134216
1.529541
1.7450104
1.9221802
2.0885773
2.233429
2.304062
2.2920837
2.1197052
1.8862762
1.5019989
1.6935425
2.2298431
2.5015717
2.459671
2.1651917
2.0382996
2.2310333
2.1280823
1.8982391
1.6336823
1.1967316
0.95373535
0.9621124
0.9680939
0.8196564
0.28694153
0.21632385
0.6460724
0.8340149
0.5993805
0.7442322
1.1955414
1.376297
1.4373474
1.1763916
1.1871643
1.4900208
1.8060608
2.1125183
1.92099
1.7438202
1.9640808
2.3244019
2.3100433
1.9856262
1.6612091
1.2817383
0.6017761
-0.082977295
-0.12486267
0.3635559
0.8447876
1.2051239
1.5989685
1.7330322
1.6803589
1.7893066
2.1364594
2.565033
2.8726807
2.7781067
2.4656677
2.1113281
1.9557037
2.1005554
2.3579254
2.561432
2.578186
2.6943207
2.9995728
3.1001282
2.8954315
2.660797
2.1915283
1.5558624
1.0447083
1.1727905
1.4529266
1.3511658
1.221878
1.1129456
0.9130249
0.9585266
1.4014435
1.9568939
2.4022217
2.5039825
2.2908936
2.0981598
2.0419006
2.0371094
1.9149933
1.8826752
1.8886719
2.1292877
2.328003
2.1640015
1.9377441
1.7617798
1.9473114
2.1244965
1.8347931
1.3631287
1.1057587
1.0770264
1.0626678
0.960907
0.9932251
1.1967316
1.4828491
1.9090118
2.3902435
2.8271942
3.1887207
3.2820892
2.8678894
2.3974304
2.1208954
2.0275269
2.0718231
2.2011108
2.2777252
2.4129944
2.7338257
2.8331757
2.6931152
2.4572906
2.2453918
2.0191498
1.8240204
1.8515625
1.7893066
1.5486908
1.2230835
0.8687439
0.5790405
0.7334595
1.2733612
1.8347931
2.3196259
2.6344604
2.5518646
2.1616058
1.771347
1.4636841
1.26857
1.4373627
1.5726318
1.4277802
1.1572266
1.103363
1.098587
1.1632233
1.2518158
0.88549805
0.5359497
0.6448822
1.1596222
1.5905762
1.6396637
1.6696014
1.6672058
1.589386
1.6552277
1.9401398
2.0885773
2.0466766
1.9102173
1.8922577
2.023941
2.1005554
2.1556091
2.3746948
2.7170563
3.0318909
3.0606232
2.933731
2.6859283
2.5949554
2.4022217
1.4768677
0.3060913
-0.21105957
0.3922882
1.2458191
1.8192291
1.6061554
1.1656189
1.0866089
1.3116608
1.4864349
1.5271301
1.6085358
1.747406
1.881485
1.9509125
2.0526733
2.2130737
2.2956848
2.4141846
2.312439
1.4636993
0.89027405
1.3858795
0.9788666
0.40664673
0.029556274
-0.44329834
-0.7940521
-0.37745667
0.3647461
0.56108093
0.21272278
0.024780273
0.32165527
1.015976
1.5283356
1.925766
2.1508331
2.2082977
2.0371094
1.6636047
1.3619385
1.3092651
1.4146118
1.4660797
1.6193237
1.6803741
1.6396637
1.7833099
2.0454865
2.2861023
2.0778046
1.1548309
0.1361084
0.09420776
0.92619324
1.7246552
1.8395844
1.5391083
1.2673645
1.3655396
1.7067108
2.051468
2.2513885
2.1592102
2.0646362
1.9281769
1.7617645
1.5391083
1.4014435
1.4469299
1.6612244
2.0574493
2.2322388
1.7976837
1.2410431
1.2589874
1.8443756
2.4560852
2.0586548
0.37911987
-1.4237213
-1.8534851
-0.66355896
0.89627075
1.8587341
2.0897675
2.0802002
1.944931
1.652832
1.26857
1.0435181
1.2170868
1.5008087
1.7090912
1.8491516
1.8347931
1.7928925
1.980835
2.3028564
2.348343
2.0813904
1.7737427
1.6672058
1.5702362
1.4636993
1.1644135
0.8016968
0.664032
0.58262634
0.37313843
0.10977173
-0.02909851
0.02835083
0.3815155
0.9226074
1.3595428
1.6073456
1.8144531
1.980835
1.9916077
1.7210693
1.4696808
1.42659
1.6636047
1.9509125
2.0335083
2.051468
2.0251312
1.7091064
1.229065
1.2063141
1.3571472
1.6408691
1.4457397
0.3420105
-1.0047302
-1.2214203
-0.15119934
0.7861328
1.0866089
1.0279541
0.8412018
0.7621918
0.7585907
0.81726074
1.0315399
1.332016
1.6061401
1.7138824
1.608551
1.6492462
1.965271
2.2765198
2.4046173
2.260971
2.051468
2.0035858
2.1101227
2.2681427
1.9580994
1.1332855
0.5275574
0.56347656
1.6157227
2.0263367
1.5115814
0.7346649
0.4030609
0.50601196
0.95373535
1.4289856
1.7138824
1.9090118
2.1280823
2.2789154
2.272934
2.0227356
1.8850708
1.9485168
2.1197052
2.281311
1.9940033
1.652832
1.5403137
1.5247498
1.6145325
1.7833252
1.6145325
1.1273041
0.6233368
0.57424927
1.1093445
1.652832
1.6097412
1.2003326
0.8986511
0.8364105
0.99801636
1.2386322
1.6085358
2.1352692
2.3938446
2.202301
1.9760437
2.0071716
2.1161041
1.944931
1.9856262
2.162796
2.3256073
2.5901642
2.9002228
3.055832
3.0941467
2.620102
1.8144379
1.0566864
0.7143097
1.059082
1.534317
1.7031097
1.7102966
1.707901
1.6899414
1.826416
2.1508331
2.4848175
2.5901642
2.5997467
2.5662231
2.4955902
2.3507385
2.296875
2.3734894
2.4165802
2.5865784
2.8439484
2.9062042
2.6188965
2.210678
2.035904
2.090973
1.8132477
0.9297943
0.2402649
0.5586853
1.513977
2.4321442
2.664383
2.004776
1.0423126
0.44496155
0.64727783
1.2649689
1.8252106
2.2035065
2.3734894
2.4082031
2.4920044
2.509964
2.5195312
2.5758057
2.5482635
2.7374115
3.0570374
3.119278
2.9062042
2.486023
2.0897675
1.6791687
1.3906708
1.7007141
2.281311
2.3938446
1.9580994
1.573822
1.5594635
1.5271454
2.090973
2.3962402
2.3327942
2.2861023
1.6504364
