-0.6351776
-0.6090851
-0.54037476
-0.44343567
-0.39123535
-0.43011475
-0.49084473
-0.47325134
-0.38697815
-0.29216003
-0.24209595
-0.24050903
-0.2506256
-0.27404785
-0.33052063
-0.41467285
-0.4530182
-0.36886597
-0.1281128
0.13182068
0.23675537
0.28414917
0.33102417
0.38801575
0.44447327
0.4774933
0.39866638
0.28840637
0.18560791
0.11210632
0.026885986
-0.04396057
-0.03916931
-0.05407715
0.041275024
0.2932129
0.44766235
0.44873047
0.4540558
0.4274292
0.32995605
0.2202301
0.050857544
-0.07272339
-0.07165527
-0.020523071
0.015701294
-0.03010559
-0.09030151
-0.1211853
-0.16966248
-0.27352905
-0.36619568
-0.45088196
-0.5867157
-0.7108154
-0.690567
-0.48657227
-0.2303772
-0.07698059
-0.071121216
-0.1281128
-0.18031311
-0.17445374
-0.08656311
0.045532227
0.13821411
0.12435913
-0.0029449463
-0.15422058
-0.2383728
-0.22825623
-0.14515686
-0.03703308
0.076431274
0.18560791
0.29960632
0.36883545
0.34381104
0.25325012
0.12915039
0.013580322
-0.031707764
0.064712524
0.26763916
0.44181824
0.5009308
0.4082489
0.25431824
0.1499176
0.18455505
0.32835388
0.43807983
0.4242401
0.32409668
0.2037201
0.109451294
0.05458069
0.013580322
-0.023727417
-0.038101196
-0.006668091
0.027954102
-0.04928589
-0.2218628
-0.32624817
-0.30654907
-0.26979065
-0.29855347
-0.3917694
-0.45141602
-0.45515442
-0.465271
-0.4610138
-0.39709473
-0.28311157
-0.17871094
-0.08177185
0.034347534
0.1499176
0.19892883
0.18560791
0.097732544
-0.0657959
-0.19309998
-0.22079468
-0.16059875
-0.049819946
0.06150818
0.17070007
0.28201294
0.32835388
0.299057
0.24952698
0.200531
0.18774414
0.20904541
0.26870728
0.33581543
0.36138916
0.3113098
0.2037201
0.10731506
0.06524658
0.15046692
0.31558228
0.41571045
0.38801575
0.22982788
-0.0231781
-0.28311157
-0.47006226
-0.5243988
-0.48817444
-0.40081787
-0.32891846
-0.35661316
-0.44448853
-0.44769287
-0.34117126
-0.27671814
-0.3603363
-0.5153351
-0.54196167
-0.41093445
-0.28045654
-0.26872253
-0.35714722
-0.44236755
-0.45141602
-0.39442444
-0.31080627
-0.24263
-0.19042969
-0.18457031
-0.22717285
-0.23995972
-0.19789124
-0.17977905
-0.19735718
-0.13717651
0.0029144287
0.09880066
0.11689758
0.1259613
0.14620972
0.14460754
0.022628784
-0.22772217
-0.35928345
-0.17605591
0.24580383
0.5904083
0.6596527
0.49028015
0.31451416
0.24206543
0.24526978
0.24687195
0.17816162
0.08174133
0.05406189
0.06736755
0.05885315
0.05618286
0.08441162
0.109451294
0.101989746
0.024765015
-0.1126709
-0.18296814
-0.18617249
-0.23783875
-0.3353119
-0.5840454
-0.75289917
-0.64849854
-0.37472534
-0.2069397
-0.32252502
-0.563797
-0.657547
-0.5275879
-0.30548096
-0.15794373
-0.11053467
-0.16220093
-0.3171997
-0.5318451
-0.70814514
-0.7986908
-0.79496765
-0.7225342
-0.6266632
-0.52012634
-0.39016724
-0.2111969
-0.0098724365
0.12863159
0.1414032
-0.031173706
-0.32199097
-0.448761
-0.19735718
0.16590881
0.28201294
0.13821411
-0.09988403
-0.27192688
-0.30122375
-0.27246094
-0.24742126
-0.2740631
-0.35873413
-0.45941162
-0.57925415
-0.68577576
-0.7528839
-0.767807
-0.737442
-0.69802856
-0.6783142
-0.7267914
-0.82266235
-0.8519592
-0.72039795
-0.48017883
-0.45462036
-0.87379456
-1.4740753
-1.7265472
-1.4309387
-0.7821808
-0.25541687
-0.15315247
-0.3241272
-0.54782104
-0.74650574
-0.9100189
-0.99098206
-0.96380615
-0.8727417
-0.7773895
-0.71614075
-0.7262573
-0.74064636
-0.6943054
-0.5925751
-0.47964478
-0.4061432
-0.36566162
-0.33317566
-0.27297974
-0.21279907
-0.19468689
-0.18777466
-0.18457031
-0.19789124
-0.22398376
-0.28736877
-0.38591003
-0.4626007
-0.45195007
-0.35021973
-0.2511444
-0.22825623
-0.2511444
-0.27192688
-0.30229187
-0.3907013
-0.52705383
-0.6255951
-0.61920166
-0.5424957
-0.4849701
-0.5073395
-0.54888916
-0.561676
-0.5925598
-0.6218567
-0.5371704
-0.34596252
-0.30281067
-0.57925415
-0.9925842
-1.1571503
-0.9217377
-0.52812195
-0.31240845
-0.3795166
-0.57125854
-0.7236023
-0.80189514
-0.78219604
-0.71614075
-0.62931824
-0.5499573
-0.5371704
-0.5702057
-0.58618164
-0.5622101
-0.52012634
-0.47006226
-0.45674133
-0.44503784
-0.3784485
-0.26127625
-0.13343811
-0.11906433
-0.25115967
-0.41253662
-0.38697815
-0.097213745
0.14567566
0.13661194
-0.08230591
-0.34596252
-0.37046814
-0.18670654
-2.746582E-4
0.07749939
0.04020691
0.016235352
0.03274536
-0.025848389
-0.14408875
-0.23995972
-0.25434875
-0.20481873
-0.17071533
-0.20640564
-0.27618408
-0.31506348
-0.29162598
-0.25434875
-0.21333313
-0.20747375
-0.30229187
-0.47113037
-0.5371704
-0.40455627
-0.21333313
-0.13929749
-0.25753784
-0.47113037
-0.61920166
-0.6239929
-0.52386475
-0.35980225
-0.18191528
-0.03543091
-0.014129639
-0.094558716
-0.14355469
-0.09188843
-0.012527466
0.032211304
0.10359192
0.24473572
0.3805542
0.43382263
0.4284973
0.3555298
0.21864319
0.035949707
-0.10360718
-0.13929749
0.01676941
0.3097229
0.50253296
0.5110626
0.4354248
0.36564636
0.33688354
0.35339355
0.39013672
0.41838074
0.3954773
0.32730103
0.22076416
0.0982666
0.024230957
-0.006668091
-0.015731812
-0.007736206
0.02583313
0.03807068
-0.025314331
-0.14782715
-0.20960999
-0.15101624
-0.089767456
-0.22825623
-0.4626007
-0.42744446
-0.13131714
0.16430664
0.21224976
-0.073791504
-0.48764038
-0.7299957
-0.7251892
-0.48764038
-0.18563843
0.037017822
0.13661194
0.11424255
0.0663147
0.040740967
0.04234314
0.07376099
0.10891724
0.17869568
0.29533386
0.4109192
0.46524048
0.39440918
0.26498413
0.16270447
0.184021
0.35446167
0.5632477
0.6399536
0.51371765
0.28149414
0.11103821
0.026885986
-0.004547119
-0.0050811768
-0.04447937
-0.12013245
-0.22718811
-0.28630066
