22.790527
24.215698
24.983215
26.013184
24.836731
25.49591
27.081299
25.959778
27.146912
28.31726
27.581787
27.085876
27.445984
29.277039
28.46222
29.188538
28.404236
29.776001
29.644775
31.654358
29.699707
29.26941
30.479431
30.192566
30.264282
28.771973
29.06189
29.06189
29.06189
30.574036
30.215454
29.65393
30.285645
29.760742
30.941772
30.99823
29.2984
28.588867
29.342651
29.379272
29.663086
29.73175
29.91333
28.605652
28.674316
26.815796
29.496765
29.579163
29.348755
28.68042
28.736877
28.256226
29.335022
28.58429
28.268433
28.175354
28.19519
31.115723
31.07605
29.837036
29.174805
30.723572
31.303406
31.013489
31.430054
32.014465
31.098938
30.570984
31.65741
32.235718
31.246948
29.971313
32.022095
30.322266
31.19812
30.548096
31.61621
30.577087
30.995178
29.193115
29.797363
30.393982
30.4245
30.062866
30.377197
30.448914
28.308105
29.051208
28.131104
30.32074
29.50592
28.817749
28.71399
28.839111
31.289673
27.941895
28.404236
29.382324
30.290222
28.712463
29.600525
30.220032
29.948425
29.109192
28.656006
28.489685
30.484009
29.948425
29.948425
29.309082
30.130005
30.001831
29.859924
31.329346
31.393433
32.713318
33.587646
33.08716
32.965088
32.80182
33.161926
32.688904
31.994629
33.558655
32.17621
33.592224
33.415222
34.17206
32.899475
33.41217
31.471252
33.200073
32.876587
33.302307
30.128479
31.19049
31.941223
31.915283
32.357788
32.217407
31.126404
30.349731
30.259705
32.56378
31.70929
31.842041
30.441284
31.55365
30.273438
28.65448
31.5979
31.326294
32.450867
32.313538
33.052063
34.03473
32.495117
31.314087
31.819153
32.67212
32.380676
31.765747
32.566833
33.485413
32.55768
33.35724
32.548523
32.463074
33.102417
33.395386
33.688354
34.03473
33.940125
33.207703
33.5907
33.14514
34.457397
32.839966
33.28247
32.562256
32.94983
33.184814
33.129883
31.619263
31.619263
31.619263
32.6416
31.381226
31.459045
33.831787
32.022095
33.87451
34.214783
33.496094
32.64923
33.09784
31.892395
31.82373
31.530762
33.670044
29.408264
32.30133
31.39038
30.918884
30.05371
30.593872
29.614258
30.230713
29.551697
31.15387
29.58374
30.776978
30.944824
31.297302
33.216858
34.210205
32.09839
33.566284
34.303284
33.32367
32.347107
33.828735
33.088684
33.92334
34.5047
33.525085
33.53119
33.750916
34.66339
33.262634
36.154175
32.53479
34.288025
34.90753
35.36377
34.602356
34.362793
35.142517
34.00421
34.21631
35.214233
33.114624
33.244324
34.35211
33.0307
33.833313
31.781006
32.598877
33.624268
33.628845
33.174133
33.48694
33.859253
33.695984
32.49817
32.66754
32.377625
33.37097
34.49402
34.594727
34.524536
33.398438
33.398438
33.398438
35.025024
33.850098
35.10132
33.789062
33.93097
32.621765
36.021423
34.28955
36.245728
34.832764
35.842896
36.35254
33.75244
35.061646
34.99756
36.38916
35.55603
35.447693
35.603333
35.52246
36.05957
35.91461
35.083008
35.287476
35.025024
35.868835
34.90448
37.130737
35.783386
34.036255
34.413147
34.42383
34.617615
34.213257
35.255432
33.518982
34.376526
32.97577
33.685303
31.840515
33.973694
33.69751
32.31201
33.58307
33.407593
34.048462
33.02307
31.843567
33.441162
33.210754
34.117126
31.23169
32.200623
32.691956
33.12683
29.867554
30.59845
30.63507
29.925537
30.79834
29.925537
30.569458
30.981445
30.851746
31.030273
28.851318
28.526306
29.074097
30.67627
27.9068
28.49121
28.089905
26.361084
27.92511
26.585388
26.872253
26.872253
26.872253
26.268005
24.536133
25.617981
23.954773
24.085999
23.81897
24.519348
23.832703
22.06726
23.399353
21.939087
24.09668
23.493958
23.738098
23.513794
22.090149
23.23761
22.671509
21.560669
22.517395
22.084045
22.355652
22.29004
21.144104
21.322632
20.689392
21.780396
20.683289
21.359253
21.055603
20.184326
20.523071
19.515991
20.301819
20.448303
19.174194
21.144104
19.943237
20.092773
20.921326
20.92743
18.881226
20.303345
18.707275
19.822693
18.637085
18.257141
18.606567
18.0542
18.057251
19.93103
18.598938
17.219543
18.44635
16.444397
18.101501
18.013
19.107056
19.282532
17.4057
17.745972
16.0141
17.578125
16.357422
17.767334
18.388367
17.051697
17.30957
17.893982
18.392944
18.406677
19.847107
18.598938
21.012878
20.529175
21.160889
21.160889
21.160889
20.863342
22.10846
20.191956
20.213318
21.614075
20.663452
19.773865
21.730042
21.107483
21.76361
19.509888
21.138
20.509338
21.455383
21.455383
22.317505
24.006653
21.969604
21.699524
20.805359
21.914673
22.70813
23.117065
22.558594
21.824646
23.838806
22.601318
20.658875
20.651245
20.17517
22.485352
19.282532
20.32013
21.333313
22.071838
21.472168
20.98236
19.9234
20.603943
20.219421
21.037292
20.568848
21.569824
21.72699
21.806335
21.070862
21.18988
20.72754
23.345947
20.811462
21.629333
20.846558
21.484375
22.233582
