1624764663505
1624764663516
1624764663540
1624764663554
1624764663574
1624764663594
1624764663615
1624764663635
1624764663655
1624764663674
1624764663696
1624764663715
1624764663735
1624764663755
1624764663775
1624764663794
1624764663816
1624764663835
1624764663854
1624764663874
1624764663898
1624764663916
1624764663935
1624764663955
1624764663976
1624764663995
1624764664016
1624764664036
1624764664055
1624764664075
1624764664095
1624764664117
1624764664135
1624764664155
1624764664175
1624764664195
1624764664216
1624764664236
1624764664255
1624764664276
1624764664296
1624764664316
1624764664336
1624764664355
1624764664376
1624764664396
1624764664416
1624764664436
1624764664455
1624764664476
1624764664496
1624764664516
1624764664535
1624764664556
1624764664575
1624764664595
1624764664615
1624764664635
1624764664655
1624764664676
1624764664696
1624764664715
1624764664736
1624764664756
1624764664776
1624764664796
1624764664816
1624764664836
1624764664855
1624764664876
1624764664896
1624764664916
1624764664936
1624764664956
1624764664975
1624764664996
1624764665016
1624764665036
1624764665055
1624764665075
1624764665095
1624764665116
1624764665137
1624764665155
1624764665175
1624764665195
1624764665215
1624764665238
1624764665256
1624764665276
1624764665296
1624764665316
1624764665337
1624764665356
1624764665376
1624764665396
1624764665416
1624764665435
1624764665455
1624764665477
1624764665496
1624764665523
1624764665552
1624764665555
1624764665575
1624764665595
1624764665615
1624764665635
1624764665655
1624764665675
1624764665695
1624764665715
1624764665735
1624764665756
1624764665776
1624764665796
1624764665817
1624764665838
1624764665856
1624764665877
1624764665896
1624764665916
1624764665936
1624764665956
1624764665977
1624764665997
1624764666018
1624764666036
1624764666057
1624764666077
1624764666097
1624764666117
1624764666137
1624764666157
1624764666176
1624764666197
1624764666217
1624764666237
1624764666256
1624764666276
1624764666296
1624764666316
1624764666336
1624764666356
1624764666377
1624764666396
1624764666416
1624764666436
1624764666456
1624764666477
1624764666496
1624764666516
1624764666536
1624764666556
1624764666576
1624764666597
1624764666616
1624764666637
1624764666656
1624764666676
1624764666696
1624764666716
1624764666737
1624764666757
1624764666777
1624764666796
1624764666817
1624764666836
1624764666856
1624764666877
1624764666896
1624764666916
1624764666936
1624764666957
1624764666977
1624764666996
1624764667017
1624764667035
1624764667056
1624764667076
1624764667096
1624764667116
1624764667136
1624764667157
1624764667176
1624764667196
1624764667216
1624764667236
1624764667256
1624764667275
1624764667296
1624764667316
1624764667336
1624764667356
1624764667377
1624764667396
1624764667416
1624764667436
1624764667456
1624764667476
1624764667496
1624764667516
1624764667537
1624764667557
1624764667576
1624764667597
1624764667616
1624764667637
1624764667656
1624764667678
1624764667697
1624764667730
1624764667736
1624764667757
1624764667783
1624764667799
1624764667820
1624764667839
1624764667856
1624764667880
1624764667896
1624764667916
1624764667937
1624764667956
1624764667978
1624764667996
1624764668016
1624764668036
1624764668056
1624764668076
1624764668099
1624764668116
1624764668136
1624764668156
1624764668177
1624764668197
1624764668217
1624764668237
1624764668257
1624764668277
1624764668297
1624764668317
1624764668337
1624764668357
1624764668377
1624764668396
1624764668417
1624764668437
1624764668456
1624764668477
1624764668496
1624764668517
1624764668537
1624764668557
1624764668579
1624764668597
1624764668617
1624764668637
1624764668657
1624764668677
1624764668697
1624764668717
1624764668737
1624764668757
1624764668777
1624764668797
1624764668817
1624764668837
1624764668857
1624764668877
1624764668897
1624764668917
1624764668937
1624764668957
1624764668977
1624764668997
1624764669017
1624764669037
1624764669057
1624764669077
1624764669097
1624764669118
1624764669137
1624764669157
1624764669177
1624764669197
1624764669217
1624764669237
1624764669257
1624764669277
1624764669297
1624764669317
1624764669337
1624764669357
1624764669377
1624764669397
1624764669417
1624764669437
1624764669457
1624764669477
1624764669497
1624764669518
1624764669538
1624764669558
1624764669577
1624764669597
1624764669618
1624764669638
1624764669658
1624764669678
1624764669698
1624764669717
1624764669737
1624764669757
1624764669777
1624764669798
1624764669818
1624764669837
1624764669858
1624764669877
1624764669897
1624764669918
1624764669938
1624764669958
1624764669977
1624764669998
1624764670018
1624764670038
1624764670058
1624764670077
1624764670098
1624764670118
1624764670138
1624764670156
1624764670177
1624764670198
1624764670217
1624764670237
1624764670259
1624764670278
1624764670298
1624764670318
1624764670337
1624764670358
1624764670378
1624764670398
1624764670417
1624764670438
1624764670458
1624764670478
1624764670498
1624764670518
1624764670538
1624764670563
1624764670577
1624764670597
1624764670619
1624764670639
1624764670673
1624764670677
1624764670697
1624764670720
1624764670738
1624764670758
1624764670778
1624764670798
1624764670817
1624764670838
1624764670858
1624764670878
1624764670898
1624764670919
1624764670938
1624764670959
1624764670978
1624764670999
1624764671018
1624764671039
1624764671059
1624764671078
1624764671097
1624764671118
1624764671138
1624764671158
1624764671178
1624764671199
1624764671218
1624764671237
1624764671258
1624764671278
1624764671298
1624764671318
1624764671338
1624764671358
1624764671378
1624764671398
1624764671418
1624764671438
1624764671458
1624764671478
1624764671498
1624764671518
1624764671538
1624764671558
1624764671578
1624764671598
1624764671618
1624764671638
1624764671658
1624764671678
1624764671698
1624764671718
1624764671738
1624764671758
1624764671778
1624764671799
1624764671818
1624764671838
1624764671858
1624764671878
1624764671898
1624764671918
1624764671938
1624764671958
1624764671978
1624764671999
1624764672018
1624764672038
1624764672058
1624764672078
1624764672098
1624764672118
1624764672138
1624764672160
1624764672178
1624764672198
1624764672218
1624764672239
1624764672258
1624764672279
1624764672298
1624764672319
1624764672338
1624764672358
1624764672379
1624764672399
1624764672419
1624764672438
1624764672459
1624764672478
1624764672498
1624764672518
1624764672539
1624764672558
1624764672578
1624764672598
1624764672618
1624764672638
1624764672658
1624764672678
1624764672699
1624764672719
1624764672739
1624764672759
1624764672778
1624764672799
1624764672818
1624764672838
1624764672858
1624764672882
1624764672898
1624764672918
1624764672939
1624764672967
