0.31237793
0.4854889
0.44554138
0.23887634
-8.087158E-4
-0.12864685
-0.1169281
0.008773804
0.17176819
0.26391602
0.2947998
0.2516632
0.17762756
0.21064758
0.32730103
0.36190796
0.24899292
0.11051941
0.043930054
-0.04875183
-0.17977905
-0.2495575
-0.20321655
-0.17285156
-0.29589844
-0.4887085
-0.6175995
-0.563797
-0.3214569
-0.053009033
-0.013061523
-0.1515503
-0.25541687
-0.289505
-0.26179504
-0.18670654
-0.15794373
-0.17712402
-0.14515686
-0.041290283
0.041275024
0.043930054
-0.046081543
-0.16592407
-0.20800781
-0.17338562
-0.12971497
-0.09616089
-0.055145264
0.047668457
0.19734192
0.2932129
0.36032104
0.37950134
0.34007263
0.25431824
0.17816162
0.15205383
0.15686035
0.1685791
0.15686035
0.08547974
2.4414062E-4
-0.020523071
-0.0056152344
-0.014129639
-0.047683716
-0.0977478
-0.10574341
-0.019989014
0.048721313
0.014633179
-0.10041809
-0.18457031
-0.1914978
-0.15048218
-0.17552185
-0.3161316
-0.45462036
-0.44343567
-0.26446533
-0.071121216
-0.062072754
-0.19415283
-0.2607422
-0.20321655
-0.09828186
0.022628784
0.14086914
0.22450256
0.22769165
0.12968445
-0.0098724365
-0.09667969
-0.10681152
-0.05088806
0.07376099
0.2516632
0.4236908
0.5861511
0.7800293
0.93981934
1.0335693
0.96698
0.7864227
0.6245117
0.39067078
0.10359192
-0.07751465
-0.11053467
-0.078048706
-0.0849762
-0.1211853
-0.12864685
-0.085494995
-0.014663696
0.050323486
0.09080505
0.08973694
0.025283813
-0.042892456
-0.025848389
0.03488159
0.0066375732
-0.1749878
-0.388031
-0.46420288
-0.4460907
-0.45515442
-0.5563507
-0.7001648
-0.767807
-0.72732544
-0.58351135
-0.31559753
-0.013061523
0.10519409
0.008239746
-0.13983154
-0.20214844
-0.21972656
-0.272995
-0.3161316
-0.2852478
-0.17391968
-0.036499023
0.06364441
0.11424255
0.18241882
0.2782898
0.35765076
0.42156982
0.39440918
0.29266357
0.24845886
0.26550293
0.28468323
0.30065918
0.29000854
0.23355103
0.15151978
0.0790863
0.055648804
0.069503784
0.09613037
0.12809753
0.1493988
0.13447571
0.07695007
0.029556274
0.06523132
0.11051941
0.07589722
-0.0024108887
-0.06845093
-0.09295654
-0.08816528
-0.11904907
-0.2937622
-0.5254669
-0.58192444
-0.46366882
-0.31027222
-0.1749878
-0.0743103
-0.041290283
-0.04928589
-0.025848389
-0.024246216
-0.13183594
-0.27246094
-0.27885437
-0.2852478
-0.39283752
-0.30548096
-0.13717651
0.0061035156
0.078552246
0.19200134
0.3454132
0.40133667
0.29000854
0.095062256
0.037002563
0.13395691
0.22929382
0.16111755
-0.048217773
-0.20588684
-0.25595093
-0.23730469
-0.19628906
-0.21546936
-0.30654907
-0.3315735
-0.24528503
-0.0466156
0.123291016
0.16111755
0.09133911
0.021560669
0.041809082
0.14247131
0.2516632
0.29693604
0.23408508
0.088134766
-0.016799927
-0.04396057
-0.08709717
-0.20161438
-0.25646973
-0.17712402
-0.05886841
-0.0098724365
-0.031173706
-0.042892456
-0.050354004
-0.106277466
-0.13822937
-0.08444214
-0.011474609
-0.0013427734
-0.055145264
-0.12332153
-0.15048218
-0.1558075
-0.17712402
-0.20161438
-0.20428467
-0.18191528
-0.10095215
-0.0024108887
0.015701294
-0.0050811768
0.0236969
0.11584473
0.3086548
0.48121643
0.53022766
0.46098328
0.3581848
0.29214478
0.24208069
0.17974854
0.08494568
-0.040771484
-0.12864685
-0.06686401
0.07962036
0.16430664
0.1733551
0.17495728
0.2037201
0.30918884
0.39440918
0.34220886
0.22503662
0.20478821
0.16751099
0.039138794
-0.07751465
-0.11853027
-0.1403656
-0.2383728
-0.36087036
-0.43330383
-0.46206665
-0.49031067
-0.50787354
-0.45568848
-0.37312317
-0.30015564
-0.27404785
-0.25328064
-0.20747375
-0.19203186
-0.20960999
-0.21972656
-0.2506256
-0.31666565
-0.33636475
-0.33744812
-0.35342407
-0.3406372
-0.29962158
-0.28204346
-0.25009155
-0.14143372
0.090270996
0.2596588
0.3054657
0.36618042
0.44766235
0.48760986
0.41571045
0.24208069
0.09240723
0.045532227
0.019958496
-0.033309937
-0.066329956
-0.01838684
0.06896973
0.12435913
0.13235474
0.09133911
0.024230957
-0.029052734
-0.053009033
-0.07963562
-0.10253906
-0.1361084
-0.18190002
-0.23144531
-0.40402222
-0.702301
-0.93984985
-1.1528931
-1.1955109
-1.0991058
-0.913208
-0.81521606
-0.8487549
-0.8514252
-0.77420044
-0.69377136
-0.6602173
-0.67619324
-0.704422
-0.7299957
-0.7225342
-0.69963074
-0.7390442
-0.83065796
-0.90682983
-0.92866516
-0.92385864
-0.9350586
-0.9339905
-0.9254608
-0.9100189
-0.89990234
-0.8551636
-0.72891235
-0.5701904
-0.5062866
-0.5595398
-0.6154785
-0.62187195
-0.6325073
-0.7417145
-0.93878174
-1.1012421
-1.2035065
-1.2535706
-1.2328033
-1.1513062
-1.0602112
-1.0319977
-1.0788574
-1.1544952
-1.2519684
-1.3553009
-1.4261322
-1.43573
-1.4490356
-1.531601
-1.6631622
-1.7339935
-1.6434479
-1.4612885
-1.4810028
-1.8687592
-2.1616974
-1.9891357
-1.4905853
-0.9654083
-0.7731323
-0.89990234
-1.0746002
-1.1704712
-1.2397156
-1.2727356
-1.2631531
-1.2077637
-1.1230621
-1.0223999
-0.90042114
-0.8205414
-0.81840515
-0.8279877
-0.8301239
-0.8280029
-0.8109436
-0.7885742
-0.7321167
-0.6596832
-0.65649414
-0.6820526
-0.6309204
-0.48924255
-0.38058472
-0.42585754
-0.56700134
-0.6351776
-0.64849854
-0.6847229
-0.7470398
-0.78378296
-0.79071045
-0.79389954
-0.814682
-0.87753296
-0.943573
-0.96913147
-0.9686127
-0.96754456
-0.93078613
-0.9217377
-0.9654083
-1.0628815
-1.136383
-1.0953827
-0.9867096
-1.0682068
-1.4559631
-1.8123016
-1.8336029
-1.5310669
-1.0325317
-0.68258667
-0.6032257
-0.70176697
-0.8562317
-0.96273804
-0.95529175
-0.9302521
-0.95635986
-1.0016327
-0.9915161
-0.9062958
-0.7971039
-0.69270325
-0.6298523
-0.5787201
-0.47538757
-0.32305908
-0.16966248
-0.13929749
-0.29322815
-0.48231506
-0.49189758
-0.26446533
0.03541565
0.106781006
-0.03916931
-0.22079468
-0.3171997
-0.33103943
-0.32731628
-0.3560791
-0.43011475
-0.5062866
-0.5536804
-0.59469604
-0.6405029
-0.66819763
-0.6367798
-0.5744629
-0.54888916
-0.5345154
-0.5339813
-0.52386475
-0.45089722
-0.481781
-0.7704773
-0.9281311
-0.7070923
-0.31347656
-0.0743103
-0.17126465
-0.45620728
-0.6644745
-0.6921692
-0.5297241
-0.34170532
-0.3544922
-0.46580505
-0.5233307
-0.5174713
-0.49136353
-0.50361633
-0.5787201
-0.6351776
-0.5664673
-0.40827942
-0.1914978
-0.013061523
0.03062439
-0.028503418
-0.15048218
-0.32891846
-0.35554504
-0.24316406
-0.18510437
-0.1723175
-0.11425781
0.045532227
0.2548523
0.3805542
0.3677826
0.22236633
0.10838318
0.184021
0.2239685
0.0663147
-0.22079468
-0.37791443
-0.28523254
-0.14089966
-0.19363403
-0.40135193
-0.47592163
-0.44076538
-0.34010315
-0.27938843
-0.43011475
-0.58724976
-0.54356384
-0.38110352
-0.33424377
-0.3326416
-0.2607422
-0.17338562
-0.15901184
-0.20800781
-0.19735718
-0.11479187
0.04927063
0.15844727
0.17922974
0.2644348
0.36297607
0.37576294
0.27563477
0.10093689
-0.07272339
-0.15208435
-0.07965088
0.078552246
0.26498413
0.39494324
0.45832825
0.5099945
0.5792389
0.585083
0.5808258
0.5163727
0.32409668
0.10412598
-0.030639648
-0.045028687
0.029556274
0.06736755
0.03541565
-0.0024108887
-0.021057129
-0.019989014
-0.008804321
-0.06312561
-0.1765747
-0.2346344
-0.20161438
-0.11746216
-0.16273499
-0.09030151
-0.04396057
-0.19203186
-0.30441284
-0.2772522
-0.26286316
-0.2649994
-0.25595093
-0.18617249
-0.05886841
0.05937195
0.08547974
0.005050659
-0.14143372
-0.30015564
-0.47592163
-0.5137329
-0.29429626
-0.106277466
-0.14143372
-0.28897095
-0.3603363
-0.29003906
-0.1446228
-0.029571533
0.06364441
0.24047852
0.486557
0.61065674
0.5936127
0.4988098
0.4508667
0.39759827
0.3182373
0.14193726
-0.040771484
-0.10202026
-0.10574341
-0.13397217
-0.16912842
-0.11639404
0.06524658
0.22769165
0.25379944
0.19946289
0.10519409
0.031677246
0.007171631
-0.028503418
-0.0657959
-0.09030151
-0.13769531
-0.21759033
-0.25167847
-0.18191528
-0.09881592
-0.08816528
-0.15901184
-0.26339722
-0.29696655
-0.20800781
-0.069000244
0.009841919
0.003982544
-0.03970337
-0.08390808
-0.11213684
-0.1084137
-0.056747437
-0.013061523
-0.0013427734
-0.0029449463
-0.007736206
-0.006149292
-0.05140686
-0.18457031
-0.30548096
-0.38804626
-0.47325134
-0.45780945
-0.38323975
-0.3837738
-0.43597412
-0.42744446
-0.29483032
-0.073776245
0.12168884
0.23887634
0.32302856
0.486557
0.6900177
0.76138306
0.66604614
0.49346924
0.38694763
0.3416748
0.28840637
0.20158386
0.14460754
0.1728363
0.2117157
0.23461914
0.2505951
0.25752258
0.25431824
0.20532227
0.15153503
0.14247131
0.14512634
0.14672852
0.14300537
0.13447571
0.13128662
0.09880066
0.040740967
-0.04714966
-0.27565002
-0.5520935
-0.66075134
-0.51693726
-0.17764282
0.06896973
0.113708496
0.04499817
-0.031173706
-0.06739807
-0.064193726
-0.056732178
-0.05621338
-0.08230591
-0.1211853
-0.11532593
-0.09829712
-0.09082031
-0.10839844
-0.1680603
-0.22930908
-0.25914
-0.25274658
-0.22026062
-0.19682312
-0.21546936
-0.26339722
-0.26234436
-0.2772522
-0.2506256
-0.1084137
0.03807068
