1624762702736
1624762702736
1624762702752
1624762702789
1624762702790
1624762702807
1624762702826
1624762702847
1624762702867
1624762702887
1624762702907
1624762702927
1624762702947
1624762702969
1624762702988
1624762703008
1624762703027
1624762703049
1624762703068
1624762703087
1624762703108
1624762703127
1624762703149
1624762703168
1624762703187
1624762703207
1624762703227
1624762703247
1624762703268
1624762703288
1624762703308
1624762703327
1624762703348
1624762703368
1624762703388
1624762703407
1624762703428
1624762703447
1624762703468
1624762703488
1624762703507
1624762703527
1624762703548
1624762703567
1624762703587
1624762703608
1624762703627
1624762703647
1624762703667
1624762703687
1624762703708
1624762703728
1624762703748
1624762703768
1624762703788
1624762703808
1624762703829
1624762703847
1624762703867
1624762703888
1624762703916
1624762703927
1624762703947
1624762703967
1624762703987
1624762704008
1624762704028
1624762704048
1624762704068
1624762704088
1624762704108
1624762704128
1624762704148
1624762704168
1624762704187
1624762704207
1624762704228
1624762704248
1624762704267
1624762704287
1624762704307
1624762704327
1624762704347
1624762704367
1624762704387
1624762704407
1624762704427
1624762704447
1624762704467
1624762704487
1624762704507
1624762704528
1624762704548
1624762704567
1624762704588
1624762704608
1624762704628
1624762704648
1624762704668
1624762704688
1624762704708
1624762704728
1624762704758
1624762704767
1624762704788
1624762704809
1624762704828
1624762704848
1624762704868
1624762704888
1624762704908
1624762704929
1624762704948
1624762704968
1624762704988
1624762705008
1624762705029
1624762705048
1624762705069
1624762705087
1624762705108
1624762705129
1624762705148
1624762705168
1624762705188
1624762705208
1624762705228
1624762705248
1624762705268
1624762705289
1624762705308
1624762705328
1624762705350
1624762705368
1624762705388
1624762705408
1624762705428
1624762705448
1624762705468
1624762705488
1624762705509
1624762705528
1624762705548
1624762705568
1624762705588
1624762705608
1624762705628
1624762705648
1624762705668
1624762705688
1624762705708
1624762705728
1624762705748
1624762705768
1624762705788
1624762705808
1624762705829
1624762705848
1624762705869
1624762705888
1624762705908
1624762705928
1624762705948
1624762705969
1624762705988
1624762706009
1624762706029
1624762706049
1624762706068
1624762706088
1624762706109
1624762706129
1624762706149
1624762706169
1624762706189
1624762706209
1624762706228
1624762706249
1624762706269
1624762706289
1624762706309
1624762706329
1624762706349
1624762706369
1624762706389
1624762706409
1624762706429
1624762706449
1624762706468
1624762706488
1624762706509
1624762706529
1624762706549
1624762706569
1624762706589
1624762706609
1624762706629
1624762706649
1624762706669
1624762706689
1624762706708
1624762706729
1624762706749
1624762706769
1624762706788
1624762706809
1624762706829
1624762706849
1624762706868
1624762706889
1624762706909
1624762706929
1624762706948
1624762706969
1624762706989
1624762707009
1624762707029
1624762707049
1624762707070
1624762707089
1624762707109
1624762707130
1624762707149
1624762707169
1624762707189
1624762707209
1624762707229
1624762707249
1624762707269
1624762707289
1624762707309
1624762707329
1624762707349
1624762707369
1624762707389
1624762707409
1624762707429
1624762707449
1624762707469
1624762707489
1624762707509
1624762707529
1624762707549
1624762707569
1624762707589
1624762707609
1624762707629
1624762707648
1624762707669
1624762707689
1624762707709
1624762707729
1624762707749
1624762707769
1624762707789
1624762707809
1624762707829
1624762707849
1624762707869
1624762707889
1624762707909
1624762707929
1624762707950
1624762707970
1624762707990
1624762708009
1624762708029
1624762708051
1624762708070
1624762708089
1624762708109
1624762708130
1624762708149
1624762708170
1624762708189
1624762708209
1624762708231
1624762708249
1624762708270
1624762708289
1624762708309
1624762708329
1624762708349
1624762708370
1624762708389
1624762708409
1624762708429
1624762708449
1624762708469
1624762708490
1624762708510
1624762708529
1624762708549
1624762708569
1624762708589
1624762708609
1624762708629
1624762708651
1624762708670
1624762708690
1624762708710
1624762708729
1624762708750
1624762708769
1624762708790
1624762708809
1624762708829
1624762708849
1624762708870
1624762708889
1624762708910
1624762708930
1624762708950
1624762708970
1624762708990
1624762709010
1624762709030
1624762709050
1624762709070
1624762709090
1624762709110
1624762709129
1624762709150
1624762709170
1624762709190
1624762709210
1624762709230
1624762709249
1624762709270
1624762709290
1624762709310
1624762709330
1624762709350
1624762709370
1624762709390
1624762709410
1624762709438
1624762709451
1624762709469
1624762709490
1624762709512
1624762709533
1624762709551
1624762709569
1624762709589
1624762709609
1624762709630
1624762709651
1624762709670
1624762709689
1624762709710
1624762709730
1624762709749
1624762709770
1624762709791
1624762709809
1624762709830
1624762709850
1624762709870
1624762709890
1624762709910
1624762709932
1624762709950
1624762709971
1624762709991
1624762710011
1624762710032
1624762710050
1624762710070
1624762710090
1624762710110
1624762710130
1624762710150
1624762710171
1624762710190
1624762710210
1624762710231
1624762710251
1624762710271
1624762710290
1624762710311
1624762710331
1624762710351
1624762710371
1624762710390
1624762710411
1624762710431
1624762710451
1624762710470
1624762710490
1624762710510
1624762710530
1624762710551
1624762710571
1624762710591
1624762710611
1624762710632
1624762710650
1624762710671
1624762710691
1624762710711
1624762710732
1624762710751
1624762710770
1624762710791
1624762710811
1624762710831
1624762710851
1624762710870
1624762710890
1624762710911
1624762710932
1624762710951
1624762710971
1624762710991
1624762711011
1624762711031
1624762711051
1624762711071
1624762711091
1624762711111
1624762711131
1624762711151
1624762711171
1624762711191
1624762711212
1624762711231
1624762711251
1624762711271
1624762711291
1624762711311
1624762711332
1624762711351
1624762711371
1624762711391
1624762711411
1624762711432
1624762711451
1624762711471
1624762711492
1624762711512
1624762711532
1624762711552
1624762711572
1624762711591
1624762711611
1624762711631
1624762711651
1624762711670
1624762711691
1624762711711
1624762711731
1624762711751
1624762711771
1624762711792
1624762711811
1624762711832
1624762711851
1624762711871
1624762711892
1624762711911
1624762711932
1624762711950
1624762711969
1624762711991
1624762712012
1624762712032
1624762712052
1624762712072
1624762712090
1624762712112
1624762712132
1624762712151
1624762712171
1624762712190
1624762712211
1624762712231
1624762712251
1624762712271
1624762712290
1624762712310
1624762712331
1624762712352
1624762712371
1624762712392
1624762712411
1624762712432
1624762712451
1624762712471
1624762712491
1624762712511
1624762712531
1624762712551
1624762712571
1624762712592
1624762712611
1624762712632
1624762712651
1624762712671
1624762712691
1624762712711
1624762712731
1624762712751
1624762712771
1624762712791
1624762712811
1624762712831
1624762712851
1624762712871
1624762712892
1624762712910
1624762712931
1624762712951
1624762712971
1624762712991
1624762713011
1624762713031
1624762713050
1624762713071
1624762713091
1624762713111
1624762713132
1624762713151
1624762713171
1624762713191
1624762713211
1624762713231
1624762713251
1624762713271
1624762713292
1624762713311
1624762713331
1624762713351
1624762713371
1624762713391
1624762713412
1624762713431
1624762713451
1624762713471
1624762713491
1624762713511
1624762713531
1624762713552
1624762713571
1624762713599
1624762713618
1624762713631
1624762713651
1624762713671
1624762713691
1624762713716
1624762713731
1624762713751
1624762713771
1624762713791
1624762713811
1624762713834
1624762713852
1624762713871
1624762713891
1624762713911
1624762713932
1624762713953
1624762713970
1624762713991
1624762714011
1624762714032
1624762714051
1624762714071
1624762714091
1624762714112
1624762714131
1624762714152
1624762714171
1624762714192
1624762714212
1624762714232
1624762714251
1624762714272
1624762714291
1624762714312
1624762714332
1624762714352
1624762714373
1624762714391
1624762714412
1624762714432
1624762714451
1624762714472
1624762714491
1624762714512
1624762714533
1624762714551
1624762714573
1624762714592
1624762714611
1624762714632
1624762714652
1624762714673
1624762714692
1624762714712
1624762714732
1624762714752
1624762714773
1624762714793
1624762714812
1624762714832
1624762714852
1624762714872
1624762714891
1624762714912
1624762714932
1624762714952
1624762714972
1624762714993
1624762715012
1624762715032
1624762715052
1624762715072
1624762715093
1624762715112
1624762715132
1624762715151
1624762715173
1624762715193
1624762715213
1624762715231
1624762715252
1624762715272
1624762715293
1624762715313
1624762715332
1624762715353
1624762715372
1624762715392
1624762715412
1624762715432
1624762715452
1624762715472
1624762715493
1624762715512
1624762715532
1624762715553
1624762715572
1624762715593
1624762715613
1624762715632
1624762715653
1624762715672
1624762715693
1624762715713
1624762715732
1624762715754
1624762715772
1624762715792
1624762715814
1624762715832
1624762715854
1624762715871
1624762715892
1624762715914
1624762715932
1624762715953
1624762715971
1624762715992
1624762716012
1624762716031
1624762716053
1624762716072
1624762716093
1624762716113
1624762716133
1624762716153
1624762716173
1624762716192
1624762716214
1624762716232
1624762716253
1624762716273
1624762716293
1624762716313
1624762716333
1624762716353
1624762716373
1624762716392
1624762716413
1624762716433
1624762716452
1624762716473
1624762716492
1624762716513
1624762716533
1624762716553
1624762716573
1624762716592
1624762716612
1624762716631
1624762716652
1624762716671
1624762716692
1624762716712
1624762716732
1624762716752
1624762716773
1624762716792
1624762716813
1624762716833
1624762716852
1624762716874
1624762716893
1624762716912
1624762716933
1624762716952
1624762716974
1624762716992
1624762717013
1624762717034
1624762717053
1624762717072
1624762717093
1624762717114
1624762717134
1624762717153
1624762717172
1624762717193
1624762717213
1624762717233
1624762717253
1624762717273
1624762717293
1624762717313
1624762717333
1624762717353
1624762717373
1624762717393
1624762717413
1624762717434
1624762717453
1624762717471
1624762717499
1624762717512
1624762717532
1624762717552
1624762717573
1624762717599
