0.51272583
0.3547058
0.41815186
0.30203247
0.39421082
0.6108856
0.40737915
0.3451233
0.3056183
0.18710327
0.1894989
0.23500061
0.2361908
0.27809143
0.30682373
0.28167725
0.17274475
0.06738281
0.021896362
0.023101807
0.03387451
0.051818848
0.11767578
0.2002716
0.26013184
0.30322266
0.31878662
0.2589264
0.21104431
0.1667633
0.10450745
0.06977844
0.07936096
0.10331726
0.14520264
0.24217224
0.28167725
0.38941956
0.5414429
0.62405396
0.6013031
0.5522156
0.54981995
0.45166016
0.27449036
0.10809326
0.039855957
0.05781555
0.12965393
0.37504578
0.5426483
0.6192627
0.58573914
0.55581665
0.4540558
0.34751892
0.26132202
0.23498535
0.29364014
0.316391
0.29605103
0.3343506
0.49116516
0.5246887
0.4935608
0.45884705
0.4025879
0.37625122
0.4420929
0.42533875
0.34632874
0.35949707
0.46722412
0.56777954
0.6276398
0.6491852
0.6312256
0.6096802
0.5713806
0.5115204
0.4923706
0.40856934
0.3738556
0.3547058
0.26731873
0.2469635
0.3056183
0.33914185
0.34632874
0.39779663
0.40377808
0.40019226
0.41575623
0.4360962
0.51272583
0.5833435
0.553421
0.5582123
0.6216583
0.5402527
0.40737915
0.38941956
0.5546112
0.68510437
0.7281952
0.7461548
0.76651
0.72579956
0.6276398
0.56658936
0.55581665
0.55223083
0.57377625
0.6815033
0.7413635
0.67193604
0.5606079
0.48876953
0.46603394
0.43969727
0.45645142
0.55940247
0.6443939
0.62882996
0.66833496
0.72102356
0.6958771
0.8143921
0.8981781
0.8251648
0.76530457
0.7593231
0.8072052
0.81318665
0.7581177
0.692276
0.6300354
0.59651184
0.6192627
0.6408081
0.6515808
0.7377777
0.7988281
0.82276917
0.77967834
0.7126312
0.5977173
0.58454895
0.58932495
0.64678955
0.7174225
0.77368164
0.8670654
0.88500977
0.8467102
0.7461548
0.72102356
0.771286
0.67552185
0.573761
0.55700684
0.692276
0.81437683
0.79403687
0.7341919
0.67552185
0.6659546
0.66116333
0.63243103
0.592926
0.6216583
0.65756226
0.692276
0.7198181
0.7748871
0.8179779
0.79164124
0.7126312
0.69229126
0.71144104
0.79045105
0.8431244
0.8969879
0.9628296
0.8790283
0.8431244
0.91374207
0.84191895
0.7066498
0.6216583
0.66355896
0.76651
0.8155823
0.82037354
0.74494934
0.7305908
0.69706726
0.64678955
0.6707306
0.7210083
0.72221375
0.69348145
0.727005
0.7210083
0.7533417
0.82395935
0.8586731
0.85150146
0.75572205
0.68629456
0.6599579
0.7389679
0.69348145
0.5917206
0.5354614
0.7018585
0.6515808
0.46842957
0.46244812
0.60609436
0.68989563
0.60728455
0.5402527
0.66593933
0.80122375
0.8251648
0.7844696
0.73298645
0.7174225
0.7281952
0.66116333
0.6024933
0.5869446
0.5582123
0.56777954
0.64678955
0.6910858
0.68270874
0.67910767
0.7186279
0.75453186
0.77726746
0.74494934
0.7485504
1.078949
1.1016846
0.81918335
0.4923706
0.28286743
0.29005432
0.3439331
0.38581848
0.37145996
0.3834381
0.34991455
0.37864685
0.4420929
0.44926453
0.4887848
0.5653839
0.52589417
0.41575623
0.37506104
0.434906
0.5043335
0.553421
0.60728455
0.6276398
0.6336212
0.6024933
0.45884705
0.38342285
0.34751892
0.3044281
0.43969727
0.6120758
0.53904724
0.46244812
0.5402527
0.6276398
0.62046814
0.6419983
0.6551666
0.6192627
0.56658936
0.52708435
0.52589417
0.5402527
0.53427124
0.47920227
0.45526123
0.46722412
0.47680664
0.42771912
0.36068726
0.38702393
0.40138245
0.43251038
0.4815979
0.4923706
0.49954224
0.5043335
0.48518372
0.45046997
0.52708435
0.7198181
0.82276917
0.77368164
0.7293854
0.7305908
0.7533417
0.7353821
0.6491852
0.52948
0.513916
0.5821533
0.5989075
0.5641937
0.49716187
0.53785706
0.66474915
0.77726746
0.7246094
0.6958771
0.7533264
0.98677063
1.2980194
1.4823761
1.4452667
1.221405
1.0909119
1.0346527
1.0035248
0.9460602
0.77368164
0.64201355
0.534256
0.5629883
0.5127106
0.35231018
0.23738098
0.31878662
0.5713806
0.8036041
0.7305908
0.49835205
0.25054932
0.20985413
0.3044281
0.37026978
0.22181702
-0.054718018
-0.060699463
0.053024292
0.14520264
-0.14329529
-0.38511658
-0.4796753
-0.28096008
-0.16604614
-0.73347473
-0.84121704
-0.30490112
-0.26420593
-0.5455322
-0.37075806
0.16316223
0.36787415
0.29244995
0.25534058
0.23139954
0.47680664
0.9233246
1.3411102
1.4955444
1.1830902
0.92092896
1.5146942
2.1491547
2.0881042
1.9600067
1.9013519
1.7014465
1.7948151
1.7433319
1.1603546
0.57496643
0.36068726
0.2936554
0.43011475
0.9125519
1.4284973
1.7445374
1.6906586
1.5877075
1.6056824
1.5877075
1.3147736
0.91734314
0.35710144
0.16914368
0.4420929
1.0226898
0.94247437
0.66355896
0.5797577
0.6204529
0.76171875
0.67910767
0.36068726
0.06500244
0.020706177
0.19308472
0.48757935
0.62882996
0.5761719
0.5127106
0.33195496
0.07336426
0.16555786
0.31878662
0.3092041
0.35110474
0.77249146
1.4620209
1.5434265
1.3470917
2.1647186
3.048172
2.8913574
2.5920868
2.5597534
2.4879303
2.3766022
2.3035889
2.3981476
2.2760468
1.6487732
0.99993896
0.5905304
0.4576416
0.3846283
0.38941956
0.6515808
0.85987854
0.93888855
1.0705719
1.0538025
0.7174225
0.18231201
0.15238953
0.6336212
0.72940063
0.44328308
0.37026978
0.021896362
-0.22470093
0.1499939
0.6240387
0.8048096
0.9257202
0.8287506
0.26371765
0.008728027
0.063797
0.0410614
-0.08943176
-0.2797699
-0.1708374
0.17274475
0.3343506
0.43730164
0.49716187
0.5318756
0.6013031
0.6587677
0.69348145
0.6898804
0.37864685
0.17274475
0.7126312
1.2022552
1.26091
1.2405548
1.1483765
1.0298767
1.0095062
1.1399994
1.1016846
0.7784729
0.23020935
-0.045135498
0.12724304
0.38702393
0.5079346
0.5211029
0.6264496
0.5426483
0.5318756
0.57496643
0.45645142
0.38941956
0.55700684
1.1567535
1.7936249
2.1324005
2.1335907
1.5087128
0.44448853
0.1667633
0.44807434
1.1591492
2.1287994
2.1455688
1.320755
0.6982727
0.568985
0.5390625
0.20266724
-0.11457825
-0.39109802
-0.52757263
-0.1600647
0.08055115
0.19309998
0.27330017
0.23379517
0.3331604
0.5390625
0.5977173
0.70425415
0.9747925
1.6224365
1.8055878
1.6930695
2.2772522
2.869812
2.557373
2.3370972
2.5250397
2.7285461
2.4017487
1.3937836
0.61686707
0.54623413
0.5941162
0.8431244
1.2860413
1.5924988
1.5086975
1.2046509
1.0669861
1.0538177
0.7796631
0.36068726
0.60609436
1.1747131
1.6798859
2.2437286
2.3071747
1.3901978
0.49595642
0.14640808
0.1607666
0.6910858
1.257309
1.1172485
0.7198181
0.3882141
0.19668579
0.051834106
-0.06668091
-0.018798828
0.13922119
0.31759644
0.29244995
0.21224976
0.49954224
0.84910583
0.94007874
0.92211914
0.88142395
0.8467102
1.3423004
2.2245789
2.4137115
2.1252136
1.7936096
1.8127747
2.3370972
2.3777924
1.8007965
1.0178986
0.5115204
0.45884705
0.35350037
0.15359497
0.20266724
0.37265015
0.727005
1.3482971
1.7852325
1.8235474
1.494339
1.0945129
0.9736023
1.1124725
1.2896423
1.2154236
1.008316
1.1759033
1.0645752
0.311615
0.32836914
0.7677002
1.0561981
1.3985748
1.4847717
0.98316956
0.474411
0.23258972
0.2696991
0.27928162
0.16436768
0.044647217
0.13922119
0.35110474
0.53904724
0.60369873
0.6156769
0.63482666
0.6228485
0.7473602
0.95803833
1.3698425
1.8965607
2.2868195
2.3526611
1.9336853
1.7361603
1.8223572
2.165924
2.4328613
2.0007172
1.3435059
0.94966125
0.65397644
0.42533875
0.16795349
0.049438477
0.09732056
0.19189453
0.44807434
0.78685
0.7928467
0.5354614
0.4253235
0.46961975
0.6587677
0.8682556
0.89219666
0.8395233
0.8730469
0.47201538
-0.3587799
-0.88430786
-1.0542908
-0.6616516
0.23738098
0.9831848
1.0921173
1.2285767
1.4213104
1.2908325
1.0226746
1.0107117
0.94487
0.45884705
-0.059509277
-0.24624634
-0.44256592
-0.54911804
-0.06668091
0.7581177
0.96762085
0.57377625
0.5977173
1.3195648
2.0007172
1.9444427
1.5865173
1.3913879
1.6978455
2.2940063
2.4005432
1.928894
1.7672882
1.8390961
1.7146149
1.3590698
1.0178986
0.8790283
1.0550079
1.3542786
1.5302582
1.3901978
1.126831
1.0059204
0.81918335
0.63482666
0.71144104
1.1471863
1.4680023
1.6451721
1.5948944
1.008316
0.2972412
-0.13252258
-0.22590637
0.28286743
0.8395233
1.1304321
1.2082367
1.0011292
0.76171875
0.6551666
0.7641144
0.8790283
0.95085144
0.9951477
0.8586731
0.6875
0.61805725
0.6228485
0.826355
1.0849304
1.3638611
1.3937836
1.36026
2.035431
2.5980682
2.462799
2.2533112
2.2604828
2.2844238
2.1766968
2.1132507
1.925293
1.5254669
1.0526123
0.6803131
0.49595642
0.52948
0.7928467
1.2034454
1.5039215
1.5817261
1.6798859
1.6391907
1.2333679
0.81318665
0.8790283
1.0514221
0.9640198
1.1040802
1.4500427
1.4392853
1.1352081
0.8323364
0.8143921
1.3099823
1.8367157
1.7217865
1.3590698
1.1244354
1.0657806
1.0621796
0.97839355
0.94247437
0.9436798
1.1220398
1.4129486
1.6463776
1.6607361
1.5374451
1.3865967
1.4273071
1.5194855
1.5865173
1.7086182
2.265274
2.6076508
2.1611328
1.9636078
2.2030334
2.3394928
2.4891357
2.6830597
2.5549774
2.130005
1.6379852
1.3028107
1.2166138
1.213028
1.3806152
1.6619263
1.7768555
1.870224
2.098877
2.1982422
1.9899445
1.6535492
1.6080627
1.6942596
1.4991302
1.296814
1.33992
1.0765533
0.5438385
0.41934204
0.42173767
0.7281952
1.3243561
1.6475677
1.4727936
1.1304169
1.0502167
1.1507721
1.26091
1.1447906
1.0190887
1.0454254
0.9652252
0.8347473
0.7473602
0.88023376
1.1447906
1.5625763
2.0222626
2.2078094
2.1395721
2.5286407
3.003891
2.7309418
2.4675903
2.526245
2.6040497
2.4460297
2.2042236
2.0055084
1.7086182
1.2285767
0.96881104
0.9161377
0.9245148
0.99035645
1.0585938
1.10289
1.1280212
1.2357635
1.3901978
1.4919434
1.4644165
1.4859619
1.8570709
2.028244
1.7217865
1.2585144
0.64559937
0.23020935
0.2876587
0.3666687
0.14161682
0.1715393
0.4133606
0.63243103
0.9556427
1.3267365
1.6978455
1.6044769
1.3459015
1.1926727
1.1519775
1.2752686
1.0430298
0.4636383
0.22660828
0.43611145
0.78445435
1.087326
1.2345734
1.2166138
1.4919434
2.1922455
2.253296
1.8522797
1.7457275
2.0462036
2.6196136
2.8398895
2.5669403
1.889389
0.88861084
0.28407288
0.22062683
0.31399536
0.41575623
0.6204529
0.8610687
1.0777435
1.2944183
1.4476471
1.3387146
0.9257202
0.38102722
0.31280518
0.5067291
0.6336212
1.0430298
1.3087921
0.7581177
0.25654602
0.38104248
0.9700165
1.573349
2.067749
2.210205
2.1012726
2.052185
2.0102997
1.9312744
1.8367157
1.7205963
1.5518036
1.415329
1.3530884
1.4045563
1.4284973
1.5913086
1.8486786
1.9959259
2.0892944
2.0462036
2.1287994
2.8338928
2.7656555
2.2317505
2.6615143
2.8650208
2.7800293
2.8003845
2.5980682
2.1431732
1.5625763
1.2680817
1.4883575
1.7529144
1.7816467
1.8007965
1.9109344
1.9875488
1.9157104
1.7780609
1.5924988
1.4165344
1.173523
1.1040802
1.3052063
1.4416656
1.3854065
1.4452515
1.1412048
0.19908142
-0.35040283
-0.28694153
0.14880371
0.8036041
1.0490265
0.6635437
0.17633057
0.109298706
0.26013184
0.4313202
0.6803131
0.82037354
0.7497406
0.70425415
0.64201355
0.30921936
0.037460327
0.07936096
0.38581848
0.8036194
1.1771088
1.423706
1.5134888
1.9420624
2.8243256
3.0852966
2.5310364
1.9959259
1.8474884
1.7038269
1.636795
2.2269745
2.7931976
2.3275146
1.4895477
0.8730469
0.5617981
0.42294312
0.43730164
0.60728455
0.8287506
1.078949
1.4273071
1.5553894
1.3016052
0.95085144
0.84552
1.0490265
1.1771088
1.0166931
1.0585938
1.0669708
1.252533
1.4261017
1.5901031
2.2533112
2.5801086
2.4592133
1.9073334
1.2944336
0.93888855
0.73417664
0.6216583
0.8610687
0.95803833
0.7078552
0.49835205
0.32478333
0.050628662
-0.17921448
-0.11097717
0.43849182
1.1399994
1.3494873
1.1747131
1.3459015
2.2784424
2.9859314
2.5585632
1.928894
2.3131561
3.1990204
3.7676392
3.6156006
3.4539948
2.8039703
1.4273071
0.5127106
0.0697937
-0.037963867
0.051818848
0.007537842
-0.0116119385
0.27809143
0.8251648
0.97480774
0.6671448
0.07577515
-0.4389801
-0.446167
-0.054718018
-0.08345032
-0.2785797
0.0015411377
-0.9453583
-2.5267334
-2.5123596
-1.1452789
-0.4102478
-0.91064453
-1.5702362
-0.9633179
-0.22470093
0.11886597
0.109298706
-0.09182739
-0.20674133
-0.10020447
0.029083252
0.024291992
-0.2618103
-0.66044617
-0.8088989
-0.6652374
-0.45933533
-0.39707947
-0.51200867
-0.68559265
-0.5790405
-0.058303833
0.4935608
0.68989563
0.7078552
0.56658936
0.54623413
0.85269165
1.2225952
1.7301788
2.0952911
1.8726196
1.3518829
0.68151855
0.27090454
0.37864685
0.6791229
0.95085144
1.1244354
1.178299
1.2238007
1.2273865
1.1459808
0.90296936
0.4133606
0.12844849
0.13682556
0.09971619
0.09373474
0.20385742
-0.19119263
-0.8711395
-1.1285095
-1.1524506
-0.9633179
-0.43180847
0.17393494
0.49595642
0.63243103
0.6946869
0.5582123
0.27928162
0.08175659
0.024291992
0.013519287
-0.030776978
-0.10739136
-0.1026001
0.12365723
0.6192627
1.1507721
1.4883575
1.5553894
1.4081573
1.3710327
1.6775055
1.6978455
1.5086975
1.3925934
1.3255463
1.6942596
2.1276093
2.0450134
1.7505188
1.5518036
1.1986542
0.56658936
0.26611328
0.5761566
0.93289185
0.8969879
0.76290894
0.826355
0.8299408
0.6994629
0.5989075
0.3834381
0.07217407
0.11528015
0.39900208
0.6671448
0.9556427
0.727005
-0.19596863
-0.5862274
-0.32406616
-0.10739136
-0.059509277
-0.0044403076
0.2469635
0.5211029
0.905365
1.1747131
0.96881104
0.7593231
0.66833496
0.46961975
0.37265015
0.3056183
0.1559906
-0.09541321
-0.09301758
0.019500732
0.513916
0.75453186
0.8155823
0.6180725
0.3618927
0.57377625
1.2561188
1.9636078
1.9516296
0.9987488
0.7198181
1.8223419
2.8362885
2.8602295
2.5334167
2.2305603
1.751709
1.4608307
0.95803833
0.5833435
0.652771
1.0334473
1.4895477
1.5745392
1.1148682
0.20985413
-0.3025055
0.08773804
0.7700958
0.9987335
0.43611145
0.2649231
0.84550476
1.4069519
1.454834
1.1483765
0.7784729
0.40977478
0.19070435
0.6384125
0.7066498
-0.23786926
-0.5862274
-0.33244324
0.005142212
0.4241333
0.3666687
0.13323975
0.03387451
0.18710327
0.53067017
0.4528656
0.22541809
0.1715393
0.19308472
0.474411
0.806015
0.7186127
0.37983704
0.24217224
0.24815369
0.18470764
-8.392334E-4
0.16436768
0.6264343
1.1914825
1.557785
1.9456482
2.9464264
2.4999084
1.0322571
0.68510437
0.95085144
1.4201202
2.0785217
2.2245789
2.0246582
1.8534698
1.5601807
1.197464
0.78685
0.3726654
0.03387451
-0.036758423
0.61686707
1.5398254
2.0821075
2.130005
1.6846771
1.2884369
1.2489319
1.3937836
1.3889923
1.217804
2.0653534
2.2999878
1.6822815
1.3542786
1.20224
1.8307343
2.0090942
1.4045563
0.850296
0.6013031
0.6994629
1.0717621
1.375824
1.6403809
2.0952911
2.3646393
1.8822021
1.1555634
0.4181366
0.012329102
-0.07626343
-0.782547
-0.6412964
1.336319
2.5238495
2.8626251
2.6423645
2.0162811
2.074936
2.548996
2.7680511
2.6435547
2.3490753
1.9169159
1.4440613
1.4596252
1.5984802
1.6571503
1.4033661
1.450058
1.7912292
2.01268
2.0031128
2.028244
2.074936
1.6140442
1.0777588
0.7892456
0.20625305
0.08175659
0.7210083
0.90657043
1.2680817
0.46124268
-0.40068054
0.35710144
1.0813446
1.3435059
1.4045563
1.0980988
0.63720703
0.35110474
0.70066833
0.810791
0.7581177
0.65397644
0.8562927
1.1711273
1.1795044
0.8287506
0.63601685
0.93888855
1.0561981
0.6264496
0.61328125
1.3219604
1.722992
1.9899445
2.5190582
2.6303864
1.7601013
0.6551666
0.18232727
0.37864685
0.92811584
1.5290527
1.6499634
1.3279419
1.173523
1.3111877
1.2896423
1.2225952
1.0957031
1.0382385
0.9951477
1.0190887
1.2070312
1.746933
2.1611328
2.1120453
1.8007965
1.8079834
1.6272125
1.0597992
0.63482666
0.3331604
0.47320557
1.8690338
2.850647
2.7093964
2.0019073
0.9807892
0.8670654
1.2070312
1.0430298
0.39300537
-0.16365051
-0.42941284
-0.25343323
0.2541504
0.76290894
1.3506927
1.8355103
2.0234528
2.8518524
4.4009094
5.1203613
4.5325775
3.0326233
1.1627502
0.019500732
-0.4784851
-0.25582886
0.5103302
1.1088715
1.7517242
2.1180267
2.2545013
2.6543274
2.6710968
2.0976868
1.2980194
0.6767273
0.61447144
0.850296
1.0514221
1.1196594
1.0801392
0.8287506
0.77130127
1.463211
2.0545807
1.9875488
1.7481232
1.2716827
0.71144104
0.7281952
1.1914825
1.5553894
1.7828369
1.944458
2.3370972
2.7536926
2.704605
2.2161865
1.4847717
0.95684814
0.63243103
0.41934204
0.34272766
0.27928162
0.23977661
0.4420929
0.63124084
0.8431244
1.2166138
1.5422211
1.3267517
0.8754425
0.8730469
0.6503906
0.38104248
0.44447327
0.81318665
1.6834869
2.8099518
3.0984497
2.1324005
1.4213104
0.8862152
0.60849
1.0382538
1.722992
2.130005
2.1252136
1.8570557
1.7098236
1.9779663
2.194641
1.9552155
1.509903
1.0980988
1.1076813
1.533844
1.722992
1.6092682
1.51828
1.2573242
0.8538971
0.79403687
1.5027161
2.5477905
3.1894379
2.8722076
2.2832336
1.8283386
1.7936096
1.9217072
1.5146942
0.9472656
0.6204529
0.55700684
0.6815033
0.9544525
1.0897217
1.0980988
1.3878021
1.7984009
1.7289734
1.2238007
0.5019531
-0.2103424
-0.014007568
1.0214844
1.8247375
2.6160278
4.139923
4.013031
3.1259918
2.878189
2.577713
2.4963074
2.450821
2.153946
1.7648926
1.3638611
0.8969879
0.8167877
1.0274658
1.0490265
1.0023346
1.0585938
1.2118225
1.5242767
1.9013519
2.09169
1.7924194
1.4416656
1.0705719
0.46244812
0.31878662
0.6300354
0.7353821
1.0490265
1.3782196
1.4093475
1.2345734
0.9747925
0.8143921
0.7210083
0.53067017
0.2984314
0.16555786
0.17034912
0.22421265
0.31399536
0.42294312
0.8838196
1.3447113
1.3674469
0.8072052
0.35829163
0.5989075
1.1878815
1.6894684
1.7217865
1.5039215
1.8199615
2.4999084
2.4400482
2.174286
2.3430786
2.423294
2.2640686
1.8474884
1.3147736
0.69229126
0.19309998
0.26611328
0.5522156
0.51272583
0.52948
0.771286
0.9125519
0.8969879
1.0142975
1.1711273
1.3961792
1.6427765
1.7289734
1.5721588
1.236969
0.35350037
-0.38153076
-0.26420593
0.51750183
0.80960083
0.23019409
-0.27497864
-0.22590637
0.008728027
0.09492493
0.10809326
0.054229736
0.098526
0.43011475
0.8048096
1.0418396
1.1687317
1.0166931
0.8000183
0.7988281
0.55700684
0.059005737
-0.24145508
-0.13731384
0.17274475
0.8443146
1.5601807
2.0258484
2.4795532
2.0162811
1.0837402
0.69706726
0.8754425
1.1304169
1.4261017
1.4536438
1.0250854
0.6204529
0.50193787
0.48757935
0.45884705
0.29244995
0.138031
0.26731873
0.46842957
0.42173767
0.15837097
0.07217407
-0.059509277
-0.7023468
-1.3392029
-2.3196259
-2.9026184
-3.1599884
-2.8439636
-1.881485
-1.1249237
-0.36117554
0.19668579
0.5246887
0.7102356
0.38822937
-0.059509277
-0.5144043
-0.8831024
-0.94654846
-0.9657135
-0.9680939
-0.4557495
0.07696533
0.38581848
0.6013031
0.5641937
1.0059204
1.6415863
1.252533
0.6120758
0.6491852
1.2513275
1.9312897
2.4005432
2.6782837
2.7177734
2.4197083
1.8391113
1.2585144
0.6444092
0.4061737
0.5402527
0.74256897
0.9736023
1.162735
1.2190094
1.2537231
1.142395
0.85150146
0.52708435
0.31999207
0.26013184
-0.034362793
0.15238953
1.241745
1.2716827
-0.09063721
-0.68917847
-0.446167
0.27809143
1.2764587
1.6212311
1.5039215
1.4596252
1.41893
1.2477417
0.93530273
0.64320374
0.42892456
0.40975952
0.5713806
0.7688904
0.9221344
1.0538025
1.1938629
1.2261963
1.1304169
0.9939575
1.4368744
2.083313
1.8522797
1.4440613
1.3961792
1.4560394
1.6535492
2.0210571
2.3191376
2.32753
2.043808
1.8163605
1.7098236
1.6822815
1.6822815
1.59729
1.4560394
1.5386353
1.8834076
2.1324005
1.9707947
1.573349
1.0645905
0.5653839
0.22062683
0.03387451
-0.017608643
0.20387268
-0.36236572
-1.0997772
-1.276947
-0.9417572
-0.008026123
0.6096802
0.6096802
0.34631348
0.3379364
0.75572205
1.2417603
1.5757446
1.6176453
1.3087921
1.0609894
1.1950684
1.4009705
1.4955444
1.3578796
1.063385
0.83114624
0.9592438
1.3291473
1.7445374
2.062973
2.332306
2.3275146
1.5446167
1.0801544
1.6619415
2.2975922
2.2138062
1.5757446
1.0933075
0.9736023
1.0322571
1.33992
1.5170898
1.4775848
1.5039215
1.5230713
1.6619415
1.8941803
1.9037476
1.4488525
0.94247437
0.7892456
0.9376831
1.0274658
0.7641144
0.20506287
-0.07505798
-0.406662
-0.77537537
-0.34561157
-0.045135498
-0.32048035
-0.16723633
0.23020935
0.20387268
0.19429016
0.355896
0.6695404
0.9472656
1.0298615
1.1495667
1.4620209
1.5948944
1.463211
1.2309875
1.0609894
0.8072052
0.6336212
0.2074585
-0.25582886
-0.33244324
-0.07266235
0.11048889
0.11528015
0.026687622
0.48518372
1.0418396
1.236969
2.66391
2.288025
0.48039246
0.390625
1.6296082
3.0386047
4.0621185
4.3182983
3.249298
1.6008911
0.98916626
1.4045563
1.0334625
-0.040359497
-0.77775574
-0.29412842
0.67193604
1.2585144
0.9556427
0.22781372
-0.14927673
-0.42462158
-0.17323303
0.4600525
0.7892456
0.6515808
0.33674622
0.78685
0.38581848
-0.19596863
-0.22470093
0.20625305
1.0945129
1.2908325
0.4313202
-0.4270172
-0.7322693
-0.6748047
-0.61735535
-0.50123596
-0.40905762
-0.3408203
-0.67481995
-0.8986664
-0.33363342
0.06021118
0.005142212
-0.27139282
-0.272583
0.44448853
1.2034454
1.691864
2.7022095
2.5717316
1.5913086
1.4452515
1.4273071
1.4021606
1.7768555
2.031845
1.7948151
1.4775848
1.0250702
0.42892456
0.051818848
0.021896362
0.08294678
0.030273438
-0.049926758
0.43611145
0.85150146
0.8969879
1.0550079
1.2884369
1.178299
1.1388092
1.0621948
0.8957977
1.0023346
1.2261963
2.0114899
2.031845
1.3075867
0.7293854
0.3547058
0.5354614
1.1447906
1.5697632
1.3135681
0.73298645
0.30801392
0.37625122
0.7293854
1.1495819
1.707428
1.964798
2.0641632
2.0809174
1.1208496
-0.11695862
-0.35638428
0.26252747
0.826355
1.1364136
1.0490265
1.3985748
1.7636871
0.8862152
0.3307495
0.15478516
1.0011444
2.1719055
2.8099518
2.478363
1.5075073
0.5845337
0.055419922
0.09132385
0.45884705
0.72221375
0.7018585
0.8143921
0.9221344
1.0657806
1.4464569
1.6164398
1.0921173
0.7090454
0.62405396
0.33914185
0.53785706
1.1148529
1.4955292
1.7780609
1.7612915
1.4727936
1.2357635
1.4931488
2.1455688
2.130005
1.2034454
0.21464539
-0.35638428
-0.3192749
0.395401
1.0502167
1.5218658
1.7648926
1.5206757
0.97239685
0.889801
0.806015
0.62524414
0.6731262
0.87783813
0.9724121
0.9664154
1.0777588
1.0765533
1.0430298
1.2034454
1.4225159
1.7660828
2.2712555
2.4687805
2.039032
1.1112671
0.30203247
-0.07147217
0.055419922
0.50912476
0.8143921
0.77249146
0.69348145
0.69348145
0.88261414
1.2010498
1.4261017
1.344696
1.166336
1.2776642
1.5230713
1.4261017
1.1854858
0.8251648
0.4061737
0.6958771
1.4895477
1.5829315
1.430893
1.3925934
1.6332092
2.141983
2.0653534
1.4225159
0.7090454
0.17155457
0.051834106
0.30082703
0.6396179
1.0059204
1.2644958
1.0609894
0.69229126
0.592926
0.85150146
1.0597992
1.0645752
1.1376038
1.2429504
1.8379059
3.213379
3.1894379
2.1407776
1.379425
1.1052856
1.8845978
2.32872
2.0138855
1.6810913
1.3542786
0.9017792
0.5546112
0.7425537
0.9556427
0.8718567
0.78326416
0.7162323
0.60728455
0.64678955
0.9855652
1.4021606
1.628418
1.6990356
1.549408
1.3566742
1.276474
1.4644165
2.1132355
2.0737457
1.6810913
1.2094269
1.1842957
1.8379059
1.9217072
1.2896423
0.6300354
0.13801575
-0.09422302
0.24456787
0.86586
1.2249908
1.3746338
1.355484
1.2776642
1.1256409
1.142395
1.26091
1.217804
1.2944336
2.0306396
3.0972595
3.7209473
3.4863129
2.107254
1.1711273
0.9340973
0.96762085
1.2908325
1.6068726
1.5649719
1.1675262
0.7401581
0.4600525
0.40138245
0.55940247
0.5103302
0.5366516
0.8072052
1.3087921
1.7900238
1.7852325
1.2537231
1.5374451
1.6248322
0.93170166
0.6743164
0.49716187
0.16674805
0.99635315
1.7421417
1.3782196
1.0454254
1.178299
1.9025574
2.3574524
1.8522644
1.3315277
0.6946869
0.06498718
-0.021194458
0.45407104
1.0969086
1.810379
2.1491547
1.9899445
1.5015259
1.3626556
1.6475677
1.846283
1.6858826
1.7038422
2.2305603
1.9264984
1.4524384
1.4955444
1.3135834
1.2154236
1.3770294
1.5937042
1.9468384
2.1898499
2.0426178
1.5793304
1.1830902
1.02388
1.0609894
1.2297821
1.4033661
1.3889923
1.078949
0.782074
0.86227417
0.7054596
0.5426483
0.6683502
0.45166016
-0.15527344
-0.44735718
-0.59939575
-0.8029022
-0.3085022
0.29125977
0.41575623
0.33076477
0.2541504
0.44926453
0.58573914
0.11048889
-0.5527191
-1.0291595
-1.0076141
-0.5072174
0.3547058
0.9125519
1.1519775
0.86227417
-0.1026001
-0.79093933
-1.2518158
-1.74263
-1.3523712
-0.17681885
1.4057465
2.7369385
3.9328308
3.309143
1.3291473
0.86946106
0.5989075
0.7413635
1.6188354
2.0522003
1.7828369
1.2118225
0.81318665
0.60250854
0.23258972
-0.16365051
-0.33602905
-0.22111511
0.06858826
0.43251038
0.7880554
0.7928314
0.7988281
1.1280212
1.0837402
1.1304321
1.3878021
1.4859619
1.4967346
1.0574036
0.45884705
0.1212616
0.42652893
0.71383667
0.26013184
-0.11097717
-0.22470093
-0.20794678
-0.2115326
-0.2390747
-0.036758423
0.42053223
0.8790283
1.2321777
1.3662567
0.9879608
0.31280518
-0.25582886
-0.36117554
-0.312088
-0.5754547
-0.5874176
0.043441772
1.0753479
2.1168365
2.9380493
2.6220093
1.6439819
0.3882141
0.014724731
0.83354187
0.95803833
0.47080994
-0.28933716
-0.6053772
-0.32525635
0.28167725
0.7784729
0.90296936
0.80960083
0.79164124
0.9197235
0.92092896
0.71144104
0.4253235
0.17633057
0.09132385
0.28048706
0.3152008
0.027877808
-0.3372345
-0.5179901
-0.4389801
-0.023590088
0.45526123
0.48518372
0.316391
0.21224976
0.2002716
0.26013184
0.20985413
0.12965393
0.007537842
-0.059509277
-0.058303833
-0.21632385
-0.21990967
-0.036758423
-0.030776978
-0.1600647
-0.051116943
0.15957642
0.3451233
0.7880554
1.3339233
1.2393646
0.5330658
0.24577332
0.5582123
1.0071259
1.6212311
2.0402222
2.0641632
1.925293
1.494339
0.9305115
0.5653839
0.37145996
0.37983704
0.54504395
0.850296
1.1890869
1.3722382
1.33992
1.0837402
0.63601685
0.24577332
0.13563538
0.33674622
0.4313202
0.059005737
-0.10618591
0.036254883
-0.21273804
-0.5455322
-0.46531677
-0.3982849
-0.4689026
0.13084412
1.1376038
1.4452667
1.063385
0.6240387
0.3331604
0.2685089
0.22302246
-0.17562866
-0.4449768
-0.4964447
-0.5072174
-0.64608765
-0.19596863
0.11528015
0.26611328
0.29005432
0.58932495
0.76530457
0.88261414
1.2190094
1.3339386
1.4045563
1.51828
1.810379
2.1970367
2.7058105
2.9667816
2.7896118
2.2269745
1.4213257
0.9257202
0.7485504
0.87783813
1.1711273
1.2417603
1.3267517
1.5996857
1.964798
2.4316711
2.3394928
1.8486786
1.4608154
1.3686371
1.4644165
1.5362396
1.5254669
1.5757446
1.6152496
1.0921173
0.5246887
0.56539917
0.7210083
0.87783813
1.3315277
1.5553894
1.5350342
1.5350342
1.5769501
1.5470123
1.3662415
0.9065552
0.46842957
0.22062683
0.044647217
-0.025985718
-0.06309509
-0.10499573
0.059005737
0.3965912
0.5222931
0.3965912
0.3379364
0.58454895
0.88142395
0.7928467
0.83354187
1.1555634
1.3099823
1.4727936
1.4955444
1.2884369
0.984375
0.74017334
0.6623535
0.6384125
0.4492798
0.3594818
0.58932495
0.8000183
0.9879608
0.86346436
0.7784729
0.6216583
0.38223267
0.15957642
-0.048736572
-0.06428528
0.049438477
-0.031967163
-0.22351074
-0.20315552
-0.47608948
-1.2470245
-1.7641754
-1.7234802
-1.450531
-0.94654846
-0.4353943
-0.2402649
-0.07507324
0.1787262
0.22781372
-0.07626343
-0.17442322
-0.030776978
0.0745697
0.22660828
0.5187073
0.77967834
0.9185333
0.76171875
0.34991455
0.17034912
0.0745697
-0.046340942
0.553421
1.5697632
1.6607361
0.9305115
0.49476624
0.6886902
1.1567535
1.4249115
1.4129333
1.2776642
1.2561188
1.2393494
1.1112671
0.9017792
0.7389679
0.826355
1.0502167
1.1531677
1.0849304
0.984375
0.9340973
0.8275604
0.6300354
0.36187744
0.19668579
0.030273438
-0.16844177
-0.37911987
0.09132385
0.22302246
-0.619751
-1.3966675
-1.6121521
-1.4780731
-0.84480286
-0.17921448
-0.027191162
-0.15885925
-0.13491821
0.08175659
0.18470764
0.06858826
0.021896362
0.03147888
0.09013367
0.2864685
0.3678589
0.23500061
0.3056183
0.6264496
1.1100769
1.3746338
1.2405548
1.3530884
1.5350494
0.70425415
0.12365723
0.48518372
0.78686523
0.75572205
0.7533417
0.9364929
0.9544525
0.8443146
0.5306854
0.138031
-0.19596863
-0.13970947
0.18710327
0.46961975
0.6659546
0.9245148
1.0693665
1.1124573
0.9472656
0.7066498
0.5067291
0.25654602
0.13682556
0.19189453
0.276886
0.72221375
0.15837097
-1.0459137
-1.3260345
-0.95014954
-0.4569397
0.20266724
0.50193787
0.5833435
0.7413635
0.9364929
1.0107117
0.80841064
0.76651
0.8395233
1.0406342
0.8790283
0.23738098
-0.17681885
0.042251587
0.23738098
-0.11816406
-0.3300476
0.023101807
0.40138245
0.9364929
1.5146942
0.7641144
-0.24266052
-0.2546234
0.28527832
0.9628296
1.2118225
1.1160583
1.0334625
0.58454895
-0.0044403076
-0.28216553
-0.24745178
-0.27139282
-0.26301575
-0.1133728
-0.016403198
0.07217407
0.11528015
0.059005737
-0.10858154
-0.3300476
-0.5742645
-0.6999512
-0.51200867
-0.43658447
-0.23666382
-0.12414551
-0.43418884
-1.2003479
-1.74263
-1.9724731
-1.7773438
-0.7346649
0.042251587
0.063797
0.053024292
0.06260681
0.1499939
0.30322266
0.2002716
0.012329102
-0.18998718
-0.37553406
-0.38630676
-0.3300476
-0.3156891
-0.24984741
-0.16125488
-0.2223053
-0.3300476
-0.28935242
0.7126312
2.0378265
1.770874
0.7377777
0.43251038
0.57496643
1.0442352
1.715805
1.9624023
1.7134094
1.0119019
0.2649231
-0.14569092
-0.2797699
-0.07745361
0.4061737
0.78445435
1.0909119
1.2644958
1.3387146
1.1699219
0.84550476
0.42292786
0.16316223
0.23738098
0.40977478
0.63601685
0.9652252
0.9939575
0.47920227
-0.38032532
-1.0662689
-1.3308258
-0.91423035
0.08894348
0.72698975
0.86227417
0.8838196
0.8036194
0.7928314
0.8000183
0.61805725
0.23858643
-0.058303833
-0.1816101
-0.154068
-0.028381348
0.19668579
0.37625122
0.4456787
0.6312256
0.7569275
0.67552185
1.0286713
1.6152496
1.6619415
1.3111877
1.4273071
1.7337646
2.1084595
2.8470612
3.151123
2.7165833
1.5434265
0.2649231
-0.3312378
-0.24505615
0.11407471
0.51272583
0.68629456
0.7700958
0.81318665
0.90296936
0.9305115
0.66355896
0.21942139
0.07696533
0.41455078
0.95684814
1.3351288
1.4919434
1.3949738
0.6803131
-0.3815155
-0.8100891
-0.5550995
-0.06188965
0.74494934
1.2585144
1.1819
0.97120667
0.8359375
0.82037354
0.76290894
0.6503906
0.40138245
0.18591309
0.013519287
-0.22949219
-0.35758972
-0.11695862
0.09971619
0.053024292
0.20506287
0.46842957
0.60369873
0.74375916
1.3459015
1.5506134
1.221405
1.236969
1.3303375
1.4572296
1.5721588
1.4775848
1.2106323
0.889801
0.5977173
0.4540558
0.63960266
0.89100647
1.2046356
1.4536438
1.2668915
0.97239685
0.9305115
0.9700012
0.9556427
0.6491852
0.111694336
0.024291992
0.20866394
0.20864868
0.46842957
0.6072998
0.050628662
-0.72628784
-1.0937958
-1.0028229
-0.32885742
0.45526123
0.81199646
0.9736023
1.0526123
0.9340973
0.747345
0.53067017
0.5127106
0.4648285
0.28526306
0.024291992
-0.17802429
-0.26420593
-0.09303284
0.4061737
0.782074
0.82395935
0.9257202
1.0597839
1.450058
1.9827576
2.1838684
2.1599274
2.122818
1.9073486
1.5601807
1.4404755
1.5027313
1.5158844
1.3542786
0.9951477
0.55940247
0.33555603
0.30801392
0.5127106
0.8443146
1.0370483
0.90896606
0.7090454
0.806015
1.0119171
1.1220398
1.1160583
1.1411896
0.9520569
0.84910583
0.90415955
0.8048096
0.138031
-0.6077728
-0.6113739
-0.32525635
0.35350037
1.2010498
1.5877228
1.4739838
1.1603546
0.89100647
0.7964325
0.6024933
0.32118225
0.22302246
0.1272583
-0.10618591
-0.15048218
-0.010421753
0.3271637
0.7485504
1.2238007
1.5015259
1.4488525
1.3854065
1.8450928
2.5082855
2.3849792
1.8726196
1.588913
1.7421417
2.2712555
2.6902466
2.5429993
1.909729
1.1376038
0.8323517
0.82995605
0.77368164
0.7413635
0.83833313
0.92930603
1.1004944
1.3243561
1.3255463
1.1148682
0.8646698
0.66593933
0.69348145
1.0155029
1.118454
0.9987335
1.0107117
0.83354187
0.56059265
0.3044281
0.20866394
0.17274475
0.13922119
0.3738556
0.48039246
0.33314514
0.42053223
0.4815979
0.5067291
0.60728455
0.75453186
0.92811584
1.0334625
0.8083954
0.40498352
0.2409668
0.34991455
0.47201538
0.4169464
0.5187073
0.592926
0.57855225
0.56777954
0.52349854
0.74494934
1.3231506
1.6978455
1.5422211
1.0693665
0.88142395
1.2429504
1.6439819
2.1204224
2.194641
1.9552155
1.4213104
0.727005
0.47920227
0.28407288
0.4360962
0.9520569
1.3255463
1.2944336
0.96162415
0.90896606
1.0166931
1.0693665
0.20985413
-1.229065
-0.81248474
0.6396179
0.002746582
-0.78256226
-0.7131195
-0.39349365
-0.034362793
0.34991455
0.3451233
0.03627014
-0.22828674
-0.32885742
-0.09062195
0.19668579
0.2936554
0.42173767
0.42292786
0.29005432
0.3259735
0.49476624
0.40975952
0.17393494
0.05781555
0.13442993
0.43730164
0.8275604
0.9736023
0.76171875
0.5821533
0.41815186
0.27330017
0.26971436
0.4492798
0.71144104
0.77249146
0.74494934
0.67074585
0.5043335
0.35231018
0.3259735
0.41934204
0.4756012
0.43371582
0.35110474
0.33076477
0.34751892
0.32476807
0.28527832
0.28048706
0.22302246
0.27928162
0.31280518
0.24935913
0.28886414
0.3834381
0.28167725
0.17393494
0.19548035
0.2290039
0.27330017
0.3307495
0.355896
0.33195496
0.27330017
0.22660828
0.20506287
0.27928162
0.37625122
0.42294312
0.46961975
0.48518372
0.48039246
0.46124268
0.48997498
0.5354614
0.56300354
0.5641937
0.50434875
0.48518372
0.5402527
0.56658936
0.53427124
0.5617981
0.6156769
0.61686707
0.60849
0.52108765
0.48997498
0.49595642
0.53427124
0.60009766
0.5318756
0.3882141
0.38342285
0.4456787
0.49116516
0.50553894
0.51631165
0.6264496
0.6156769
0.51989746
0.40856934
0.30801392
0.35110474
0.46961975
0.55700684
0.5474243
0.5797577
0.5474243
0.40737915
0.41096497
0.5869446
0.5258789
0.3439331
0.32955933
0.4636383
0.5617981
0.4923706
0.4253235
0.44088745
0.46603394
0.5103302
0.49116516
0.4815979
0.4636383
0.434906
0.46124268
0.45046997
0.46842957
0.47201538
0.5546112
0.55940247
0.48399353
0.39900208
0.3547058
0.32955933
0.3618927
0.31040955
0.3451233
0.4600525
0.48039246
0.43011475
0.4025879
0.43730164
0.40498352
0.29125977
0.18591309
0.2864685
0.42292786
0.5031433
0.5546112
0.553421
0.5390625
0.5917206
0.64678955
0.6372223
0.6264496
0.5785675
0.52948
0.5617981
0.568985
0.46722412
0.45166016
0.4253235
0.5103302
0.5522156
0.5354614
0.60728455
0.6982727
0.63243103
0.4935608
0.44448853
0.5629883
0.72221375
0.7593231
0.63601685
0.513916
0.46961975
0.5079346
0.57855225
0.63960266
0.67193604
0.6551666
0.64201355
0.6228485
0.5869446
0.5821533
0.55581665
0.4995575
0.4456787
0.41215515
0.47680664
0.56300354
0.5833435
0.51031494
0.5701752
0.7186279
0.7090454
0.5246887
0.4169464
0.39779663
0.4648285
0.5222931
0.5187073
0.45166016
0.40737915
0.3846283
0.40856934
0.48039246
0.51272583
0.5330658
0.5582123
0.474411
0.35710144
0.31759644
0.31159973
0.3487091
0.355896
0.35231018
0.355896
0.4456787
0.52589417
0.40377808
0.29005432
0.38702393
0.43730164
0.37025452
0.36187744
0.3547058
0.34153748
0.33076477
0.36547852
0.39898682
0.40856934
0.4360962
0.51631165
0.5989075
0.6288452
0.6216583
0.62046814
0.6803131
0.6623535
0.6695404
0.6192627
0.5318756
0.4756012
0.5187073
0.5187073
0.47322083
0.3918152
0.2685089
0.28048706
0.48039246
0.6551819
0.6372223
0.5989075
0.5330658
0.4253235
0.3846283
0.44807434
0.43251038
0.3666687
0.316391
0.31399536
0.22062683
0.17633057
0.13084412
0.1894989
0.21704102
0.11048889
-0.0020446777
0.03866577
0.07337952
0.06498718
0.14282227
0.24815369
0.21702576
-0.15168762
-0.0738678
0.15238953
0.21704102
0.15359497
0.002746582
-0.041549683
