24.989319
24.403381
24.050903
24.900818
24.900818
23.890686
24.639893
24.737549
23.490906
22.740173
24.615479
24.276733
23.477173
22.615051
25.19226
24.464417
23.428345
22.851562
23.539734
22.740173
23.239136
22.71576
23.57788
22.679138
24.301147
23.777771
24.014282
24.14093
23.454285
23.678589
23.040771
24.363708
24.70398
23.76709
24.365234
22.991943
24.076843
24.21875
24.465942
22.828674
24.14093
23.576355
21.751404
24.528503
23.490906
23.32611
23.101807
23.20404
22.050476
23.928833
22.71576
23.078918
25.430298
24.679565
24.554443
23.96698
22.828674
24.53003
23.22998
23.468018
24.179077
24.14093
24.70398
23.016357
22.639465
23.22998
22.351074
23.742676
22.80426
21.16394
21.539307
23.579407
23.14148
23.579407
23.99292
22.953796
23.104858
23.60382
24.090576
22.140503
22.613525
23.579407
23.579407
23.579407
23.96698
22.88971
22.828674
22.842407
22.138977
22.018433
22.866821
22.990417
22.477722
23.60382
22.891235
21.813965
23.516846
22.2641
23.554993
23.928833
23.617554
21.917725
22.738647
23.040771
24.093628
22.892761
23.60382
22.91565
22.265625
21.987915
22.892761
22.3526
23.678589
24.015808
23.14148
23.078918
23.928833
23.579407
22.076416
23.554993
24.118042
23.143005
21.766663
24.742126
23.104858
24.14093
23.078918
23.054504
22.053528
21.704102
23.866272
23.605347
21.890259
23.60382
22.615051
22.99347
23.452759
23.927307
22.20459
22.416687
22.703552
22.265625
22.702026
22.866821
23.991394
23.303223
23.61908
23.80371
22.116089
23.930359
22.55249
22.227478
22.88971
23.390198
23.329163
21.751404
22.914124
22.991943
24.053955
23.426819
23.078918
23.078918
23.078918
23.802185
22.676086
23.991394
23.390198
23.57788
23.605347
23.078918
23.51532
23.265076
24.464417
23.14148
23.266602
22.203064
22.203064
23.014832
24.403381
22.328186
23.579407
22.91565
22.57843
22.802734
21.601868
24.427795
22.7417
23.327637
23.866272
23.579407
23.303223
22.17865
22.26715
24.055481
23.991394
22.76764
22.615051
23.240662
22.640991
22.67456
22.639465
23.078918
23.57788
21.499634
22.640991
23.388672
23.016357
23.078918
25.154114
23.014832
22.976685
23.428345
23.040771
22.702026
23.329163
23.175049
22.740173
22.639465
21.037292
22.763062
24.942017
22.55249
22.3526
24.80011
22.976685
24.465942
22.662354
24.96643
23.539734
23.864746
22.164917
24.243164
23.265076
23.428345
22.789001
22.329712
22.052002
23.80066
22.550964
24.464417
24.464417
24.464417
22.138977
23.390198
22.825623
23.60382
23.86322
23.539734
23.57788
22.265625
24.96643
24.238586
22.851562
23.928833
22.676086
23.48938
25.15564
24.61853
22.262573
23.930359
23.802185
22.639465
22.225952
22.828674
22.976685
24.365234
22.702026
21.624756
23.428345
24.055481
22.615051
24.014282
22.488403
22.7417
22.415161
22.55249
23.490906
22.91565
23.454285
24.429321
22.851562
24.365234
22.97821
22.88971
24.59259
23.60382
23.078918
22.203064
22.766113
22.677612
22.95227
22.953796
21.949768
23.08197
24.07837
23.928833
22.738647
22.990417
22.680664
22.866821
22.95227
23.265076
22.71576
23.57788
23.103333
22.225952
23.327637
22.140503
24.180603
22.2641
23.265076
22.853088
23.579407
22.950745
22.679138
23.303223
22.853088
22.991943
23.477173
23.704529
23.704529
23.704529
23.96698
22.514343
22.851562
23.040771
23.428345
23.678589
24.59259
22.825623
22.88971
24.267578
22.453308
23.51532
22.43042
23.468018
23.103333
23.680115
22.891235
22.54181
23.579407
22.866821
23.617554
23.01178
23.928833
23.840332
24.092102
22.953796
23.405457
24.243164
23.454285
23.576355
22.91565
23.405457
22.865295
23.16742
22.51587
24.716187
23.20404
23.078918
23.330688
23.117065
24.217224
23.82965
23.74115
24.130249
25.15564
23.554993
23.931885
22.866821
24.717712
24.615479
24.591064
26.38092
24.528503
25.067139
24.093628
23.680115
23.268127
23.117065
22.143555
22.019958
21.891785
21.929932
22.769165
20.74585
21.582031
20.742798
19.944763
20.29419
20.243835
20.111084
21.044922
20.419312
19.13147
21.330261
18.855286
20.581055
21.481323
21.481323
21.481323
21.481323
20.645142
20.793152
21.420288
19.520569
21.7453
19.381714
21.105957
18.667603
21.244812
19.95697
20.857239
19.692993
20.579529
21.23108
22.331238
21.83075
19.89441
21.730042
21.23108
21.83075
20.606995
20.257568
20.004272
19.656372
19.108582
18.73169
18.045044
17.17987
20.13092
19.456482
18.59436
18.484497
19.169617
18.832397
18.856812
17.43164
17.132568
18.031311
20.019531
20.32013
20.684814
21.206665
19.442749
21.382141
21.77124
23.469543
22.206116
22.303772
23.605347
22.99347
23.516846
24.430847
24.531555
24.90387
24.365234
23.739624
25.769043
24.353027
24.28894
24.952698
24.679565
24.33014
24.302673
24.7406
25.64087
23.51532
25.340271
24.765015
25.427246
25.279236
24.88861
24.11499
24.803162
24.765015
25.579834
22.979736
24.829102
24.829102
23.664856
24.240112
24.453735
24.905396
25.680542
25.842285
26.342773
26.730347
26.278687
27.154541
26.75476
25.967407
27.180481
25.906372
25.994873
25.267029
24.053955
25.654602
23.45581
25.242615
25.593567
24.467468
23.306274
23.077393
25.093079
23.266602
23.739624
23.80371
24.615479
24.7406
24.742126
25.576782
24.113464
24.28894
22.790527
22.639465
21.827698
22.91565
23.114014
22.538757
23.11554
22.640991
23.703003
24.468994
22.953796
23.20404
22.953796
22.917175
23.542786
22.514343
22.102356
22.729492
21.57898
23.928833
22.116089
22.892761
23.240662
22.679138
20.976257
22.203064
23.304749
21.791077
22.766113
20.602417
20.541382
20.539856
20.95642
21.165466
21.452332
20.762634
22.102356
20.977783
21.540833
21.066284
20.501709
21.130371
22.23053
20.378113
20.378113
20.378113
21.087646
21.664429
22.579956
22.602844
21.063232
21.888733
20.439148
21.32721
20.375061
20.251465
20.289612
21.665955
21.664429
21.975708
22.875977
23.51532
21.95282
22.453308
23.329163
22.013855
23.492432
21.990967
21.128845
21.452332
22.48993
23.928833
22.953796
21.64154
23.866272
21.38977
21.104431
21.75293
20.129395
21.2677
20.378113
20.103455
18.728638
20.480347
20.393372
19.378662
19.40155
19.9646
18.841553
18.153381
18.692017
18.193054
19.293213
19.16504
18.865967
19.691467
18.591309
20.230103
20.541382
19.02771
19.941711
21.504211
20.854187
21.954346
18.867493
19.302368
18.09082
20.831299
18.528748
21.04187
19.215393
20.729065
21.540833
22.016907
21.003723
19.941711
20.381165
20.791626
20.481873
19.343567
19.319153
19.317627
17.941284
17.941284
17.941284
18.930054
19.41986
18.818665
18.154907
19.444275
16.404724
15.992737
16.810608
16.183472
16.445923
16.119385
17.671204
17.344666
17.971802
17.756653
17.692566
17.633057
18.034363
18.067932
17.823792
17.733765
17.843628
16.65802
19.158936
17.630005
19.41986
18.971252
18.9682
20.381165
20.9198
19.66858
20.443726
18.869019
19.66858
20.318604
20.254517
21.06781
18.780518
20.033264
19.255066
19.944763
18.133545
18.797302
18.180847
17.720032
18.759155
18.884277
17.095947
19.107056
17.216492
18.508911
19.282532
19.596863
18.031311
18.345642
17.944336
16.94336
15.80658
15.519714
16.555786
16.433716
16.43219
16.619873
14.743042
16.819763
17.308044
15.846252
16.595459
14.805603
16.468811
16.906738
16.529846
15.782166
16.343689
16.34674
16.842651
16.281128
16.867065
16.867065
15.141296
17.591858
17.532349
18.527222
17.15393
15.72876
15.52887
14.865112
16.055298
15.989685
16.828918
16.590881
16.905212
17.079163
16.9281
16.140747
14.926147
16.456604
16.716003
16.241455
16.867065
16.589355
16.256714
16.430664
15.704346
16.325378
17.427063
16.714478
16.629028
15.493774
15.890503
16.40625
13.641357
15.679932
15.55481
14.016724
14.202881
16.816711
15.390015
16.081238
14.369202
15.434265
16.079712
16.317749
15.740967
16.055298
17.181396
16.468811
18.730164
19.358826
17.178345
15.052795
16.778564
17.466736
16.526794
16.802979
16.218567
16.595459
15.989685
17.341614
19.442749
20.031738
17.616272
18.093872
19.75708
17.442322
17.054749
17.277527
16.493225
19.232178
18.50586
18.47992
19.831848
20.29419
20.481873
20.544434
18.382263
18.382263
18.382263
19.631958
20.045471
18.257141
18.733215
18.234253
17.530823
19.006348
16.345215
17.782593
17.805481
18.734741
16.184998
18.322754
15.646362
14.933777
16.57257
16.534424
15.209961
17.260742
19.60907
17.90924
19.134521
18.444824
19.548035
18.733215
18.196106
18.283081
17.822266
17.28363
17.094421
16.757202
18.780518
17.034912
17.660522
17.556763
19.421387
18.070984
19.358826
20.024109
20.46051
20.484924
20.523071
19.047546
19.760132
17.822266
20.687866
20.211792
20.111084
21.937561
18.896484
19.198608
20.236206
18.16101
17.9245
18.026733
17.5766
16.37268
18.55011
17.237854
17.700195
20.014954
19.363403
18.676758
18.463135
19.366455
16.888428
18.489075
18.138123
18.138123
17.951965
18.075562
19.050598
18.63861
18.899536
20.800781
19.737244
20.388794
20.388794
20.388794
19.551086
19.587708
19.075012
20.11261
20.17517
21.549988
23.77472
23.750305
22.625732
22.961426
22.58606
23.226929
23.875427
22.41211
22.476196
22.251892
23.623657
20.838928
20.213318
21.588135
21.624756
21.21582
21.47522
22.029114
23.887634
23.913574
21.813965
23.428345
21.318054
21.855164
21.539307
20.240784
20.614624
21.478271
21.278381
21.374512
21.438599
19.9646
20.838928
20.149231
19.888306
19.26117
18.29834
18.574524
19.013977
16.53595
16.888428
16.184998
15.974426
15.885925
15.908813
17.074585
17.034912
18.04657
17.410278
17.721558
18.721008
18.595886
18.159485
18.322754
18.908691
19.195557
19.299316
18.38684
18.547058
18.760681
19.448853
17.810059
18.237305
20.358276
20.959473
19.960022
20.046997
19.587708
18.138123
18.86139
18.322754
18.322754
18.322754
18.673706
20.402527
18.548584
19.425964
17.799377
19.69757
19.924927
17.887878
18.572998
17.47284
17.61322
17.338562
16.200256
15.85083
16.200256
15.724182
16.13617
16.82434
16.636658
16.200256
16.410828
14.411926
15.637207
12.297058
13.648987
12.026978
10.649109
10.624695
9.762573
10.461426
9.611511
10.049438
8.488464
8.177185
8.424377
7.0739746
6.613159
6.199646
4.8721313
3.8101196
3.7216187
1.4587402
2.3971558
3.7872314
3.7475586
1.4816284
0.045776367
-2.3162842
-3.1784058
-5.632019
-3.2165527
-6.0043335
-7.545471
-7.507324
-9.185791
-8.433533
-9.295654
-9.4696045
-9.898376
-10.43396
-11.471558
-12.322998
-12.199402
-12.651062
-15.126038
-14.11438
-14.639282
-15.087891
-16.503906
-14.715576
-17.001343
-16.441345
-16.090393
-19.082642
-15.72876
-19.7052
-20.870972
-20.870972
-20.870972
-21.159363
-20.74585
-22.221375
-20.558167
-21.221924
-21.873474
-23.010254
-22.535706
-23.851013
-24.472046
-25.338745
-23.913574
-24.887085
-24.80011
-26.089478
-26.84021
-26.216125
-24.05243
-25.11444
-25.027466
-27.31781
-25.694275
-26.940918
-27.256775
-26.158142
-27.734375
-27.844238
-28.482056
-28.483582
-27.882385
-27.73285
-28.398132
-27.897644
-27.731323
-28.044128
-27.73285
-27.131653
-26.608276
-27.081299
-27.397156
-25.154114
-23.739624
-23.953247
-21.890259
-21.514893
-22.488403
-22.63794
-22.077942
-21.063232
-19.473267
-20.874023
-22.198486
-23.510742
-23.764038
-21.810913
-23.71521
-24.401855
-23.225403
-23.590088
-24.68872
-23.098755
-22.514343
-24.127197
-23.01178
-22.86377
-24.238586
-24.08905
-25.090027
-24.301147
-23.988342
-23.550415
-24.699402
-22.912598
-23.92273
-25.299072
-23.735046
-24.423218
-25.11139
-25.11139
-27.215576
-27.090454
-28.230286
-29.379272
-28.79181
-27.626038
-27.841187
-27.589417
-28.126526
-27.113342
-27.500916
-28.5141
-28.727722
-28.727722
-29.56543
-26.876831
-27.474976
-26.423645
-25.387573
-27.563477
-27.438354
-26.087952
-27.474976
-26.42212
-27.711487
-27.348328
-27.624512
-27.75116
-28.900146
-27.246094
-27.333069
-27.39563
-26.85852
-28.059387
-25.89569
-26.707458
-27.233887
-28.408813
-29.785156
-27.833557
-30.310059
-29.660034
-29.223633
-30.700684
-29.208374
-32.04956
-32.487488
-31.36139
-31.123352
-30.950928
-31.074524
-31.828308
-31.263733
-32.49054
-31.89087
-32.38983
-32.240295
-31.929016
-32.36389
-31.825256
-31.739807
-32.904053
-32.42798
-34.150696
-34.402466
-33.46405
-32.95288
-31.352234
-32.214355
-31.11267
-31.385803
-30.612183
-31.451416
-31.051636
-30.513
-32.36389
-31.137085
-29.785156
-31.44989
-31.44989
-31.44989
-32.61261
-29.88739
-31.074524
-32.13501
-31.324768
-32.29828
-32.32422
-31.762695
-30.760193
-33.23517
-31.53534
-32.136536
-32.588196
-32.92694
-33.576965
-32.92694
-34.153748
-34.44214
-35.420227
-34.08966
-36.23352
-38.02185
-37.48474
-38.497925
-37.10785
-37.124634
-37.747192
-37.745667
-36.60736
-37.35962
-36.643982
-37.295532
-36.546326
-34.44214
-33.6792
-33.99353
-32.678223
-33.128357
-32.77893
-33.84247
-33.303833
-31.489563
-31.428528
-31.388855
-30.926514
-30.825806
-32.278442
-31.903076
-32.818604
-32.029724
-29.978943
-30.491638
-32.496643
-33.920288
-33.322144
-33.883667
-32.154846
-33.258057
-34.031677
-32.806396
-32.1167
-33.154297
-32.592773
-33.30536
-33.132935
-33.932495
-34.405518
-33.406067
-33.79669
-34.820557
-34.259033
-35.009766
-34.59778
-35.42328
-35.047913
-35.987854
-35.987854
-35.987854
-35.588074
-37.46338
-37.17804
-38.189697
-37.052917
-37.48932
-37.615967
-35.82611
-37.501526
-36.987305
-36.402893
-35.48584
-36.198425
-36.213684
-36.750793
-35.925293
-36.901855
-36.213684
-37.275696
-37.69226
-36.75232
-37.504578
-38.19275
-35.890198
-36.61499
-34.925842
-35.176086
-35.336304
-37.088013
-37.876892
-38.02643
-37.516785
-37.55188
-37.490845
-37.239075
-35.51483
-37.30011
-37.062073
-36.486816
-37.36267
-36.264038
-36.161804
-36.61499
-37.991333
-38.916016
-36.366272
-37.48169
-36.817932
-36.927795
-35.620117
-37.908936
-37.846375
-38.534546
-38.53607
-38.98468
-38.897705
-38.320923
-38.67035
-38.406372
-38.423157
-36.49292
-38.130188
-37.34436
-39.04419
-36.991882
-37.942505
-37.00714
-37.568665
-37.568665
-36.92932
-36.75537
-37.46643
-36.242676
-36.279297
-34.48944
-35.69336
-33.70514
-33.451843
-33.451843
-34.803772
-34.57489
-33.95233
-34.552002
-35.118103
-36.053467
-34.70459
-35.43091
-34.529114
-34.76715
-34.61609
-36.280823
-34.729004
-35.26764
-35.954285
-36.31897
-36.216736
-36.083984
-36.2854
-37.4115
-37.36267
-36.723328
-37.23755
-37.452698
-38.763428
-36.827087
-37.928772
-37.74109
-37.46643
-37.704468
-36.328125
-38.778687
-36.95221
-37.617493
-38.42926
-37.989807
-35.60028
-38.241577
-36.950684
-36.123657
-36.224365
-36.6745
-36.413574
-36.010742
-34.687805
-36.82556
-36.10077
-35.386658
-36.82556
-34.74884
-35.124207
-35.386658
-33.836365
-35.949707
-35.47516
-34.246826
-33.496094
-36.061096
-35.82611
-36.512756
-34.436035
-34.873962
-35.850525
-33.473206
-34.684753
-33.62274
-34.161377
-34.31244
-35.261536
-33.898926
-35.289
-34.025574
-35.95276
-35.850525
-37.228394
-37.179565
-36.95526
-33.728027
-33.728027
-33.728027
-35.040283
-35.102844
-35.57892
-36.268616
-35.754395
-35.89325
-35.002136
-36.576843
-33.90045
-34.274292
-34.8114
-33.21228
-32.37152
-34.332275
-32.769775
-32.807922
-32.460022
-32.29828
-33.08258
-33.106995
-31.944275
-31.544495
-32.269287
-30.067444
-31.019592
-31.880188
-30.879211
-31.504822
-31.130981
-31.330872
-31.629944
-31.97937
-31.3797
-32.94525
-32.832336
-32.707214
-32.107544
-30.592346
-29.943848
-30.505371
-31.97937
-33.29315
-31.843567
-32.833862
-33.30841
-33.546448
-32.048035
-32.833862
-32.421875
-32.484436
-32.894897
-31.91986
-31.382751
-30.781555
-29.718018
-31.29425
-31.254578
-30.781555
-31.958008
-30.60608
-31.854248
-30.479431
-30.566406
-31.881714
-30.627441
-30.717468
-31.167603
-30.581665
-31.167603
-30.505371
-31.730652
-31.192017
-30.757141
-30.58014
-33.018494
-32.36847
-30.543518
-30.543518
-30.543518
-32.044983
-32.043457
-33.518982
-32.00531
-32.167053
-31.793213
-33.454895
-33.706665
-32.392883
-32.315063
-31.64215
-32.728577
-31.01654
-32.82776
-31.7276
-31.565857
-31.816101
-32.330322
-31.544495
-33.79364
-33.53424
-33.268738
-34.90753
-30.75409
-31.455994
-30.89447
-31.54602
-32.922363
-33.461
-34.561157
-33.33435
-31.70929
-30.632019
-30.567932
-29.942322
-30.418396
-31.130981
-30.355835
-30.293274
-30.169678
-29.832458
-29.127502
-28.240967
-28.06549
-28.105164
-28.567505
-29.730225
-27.314758
-28.192139
-27.503967
-28.153992
-28.004456
-28.968811
-27.755737
-28.356934
-28.881836
-29.396057
-28.167725
-30.232239
-29.794312
-28.944397
-30.044556
-28.65448
-29.318237
-29.382324
-27.503967
-28.507996
-29.006958
-28.507996
-29.570007
-28.817749
-27.947998
-26.846313
-27.383423
-28.98407
-27.409363
-28.608704
-29.06189
-29.06189
-29.06189
-27.986145
-29.237366
-29.336548
-28.98407
-28.295898
-28.295898
-27.645874
-26.158142
-27.444458
-28.01056
-28.170776
-27.734375
-26.947021
-28.04718
-25.985718
-26.031494
-26.1734
-25.785828
-25.160217
-25.984192
-27.33612
-29.023743
-28.437805
-28.048706
-25.413513
-25.325012
-23.997498
-25.22583
-27.961731
-27.861023
-27.233887
-26.844788
-27.7359
-26.745605
-28.23639
-27.101135
-27.238464
-26.889038
-28.552246
-26.904297
-27.301025
-27.46582
-26.577759
-28.630066
-26.705933
-26.74408
-26.766968
-27.307129
-27.496338
-27.307129
-26.74408
-27.632141
-25.930786
-26.367188
-24.916077
-26.454163
-25.479126
-24.667358
-24.853516
-23.953247
-24.742126
-24.516296
-23.728943
-23.953247
-23.788452
-24.165344
-24.815369
-24.253845
-24.68872
-22.938538
-23.786926
-21.438599
-21.08612
-20.896912
-21.333313
-20.770264
-18.930054
-19.92035
-19.92035
-20.15686
-22.381592
-21.69342
-22.706604
-23.518372
-21.791077
-21.44165
-19.65332
-19.5755
-18.711853
-18.826294
-17.948914
-16.37268
-19.262695
-18.673706
-18.597412
-16.348267
-16.674805
-16.82434
-15.162659
-15.620422
-14.4104
-12.8967285
-11.697388
-13.082886
-11.006165
-11.506653
-10.731506
-9.733582
-9.980774
-8.465576
-10.281372
-7.6934814
-6.0394287
-6.703186
-6.1416626
-6.2408447
-4.3533325
-3.7902832
-3.2531738
-2.191162
-0.9902954
-0.87890625
-0.38146973
0.5950928
1.1703491
2.4841309
3.819275
4.258728
4.6447754
4.7470093
5.644226
5.833435
6.6070557
6.3552856
7.5180054
7.9299927
8.654785
10.404968
9.567261
11.654663
10.340881
9.364319
10.087585
11.790466
10.98938
10.050964
10.675049
10.610962
12.025452
10.583496
12.461853
12.786865
13.560486
11.756897
13.435364
13.124084
14.100647
13.871765
13.397217
15.510559
15.510559
15.058899
15.12146
15.808105
16.670227
17.007446
16.719055
16.567993
17.468262
17.904663
18.25409
17.929077
18.504333
18.62793
19.85321
19.502258
19.566345
18.77594
19.688416
19.06128
17.89856
20.748901
19.187927
20.788574
21.287537
20.431519
20.622253
19.329834
20.481873
18.8797
18.753052
18.917847
19.554138
20.01648
19.577026
20.353699
19.53888
19.726562
19.703674
20.289612
19.641113
20.101929
20.677185
19.25354
19.750977
20.074463
20.639038
20.3125
19.410706
19.639587
19.499207
19.099426
20.124817
19.848633
20.448303
19.80896
20.724487
18.707275
19.908142
20.222473
19.195557
20.983887
19.844055
19.86847
19.967651
19.503784
18.527222
18.37616
18.641663
17.9245
17.951965
17.837524
17.088318
17.300415
16.551208
16.200256
16.223145
16.461182
16.461182
16.175842
15.661621
15.260315
14.285278
14.672852
15.4953
16.13617
14.94751
15.59906
13.684082
14.4088745
14.372253
14.784241
15.510559
14.822388
14.94751
14.883423
14.259338
13.885498
14.697266
13.996887
12.971497
14.411926
13.687134
13.058472
13.908386
11.871338
13.725281
13.221741
13.658142
13.909912
13.346863
12.557983
13.745117
13.470459
13.056946
11.645508
13.195801
12.120056
11.758423
11.433411
12.620544
13.781738
11.068726
11.1328125
9.729004
12.059021
11.608887
12.557983
10.870361
11.433411
12.922668
11.499023
11.82251
10.446167
11.671448
12.95929
11.021423
11.047363
10.484314
10.446167
11.64856
10.522461
10.960388
8.821106
9.272766
11.79657
9.509277
9.422302
10.171509
10.046387
9.272766
10.235596
10.609436
10.049438
10.110474
8.699036
9.573364
8.633423
8.633423
8.633423
11.125183
10.548401
10.238647
10.214233
9.899902
9.387207
10.276794
10.626221
9.54895
8.6380005
8.5998535
7.713318
8.512878
9.399414
7.76062
6.5353394
7.974243
7.696533
7.1121216
5.5984497
8.488464
7.2631836
6.227112
6.7489624
8.262634
6.248474
6.613159
6.163025
7.3272705
5.6640625
6.013489
7.1395874
5.82428
6.2911987
5.6243896
6.124878
5.189514
6.8496704
6.138611
7.1762085
7.3898315
6.2667847
7.0144653
6.352234
6.3293457
6.100464
7.6416016
5.3894043
6.703186
6.854248
5.5755615
5.102539
3.5995483
5.189514
4.5654297
6.515503
4.975891
5.126953
5.554199
5.5786133
6.1431885
5.317688
4.1885376
3.7643433
4.0023804
4.727173
4.6661377
4.1534424
3.8146973
3.9413452
3.3538818
3.465271
2.5634766
3.37677
3.251648
3.378296
2.4032593
2.5634766
2.5634766
2.5634766
3.9642334
3.1906128
2.9022217
4.0908813
3.942871
4.0039062
2.1530151
2.4047852
3.6636353
3.1265259
2.5650024
3.691101
3.440857
4.2556763
2.8793335
2.8167725
2.9403687
4.042053
2.9037476
2.9403687
2.2155762
2.4017334
3.1906128
3.2287598
2.9037476
4.3777466
3.4667969
3.2562256
4.1290283
2.128601
4.130554
3.529358
3.3538818
4.0039062
3.729248
3.3172607
1.1154175
3.9398193
0.9674072
2.8411865
1.5899658
0.70495605
2.7770996
2.3406982
2.218628
3.0044556
2.7770996
2.7557373
1.8417358
2.4932861
2.9815674
2.279663
2.3422241
3.2928467
2.7572632
1.6937256
3.3187866
2.3406982
3.8574219
0.642395
3.5690308
1.2176514
1.0314941
1.0940552
2.31781
3.1341553
3.1097412
2.444458
2.3208618
1.7196655
3.6697388
1.8844604
2.1209717
2.34375
2.532959
2.885437
3.3599854
3.3966064
3.3966064
3.3966064
4.046631
3.6346436
2.8839111
3.5736084
3.9596558
2.796936
3.4622192
2.5726318
4.1488647
3.3218384
3.2592773
2.9251099
5.2490234
3.6117554
4.2633057
2.2598267
2.911377
3.012085
2.4490356
4.386902
3.17688
3.8024902
3.050232
4.2373657
3.401184
3.5125732
4.0130615
4.0878296
4.1778564
4.4265747
5.8761597
4.2022705
3.3615112
4.0145874
4.3914795
4.702759
4.0283203
5.090332
5.088806
5.152893
5.050659
4.2419434
6.5933228
4.73938
4.803467
4.638672
5.342102
4.76532
5.6777954
5.5908203
5.027771
5.4641724
5.303955
6.114197
4.862976
6.880188
5.743408
5.7418823
5.9402466
5.5908203
5.6381226
4.602051
5.3390503
5.8639526
5.5114746
5.3390503
5.3878784
5.7144165
4.798889
3.8116455
5.2124023
3.9093018
4.510498
4.637146
2.8335571
4.722595
4.420471
5.5480957
3.6224365
3.6224365
3.8208008
3.7841797
3.9978027
3.4698486
2.658081
5.307007
5.484009
4.4052124
4.168701
2.9678345
3.6560059
5.44281
4.7058105
5.822754
5.395508
4.9194336
4.3441772
5.632019
4.8583984
6.5826416
7.05719
5.484009
6.3964844
6.742859
6.7077637
6.5063477
7.6675415
8.02002
7.7301025
8.357239
8.357239
7.991028
7.5134277
9.741211
6.440735
8.665466
7.951355
7.913208
7.913208
8.413696
9.014893
8.389282
6.187439
7.86438
6.1019897
7.91626
7.3287964
7.003784
6.1660767
6.806946
7.8933716
7.6309204
7.5027466
7.041931
8.538818
5.3497314
6.665039
8.016968
7.5668335
7.2021484
8.288574
7.600403
8.413696
8.26416
7.209778
8.764648
10.05249
8.175659
7.977295
9.326172
8.390808
8.888245
8.761597
9.474182
9.013367
9.695435
10.612488
9.922791
8.470154
8.470154
8.470154
8.1588745
8.055115
6.4804077
6.2026978
7.4661255
7.3028564
7.054138
6.1798096
6.742859
6.803894
5.6411743
5.7922363
6.0287476
7.305908
7.6446533
6.932068
6.994629
6.1828613
7.5317383
6.3064575
5.105591
6.4315796
5.8303833
6.867981
5.6427
6.80542
6.0287476
7.8811646
8.015442
9.693909
8.804321
10.980225
9.092712
8.427429
10.314941
9.176636
10.726929
9.40094
11.418152
11.289978
11.891174
11.479187
11.193848
11.567688
10.53009
12.005615
12.106323
12.557983
12.8341675
11.419678
13.420105
12.046814
13.745117
12.756348
12.329102
14.109802
12.4557495
13.520813
13.871765
14.045715
13.793945
14.518738
13.832092
13.6657715
13.456726
14.021301
13.458252
13.793945
14.6698
14.204407
15.106201
15.170288
14.331055
15.057373
13.830566
15.4296875
13.230896
16.506958
14.932251
14.932251
14.932251
16.5802
14.607239
16.593933
15.931702
16.207886
17.347717
18.07251
17.973328
18.823242
19.21997
19.572449
18.785095
19.236755
19.300842
20.0531
21.84143
18.762207
18.788147
21.240234
21.066284
21.238708
21.966553
20.965576
20.715332
21.794128
22.467041
22.467041
22.753906
23.416138
21.777344
22.189331
22.776794
24.151611
22.338867
22.854614
22.502136
23.440552
22.813416
21.676636
23.85254
21.801758
21.50116
22.66388
22.064209
22.987366
23.374939
21.263123
22.988892
22.92633
22.714233
22.714233
22.75238
23.751831
23.153687
23.939514
24.090576
25.16632
24.066162
25.856018
25.20752
25.933838
27.246094
24.819946
24.606323
25.608826
25.231934
26.521301
26.498413
25.775146
25.54779
25.96283
26.838684
25.801086
26.852417
25.8667
26.402283
26.52893
26.44043
26.44043
26.44043
26.44043
28.578186
27.81372
28.288269
27.897644
28.599548
29.685974
28.787231
27.809143
27.871704
28.746033
29.069519
28.056335
27.020264
27.604675
26.202393
27.352905
27.392578
27.391052
26.29242
28.077698
27.114868
27.78778
28.964233
28.990173
28.96576
28.77655
27.748108
28.175354
27.864075
27.612305
28.712463
27.789307
28.863525
26.927185
29.51355
26.99585
25.959778
26.950073
26.823425
26.92566
26.513672
26.760864
25.120544
26.182556
26.135254
25.169373
25.808716
24.935913
23.483276
23.70758
22.669983
21.855164
21.63086
20.150757
20.152283
21.000671
16.447449
18.133545
16.494751
16.343689
17.469788
14.657593
13.764954
11.976624
12.730408
9.962463
8.277893
8.311462
8.337402
7.987976
6.088257
4.8858643
4.663086
4.512024
3.4362793
3.1600952
1.9729614
1.9729614
1.9729614
1.210022
0.93688965
2.4734497
1.651001
0.6225586
0.83465576
1.6845703
1.0375977
0.18463135
1.499939
0.64697266
1.1245728
1.2374878
-0.57525635
0.25024414
1.0391235
-0.13885498
-2.4902344
-1.3031006
-2.9891968
-3.8650513
-1.5151978
-1.8508911
-2.142334
-1.991272
-1.8280029
-3.3920288
-4.3426514
-3.741455
-4.9301147
-5.718994
-4.6539307
-7.7301025
-7.319641
-8.268738
-7.7560425
-10.520935
-8.357239
-10.55603
-10.795593
-11.619568
-13.192749
-12.956238
-12.869263
-14.820862
-17.254639
-16.732788
-16.282654
-18.02063
-17.958069
-18.669128
-17.958069
-18.482971
-19.232178
-18.39447
-18.606567
-20.246887
-19.708252
-19.92035
-19.230652
-17.919922
-17.530823
-18.418884
-19.856262
-19.206238
-20.64209
-18.544006
-18.56842
-19.918823
-20.721436
-20.292664
-20.169067
-22.532654
-21.844482
-21.142578
-21.517944
-21.228027
-22.470093
-23.24524
-23.24524
-23.869324
-23.36731
-23.768616
-24.092102
-24.241638
-24.804688
-24.507141
-25.431824
-25.04425
-25.817871
-26.968384
-26.280212
-27.893066
-28.756714
-29.667664
-29.70581
-29.644775
-29.856873
-30.293274
-27.754211
-29.22821
-28.915405
-28.604126
-28.565979
-27.752686
-27.503967
-25.27771
-26.467896
-26.255798
-25.004578
-25.430298
-25.90332
-24.076843
-24.804688
-24.693298
-23.490906
-23.48938
-22.714233
-24.241638
-23.014832
-24.71466
-24.029541
-22.988892
-22.802734
-24.693298
-22.451782
-25.041199
-23.527527
-23.014832
-22.95227
-23.529053
-22.17865
-23.014832
-22.23816
-23.553467
-24.653625
-23.278809
-24.440002
-24.591064
-23.176575
-25.041199
-24.180603
-23.339844
-25.341797
-25.692749
-26.940918
-26.278687
-25.656128
-28.041077
-26.904297
-26.667786
-27.853394
-28.503418
-27.653503
-27.565002
-28.691101
-26.18866
-26.600647
-27.003479
-27.003479
-27.003479
-26.2146
-26.539612
-25.84076
-26.564026
-25.175476
-25.566101
-25.839233
-24.375916
-25.878906
-25.566101
-24.48883
-23.965454
-24.67804
-25.315857
-24.467468
-24.902344
-24.14093
-23.316956
-24.528503
-24.716187
-24.842834
-24.241638
-24.279785
-24.179077
-22.991943
-25.131226
-24.505615
-22.994995
-24.180603
-24.028015
-24.507141
-25.820923
-24.946594
-25.006104
-24.84436
-25.730896
-25.318909
-27.069092
-25.343323
-26.443481
-25.656128
-26.919556
-26.983643
-26.356506
-27.394104
-26.217651
-26.904297
-25.566101
-25.90332
-26.193237
-26.3443
-25.564575
-26.127625
-24.964905
-24.717712
-24.490356
-24.742126
-25.84076
-24.154663
-24.029541
-25.279236
-24.279785
-25.042725
-24.092102
-25.003052
-23.553467
-22.080994
-23.405457
-22.840881
-23.68164
-24.092102
-21.453857
-22.494507
-22.080994
-22.11914
-23.181152
-22.468567
-21.980286
-22.843933
-22.843933
-23.554993
-21.643066
-22.468567
-24.195862
-21.743774
-24.780273
-23.492432
-23.318481
-23.42987
-23.782349
-24.742126
-25.794983
-25.320435
-26.321411
-25.43335
-23.556519
-24.90387
-25.756836
-24.594116
-25.091553
-25.132751
-26.3443
-25.344849
-25.494385
-24.693298
-25.108337
-24.694824
-24.006653
-25.282288
-23.87085
-24.320984
-24.84436
-23.318481
-24.09668
-22.021484
-22.08252
-22.470093
-22.431946
-22.242737
-23.406982
-22.683716
-22.583008
-23.158264
-23.121643
-21.331787
-23.660278
-22.183228
-21.932983
-21.980286
-22.183228
-21.394348
-21.868896
-22.080994
-21.806335
-23.869324
-21.955872
-23.031616
-23.744202
-22.88208
-23.617554
-22.99347
-24.156189
-25.257874
-25.796509
-24.443054
-26.419067
-25.820923
-25.8667
-25.52948
-27.00653
-26.29242
-26.568604
-26.293945
-26.193237
-25.242615
-25.630188
-26.252747
-26.071167
-26.03302
-26.03302
-26.03302
-25.904846
-23.594666
-24.1333
-22.970581
-24.182129
-23.657227
-21.781921
-22.59674
-23.406982
-20.832825
-22.183228
-21.432495
-21.647644
-22.05658
-21.995544
-22.969055
-22.058105
-21.931458
-21.243286
-20.857239
-21.458435
-20.703125
-21.868896
-21.09375
-20.744324
-21.220398
-20.64209
-18.894958
-21.644592
-20.040894
-22.303772
-21.118164
-23.6557
-24.031067
-23.120117
-22.117615
-24.630737
-25.195312
-23.61908
-23.968506
-25.07019
-23.61908
-25.068665
-25.006104
-24.569702
-25.15564
-24.568176
-25.042725
-25.654602
-24.908447
-24.720764
-25.006104
-25.794983
-23.867798
-23.405457
-22.80426
-22.766113
-22.779846
-21.180725
-22.99347
-21.868896
-22.367859
-22.843933
-20.70465
-20.857239
-20.793152
-21.90857
-19.517517
-20.744324
-20.683289
-20.831299
-21.394348
-20.645142
-20.04242
-21.806335
-19.644165
-20.332336
-20.744324
-20.744324
-20.744324
-20.26825
-21.48285
-20.26825
-22.969055
-22.843933
-21.93451
-21.932983
-21.618652
-23.057556
-22.329712
-23.532104
-24.157715
-23.594666
-24.057007
-25.320435
-25.195312
-23.864746
-24.44458
-25.796509
-24.44458
-23.684692
-24.282837
-23.745728
-24.783325
-24.758911
-22.99347
-24.221802
-22.972107
-22.520447
-22.219849
-22.99347
-21.783447
-22.431946
-22.331238
-22.51892
-21.141052
-23.184204
-21.807861
-20.169067
-21.932983
-22.219849
-19.50531
-21.095276
-22.37091
-22.994995
-22.932434
-22.117615
-21.743774
-23.406982
-22.244263
-24.21875
-22.154236
-22.242737
-23.59314
-20.977783
-24.116516
-22.3526
-22.840881
-23.428345
-23.55194
-23.739624
-24.963379
-23.991394
-23.390198
-23.86322
-22.225952
-23.301697
-24.380493
-23.777771
-23.48938
-24.401855
-24.589539
-24.116516
-25.093079
-24.076843
-23.55194
-25.502014
-22.613525
-23.902893
-23.902893
-24.276733
-24.90387
-25.628662
-24.014282
-22.535706
-23.57788
-24.742126
-23.48938
-24.424744
-25.84076
-25.003052
-24.11499
-24.87793
-23.8266
-24.653625
-21.76361
-24.717712
-22.615051
-23.240662
-22.3526
-22.175598
-22.590637
-22.077942
-23.678589
-22.653198
-22.653198
-23.34137
-23.452759
-23.05603
-23.55194
-23.57788
-22.95227
-22.32666
-22.825623
-22.865295
-22.428894
-24.653625
-23.36731
-23.1781
-23.617554
-21.827698
-23.23761
-23.110962
-23.452759
-23.802185
-23.239136
-23.388672
-23.324585
-24.299622
-23.513794
-22.865295
-23.301697
-23.838806
-24.549866
-23.55194
-24.42627
-24.551392
-23.55194
-25.302124
-23.86322
-23.57788
-22.801208
-23.738098
-22.036743
-23.112488
-23.452759
-24.693298
-22.613525
-24.403381
-23.324585
-23.55194
-22.7005
-22.224426
-23.30017
-22.63794
-22.698975
-21.450806
-23.451233
-21.76361
-21.76361
-21.76361
-21.16394
-23.216248
-22.325134
-22.177124
-22.86377
-22.07489
-22.325134
-22.802734
-21.62323
-23.239136
-23.26355
-22.239685
-23.049927
-23.426819
-22.201538
-21.289062
-21.638489
-22.175598
-21.98639
-22.677612
-22.738647
-20.97168
-22.550964
-20.513916
-22.427368
-20.799255
-20.663452
-21.10138
-22.15271
-21.614075
-21.826172
-21.07544
-21.788025
-22.01233
-21.725464
-21.725464
-22.677612
-21.488953
-23.176575
-22.114563
-21.202087
-20.599365
-21.16394
-21.826172
-21.601868
-22.3526
-21.78955
-22.2641
-21.762085
-22.428894
-23.339844
-21.10138
-20.413208
-22.15271
-22.929382
-22.265625
-22.550964
-23.275757
-22.2641
-22.239685
-22.676086
-22.740173
-22.92633
-22.636414
-23.362732
-23.840332
-21.826172
-21.725464
-23.57788
-21.78955
-22.702026
-24.1745
-23.487854
-22.676086
-21.699524
-23.776245
-22.525024
-23.861694
-22.325134
-22.325134
-24.403381
-23.239136
-25.689697
-22.07489
-23.51532
-23.176575
-22.612
-23.861694
-24.34082
-23.38562
-24.076843
-23.298645
-22.573853
-23.712158
-24.377441
-24.551392
-23.991394
-24.424744
-24.511719
-22.724915
-23.963928
-24.377441
-24.014282
-24.212646
-24.363708
-23.776245
-23.825073
-23.55194
-22.923279
-22.761536
-23.413086
-24.050903
-24.424744
-23.760986
-23.23761
-23.239136
-23.736572
-24.362183
-23.487854
-24.336243
-22.63794
-23.80066
-23.674011
-24.450684
-23.925781
-23.513794
-25.178528
-23.80066
-24.589539
-24.552917
-24.48883
-24.276733
-24.839783
-23.15216
-24.653625
-23.80371
-24.465942
-24.079895
-23.776245
-24.142456
-22.265625
-22.52655
-24.876404
-23.927307
-24.465942
-23.777771
-23.277283
-24.615479
-24.87793
-24.076843
-23.262024
-23.301697
-23.866272
-23.513794
-24.427795
-23.57788
-23.94104
-23.364258
-23.114014
-23.114014
-23.114014
-22.763062
-23.991394
-23.802185
-22.761536
-23.513794
-23.901367
-23.963928
-22.052002
-23.213196
-23.512268
-24.050903
-23.327637
-23.80066
-22.7005
-23.927307
