-25.737
-26.248169
-25.175476
-25.715637
-25.715637
-27.00653
-26.228333
-26.327515
-25.997925
-25.708008
-26.222229
-25.761414
-26.261902
-25.869751
-25.479126
-26.377869
-24.80011
-25.848389
-26.582336
-25.708008
-25.8255
-26.351929
-25.827026
-27.105713
-24.699402
-26.408386
-25.92926
-25.653076
-26.751709
-25.85144
-26.464844
-25.01831
-27.005005
-25.871277
-26.24054
-26.644897
-25.944519
-26.625061
-25.500488
-26.49231
-26.416016
-24.758911
-25.897217
-25.933838
-25.234985
-24.319458
-24.494934
-24.977112
-24.517822
-25.680542
-25.587463
-26.473999
-26.525879
-25.663757
-27.92511
-26.452637
-25.72937
-25.514221
-25.288391
-25.87738
-25.967407
-25.653076
-26.547241
-26.345825
-25.875854
-25.746155
-24.969482
-26.322937
-24.845886
-25.187683
-25.619507
-26.47705
-25.267029
-25.712585
-26.45874
-26.330566
-28.005981
-27.053833
-25.068665
-26.065063
-25.106812
-25.712585
-25.712585
-25.712585
-26.757812
-25.552368
-26.797485
-25.923157
-23.77472
-27.180481
-26.043701
-25.117493
-24.998474
-26.59607
-25.28534
-25.149536
-27.224731
-25.14038
-26.013184
-25.985718
-24.958801
-27.157593
-24.487305
-26.77002
-27.359009
-26.812744
-27.359009
-26.321411
-26.66626
-25.724792
-26.812744
-26.800537
-24.7818
-26.577759
-25.724792
-26.779175
-24.917603
-27.049255
-24.523926
-26.013184
-26.602173
-28.015137
-26.091003
-26.556396
-27.548218
-26.416016
-26.779175
-25.89569
-27.571106
-27.297974
-26.733398
-28.123474
-25.624084
-26.59607
-25.564575
-27.8656
-25.98877
-26.252747
-27.606201
-27.27356
-28.294373
-26.66626
-26.004028
-25.737
-25.236511
-26.602173
-26.789856
-27.17743
-27.279663
-26.748657
-27.381897
-25.894165
-25.094604
-26.737976
-26.608276
-26.35498
-27.503967
-25.881958
-26.281738
-25.219727
-26.473999
-26.473999
-26.473999
-25.956726
-25.99945
-26.571655
-27.19574
-26.28479
-28.123474
-27.236938
-26.271057
-27.052307
-26.377869
-25.267029
-28.120422
-27.108765
-27.108765
-26.000977
-27.012634
-27.253723
-27.049255
-27.08435
-27.388
-26.028442
-26.817322
-25.796509
-28.303528
-27.180481
-25.970459
-27.354431
-27.061462
-26.072693
-27.4292
-27.044678
-26.571655
-28.309631
-25.564575
-27.35138
-26.638794
-24.472046
-25.875854
-26.473999
-26.589966
-25.267029
-27.096558
-26.547241
-27.223206
-27.236938
-25.46997
-26.000977
-26.45111
-26.44043
-27.227783
-27.226257
-26.608276
-25.810242
-26.470947
-28.279114
-25.92163
-26.591492
-27.900696
-27.381897
-26.495361
-24.357605
-26.756287
-27.140808
-26.568604
-27.716064
-26.27716
-27.305603
-26.33667
-27.508545
-26.594543
-27.204895
-27.055359
-27.139282
-26.043701
-26.52893
-26.313782
-26.377869
-26.377869
-26.377869
-26.637268
-27.19574
-25.079346
-27.053833
-26.237488
-26.27716
-26.589966
-26.361084
-26.68457
-26.515198
-26.307678
-28.083801
-26.457214
-24.92981
-27.301025
-27.175903
-25.712585
-27.20642
-25.956726
-25.875854
-25.131226
-25.72937
-26.756287
-26.545715
-26.004028
-27.088928
-26.747131
-27.044678
-26.63269
-26.6922
-26.298523
-25.593567
-25.74768
-27.381897
-25.692749
-25.863647
-26.751709
-26.254272
-26.307678
-26.24054
-28.282166
-26.620483
-26.712036
-27.359009
-26.473999
-27.108765
-26.782227
-25.12207
-25.109863
-26.635742
-26.020813
-27.886963
-26.402283
-25.680542
-25.250244
-25.117493
-28.173828
-25.737
-25.109863
-26.289368
-26.351929
-25.827026
-26.480103
-25.70343
-25.845337
-25.759888
-27.95105
-26.017761
-27.052307
-26.612854
-28.575134
-25.222778
-27.410889
-25.839233
-27.375793
-26.339722
-26.261902
-25.550842
-25.550842
-25.550842
-25.689697
-27.067566
-25.543213
-26.77002
-25.56305
-25.85144
-25.52948
-24.316406
-24.217224
-26.446533
-25.297546
-24.476624
-25.636292
-26.335144
-26.022339
-26.309204
-24.5224
-25.013733
-25.712585
-25.737
-25.263977
-22.642517
-25.985718
-26.42212
-25.83313
-26.635742
-27.389526
-27.508545
-27.209473
-25.064087
-26.321411
-27.84729
-25.279236
-26.495361
-24.549866
-23.68927
-24.519348
-24.83368
-24.54834
-24.842834
-24.794006
-24.816895
-25.102234
-24.963379
-24.440002
-24.371338
-24.07837
-23.33374
-22.81189
-24.429321
-24.003601
-25.75531
-24.751282
-25.64087
-25.260925
-25.279236
-25.297546
-24.842834
-24.920654
-26.913452
-25.05188
-24.603271
-23.84491
-26.6922
-24.5224
-23.640442
-25.514221
-26.243591
-24.59259
-26.773071
-24.397278
-25.776672
-27.49939
-24.34845
-26.290894
-26.959229
-26.02539
-26.02539
-26.02539
-26.02539
-27.432251
-26.933289
-27.537537
-29.00238
-29.025269
-30.038452
-28.417969
-28.535461
-29.212952
-29.103088
-28.16925
-28.20282
-27.990723
-28.71399
-28.207397
-27.632141
-29.852295
-28.372192
-29.019165
-28.09143
-29.064941
-29.859924
-28.161621
-28.956604
-30.54657
-29.771423
-33.42743
-31.471252
-30.288696
-28.987122
-28.442383
-29.82788
-28.271484
-29.795837
-27.511597
-28.475952
-28.674316
-27.548218
-28.050232
-28.349304
-28.967285
-28.135681
-29.556274
-29.626465
-29.48761
-28.625488
-29.13208
-27.133179
-29.344177
-28.933716
-29.629517
-30.490112
-29.750061
-29.99115
-28.186035
-30.02472
-30.879211
-30.73883
-30.267334
-30.993652
-31.654358
-30.924988
-30.155945
-30.715942
-30.085754
-31.689453
-30.397034
-29.499817
-30.685425
-32.366943
-30.215454
-31.942749
-31.912231
-30.722046
-32.36084
-33.395386
-32.681274
-32.681274
-31.07605
-30.140686
-30.305481
-28.959656
-29.980469
-28.607178
-27.388
-27.82135
-25.846863
-26.4328
-25.53711
-26.651001
-26.132202
-26.98059
-28.18451
-28.4729
-28.227234
-27.418518
-29.499817
-27.131653
-29.388428
-28.666687
-29.655457
-28.839111
-28.507996
-30.218506
-30.02472
-30.802917
-30.877686
-29.685974
-30.448914
-28.544617
-29.65393
-30.267334
-30.986023
-29.615784
-31.333923
-29.031372
-28.54309
-28.256226
-28.848267
-29.04358
-28.985596
-30.957031
-28.276062
-28.869629
-28.276062
-30.252075
-29.328918
-27.830505
-27.391052
-30.39856
-29.100037
-27.320862
-27.584839
-28.605652
-27.35138
-27.410889
-28.196716
-27.415466
-28.892517
-27.89154
-27.546692
-26.583862
-28.858948
-28.401184
-29.031372
-28.050232
-28.651428
-25.933838
-28.153992
-27.319336
-27.908325
-28.981018
-26.559448
-29.759216
-29.405212
-30.34668
-30.34668
-30.34668
-27.574158
-28.930664
-29.371643
-28.729248
-28.027344
-28.295898
-28.071594
-29.690552
-28.057861
-28.982544
-28.684998
-30.456543
-28.625488
-27.819824
-27.494812
-27.033997
-28.004456
-30.10559
-29.470825
-28.591919
-27.523804
-29.081726
-30.33142
-27.430725
-28.588867
-28.541565
-28.276062
-28.352356
-26.733398
-28.178406
-28.684998
-27.424622
-28.762817
-27.960205
-28.248596
-27.993774
-29.122925
-28.46222
-29.205322
-29.541016
-28.135681
-28.72467
-28.500366
-29.751587
-29.876709
-31.593323
-30.474854
-28.919983
-29.536438
-30.262756
-30.311584
-31.45752
-29.927063
-31.939697
-30.549622
-31.37207
-31.411743
-30.2948
-31.367493
-31.469727
-32.598877
-32.055664
-31.82373
-31.265259
-31.030273
-30.505371
-29.855347
-30.615234
-30.187988
-30.549622
-32.82776
-29.450989
-31.782532
-32.585144
-32.885742
-31.816101
-30.656433
-30.656433
-30.656433
-31.840515
-31.840515
-32.310486
-31.278992
-31.846619
-31.365967
-31.384277
-33.86383
-32.955933
-32.788086
-32.48291
-31.355286
-32.27234
-32.418823
-31.491089
-29.949951
-31.347656
-32.12738
-31.143188
-32.154846
-32.133484
-30.099487
-33.065796
-31.89392
-31.462097
-32.90863
-32.34558
-32.154846
-32.82776
-32.95288
-34.072876
-34.483337
-33.657837
-33.309937
-34.03473
-34.13391
-34.132385
-33.638
-34.84497
-32.107544
-32.725525
-34.631348
-34.480286
-33.688354
-34.344482
-34.165955
-34.614563
-34.388733
-35.01129
-33.84552
-35.36682
-34.402466
-34.59015
-34.301758
-33.421326
-34.472656
-33.018494
-34.584045
-33.86841
-32.737732
-34.73053
-33.662415
-33.05664
-33.11615
-33.180237
-33.026123
-33.71582
-33.815002
-32.366943
-31.686401
-32.437134
-31.204224
-33.70056
-32.30591
-34.596252
-32.99408
-34.695435
-33.572388
-33.572388
-32.444763
-33.09326
-36.016846
-33.006287
-34.5932
-33.61206
-33.184814
-34.55658
-34.527588
-33.444214
-33.869934
-33.584595
-33.581543
-32.669067
-33.702087
-33.90045
-31.518555
-33.781433
-31.629944
-32.39746
-31.474304
-30.838013
-32.743835
-33.01239
-32.730103
-29.936218
-30.345154
-30.67627
-32.373047
-32.336426
-30.903625
-32.130432
-31.332397
-31.69403
-29.756165
-30.732727
-29.47998
-30.584717
-30.023193
-30.6427
-31.50177
-32.09381
-29.420471
-31.23169
-29.11377
-30.636597
-30.136108
-30.923462
-30.648804
-32.321167
-30.401611
-31.24237
-31.452942
-32.644653
-32.043457
-31.91681
-33.039856
-33.050537
-31.918335
-32.348633
-30.319214
-32.554626
-31.266785
-33.094788
-32.566833
-32.066345
-32.09076
-31.265259
-33.79059
-33.81958
-32.7713
-32.766724
-32.12738
-32.23419
-32.54547
-31.034851
-31.903076
-31.903076
-31.903076
-30.477905
-31.222534
-32.06482
-31.298828
-32.70874
-31.323242
-31.858826
-33.068848
-31.497192
-31.311035
-33.892822
-33.718872
-32.728577
-33.898926
-32.28302
-32.05414
-32.35016
-32.270813
-32.78656
-30.662537
-32.86133
-32.955933
-30.697632
-33.395386
-32.061768
-34.339905
-32.070923
-33.795166
-34.24225
-33.93097
-34.38568
-32.30133
-35.0235
-36.047363
-34.49707
-34.8938
-34.196472
-32.780457
-33.69751
-33.494568
-32.736206
-33.815002
-33.12683
-32.79724
-33.032227
-33.546448
-32.788086
-32.64923
-31.358337
-30.574036
-31.636047
-31.57196
-32.156372
-32.48291
-33.728027
-33.737183
-31.472778
-31.56128
-32.513428
-32.354736
-33.924866
-30.911255
-31.590271
-32.302856
-32.322693
-33.309937
-33.0719
-31.272888
-32.34253
-34.779358
-34.425354
-34.99756
-34.55658
-33.625793
-34.909058
-33.439636
-35.690308
-35.690308
-35.690308
-34.65576
-33.90045
-35.116577
-35.35919
-35.372925
-34.243774
-33.961487
-33.38318
-34.495544
-32.62787
-31.89087
-31.925964
-33.221436
-32.995605
-33.773804
-32.57599
-31.713867
-31.5979
-33.436584
-32.61261
-29.568481
-32.06787
-29.151917
-30.540466
-28.721619
-29.492188
-29.154968
-28.347778
-30.45044
-29.812622
-28.862
-30.618286
-31.469727
-31.900024
-31.318665
-29.891968
-30.36499
-32.730103
-31.292725
-32.658386
-33.89435
-31.64978
-33.02765
-33.779907
-35.29358
-34.640503
-35.102844
-34.786987
-37.3703
-35.55603
-36.13434
-36.86371
-35.328674
-35.26001
-37.705994
-36.938477
-36.86676
-35.96039
-35.40039
-35.705566
-36.720276
-35.031128
-36.886597
-37.246704
-36.138916
-35.998535
-37.18872
-36.195374
-36.0672
-34.23462
-33.610535
-32.91931
-33.51288
-33.90045
-34.74579
-32.8537
-33.605957
-33.605957
-33.605957
-32.276917
-32.26013
-31.674194
-33.024597
-33.216858
-31.446838
-31.614685
-33.695984
-30.917358
-30.66101
-32.525635
-32.995605
-32.577515
-32.304382
-33.03528
-32.580566
-31.799316
-32.53174
-32.373047
-32.27234
-31.78711
-32.351685
-32.904053
-33.04138
-32.707214
-33.28247
-31.359863
-29.711914
-30.961609
-31.201172
-31.422424
-30.647278
-31.350708
-31.393433
-31.336975
-31.402588
-31.295776
-31.314087
-30.737305
-30.795288
-29.438782
-30.285645
-32.373047
-32.507324
-31.237793
-30.099487
-31.100464
-30.206299
-30.844116
-31.3797
-30.83496
-31.750488
-30.245972
-31.018066
-28.49121
-30.001831
-29.876709
-30.064392
-29.278564
-30.679321
-30.438232
-31.193542
-30.116272
-30.125427
-31.455994
-31.692505
-29.470825
-30.70221
-30.867004
-30.484009
-32.58362
-29.814148
-31.307983
-30.19104
-30.667114
-29.205322
-29.50592
-29.50592
-29.50592
-29.362488
-30.108643
-29.420471
-28.73993
-28.471375
-28.623962
-28.09143
-27.43988
-27.781677
-30.116272
-27.09198
-28.07312
-28.15094
-28.742981
-28.634644
-28.955078
-27.383423
-28.49884
-29.624939
-29.45404
-27.432251
-27.314758
-29.69513
-28.285217
-28.503418
-28.556824
-28.607178
-29.830933
-28.762817
-31.001282
-30.387878
-29.776001
-30.349731
-31.608582
-32.3761
-30.845642
-30.986023
-31.985474
-32.63855
-32.450867
-33.773804
-34.0271
-35.694885
-34.077454
-34.50775
-36.68518
-35.505676
-34.6817
-35.56671
-36.128235
-34.542847
-35.22644
-34.843445
-33.90808
-33.40912
-33.270264
-35.284424
-35.559082
-34.939575
-35.447693
-34.825134
-32.481384
-34.051514
-34.960938
-35.375977
-34.101868
-33.18329
-34.552002
-34.5459
-34.083557
-34.07135
-33.535767
-32.69348
-34.28955
-33.28247
-34.143066
-32.64618
-34.776306
-34.776306
-32.110596
-31.948853
-30.462646
-31.147766
-30.522156
-34.114075
-32.4234
-32.901
-33.53882
-32.592773
-32.922363
-32.495117
-33.398438
-32.063293
-33.27942
-34.21173
-35.78949
-35.614014
-34.33075
-35.46295
-34.27124
-36.4563
-35.78949
-36.37848
-36.268616
-35.055542
-35.06775
-34.73358
-35.266113
-36.605835
-36.776733
-36.4563
-36.276245
-35.728455
-34.135437
-35.5484
-34.509277
-36.524963
-35.82306
-35.13336
-35.243225
-34.898376
-35.00061
-34.31244
-35.957336
-35.447693
-34.69696
-34.654236
-36.465454
-35.20813
-35.827637
-34.317017
-35.97412
-36.45172
-35.3714
-35.253906
-34.640503
-35.057068
-35.26001
-36.605835
-35.673523
-35.24933
-35.24475
-37.322998
-35.968018
-37.29248
-35.88562
-36.717224
-38.272095
-38.68103
-40.524292
-39.102173
-38.983154
-38.809204
-38.62915
-38.885498
-38.102722
-37.921143
-36.618042
-36.618042
-36.618042
-37.41455
-37.135315
-36.895752
-36.53412
-37.486267
-38.78479
-37.252808
-36.621094
-38.113403
-40.055847
-37.55188
-36.953735
-35.43701
-36.654663
-35.473633
-35.891724
-36.6745
-37.561035
-35.92224
-37.452698
-35.350037
-33.903503
-34.791565
-35.128784
-34.040833
-32.777405
-34.34906
-35.417175
-35.377502
-35.087585
-36.590576
-36.17096
-35.964966
-37.25586
-36.479187
-37.361145
-38.24005
-40.23285
-39.43634
-37.968445
-39.92462
-39.85138
-39.675903
-39.875793
-40.135193
-40.464783
-40.316772
-39.10675
-39.54315
-39.07776
-39.28833
-39.779663
-38.74054
-39.59198
-38.319397
-37.31079
-39.39209
-36.387634
-37.657166
-36.683655
-38.0661
-37.6709
-37.61139
-35.995483
-33.670044
-35.391235
-36.80725
-35.97107
-35.80475
-35.10742
-34.170532
-34.18579
-34.16748
-34.509277
-34.48181
-34.64508
-34.64508
-34.64508
-33.70819
-33.19397
-33.909607
-32.910156
-31.344604
-31.24237
-31.518555
-33.729553
-32.881165
-33.953857
-31.610107
-32.8537
-32.878113
-31.921387
-33.932495
-33.5907
-32.714844
-32.989502
-33.047485
-31.195068
-30.880737
-30.133057
-30.163574
-30.088806
-29.386902
-30.505371
-31.591797
-31.93512
-30.496216
-30.503845
-28.561401
-26.84784
-29.129028
-28.495789
-29.125977
-28.268433
-30.065918
-30.807495
-30.178833
-30.05066
-28.475952
-28.956604
-28.622437
-27.920532
-27.819824
-28.146362
-28.878784
-29.034424
-31.182861
-31.182861
-29.161072
-29.17633
-28.443909
-26.153564
-28.453064
-28.282166
-28.607178
-27.877808
-29.23584
-27.82135
-28.11737
-29.414368
-27.690125
-26.263428
-27.848816
-28.504944
-29.29535
-29.354858
-29.354858
-28.892517
-27.827454
-29.837036
-27.641296
-29.61731
-29.270935
-29.563904
-30.674744
-32.069397
-32.069397
-30.303955
-32.762146
-30.426025
-31.81305
-28.933716
-31.578064
-29.67987
-30.006409
-29.833984
-29.092407
-28.936768
-28.85437
-29.101562
-26.686096
-28.242493
-28.082275
-28.105164
-24.702454
-27.40326
-26.98822
-26.50299
-26.957703
-27.410889
-25.262451
-26.557922
-26.742554
-25.723267
-26.60675
-25.831604
-26.156616
-26.55487
-25.906372
-26.141357
-25.987244
-25.874329
-25.135803
-25.961304
-25.726318
-25.263977
-25.265503
-25.700378
-27.542114
-26.152039
-27.963257
-26.8219
-26.629639
-24.623108
-25.819397
-26.629639
-24.136353
-26.719666
-25.819397
-25.30365
-25.688171
-25.79956
-25.20752
-26.069641
-24.212646
-22.665405
-23.458862
-23.828125
-24.298096
-24.18518
-23.7854
-24.91455
-24.856567
-23.510742
-22.903442
-24.32251
-22.885132
-21.568298
-23.61908
-20.84198
-20.864868
-21.192932
-20.55664
-21.447754
-22.657776
-22.657776
-22.657776
-23.039246
-23.786926
-22.721863
-21.531677
-21.995544
-21.504211
-22.7417
-22.2229
-23.457336
-22.148132
-22.78595
-22.854614
-24.499512
-26.141357
-25.169373
-25.619507
-24.060059
-22.685242
-25.17395
-26.693726
-24.369812
-25.265503
-25.744629
-26.715088
-25.540161
-26.675415
-25.87738
-24.395752
-23.605347
-23.025513
-24.25232
-23.828125
-23.356628
-23.678589
-23.51532
-23.353577
-23.034668
-25.715637
-23.692322
-23.446655
-23.52295
-24.169922
-24.08905
-21.987915
-23.823547
-22.01233
-22.514343
-24.850464
-24.37439
-24.35913
-24.568176
-26.016235
-25.837708
-25.213623
-27.140808
-27.192688
-26.629639
-26.739502
-26.771545
-25.52185
-28.779602
-28.718567
-27.36206
-27.24762
-27.539062
-27.5177
-27.526855
-27.47345
-27.526855
-26.42212
-28.160095
-28.742981
-27.775574
-28.694153
-28.355408
-28.315735
-26.719666
-26.719666
-26.719666
-27.972412
-28.62091
-27.1698
-27.867126
-26.837158
-25.741577
-28.253174
-26.44043
-27.890015
-28.09906
-27.416992
-25.828552
-28.135681
-28.857422
-28.808594
-27.893066
-29.093933
-28.782654
-29.309082
-28.709412
-26.823425
-30.166626
-28.868103
-30.828857
-31.27594
-30.033875
-29.728699
-28.263855
-28.138733
-28.9505
-29.502869
-30.033875
-31.811523
-31.826782
-31.97174
-32.434082
-33.221436
-32.25708
-33.03528
-32.6828
-31.921387
-34.527588
-33.398438
-33.706665
-33.354187
-33.247375
-35.264587
-34.568787
-33.677673
-34.410095
-34.754944
-35.476685
-33.229065
-33.322144
-33.944702
-33.36487
-33.358765
-34.103394
-34.194946
-33.265686
-32.929993
-32.21588
-32.348633
-32.95746
-32.9422
-33.95233
-33.337402
-33.221436
-33.337402
-33.395386
-34.143066
-32.209778
-33.229065
-34.324646
-33.340454
-33.09784
-33.00934
-33.5907
-33.5907
-33.5907
-31.437683
-31.336975
-33.14514
-33.340454
-33.769226
-34.0744
-33.729553
-33.198547
-35.37903
-31.736755
-33.91266
-34.013367
-33.66394
-33.71277
-32.09381
-34.562683
-32.699585
-32.980347
-34.1568
-33.163452
-33.80127
-32.83539
-32.781982
-34.59015
-32.762146
-33.354187
-32.901
-31.088257
-32.77893
-32.03888
-34.283447
-34.449768
-32.487488
-31.726074
-30.081177
-30.575562
-30.00946
-29.975891
-30.656433
-28.561401
-29.689026
-29.650879
-31.269836
-30.75409
-29.255676
-30.010986
-30.653381
-29.574585
-29.263306
-30.6427
-29.246521
-29.154968
-29.246521
-29.716492
-29.06189
-30.345154
-28.930664
-28.73993
-28.009033
-29.478455
-29.789734
-28.430176
-29.606628
-29.478455
-29.058838
-29.80957
-28.018188
-28.721619
-28.352356
-27.500916
-28.944397
-28.041077
-29.420471
-30.342102
-29.476929
-29.15039
-28.968811
-27.326965
-27.326965
-26.890564
-28.088379
-27.294922
-26.600647
-25.610352
-25.860596
-24.606323
-24.984741
-24.429321
-25.318909
-22.43042
-23.474121
-24.490356
-22.02301
-22.923279
-23.246765
-21.90094
-21.595764
-22.972107
-21.22345
-22.833252
-23.306274
-21.446228
-21.992493
-21.784973
-22.917175
-21.731567
-22.142029
-21.305847
-21.820068
-23.280334
-22.132874
-21.095276
-21.82312
-22.737122
-21.037292
-23.760986
-20.652771
-20.783997
-20.14618
-21.728516
-20.939636
-20.776367
-19.174194
-20.051575
-19.87915
-19.689941
-19.429016
-20.179749
-18.629456
-20.484924
-20.083618
-20.24231
-18.515015
-19.410706
-19.184875
-18.708801
-17.9245
-16.767883
-17.71698
-16.105652
-17.0578
-17.211914
-15.357971
-16.212463
-15.492249
-16.418457
-15.609741
-14.526367
-16.307068
-13.299561
-15.339661
-15.187073
-14.222717
-13.955688
-14.38446
-14.425659
-13.775635
-14.486694
-14.94751
-14.2578125
-14.2578125
-13.046265
-14.854431
-12.533569
-11.743164
-10.9817505
-12.173462
-11.260986
-11.967468
-10.122681
-10.395813
-11.31134
-9.309387
-11.703491
-10.72998
-10.418701
-10.891724
-9.677124
-10.6918335
-10.392761
-11.190796
-11.053467
-10.995483
-11.520386
-11.636353
-10.675049
-9.95636
-8.7387085
-11.564636
-8.444214
-10.246277
-10.284424
-10.203552
-10.769653
-10.78186
-10.771179
-9.70459
-9.403992
-9.742737
-8.924866
-10.032654
-9.378052
-9.970093
-10.057068
-8.34198
-7.081604
-8.892822
-7.824707
-6.8130493
-9.727478
-9.352112
-8.953857
-9.191895
-8.135986
-8.085632
-7.4783325
-9.599304
-6.764221
-6.2805176
-7.0404053
-6.7626953
-5.4626465
-5.1971436
-5.7754517
-5.912781
-5.3085327
-4.737854
-3.5202026
-4.0008545
-1.5457153
-2.9632568
-2.1728516
-4.4784546
-2.3529053
-5.116272
-5.264282
-2.5222778
-3.8757324
-3.8757324
-3.617859
-3.6117554
-4.35791
-3.6727905
-3.6483765
-1.28479
-4.0283203
-3.6361694
-4.360962
-2.6168823
-2.2903442
-4.1137695
-1.499939
-3.0044556
-3.0349731
-2.4154663
-0.30212402
-1.6830444
-0.37384033
-1.3656616
-0.97351074
-1.4587402
-2.481079
-2.6947021
-1.1352539
-0.95214844
-1.0498047
-1.6342163
-1.4404297
-0.6652832
-0.8377075
-0.70648193
-0.7141113
-0.036621094
-1.1169434
-0.37231445
0.30059814
1.121521
1.8295288
1.3427734
1.0360718
2.1331787
1.9393921
2.532959
2.0599365
3.4179688
1.5014648
0.72784424
2.1484375
0.4043579
1.9134521
1.071167
0.67749023
1.0223389
0.50354004
1.171875
1.8249512
0.6744385
1.1260986
0.18920898
0.9613037
0.5279541
0.18005371
1.7196655
0.27160645
2.380371
2.973938
1.9424438
2.5360107
3.5064697
2.1224976
2.380371
1.2008667
2.4490356
1.1688232
1.3442993
-0.23345947
1.1657715
1.3076782
1.3076782
1.3076782
0.9185791
-0.28381348
0.55236816
-0.50964355
1.0131836
-0.2029419
0.5432129
1.0345459
0.10223389
0.7720947
1.0864258
-0.04119873
0.9170532
1.8920898
1.9699097
2.217102
0.4699707
2.746582
1.1672974
1.1001587
1.8005371
-0.051879883
-1.335144
0.2593994
0.021362305
0.8331299
-0.5477905
-0.86364746
-0.52337646
-0.440979
-0.40893555
-0.6713867
0.20751953
-1.3504028
0.7888794
-0.5493164
-0.6362915
0.6942749
0.7827759
-0.37384033
0.98724365
-1.5350342
0.19683838
-0.14343262
0.7385254
0.0289917
0.051879883
-1.2161255
-0.8743286
-1.4816284
0.15106201
-1.2649536
-0.53253174
-1.7044067
-1.4450073
-0.4486084
-1.234436
-1.689148
-1.2542725
0.26550293
-2.9190063
-2.191162
0.5126953
-0.8758545
-1.3137817
-0.5279541
-0.70495605
-2.531433
-1.0025024
-2.2521973
-2.4215698
-1.4938354
-0.90179443
0.16784668
-2.3971558
-2.4261475
-1.8554688
-0.90179443
-0.90179443
-0.90179443
-2.9449463
-2.5741577
-1.361084
-3.7368774
-3.3218384
-2.8396606
-1.8737793
-3.3828735
-0.8529663
-1.7959595
-2.4276733
-2.8427124
-1.373291
-2.5543213
-2.6153564
-3.0593872
-1.675415
-3.1539917
-3.6514282
-2.4398804
-2.9190063
-1.0925293
-1.8112183
-2.583313
-3.6514282
-2.8121948
-3.7826538
-4.1152954
-2.9830933
-2.6306152
-3.6315918
-3.0349731
-2.8793335
-2.381897
-2.8518677
-2.2979736
-2.9678345
-2.3666382
-3.7719727
-2.3010254
-2.2003174
-3.4820557
-1.0650635
-4.130554
-5.4000854
-3.2165527
-1.5228271
-4.4570923
-2.6794434
-3.0975342
-3.8604736
-4.0023804
-3.7109375
-3.3599854
-5.2200317
-3.7506104
-4.1290283
-4.130554
-5.934143
-4.231262
-4.875183
-3.753662
-4.550171
-5.44281
-3.704834
-4.6585083
-5.415344
-4.498291
-6.185913
-4.824829
-4.5928955
-6.9625854
-5.3009033
-5.2383423
-6.465149
-7.080078
-7.1914673
-6.1309814
-6.1309814
-6.1309814
-6.3980103
-6.416321
-7.9574585
-7.50885
-6.7214966
-7.823181
-7.978821
-7.2372437
-7.948303
-7.6400757
-8.694458
-9.074402
-7.13501
-8.280945
-9.309387
-8.003235
-9.490967
-9.971619
-9.077454
-8.384705
-10.314941
-9.965515
-9.980774
-8.540344
-11.016846
-10.089111
-12.495422
-10.986328
-11.006165
-10.987854
-10.144043
-12.805176
-11.579895
-13.258362
-13.726807
-14.448547
-13.146973
-14.424133
-12.440491
-13.218689
-12.431335
-14.34021
-14.393616
-13.502502
-12.945557
-13.670349
-14.292908
-14.271545
-14.675903
-16.067505
-15.936279
-14.968872
-16.992188
-14.930725
-15.898132
-16.177368
-18.200684
-16.97998
-17.675781
-17.402649
-16.459656
-17.286682
-17.993164
-17.65747
-15.9729
-17.230225
-18.119812
-19.91272
-16.760254
-17.713928
-17.201233
-17.965698
-18.869019
-20.233154
-18.89801
-17.62085
-18.656921
-18.041992
-18.127441
-18.127441
-19.013977
-19.767761
-20.39032
-18.855286
-18.74237
-19.055176
-20.431519
-18.76831
-18.789673
-19.577026
-19.548035
-18.704224
-18.914795
-20.892334
-20.10498
-20.109558
-20.280457
-19.625854
-20.59021
-20.191956
-21.064758
-21.766663
-21.559143
-21.183777
-20.030212
-21.50879
-20.826721
-21.44165
-19.619751
-19.918823
-20.986938
-18.38379
-16.860962
-17.532349
-19.967651
-18.769836
-18.489075
-18.47992
-17.71698
-19.360352
-19.19403
-18.782043
-20.214844
-17.895508
-20.385742
-21.07544
-21.128845
-21.740723
-21.162415
-21.19751
-22.480774
-21.580505
-21.09375
-21.443176
-20.266724
-19.638062
-21.73767
-20.335388
-20.802307
-20.794678
-20.552063
-21.650696
-21.76361
-22.834778
-19.499207
-21.31195
-21.992493
-20.259094
-21.356201
-21.250916
-21.33789
-19.16504
-20.204163
-19.41681
-19.003296
-18.858337
-18.307495
-18.147278
-18.496704
-18.496704
-18.496704
-17.774963
-17.559814
-17.49878
-16.098022
-14.866638
-15.286255
-15.647888
-16.282654
-16.41388
-14.903259
-15.699768
-17.529297
-16.43982
-16.697693
-16.700745
-17.793274
-17.808533
-18.000793
-17.170715
-17.07611
-17.558289
-16.914368
-17.536926
-16.711426
-16.920471
-15.666199
-16.43982
-16.06903
-16.02478
-15.538025
-15.254211
-14.387512
-14.634705
-13.7161255
-14.538574
-14.578247
-12.994385
-13.638306
-15.138245
-13.88855
-13.418579
-14.962769
-15.010071
-12.998962
-16.229248
-15.390015
-15.872192
-15.863037
-16.918945
-16.66565
-16.101074
-16.505432
-15.643311
-17.167664
-16.114807
-16.415405
-15.838623
-16.125488
-16.435242
-16.400146
-15.310669
-15.289307
-16.082764
-14.213562
-15.805054
-17.462158
-16.11023
-16.532898
-15.591431
-15.864563
-16.456604
-15.708923
-15.130615
-15.567017
-16.349792
-14.891052
-15.637207
-14.723206
-15.270996
-15.270996
-15.72876
-15.731812
-16.340637
-15.162659
-15.657043
-17.170715
-17.016602
-15.774536
-16.972351
-17.094421
-15.354919
-16.27655
-16.322327
-17.381287
-18.159485
-18.600464
-18.82782
-17.727661
-17.276001
-18.687439
-17.959595
-16.854858
-17.330933
-17.822266
-17.687988
-18.128967
-19.125366
-17.904663
-17.285156
-16.94336
-16.867065
-16.085815
-16.33606
-15.969849
-16.04309
-18.338013
-15.318298
-17.826843
-16.91742
-17.60559
-17.045593
-16.52832
-17.29889
-15.432739
-17.582703
-15.2404785
-15.98053
-16.403198
-17.530823
-17.515564
-18.30597
-17.848206
-17.094421
-18.243408
-16.80603
-17.637634
-19.007874
-17.160034
-16.903687
-18.656921
-17.817688
-19.018555
-18.484497
-19.483948
-18.746948
-19.934082
-20.228577
-20.796204
-20.980835
-20.735168
-19.805908
-22.381592
-23.272705
-22.268677
-21.330261
-24.87793
-22.865295
-22.43805
-23.179626
-23.179626
-23.179626
-23.179626
-22.305298
-22.317505
-22.886658
-19.972229
-20.593262
-21.418762
-21.476746
-21.478271
-19.66095
-20.054626
-19.25354
-19.589233
-20.721436
-19.903564
-18.127441
-18.510437
-20.045471
-18.21289
-20.552063
-18.182373
-17.767334
-17.237854
-17.512512
-18.281555
-19.496155
-18.421936
-17.648315
-17.518616
-18.32428
-17.38739
-16.880798
-19.528198
-17.945862
-20.013428
-18.21289
-16.595459
-18.185425
-17.424011
-18.157959
-18.487549
-19.268799
-18.447876
-17.303467
-18.42804
-20.591736
-19.070435
-19.218445
-19.015503
-20.393372
-19.760132
-19.36493
-18.296814
-19.236755
-17.861938
-19.084167
-18.403625
-16.351318
-15.179443
-15.98053
-14.915466
-16.093445
-16.54358
-15.000916
-15.080261
-17.048645
-13.504028
-15.591431
-15.21759
-15.223694
-14.950562
-17.17987
-16.746521
-16.046143
-14.675903
-16.523743
-16.07666
-16.296387
-16.296387
-16.296387
-15.2786255
-16.360474
-17.329407
-18.319702
-17.393494
-16.793823
-15.847778
-15.315247
-16.375732
-16.949463
-16.177368
-16.670227
-17.575073
-18.411255
-17.611694
-17.90924
-16.873169
-17.124939
-16.906738
-17.314148
-17.185974
-16.474915
-17.274475
-15.567017
-15.409851
-15.562439
-16.229248
-15.357971
-16.566467
-14.190674
-14.656067
-15.400696
-15.560913
-14.894104
-15.090942
-14.79187
-13.078308
-13.735962
-14.93988
-14.312744
-13.470459
-15.2404785
-15.37323
-13.981628
-14.671326
-14.71405
-14.645386
-13.871765
-14.535522
-13.786316
-14.3081665
-13.328552
-13.511658
-13.412476
-13.226318
-12.7960205
-13.291931
-14.637756
-13.900757
-15.70282
-14.863586
-14.726257
-13.1073
-14.984131
-16.586304
-15.792847
-14.146423
-14.331055
-15.428162
-13.180542
-15.188599
-13.499451
-13.749695
-14.178467
-12.509155
-15.093994
-14.511108
-14.794922
-13.468933
-13.468933
-14.582825
-12.792969
-14.607239
-14.645386
-14.49585
-14.364624
-11.610413
-11.357117
-13.012695
-13.212585
-12.831116
-12.341309
-12.576294
-12.451172
-12.5442505
-12.229919
-11.59668
-10.4019165
-13.467407
-12.608337
-12.532043
-12.223816
-12.945557
-12.953186
-13.372803
-14.079285
-15.78064
-14.015198
-13.989258
-13.478088
-13.188171
-15.061951
-15.7547
-14.6698
-14.199829
-15.24353
-15.701294
-16.569519
-15.716553
-16.117859
-16.217041
-13.897705
-16.886902
-14.907837
-14.505005
-16.706848
-15.301514
-15.997314
-16.117859
-15.368652
-16.569519
-15.167236
-17.643738
-16.107178
-15.687561
-15.2771
-15.675354
-15.441895
-16.932678
-16.766357
-16.522217
-14.320374
-15.393066
-13.667297
-14.578247
-14.668274
-14.631653
-13.059998
-14.411926
-13.607788
-12.823486
-14.875793
-14.151001
-15.455627
-15.171814
-14.755249
-15.110779
-16.197205
-15.415955
-15.415955
-15.415955
-15.409851
-14.685059
-14.619446
-15.136719
-15.538025
-14.607239
-15.840149
-16.220093
-16.25061
-14.607239
-15.77301
-14.369202
-15.158081
-15.771484
-14.367676
-15.028381
-14.978027
-15.666199
-15.879822
-14.691162
-14.660645
-14.49585
-14.944458
-14.511108
-14.596558
-14.517212
-14.3585205
-12.574768
-15.083313
-15.118408
-12.068176
-13.021851
-12.042236
-13.020325
-13.592529
-13.500977
-12.718201
-13.569641
-12.446594
-12.495422
-13.059998
-12.498474
-11.720276
-14.422607
-14.486694
-12.356567
-12.387085
-14.607239
-15.061951
-12.171936
-12.327576
-15.065002
-16.001892
-13.6779785
-13.928223
-13.789368
-13.922119
-16.259766
-15.0894165
-16.453552
-14.559937
-15.25116
-14.538574
-14.645386
-16.531372
-15.2282715
-14.962769
-15.187073
-15.203857
-13.673401
-15.98053
-15.107727
-13.75885
-14.962769
-13.731384
-14.552307
-13.764954
-13.764954
-14.250183
-14.250183
-14.465332
-13.00354
-13.764954
-14.431763
-12.675476
-14.370728
-14.289856
-13.68103
-14.303589
-14.413452
-13.616943
-12.265015
-11.497498
-11.378479
-10.899353
-12.939453
-13.044739
-13.037109
-14.64386
-13.954163
-12.686157
-11.564636
-12.713623
-13.174438
-14.199829
-12.234497
-12.216187
-11.880493
-12.841797
-12.294006
-13.523865
-12.371826
-12.612915
-11.859131
-12.037659
-12.672424
-11.933899
-15.109253
-12.863159
-13.661194
-12.837219
-12.097168
-13.032532
-12.5442505
-12.962341
-12.266541
-13.412476
-12.82196
-14.222717
-13.412476
-13.710022
-13.600159
-14.198303
-13.7283325
-14.582825
-15.106201
-13.633728
-14.878845
-13.020325
-14.144897
-14.100647
-13.562012
-11.627197
-11.502075
-12.8463745
-12.767029
-12.716675
-12.782288
-12.783813
-14.767456
-15.505981
-13.99231
-12.911987
-13.697815
-13.499451
-12.760925
-14.332581
-11.972046
-12.284851
-12.284851
-12.284851
-13.536072
-12.625122
-12.614441
-11.816406
-12.792969
-14.251709
-13.734436
-12.973022
-13.661194
-12.010193
-12.954712
-12.937927
-10.484314
-13.441467
-12.043762
-13.343811
-14.013672
-13.5849
-14.317322
-13.2247925
-12.626648
-16.427612
-14.477539
-13.398743
-12.90741
-14.13269
-13.694763
-13.110352
-14.758301
-15.055847
-15.901184
-14.920044
-15.205383
-13.705444
-12.734985
-12.586975
-13.452148
-11.335754
-12.619019
-12.957764
-11.479187
-13.381958
-13.006592
-13.020325
-13.122559
-13.175964
-14.343262
-13.470459
-13.517761
-12.356567
-12.210083
-12.257385
-12.265015
-12.217712
-13.546753
-13.381958
-12.931824
-13.806152
-14.027405
-14.405823
-13.294983
-12.719727
-13.487244
-13.565063
-13.2247925
-13.545227
-12.942505
-14.682007
-13.365173
-12.426758
-13.536072
-12.641907
-12.741089
-12.460327
-13.7283325
-12.095642
-13.346863
-12.602234
-12.602234
-12.602234
-12.599182
-10.980225
-12.904358
-12.8845215
-12.724304
-10.98938
-12.059021
-11.483765
-11.224365
-12.156677
-10.655212
-11.578369
-12.167358
-11.601257
-11.497498
-11.335754
-13.171387
-11.320496
-11.502075
-11.320496
-8.522034
-11.434937
-10.491943
-10.85968
-10.675049
-12.307739
-10.800171
-9.832764
-11.349487
-11.343384
-11.543274
-10.681152
-13.011169
-11.508179
-12.112427
-12.701416
-11.193848
-11.439514
-11.401367
-11.296082
-11.343384
-12.586975
-11.4151
-11.308289
-12.574768
-11.825562
-11.824036
-12.216187
-12.020874
-11.33728
-12.976074
-14.105225
-11.985779
-14.456177
-13.311768
-13.456726
-15.203857
-15.203857
-13.731384
-14.656067
-13.774109
-15.205383
-13.600159
-13.74054
-14.393616
-14.927673
-15.402222
-12.098694
-13.764954
-13.60321
-13.809204
-13.957214
-13.761902
-13.191223
-14.99176
-14.656067
-13.858032
-14.494324
-12.858582
-12.858582
-13.648987
-13.807678
-13.829041
-14.24408
-13.938904
-14.651489
-14.379883
-13.908386
-16.551208
-13.551331
-13.975525
-14.984131
-13.508606
-14.401245
-13.179016
-14.271545
-13.928223
-13.539124
-13.890076
-14.898682
-15.359497
-12.782288
-14.123535
-15.084839
-13.83667
-13.531494
-13.562012
-14.94751
-13.513184
-14.350891
-13.887024
-16.131592
-14.904785
-15.092468
-14.625549
-13.659668
-13.941956
-13.098145
-14.477539
-14.909363
-13.800049
-16.94336
-15.904236
-14.94751
-15.284729
-14.653015
-14.961243
-16.044617
-15.817261
-15.428162
-15.197754
-12.997437
-15.734863
-16.712952
-15.420532
-15.330505
-16.522217
-15.420532
-15.507507
-15.156555
-15.414429
-14.335632
-15.299988
-15.391541
-16.018677
-15.252686
-14.962769
-14.494324
-15.145874
-15.739441
-14.350891
-15.69519
-15.232849
-16.9281
-15.708923
-16.191101
-15.031433
-16.015625
-15.341187
-15.341187
-15.341187
-16.052246
-14.468384
-16.430664
-14.596558
-16.152954
-16.71753
-16.430664
-15.670776
-15.37323
-15.415955
-14.227295
-15.344238
-15.727234
-15.716553
-16.116333
-15.603638
-15.942383
-16.122437
-16.738892
-14.593506
-16.448975
-17.623901
-14.622498
-16.0141
-15.185547
-16.519165
-17.085266
-14.99939
-15.17334
-15.757751
-16.851807
-15.005493
-15.792847
-15.664673
-15.808105
-15.04364
-14.593506
-15.3289795
-16.003418
-15.182495
-14.974976
-17.100525
-15.289307
-15.325928
-14.424133
-14.440918
-14.572144
-15.795898
-16.867065
-14.422607
-15.393066
-14.541626
-14.511108
-14.4104
-13.848877
-15.338135
-15.080261
-16.171265
-14.460754
-14.581299
-15.242004
-14.923096
-16.137695
-16.0141
-16.035461
-14.971924
-15.783691
-15.04364
-14.344788
-14.266968
-14.930725
-15.960693
-15.892029
-14.479065
-15.354919
-15.748596
-16.15448
-16.682434
-16.430664
-16.430664
-14.68811
-15.415955
-14.768982
-15.840149
-13.902283
-14.363098
-16.020203
-16.682434
-13.938904
-17.442322
-14.99176
-17.271423
-15.266418
-16.06903
-15.150452
-15.492249
-13.600159
-16.093445
-16.264343
-14.659119
-15.896606
-14.387512
-14.24408
-14.425659
-15.040588
-15.2908325
-15.92865
-15.878296
-16.062927
-16.633606
-15.452576
-16.830444
-16.551208
-16.249084
-15.875244
-15.415955
-16.52069
-16.108704
-16.197205
-16.57257
-15.25116
-15.744019
-16.078186
-14.4470215
-15.446472
-15.885925
-13.819885
-14.712524
-13.957214
-13.96637
-13.980103
-14.411926
-14.585876
-15.246582
-13.179016
-13.75885
-12.727356
-12.245178
-15.2908325
-12.687683
-14.27002
-13.560486
-15.034485
-14.683533
-13.490295
-13.459778
-14.338684
-13.188171
-14.271545
-14.533997
-15.7547
-15.859985
-13.438416
-14.665222
-14.26239
-13.887024
-15.252686
-14.967346
-14.949036
-14.949036
-14.949036
-14.649963
-13.142395
-14.52179
-16.633606
-15.428162
-15.1474
-16.201782
-15.197754
-15.422058
-16.65039
-15.30304
-13.755798
-16.049194
-15.235901
-14.683533
