2.2298431
2.3902435
1.826416
0.7753601
0.2618103
0.5622711
1.0973816
1.4421387
1.7617645
1.905426
1.8563385
1.6743774
1.4110107
1.1799774
1.1404724
1.1356964
1.1069641
1.0901947
1.1368866
1.1296997
1.1476593
0.9393616
0.55270386
0.7167053
1.3236389
2.0574493
2.7003021
2.4141846
1.6911316
1.3822937
1.7102966
1.9592896
1.5726318
1.1285095
1.4002533
1.9030304
1.8599396
1.5726318
1.2601776
1.0877991
1.455307
1.644455
1.474472
1.2111053
0.9633026
1.0471039
1.2973022
1.3822937
1.2182922
0.72987366
0.7789612
1.1716003
1.6396637
1.0973816
-0.07937622
-0.87306213
-0.35710144
0.89268494
1.7198639
1.9497223
1.7138824
1.3535614
1.2182922
1.3140564
1.5008087
1.3571472
1.000412
0.94055176
1.2565918
1.4433441
1.5714417
1.9245758
2.2525787
2.2310333
1.9389496
1.4205933
0.77775574
0.32286072
0.43777466
1.1416779
1.7976837
2.0155487
1.6277008
1.2984924
1.6276855
2.2322388
2.565033
2.3818665
2.0011902
1.7857056
1.9796448
2.4453125
2.7086792
2.3710938
1.5546722
1.5283356
1.52594
1.3667297
1.6875458
2.1592102
1.9940186
1.4194031
0.8926697
0.5658722
0.6855774
1.2003326
1.3775024
0.6472626
0.38630676
1.0075989
1.6324921
1.9736633
2.5662231
2.8882446
2.4441223
1.6863556
1.1333008
1.1572418
1.5032043
1.549881
1.2206879
0.90345764
0.9992218
1.4493256
1.9401398
2.130478
1.7557831
1.079422
0.77415466
0.7550049
0.34799194
-0.090148926
8.239746E-4
0.3934784
0.9309845
0.8831024
0.5658722
0.5108032
1.0016174
1.6480408
2.0371094
1.6767731
1.2254639
1.0698547
1.253006
1.6791687
1.7701416
1.7126923
1.4541168
1.0387268
0.86035156
1.1249084
1.6743774
2.0574493
2.1987152
2.304062
2.1436462
1.8898621
1.6240997
0.8627472
-0.29844666
-0.98558044
-0.5893402
0.67240906
1.76297
1.92099
1.692337
1.7988739
2.1592102
2.4441223
2.4536896
2.0718231
1.565445
1.3966522
1.6959229
2.015564
1.905426
1.5211487
0.8531647
0.07505798
-0.40977478
-0.4875946
-0.15000916
1.3200378
2.202301
1.3032837
0.44377136
0.5179901
1.1261139
1.5606537
1.3392029
0.99082947
0.945343
1.103363
1.3966522
1.8132477
2.0646362
1.9544983
1.6025543
1.3523712
1.2637787
1.3739166
1.3858795
1.2829285
1.3990479
1.4301758
1.2829285
0.95132446
0.743042
0.3025055
-0.24098206
0.22470093
1.3775024
2.3794708
2.893036
2.9433136
2.7793121
2.7110748
2.7649384
2.545868
2.1053314
1.6097412
1.3008881
1.2649689
1.52594
1.94133
1.9485168
1.6612091
1.3020782
0.7334595
0.27616882
0.5383301
1.024353
1.5558777
1.8898621
1.613327
1.2422333
1.4613037
2.0299225
2.4261627
2.154419
1.589386
1.1333008
1.2673645
1.9114075
2.4381256
2.463272
2.0347137
1.3152466
1.0387268
1.4924164
2.1735687
2.5602417
2.0418854
1.3978577
1.4170074
1.9138031
2.3639069
2.0107727
1.1165314
0.6759949
1.0530853
1.9281769
2.454895
2.5650177
2.2825165
2.007187
1.9042206
1.7964935
1.6480408
1.573822
1.6240997
1.8647156
2.1903381
2.1089325
1.470871
0.6376953
0.27737427
0.7154999
1.4014435
2.2166748
2.3339844
2.5482635
2.7014923
2.3686981
1.9090118
1.7533875
2.0335236
2.4812317
2.5374908
2.2430115
2.0670319
2.2597656
2.565033
2.4141998
1.8922577
1.455307
1.5008087
1.9030304
2.1364594
2.083786
2.1256866
2.4656677
2.8511353
3.5753784
3.5574188
2.2956848
1.1165314
1.1859589
2.2286377
2.8954315
2.5662231
1.9856262
1.6372681
1.6025543
1.9078217
2.2669525
2.2932892
2.2932892
2.542282
2.676361
2.8176117
3.14682
3.2737122
2.9983826
2.5123444
2.047882
2.1005554
2.7398071
3.1085052
3.316803
3.3862305
3.3144073
3.3203888
2.9816132
1.9880219
1.0602722
0.95373535
1.4720764
1.7055054
1.8611298
1.8898621
1.8300018
1.9497223
1.7797241
1.8072662
2.0287323
2.2082825
2.1400604
1.9628754
1.9305573
1.9904175
1.2482147
-0.059036255
-0.6946869
0.18040466
1.2853241
1.6935425
1.6013641
1.5845947
1.8084564
2.0658417
2.351944
2.3076477
1.9640808
1.5199585
1.2865143
1.4361572
1.7821198
2.2202606
2.6320648
3.131256
3.4688416
3.3215942
3.0402832
2.9864044
2.8511353
1.9185944
0.72387695
0.35636902
0.5275574
1.0578766
1.7102966
1.76297
1.1775818
0.7753601
0.89027405
1.1488495
1.3655243
1.4672852
1.4780579
1.4613037
1.3439789
1.3487701
1.5163727
1.4289856
1.182373
0.90704346
0.91781616
1.1201172
1.1656189
0.9669037
0.8747101
0.9920349
1.1332855
0.6975403
-0.12007141
-0.3798523
0.19476318
0.82803345
0.9046478
0.7250824
0.74064636
0.8639374
1.0698547
1.3308105
1.5067902
1.4912262
1.3224335
1.3068695
1.3990479
1.450531
1.4636993
1.4194031
1.3248291
1.1488495
1.0806122
1.2937012
1.6648102
1.92099
1.6240997
0.89627075
-0.16557312
-1.166336
-1.331543
-0.4636383
0.1073761
0.21032715
0.2091217
0.19476318
0.27137756
0.46531677
0.76698303
1.1009674
1.352356
1.5941772
1.7186737
1.6061401
1.2841339
0.91423035
0.8196564
0.97528076
1.0087891
0.75979614
0.37193298
0.3360138
0.58981323
0.9202118
0.703537
-0.38702393
-1.2776794
-1.1316376
-0.123672485
0.62931824
0.50601196
0.22470093
0.3300476
0.80648804
1.352356
1.6432648
1.5881958
1.3499756
1.1392822
1.0494995
1.0542755
1.0973816
1.3631439
1.558258
1.553482
1.5115814
1.7246552
2.0071716
2.0227356
1.6755829
1.2326508
0.9621124
0.78015137
0.75141907
0.8507843
0.822052
0.6580353
0.50242615
0.45573425
0.58262634
0.9489441
1.2649841
1.2398376
1.0183716
0.8699341
0.8424072
0.8483887
0.8184509
0.6759949
0.66882324
0.63409424
1.1572418
1.886261
2.1340637
2.1053314
1.925766
2.0538635
2.6272736
2.815216
2.276535
1.316452
0.72387695
0.85076904
1.1476593
0.9393616
1.0064087
1.6001587
2.1340637
2.3459625
2.5087585
2.7098846
2.8200073
2.509964
1.7845154
1.1620178
0.9824524
1.2757568
1.6995239
2.1161194
2.4501038
2.8283844
2.7050934
1.897049
1.2206879
0.664032
0.26420593
0.54670715
0.90345764
0.6185303
0.25941467
0.5155945
1.1775818
1.6971283
1.4086304
0.8950653
0.6269226
0.8124695
1.2937012
1.7821198
1.8790894
1.5019989
1.0901947
1.1548462
1.3344116
1.2757416
0.9968262
0.60417175
1.0040131
1.4373627
0.9908447
0.6891632
0.69036865
-0.111709595
-0.7748871
0.04032898
1.4660797
2.7026978
2.9959717
2.3555298
1.6324768
1.4026337
1.5618591
1.5594635
1.1704102
0.6700134
0.40664673
0.61016846
1.0686493
1.34758
1.4888306
1.355957
1.2554016
1.4589081
1.2326508
1.0985718
1.1895599
1.434967
1.9916229
1.7438202
0.60775757
-0.06262207
0.9884491
2.4979858
2.9840088
2.2549744
1.4170074
1.173996
1.7390289
2.2992706
2.1987152
1.9090118
1.9868317
2.2406158
2.360321
2.059845
1.3379974
0.83880615
0.7550049
1.3511658
1.7797241
1.4433441
0.8016968
0.5491028
1.1775818
1.8084564
1.8096466
1.6253052
1.7450104
1.9652863
2.305252
2.4824219
2.3232117
1.7174835
1.1811676
1.3822937
2.1580048
2.648819
2.502777
2.1915283
2.1400604
2.3531342
2.858307
3.0354767
2.4058075
1.553482
1.1608276
1.4457397
2.1592102
2.6931152
2.664383
2.3686981
2.1891327
2.300476
2.4896088
2.5099487
2.2992706
2.1161041
2.264557
2.6464233
3.0726013
3.4772186
3.5849457
3.2186432
2.4082031
1.7593689
1.6384735
1.8347931
2.1352692
2.407013
2.525528
2.3112335
1.7833252
0.9237976
0.49284363
0.57543945
0.84239197
1.4840393
2.3627167
3.0582275
3.210266
3.0773773
2.4213715
1.6468506
1.9329529
1.8898621
1.6983185
1.4840393
