9.567947
10.548386
11.247482
11.312134
10.876389
10.1689
9.57753
9.002914
8.501343
7.850113
7.218048
6.854126
6.9439087
7.3257904
7.9506683
8.194885
7.862076
7.9422913
8.983765
9.839691
10.62619
12.254242
13.60936
13.209534
11.360016
10.538803
11.611404
12.028
10.522034
8.3385315
8.105103
9.24234
9.793015
8.616257
6.368103
5.222473
6.206497
7.7196198
8.731186
8.537247
8.379227
9.370438
9.7187805
8.785049
8.374451
8.864059
10.269455
12.4218445
14.335999
13.883499
11.95018
9.336914
9.898361
12.231506
12.777374
11.168488
9.6744995
8.840118
8.067978
7.4933777
7.0612183
6.6434326
6.4375305
7.003769
7.5759735
7.6082916
7.5831604
7.9877777
9.186081
9.6397705
8.971802
8.526474
9.111862
9.99173
11.122986
12.674438
13.954132
13.553101
11.332489
9.093903
8.733582
10.202423
11.509659
11.1493225
9.360855
8.2200165
8.142212
8.252335
7.914749
7.197693
6.4925995
6.1753693
6.739212
7.7531433
8.682098
10.018066
11.253479
10.638153
9.5954895
9.527252
9.524857
9.778641
10.923065
12.071091
11.960953
10.883575
9.538025
9.048401
9.345291
9.623016
9.146576
8.000946
7.099533
7.0073547
7.83934
8.698853
8.879623
8.37204
7.775894
7.5795593
7.7268066
7.739975
7.537674
7.8285675
8.773071
9.716385
10.480148
11.103836
12.039963
13.557892
14.292908
12.672043
10.162903
8.673721
10.055176
12.539154
12.898285
10.950607
8.447464
7.213257
7.474228
7.9075775
7.518509
6.4806213
5.9838257
6.5991516
7.5759735
8.476196
9.435074
9.771454
9.278259
8.922714
9.26149
9.994125
9.940247
10.027634
10.419083
10.350861
9.97377
10.914688
12.464935
12.719925
11.014053
8.759903
8.060806
8.599503
8.672516
8.065582
7.537674
7.202484
6.9618683
7.1414337
7.5280914
7.664566
7.866867
8.379227
8.710831
9.147766
10.665695
13.431
15.934143
14.230667
10.348465
9.194458
10.86441
12.517609
11.570694
9.318954
8.018906
7.9434814
8.373245
8.059601
7.051651
6.1813507
6.210083
7.325775
8.284668
8.503723
8.0859375
7.7136536
8.293045
9.450638
9.692459
9.2603
10.281418
11.781403
11.618591
10.611816
11.751465
14.304886
14.818436
12.456558
9.453033
7.5352783
6.902008
6.912781
7.0109406
6.782303
6.23761
6.0652313
6.7248383
7.8058167
8.9670105
9.59668
9.338104
9.036438
9.057983
10.032425
12.014832
13.488464
13.286148
11.915466
10.381989
10.097076
11.295364
11.690414
10.32692
7.9267273
6.2148743
6.301071
7.261139
7.585556
7.372467
6.8086395
6.5488586
7.18692
8.0069275
9.036438
10.698013
11.928635
11.696396
11.448593
11.878357
12.763016
13.276581
11.974121
9.338104
7.945877
9.078339
10.72316
11.073898
9.57753
7.4778137
5.9275665
5.4798584
6.187332
7.18692
7.4323273
7.5125275
7.8249817
8.263107
8.502533
8.394791
8.15538
8.755127
11.0308075
13.727875
14.0151825
12.418243
11.720337
11.343246
10.816528
10.178482
9.787018
9.725967
9.368042
8.355286
7.0612335
6.11911
6.2711334
7.395218
8.324158
8.373245
7.91835
8.120651
8.855682
9.566757
9.467392
9.538025
10.660904
12.122559
12.944977
12.506836
10.464584
8.588715
9.335724
11.671265
12.595413
11.115814
8.17572
6.55365
7.244385
8.593506
9.266281
8.685684
7.332962
6.9307404
7.3497314
7.830963
8.384018
8.695267
8.725189
8.8461
8.920319
9.218399
10.379593
11.365997
12.097427
11.944199
10.604645
9.048416
8.526474
9.374023
11.909485
13.883499
13.447754
11.371979
8.975388
8.764694
9.510498
9.152557
7.7292023
6.615906
5.736023
6.6422424
8.768295
10.13179
10.185654
9.927078
10.684845
11.295364
11.688019
13.324463
14.158844
12.536758
10.226349
8.785049
8.144608
8.047638
8.368454
8.770691
8.807785
8.464218
7.8848267
7.5568237
7.4957733
7.975815
8.758713
9.1453705
9.036438
8.440292
7.731598
7.683716
8.152985
8.782654
9.820541
10.709991
11.515625
13.132919
14.514374
13.448959
10.913498
9.651749
10.141357
11.003281
10.721954
9.57753
8.31459
7.420349
6.977417
6.8840485
6.936722
7.1450195
7.407181
7.628647
7.7028656
7.9087677
8.582733
9.067566
9.217209
9.858856
10.811737
11.389938
11.430649
12.691193
14.705917
14.933365
12.30452
9.170517
7.6358337
7.960251
9.312973
10.180862
9.788223
8.49295
7.3221893
6.9822083
7.2407837
7.5987244
7.9434967
8.191284
8.400772
8.66774
8.9275055
9.350082
9.748718
9.612244
9.115448
9.014893
9.127426
8.78624
9.911514
13.277771
15.452896
14.127716
11.919052
11.345657
11.479721
11.130173
10.21199
9.295013
8.477386
7.787857
7.4454956
7.3616943
7.149811
6.8804626
7.4766083
8.5911255
9.135803
9.117844
9.280655
10.057571
10.634567
10.601059
10.427475
10.137772
10.356842
11.585068
12.449371
12.237488
11.122986
9.490143
8.33374
8.3936
9.439865
10.165314
9.566757
8.061996
6.7739105
6.742798
7.802231
8.855682
9.066376
8.840118
8.636612
8.752731
9.042419
9.104675
8.958633
8.330154
8.240372
9.087921
9.997711
10.2634735
10.171295
10.431061
10.259872
9.644562
9.423096
10.434662
11.422256
10.926666
9.557175
8.486969
8.230789
8.4175415
8.166153
7.4694366
7.087555
7.5556183
8.498947
8.919128
8.144592
7.767517
7.645401
7.2994385
7.297043
7.6741486
8.301422
9.493729
10.366425
10.638168
11.7742
12.962936
12.1141815
11.143341
11.574295
12.1297455
11.35762
9.733154
8.652161
8.445068
7.833359
6.6506195
5.8258057
5.977844
6.466263
7.0025635
7.589142
7.957855
7.6621704
7.110306
7.063614
8.218826
10.083908
11.10144
12.105804
13.065887
12.153687
9.978561
9.350082
10.839279
12.157288
12.066299
10.137772
8.74794
9.013687
9.627808
9.269867
7.834549
6.6422424
6.625473
7.968628
9.447052
9.618225
9.220795
9.571548
10.562744
11.042786
10.346069
9.759491
10.22995
10.379578
10.709991
13.19516
16.046661
15.07222
11.223541
8.346909
8.15657
9.048416
9.052002
7.9877777
6.4854126
5.696533
6.162201
6.953491
7.5280914
7.5592194
7.0492554
6.7966614
7.8453217
8.653366
8.66774
8.60907
9.432678
11.751465
12.18721
10.859619
9.492538
11.617386
15.675568
16.875061
13.672806
9.128616
7.328171
8.477386
9.663727
9.172913
7.561615
6.1418457
5.9945984
6.87088
7.957855
8.82933
8.998138
9.602676
10.046783
10.167694
10.480148
10.433456
11.039185
11.972931
12.581055
12.819275
11.702377
9.855255
9.078339
9.109467
9.014893
8.29184
7.268326
6.747574
6.8098297
7.641815
8.666534
8.611465
7.7495575
6.806244
6.5680237
6.7463837
7.0384827
7.4730225
7.9267273
8.261917
9.097488
10.708786
12.078278
12.713928
12.158478
11.546768
11.582672
11.440216
11.124176
10.671677
10.082703
9.4374695
8.84729
8.492966
7.949478
7.158188
6.838562
6.9834137
7.0851746
7.403595
8.4570465
9.138199
9.060379
8.8484955
8.989761
9.031647
8.60788
8.935883
10.555557
12.381149
12.9366
12.9557495
13.277771
12.782166
10.897934
8.952637
8.152985
8.739563
9.87561
10.3077545
9.026855
6.5129547
7.131851
9.502106
9.290222
