4.7683716
4.7683716
4.7683716
6.9351196
7.3669434
7.145691
9.637451
9.886169
9.0408325
10.174561
8.488464
9.951782
9.191895
9.025574
9.991455
9.066772
8.273315
8.711243
8.625793
7.498169
7.460022
7.1609497
8.877563
7.9971313
9.564209
7.397461
8.511353
9.414673
8.828735
11.209106
9.437561
9.875488
9.954834
7.7529907
9.385681
9.376526
9.526062
10.128784
9.228516
10.23407
8.065796
8.111572
7.8216553
9.249878
8.042908
8.006287
8.80127
9.072876
8.695984
8.1466675
7.9849243
6.451416
5.9158325
6.8984985
5.596924
4.760742
3.982544
5.319214
4.0786743
4.827881
4.9560547
6.602478
5.4092407
5.305481
2.772522
3.5873413
5.3771973
4.432678
5.3588867
5.453491
4.9835205
5.541992
4.1748047
3.9916992
1.689148
2.041626
1.1535645
2.7130127
0.6851196
1.3137817
1.9088745
0.95214844
0.95214844
0.95214844
4.0237427
4.86145
3.4454346
3.5827637
4.3151855
4.0390015
4.537964
5.1498413
5.2581787
5.845642
5.038452
4.675293
6.199646
3.7231445
6.326294
5.1757812
5.6381226
6.1294556
6.0577393
5.635071
5.0567627
5.873108
5.517578
7.998657
5.3375244
7.2616577
8.253479
7.385254
7.647705
9.47113
9.811401
9.686279
11.540222
11.839294
7.974243
9.870911
8.274841
8.576965
9.47113
7.322693
7.106018
7.9696655
7.6309204
7.6416016
7.0526123
8.071899
8.119202
5.8639526
7.0892334
9.089661
8.250427
8.337402
9.008789
9.135437
9.521484
10.385132
10.51178
10.237122
11.331177
11.610413
9.970093
9.439087
10.890198
11.703491
11.030579
11.532593
9.895325
9.00116
10.205078
9.082031
7.991028
8.06427
7.701111
8.580017
8.69751
9.376526
7.345581
8.421326
9.593201
9.593201
9.593201
7.192993
9.2300415
8.595276
10.600281
9.266663
9.310913
9.683228
8.518982
10.696411
10.043335
10.134888
10.73761
10.084534
9.184265
9.989929
9.16748
9.114075
9.858704
7.8552246
11.547852
10.148621
8.528137
8.387756
10.595703
10.575867
11.239624
10.716248
11.36322
10.771179
10.209656
11.286926
8.987427
9.902954
9.7229
9.680176
8.253479
8.322144
8.239746
6.642151
8.557129
6.3339233
8.435059
6.793213
6.2591553
6.274414
6.5567017
6.6101074
6.7749023
6.7459106
7.9818726
6.248474
6.8756104
7.1151733
7.673645
6.8130493
6.602478
5.345154
4.9362183
4.2404175
4.2541504
3.4088135
5.0872803
2.9708862
3.4820557
3.3309937
2.8152466
2.2232056
2.1316528
2.5161743
3.4744263
1.9775391
3.440857
1.7150879
2.1011353
3.6239624
2.1514893
3.9764404
3.527832
2.5344849
2.5344849
2.5344849
2.3620605
3.9260864
1.184082
2.7557373
1.4602661
2.3101807
0.047302246
4.336548
-0.33111572
0.16174316
1.145935
-0.0793457
-1.9332886
-0.869751
-1.4068604
-0.37384033
-0.77667236
-0.95214844
0.4699707
-0.09460449
-0.09765625
-0.74157715
-0.6576538
-2.7267456
-2.1743774
-1.7822266
-4.060364
-2.4505615
-2.558899
-2.7114868
-2.859497
-1.3015747
-2.142334
-1.9012451
-2.9312134
-2.4368286
-0.4699707
0.56915283
-2.1636963
-1.4663696
-0.18157959
0.7034302
0.5081177
0.0045776367
-0.1083374
-0.7003784
0.07476807
-0.0579834
-2.255249
-1.0025024
-1.739502
-1.5579224
-2.6351929
-2.1453857
-1.2451172
-2.7404785
-1.9622803
-2.5634766
-1.4450073
-1.1505127
0.1663208
-1.0437012
0.20599365
-0.51116943
-0.4638672
1.1566162
1.1917114
0.5340576
1.8600464
1.9180298
1.7379761
4.060364
0.74768066
2.6794434
3.3035278
2.7801514
4.586792
3.9779663
4.1015625
5.2215576
5.2215576
4.6157837
5.4092407
6.2805176
6.9381714
6.587219
7.611084
9.963989
11.616516
9.634399
9.643555
11.883545
11.86676
13.1073
13.433838
13.4765625
14.633179
14.797974
14.14032
12.338257
15.074158
15.068054
14.360046
13.554382
14.225769
13.851929
14.01062
14.4973755
14.071655
14.18457
15.898132
14.796448
15.699768
15.4953
15.760803
14.457703
15.391541
15.80658
16.50238
15.167236
14.755249
16.893005
16.860962
16.023254
14.64386
15.357971
15.522766
15.646362
13.568115
13.838196
15.130615
13.723755
13.682556
15.705872
13.951111
13.568115
12.911987
13.114929
15.103149
13.000488
12.532043
13.574219
12.652588
11.167908
11.256409
12.22229
13.656616
11.967468
12.72583
10.479736
11.341858
12.402344
11.128235
12.477112
10.888672
10.523987
13.563538
11.741638
10.903931
11.683655
12.986755
12.986755
10.795593
13.3758545
12.347412
12.510681
12.687683
11.5448
11.91864
12.089539
12.353516
12.057495
11.294556
11.361694
12.503052
11.480713
11.065674
11.190796
8.934021
10.116577
9.732056
9.745789
9.947205
10.697937
9.051514
8.74176
9.3811035
7.2616577
7.3913574
6.1553955
4.9819946
4.1412354
4.6920776
2.1194458
0.9048462
1.5396118
0.83618164
-0.07019043
-1.7883301
-1.4923096
-2.3880005
-4.2266846
-2.682495
-2.9052734
-3.9169312
-3.1936646
-5.821228
-5.4000854
-5.491638
-5.534363
-5.455017
-5.9173584
-5.116272
-5.970764
-6.176758
-5.805969
-7.232666
-7.672119
-8.544922
-7.232666
-7.4676514
-7.8964233
-8.685303
-8.018494
-7.661438
-10.705566
-8.630371
-9.495544
-11.013794
-10.0616455
-9.724426
-10.105896
-11.897278
-11.987305
-13.156128
-13.0859375
-13.246155
-12.271118
-12.750244
-14.419556
-14.649963
-14.649963
-14.649963
-15.338135
-13.441467
-16.337585
-15.858459
-14.820862
-16.365051
-16.171265
-14.99176
-14.953613
-16.339111
-17.848206
-14.517212
-15.795898
-16.755676
-16.05072
-17.303467
-17.279053
-16.482544
-16.04004
-15.660095
-16.708374
-17.21344
-14.758301
-16.9281
-17.477417
-15.98053
-16.859436
-15.396118
-15.713501
-15.930176
-15.136719
-16.122437
-15.435791
-15.104675
-16.357422
-16.5802
-16.96167
-16.151428
-14.533997
-16.323853
-15.472412
-15.119934
-15.034485
-15.437317
-16.770935
-14.541626
-14.059448
-15.1901245
-14.796448
-14.245605
-13.171387
-13.905334
-11.999512
-12.666321
-13.267517
-13.845825
-13.700867
-14.1189575
-14.875793
-13.954163
-13.09967
-12.72583
-12.605286
-12.269592
-11.584473
-12.82196
-13.093567
-11.888123
-11.329651
-12.07428
-12.271118
-10.003662
-11.31134
-12.1658325
-10.192871
-10.411072
-9.997559
-10.704041
-9.484863
-9.484863
-9.484863
-9.684753
-11.616516
-10.191345
-11.508179
-10.484314
-10.02655
-10.354614
-11.050415
-9.890747
-10.873413
-9.190369
-10.124207
-11.364746
-10.4522705
-9.091187
-9.172058
-8.229065
-8.706665
-9.2803955
-10.51178
-9.997559
-10.670471
-8.311462
-9.27124
-9.4192505
-7.650757
-8.184814
-8.709717
-6.555176
-7.659912
-8.909607
-9.143066
-8.453369
-9.344482
-9.654236
-7.6324463
-8.779907
-9.738159
-8.753967
-7.810974
-5.718994
-7.9544067
-8.595276
-7.8323364
-7.272339
-9.127808
-7.2891235
-7.948303
-7.8567505
-9.481812
-8.187866
-7.7911377
-8.630371
-8.825684
-7.4401855
-10.319519
-8.235168
-8.87146
-7.5134277
-7.9055786
-8.111572
-9.942627
-9.757996
-9.654236
-8.033752
-7.725525
-9.335327
-8.91571
-8.241272
-8.607483
-7.444763
-8.053589
-8.026123
-7.965088
-9.034729
-9.465027
-9.057617
-8.96759
-7.293701
-7.293701
-7.293701
-8.8897705
-9.719849
-8.16803
-8.987427
-8.938599
-7.688904
-8.383179
-7.131958
-8.233643
-8.074951
-7.36084
-7.6324463
-6.907654
-7.646179
-7.4508667
-8.930969
-8.853149
-7.9589844
-7.435608
-8.670044
-9.4192505
-7.899475
-8.926392
-9.712219
-8.554077
-8.564758
-8.779907
-8.415222
-8.847046
-8.538818
-9.423828
