-36.384583
-36.384583
-36.384583
-33.79364
-32.98645
-32.39746
-31.474304
-33.63495
-32.130432
-32.878113
-31.19049
-31.983948
-33.60901
-33.407593
-32.73468
-34.4635
-32.077026
-32.084656
-33.43811
-30.648804
-33.720398
-32.18689
-32.69348
-31.860352
-31.599426
-32.566833
-32.76062
-31.239319
-30.516052
-31.976318
-31.336975
-31.651306
-29.330444
-29.954529
-28.85437
-30.793762
-31.306458
-31.465149
-30.07965
-30.004883
-30.158997
-28.614807
-29.066467
-30.430603
-29.655457
-29.768372
-32.05414
-27.838135
-29.032898
-28.297424
-28.910828
-28.549194
-27.043152
-26.618958
-25.11139
-25.132751
-22.840881
-23.777771
-23.878479
-24.751282
-24.60785
-26.10321
-28.076172
-29.536438
-30.215454
-29.437256
-29.917908
-30.941772
-29.518127
-30.555725
-31.42395
-30.220032
-30.465698
-29.763794
-28.941345
-26.785278
-27.182007
-25.648499
-24.33014
-26.010132
-24.641418
-22.969055
-22.969055
-22.969055
-24.963379
-23.875427
-25.054932
-23.7854
-24.563599
-23.94104
-25.457764
-24.336243
-24.301147
-24.668884
-23.051453
-22.969055
-22.259521
-22.973633
-21.710205
-21.93451
-22.904968
-23.149109
-23.426819
-22.140503
-23.60382
-23.130798
-24.5224
-25.283813
-25.24414
-23.742676
-24.996948
-22.836304
-24.481201
-24.645996
-23.564148
-24.165344
-22.68982
-24.221802
-24.575806
-24.613953
-22.897339
-24.887085
-24.645996
-24.946594
-22.567749
-23.812866
-21.124268
-23.413086
-22.58606
-21.896362
-20.655823
-21.298218
-22.320557
-21.15326
-21.27533
-20.481873
-19.752502
-19.607544
-19.940186
-21.33789
-21.194458
-20.62378
-20.77179
-22.106934
-22.645569
-21.498108
-21.066284
-22.839355
-22.451782
-21.469116
-22.312927
-22.148132
-22.871399
-23.550415
-24.824524
-24.546814
-24.46289
-22.235107
-23.52295
-23.912048
-22.644043
-22.647095
-23.432922
-23.432922
-23.432922
-25.038147
-24.264526
-24.627686
-24.629211
-24.557495
-25.665283
-27.32544
-28.06549
-25.819397
-27.102661
-26.71814
-27.53601
-28.160095
-27.180481
-27.120972
-26.679993
-26.698303
-26.501465
-27.05841
-28.952026
-26.049805
-26.634216
-27.445984
-28.042603
-27.185059
-28.851318
-26.678467
-27.944946
-26.660156
-27.557373
-27.612305
-27.24762
-27.914429
-28.077698
-26.867676
-26.469421
-28.13263
-26.426697
-27.920532
-28.35846
-28.78418
-29.164124
-29.397583
-28.858948
-27.581787
-29.019165
-28.695679
-29.811096
-27.120972
-30.279541
-31.051636
-32.424927
-32.754517
-31.550598
-30.915833
-32.565308
-32.318115
-30.770874
-30.845642
-32.780457
-31.93512
-32.24945
-31.925964
-31.809998
-31.39801
-33.303833
-32.17163
-31.744385
-32.48291
-34.207153
-29.960632
-30.75409
-31.933594
-32.418823
-31.455994
-31.942749
-32.258606
-30.265808
-31.663513
-31.663513
-31.663513
-30.241394
-33.039856
-32.310486
-32.25403
-31.814575
-30.717468
-30.799866
-31.88324
-31.840515
-31.83136
-32.118225
-31.349182
-32.92694
-33.74939
-31.533813
-30.885315
-30.966187
-32.043457
-32.084656
-32.218933
-31.455994
-33.911133
-32.8125
-30.944824
-31.478882
-30.075073
-30.467224
-31.567383
-31.298828
-30.735779
-30.020142
-31.039429
-30.703735
-32.15027
-30.604553
-30.239868
-30.761719
-30.622864
-30.505371
-31.70166
-29.750061
-32.00531
-29.115295
-30.757141
-30.13153
-28.340149
-30.174255
-28.691101
-27.119446
-29.307556
-27.766418
-28.163147
-28.109741
-26.982117
-29.02832
-29.01001
-28.344727
-28.49121
-30.007935
-30.065918
-31.262207
-29.724121
-28.190613
-26.84784
-28.565979
-29.100037
-28.782654
-28.489685
-27.035522
-28.033447
-28.094482
-26.106262
-27.552795
-27.018738
-28.189087
-26.01471
-26.083374
-24.398804
-27.314758
-25.061035
-25.061035
-27.809143
-26.525879
-26.034546
-26.63269
-25.830078
-26.867676
-26.75476
-25.9552
-26.455688
-24.365234
-23.93341
-25.056458
-25.209045
-25.050354
-23.554993
-25.212097
-25.514221
-25.880432
-26.574707
-26.390076
-25.167847
-26.164246
-25.817871
-24.7818
-23.780823
-25.66681
-24.894714
-23.912048
-24.537659
-24.839783
-23.164368
-21.896362
-24.513245
-23.40393
-21.69342
-22.454834
-22.113037
-22.445679
-21.81549
-23.579407
-20.98999
-21.765137
-22.447205
-20.555115
-20.474243
-21.58966
-20.683289
-20.806885
-20.309448
-19.73114
-19.784546
-18.727112
-19.43512
-18.637085
-18.60962
-19.43512
-19.470215
-19.784546
-18.946838
-16.906738
-17.785645
-18.907166
-17.91687
-17.581177
-17.16156
-16.229248
-17.701721
-16.48407
-16.101074
-13.371277
-14.3966675
-14.71405
-14.576721
-14.38446
-14.097595
-13.198853
-13.340759
-13.362122
-12.5946045
-11.044312
-11.044312
-10.948181
-12.545776
-10.998535
-10.8428955
-9.918213
-11.515808
-12.974548
-10.928345
-12.219238
-11.703491
-12.718201
-11.3723755
-10.687256
-10.362244
-10.856628
-11.0672
-11.557007
-11.37085
-11.038208
-10.015869
-10.71167
-11.737061
-10.647583
-10.496521
-11.201477
-10.267639
-10.98938
-11.854553
-10.762024
-10.426331
-11.061096
-10.990906
-12.205505
-12.147522
-10.136414
-10.6414795
-10.542297
-11.31134
-10.688782
-11.700439
-10.224915
-9.736633
-7.624817
-10.493469
-9.983826
-9.896851
-6.918335
-9.225464
-9.915161
-8.944702
-9.036255
-8.963013
-8.416748
-9.112549
-8.866882
-8.399963
-8.433533
-8.866882
-8.488464
-7.0480347
-9.246826
-8.41217
-6.767273
-6.8511963
-6.2698364
-7.8308105
-6.7504883
-4.701233
-6.121826
-6.14624
-5.206299
-5.2368164
-5.467224
-4.5791626
-2.2338867
-3.7994385
-2.734375
-3.6941528
-1.5274048
-1.5274048
-1.5274048
-2.720642
-2.758789
-2.798462
-3.8635254
-3.6727905
-4.7424316
-3.2531738
-1.6418457
-2.494812
-2.3391724
-3.0914307
-1.5380859
-1.4480591
-2.2750854
-1.3290405
-2.0996094
-0.10223389
-2.3880005
0.45776367
-3.1356812
-1.0360718
1.5487671
-0.7507324
-0.5996704
0.38909912
-0.7461548
0.440979
-0.35095215
1.2756348
0.6958008
-0.87890625
-0.43945312
0.39978027
-0.103759766
-0.87280273
0.021362305
-0.25634766
1.5899658
-0.3768921
0.0030517578
0.79345703
-0.31433105
0.78582764
1.7715454
2.2506714
1.1489868
-0.5264282
-0.23651123
1.2680054
0.37994385
0.68359375
1.461792
0.25177002
1.7150879
1.8737793
0.41046143
1.373291
0.52337646
-0.5935669
0.37384033
0.9613037
-0.19226074
0.5126953
-0.6011963
0.8987427
0.33874512
-0.2593994
-0.17089844
0.62713623
0.43182373
-0.2960205
2.0812988
1.2924194
0.8590698
3.4454346
3.5766602
1.0131836
3.3294678
0.8239746
0.8239746
0.8239746
1.0620117
0.7827759
0.18310547
1.2252808
0.18920898
0.033569336
0.02746582
0.35858154
-1.4007568
1.28479
0.05493164
1.5289307
1.2741089
1.5228271
-0.5279541
0.8743286
1.7959595
2.961731
1.3961792
2.5726318
1.9256592
1.6540527
0.23956299
2.6748657
-0.7873535
-0.6637573
0.3829956
0.30975342
-0.61035156
0.8621216
-0.36621094
-0.44403076
-0.11444092
-0.7141113
-0.56152344
-0.5569458
-0.5783081
-2.218628
-1.5396118
-0.92315674
0.52948
-1.6311646
-0.6210327
0.24108887
-2.2262573
-3.4973145
-2.7908325
-2.192688
-2.4673462
-1.9836426
-1.7105103
-0.8163452
-0.9384155
-1.4633179
-1.3137817
-1.4465332
-2.949524
-3.668213
-1.4389038
0.11444092
-2.3483276
-0.6591797
-1.361084
-0.56152344
-2.986145
-3.086853
-1.5808105
-2.154541
-1.0696411
-1.2893677
-0.5493164
-2.128601
-0.59051514
-2.0980835
-3.1646729
-1.4190674
-2.508545
-1.8173218
-2.027893
-2.027893
-2.027893
-3.1158447
-1.3000488
-1.6036987
-1.6189575
-0.8377075
-2.5680542
-2.2354126
-1.4144897
-3.2562256
-2.3361206
-2.5619507
-3.515625
-2.3605347
-3.7765503
-2.5924683
-2.3651123
-3.0029297
-3.1661987
-2.381897
-3.704834
-2.8320312
-4.370117
-3.1280518
-2.8259277
-4.1290283
-1.8386841
-2.8762817
-3.010559
-4.071045
-4.324341
-2.0690918
