-0.16963196
-0.39709473
-0.20674133
0.311615
0.13922119
-0.10020447
-0.14569092
-0.048736572
0.09013367
0.023101807
-0.228302
-0.3085022
-0.07028198
0.18591309
0.3630829
0.39779663
0.50553894
1.336319
1.9851532
1.6655273
1.1016846
1.0035248
1.1388092
1.2668915
1.2621002
1.1519623
1.1603394
1.3459015
1.2932281
0.7700958
0.24456787
-0.060699463
0.20266724
0.83833313
1.0550079
0.826355
0.5115204
0.37983704
0.19429016
-0.0846405
-0.3085022
-0.35638428
-0.44258118
-0.5132141
-0.3444214
-0.23428345
-0.12654114
0.020706177
0.012329102
-0.23547363
-0.59939575
-0.70832825
-0.47969055
-0.07267761
0.28167725
0.6288452
0.63243103
0.31280518
0.2541504
0.3882141
0.32955933
0.2409668
0.28048706
0.2912445
0.23498535
0.3834381
0.4827881
0.24456787
-0.193573
-0.52757263
-0.3480072
0.24098206
0.6013031
0.90296936
1.1759033
1.0729675
0.9065552
1.0921173
1.4021606
1.6475677
1.5984955
1.4201202
1.5948944
1.6942596
1.2992096
0.7198181
0.2685089
0.4013977
0.7174225
1.0382538
1.2800598
1.1806946
0.9412842
0.8395233
0.92930603
1.0011292
0.8574829
0.7186127
0.6587677
0.6635437
0.4420929
0.2936554
0.4636383
0.6838989
0.72340393
0.4528656
0.035064697
-0.26062012
-0.09062195
0.41455078
0.4456787
0.15118408
0.048233032
0.09132385
0.06021118
0.15957642
0.30322266
0.434906
0.4420929
0.15597534
-0.23069763
-0.41264343
-0.0738678
0.4420929
0.6767273
0.5115204
0.36787415
0.45526123
0.81677246
1.3578796
1.2285919
0.49476624
0.1954956
0.65397644
1.1256256
1.36026
1.2668915
0.86586
0.47201538
0.2696991
0.27330017
0.19189453
0.17393494
0.23379517
-0.024795532
0.5893402
0.83114624
0.54623413
0.37025452
0.048233032
0.51750183
0.73776245
0.2290039
-0.19717407
-0.26062012
-0.31687927
-0.47729492
-0.49525452
-0.44856262
-0.71910095
-1.2973022
-1.5738373
-1.7402344
-1.521164
-0.9669037
-0.604187
-0.42581177
-0.24386597
-0.19119263
-0.15048218
-0.11935425
-0.2905426
-0.5395355
-0.44018555
0.056610107
0.34751892
0.28407288
-0.005630493
-0.18759155
3.5095215E-4
0.19309998
0.13084412
-0.0738678
-0.22709656
-0.1313324
0.89219666
1.7601013
1.10289
0.26013184
-0.13014221
0.053024292
0.850296
1.5350494
1.9707794
2.031845
1.8977661
1.6810913
1.2465363
0.6120758
0.37025452
0.6120758
0.9185333
1.0574036
1.0885315
1.0274658
0.9855652
1.0178986
0.94487
0.70425415
0.4935608
0.31159973
0.23019409
0.2074585
0.09971619
-0.051132202
-0.40905762
-0.6915741
-0.36715698
-0.20436096
-0.3551941
-0.26062012
0.10809326
0.3630829
0.38941956
0.40856934
0.41215515
0.44688416
0.5438385
0.5677948
0.43730164
0.3738556
0.22181702
-0.13851929
-0.4892578
-0.564682
-0.2905426
0.19548035
0.65278625
1.0550079
1.0166931
0.8969879
1.2405548
1.9971161
2.6160278
2.4879303
1.7588959
1.1723175
0.98316956
1.0765533
1.3279419
1.5829315
1.6164551
1.3614655
1.0849304
0.8874054
0.905365
0.8670654
0.6228485
0.5414429
0.7090454
0.89100647
0.9436798
0.78326416
0.60728455
0.59532166
0.5869446
0.43011475
0.19309998
0.07696533
0.06259155
-0.3779297
-0.42581177
0.15478516
-0.12174988
-0.6520691
-0.9884491
-1.2350616
-0.65686035
0.027893066
0.12365723
0.07098389
0.049438477
0.039855957
0.08773804
0.31759644
0.35350037
0.26013184
0.07575989
-0.13012695
-0.1313324
-0.033172607
0.08894348
0.30441284
0.39779663
0.20506287
0.37265015
0.573761
0.57736206
0.78685
1.1531677
0.7102356
1.0609894
1.9324799
1.5553894
0.7509308
-0.13970947
0.1320343
1.5661621
2.375412
2.1359863
1.3782196
0.42771912
-0.228302
-0.38032532
-0.20436096
-0.049926758
-0.005630493
0.044647217
0.23020935
0.46722412
0.7018585
0.7246094
0.37504578
-0.036758423
-0.49404907
-0.664032
-0.45095825
-0.38391113
-0.5910187
-0.5155945
-0.24385071
-0.49404907
-1.0937958
-1.4122314
-1.3152618
-1.0937958
-0.64967346
-0.16963196
0.19189453
0.276886
0.13084412
-0.11097717
-0.0846405
0.015914917
-0.07865906
-0.30729675
-0.38990784
-0.24385071
-0.37553406
-0.71191406
-0.57185364
-0.3707428
-0.0738678
0.18830872
-0.015213013
-0.19836426
0.34991455
1.434494
2.0234528
1.7900238
1.4500427
1.315979
1.6547546
2.0892944
2.0306396
1.5110931
0.8371277
0.38223267
0.08534241
0.018310547
0.1894989
0.26371765
0.18112183
0.18112183
0.3152008
0.48997498
0.31878662
-0.22470093
-0.36236572
-0.1648407
0.07577515
0.37983704
0.6228485
0.2589264
-0.5622864
-0.94296265
-1.0578918
-1.3775024
-1.8036804
-1.9161987
-1.5810242
-0.88430786
-0.10618591
0.14880371
0.03387451
-0.15766907
-0.35398865
-0.5323639
-0.62454224
-0.5000458
-0.57424927
-0.8867035
-0.97288513
-0.9549408
-0.99923706
-0.71791077
-0.22590637
-1.2494202
-2.2501984
-1.4074402
-1.3152618
-1.1165466
