2.265747
1.9772491
2.1484375
2.628479
2.7422028
2.5291138
2.423767
2.4321442
2.4991913
2.5638275
2.4608765
2.320816
2.3196259
2.33638
2.2837067
2.2861023
2.3375702
2.3112488
2.2286377
1.644455
0.9788666
0.9621124
1.7007294
2.3567352
2.2442017
1.5810089
1.3906708
1.7438202
2.1735687
2.2130737
1.9305573
1.76297
1.9509125
2.4513092
2.6631927
2.3866577
2.0107727
1.8946533
1.9353485
1.9138031
1.8431702
1.8527527
1.7881012
1.7653656
1.9736633
2.2226562
2.4453125
2.5087585
2.3351898
1.8527527
1.4589081
1.5666504
1.7066956
1.7043152
1.7485962
1.7988892
1.7091064
1.6300812
1.6348877
1.8072662
2.0622406
2.3256073
2.384262
2.3483582
2.3423615
2.3854523
2.304062
1.8551483
1.4122162
1.316452
1.6815643
1.9616852
2.0706177
2.0371094
1.9784393
1.7881012
1.1093445
0.4784851
0.25941467
0.5108032
0.8328247
0.7945099
0.64367676
0.7909241
1.1213226
1.4194031
1.668396
1.8994446
2.2382202
2.5219269
2.5722046
2.4644623
2.3950348
2.3148346
2.324417
2.439331
2.541092
2.5434875
2.387848
2.1735687
2.0622406
1.9784546
1.9628906
1.8683167
1.5462952
1.0471039
0.7610016
0.9106293
1.0279388
0.8016968
0.60058594
0.46292114
0.6185303
0.9896393
1.4181976
1.7390289
2.0706177
2.4979858
2.688324
2.600937
2.4501038
2.3375702
2.3579254
2.4333344
2.41539
1.9652863
1.4050446
1.3344116
1.5032043
1.7378235
1.6408691
0.8639374
0.21870422
0.51678467
1.474472
2.0526733
1.6564178
0.9106293
0.42700195
0.37911987
0.59458923
1.0267487
1.3810883
1.5019989
2.2238464
2.169983
2.07901
2.2753296
1.8467712
1.8719025
2.169983
2.4501038
2.4800262
2.2190704
2.304062
2.696701
2.8403625
2.3734894
2.051468
2.0263367
1.7402191
1.3655243
1.4050293
1.6408691
1.589386
1.3188477
1.1009674
1.0375214
1.308075
1.7042999
1.9293671
1.7342377
1.4493256
1.5666504
1.9138031
2.186737
2.0789948
1.7366333
1.5678406
1.6767731
1.8671112
1.8455658
1.4720764
1.316452
1.7581787
2.3196259
2.5686188
1.7917023
0.10258484
-1.1723328
-1.1483917
-0.106918335
0.6736145
0.7789459
0.5874176
0.54551697
0.7238922
0.98005676
1.1105499
1.26857
1.5415039
1.8156433
1.9090118
1.8755035
1.8563385
1.936554
2.0766144
2.210678
2.3351746
2.451294
2.5326996
2.4441223
2.1855469
1.9269714
1.5642395
1.2158966
1.2146912
1.1404724
1.173996
1.2194824
1.0052032
0.648468
0.41383362
0.26779175
0.35757446
0.7214966
1.1919556
1.4529266
1.5355225
1.6660004
1.8000793
1.8096466
1.7605743
1.6959381
1.7138824
1.8563385
1.9676666
2.0179596
1.850357
1.4924164
1.4553223
1.9473267
2.3220215
2.304062
1.6193237
0.4030609
-0.68510437
-0.73898315
0.0499115
0.585022
0.75979614
0.87112427
1.0866089
1.2625732
1.4732666
1.7498016
2.0059814
2.051468
1.9329529
1.9904175
2.173584
2.2633514
2.1759644
2.1221008
2.2801208
2.597351
2.9121857
3.0211182
2.9289398
2.8954315
3.1647797
2.9828186
2.3567352
2.0215454
1.7952881
1.4361572
1.5475006
1.8312073
1.7414246
1.4828491
1.4205933
1.4960175
1.7785339
1.9592896
2.0059814
2.0466766
1.9976044
1.9521027
2.0215454
2.162796
2.3220215
2.5326996
2.6990967
2.8487396
2.7721252
2.4896088
2.2513885
2.1735687
2.1747742
1.7581787
1.8922577
2.3220215
1.960495
1.0315399
-0.17874146
-0.60849
0.43658447
0.95851135
1.0626678
0.99443054
0.74064636
0.6173401
0.78015137
1.1332855
1.6157227
2.0562592
2.193924
2.1855469
2.2478027
2.3267975
2.3926392
2.542282
2.617691
2.5638275
2.4141846
2.3339844
2.4034119
2.6152954
2.9361267
3.040268
2.7936707
2.3387756
1.8467712
1.4229889
1.4912262
1.5486908
1.2901154
1.1273041
1.1320953
1.3356018
1.5881958
1.8838806
2.1340637
2.3627167
2.4644775
2.3746948
2.2944794
2.2669525
2.1831512
2.1089325
2.0347137
2.1556244
2.344757
2.1400604
1.5319214
1.4277802
1.7545929
2.0430908
1.5307312
0.35517883
-0.53308105
-0.38464355
0.6999512
1.5247498
1.5235443
1.3104553
1.213501
1.4397583
1.8060608
2.083786
2.1208954
2.0957642
2.147232
2.1125183
2.051468
1.925766
1.9221802
2.070633
2.2513885
2.3663025
2.2238464
2.2777252
2.3974304
2.451294
2.7326202
2.7326202
2.2537842
1.6863556
1.2625885
1.2458191
1.1596222
1.1859589
1.4038391
1.5450897
1.4636993
1.415802
1.7545929
2.2465973
2.5147552
2.602127
2.5901642
2.5698242
2.5434723
2.5590363
2.640442
2.6751556
2.5039825
2.8559265
3.4832
2.3902435
1.7964935
1.6408691
