0.37420654
0.2383728
0.14356995
0.12599182
0.13452148
0.12866211
0.12545776
0.16061401
0.2256012
0.28419495
0.237854
0.106292725
0.00881958
-0.017822266
-0.027938843
-0.031143188
-0.040725708
-0.17121887
-0.4087677
-0.47375488
-0.188797
0.31347656
0.5414429
0.28045654
-0.1334076
-0.40238953
-0.3533783
-0.07695007
0.12973022
0.1355896
0.10575867
0.10787964
0.09883118
0.055160522
0.02746582
0.010940552
0.061019897
0.14303589
0.2064209
0.23625183
0.21707153
0.1595459
0.13664246
0.08390808
0.09616089
0.22773743
0.115875244
-0.25483704
-0.55737305
-0.46043396
-0.17440796
-0.12541199
-0.33259583
-0.52223206
-0.5669708
-0.48760986
-0.3379364
-0.13926697
-0.0077056885
0.087646484
0.19950867
0.31881714
0.3779297
0.34970093
0.24050903
0.10043335
0.036514282
0.054626465
0.16914368
0.25489807
0.24371338
0.15956116
0.11001587
0.099365234
-0.030075073
-0.32940674
-0.58773804
-0.63568115
-0.45724487
-0.13873291
-0.08280945
-0.20637512
-0.38746643
-0.43592834
-0.22128296
-0.026870728
-0.069488525
-0.16429138
-0.19465637
-0.18240356
-0.13127136
-0.079071045
-0.07746887
-0.05404663
0.0056152344
0.14624023
0.29963684
0.29589844
0.1590271
0.0460968
0.16967773
0.4328003
0.39231873
0.03491211
-0.24578857
-0.12913513
0.27726746
0.38806152
0.13078308
-0.09825134
-0.15896606
-0.010360718
0.24424744
0.41096497
0.4370575
0.3246765
0.18458557
0.094573975
0.051956177
-2.4414062E-4
-0.029006958
-0.074279785
-0.17388916
-0.21809387
-0.11582947
-0.02154541
0.009338379
0.14463806
0.48179626
0.56915283
0.38485718
0.08711243
-0.038589478
0.051971436
0.089782715
-0.19252014
-0.507843
-0.6612396
-0.5935974
-0.31929016
0.12120056
0.45089722
0.6138916
0.9521179
0.8253479
0.059951782
-0.38746643
-0.57655334
-0.47694397
-0.35391235
-0.20158386
0.08338928
0.35183716
0.51960754
0.5015106
0.3305359
0.25543213
0.35876465
0.26235962
-0.112091064
-0.39918518
-0.3219452
-0.1504364
-0.18986511
-0.42848206
-0.6793518
-0.8066406
-0.6239624
-0.17547607
0.2144165
0.38165283
0.29005432
0.09031677
-0.06149292
-0.04763794
0.07699585
0.19470215
0.26608276
0.284729
0.31828308
0.3433075
0.27140808
0.16700745
0.25115967
0.4493103
0.48233032
0.054092407
-0.5493927
-0.75764465
-0.6292877
-0.27082825
-0.0066375732
-0.12806702
-0.30863953
-0.3352661
-0.21809387
0.06474304
0.42427063
0.5297394
0.38272095
0.15422058
0.012008667
0.031723022
0.11694336
0.15582275
0.14729309
0.1510315
0.25064087
0.41734314
0.47966003
0.36088562
0.1078949
-0.10517883
0.033325195
0.44345093
0.62561035
0.35769653
0.015213013
-0.064697266
-0.071624756
-0.24472046
-0.5222168
-0.64152527
-0.49186707
-0.08546448
0.3156128
0.49617004
0.42108154
0.20909119
0.043441772
-0.06097412
-0.14031982
-0.1653595
-0.1264801
-0.023147583
0.094573975
0.08232117
-0.06842041
-0.21328735
-0.21116638
-0.06681824
0.08657837
0.15049744
-0.06681824
-0.34751892
-0.30969238
0.040771484
0.35343933
0.36302185
0.17765808
-0.025268555
-0.16589355
-0.1776123
-0.018356323
0.27566528
0.5132141
0.56967163
0.43545532
0.23838806
0.0929718
0.045578003
0.096710205
0.18937683
0.28738403
0.38645935
0.46954346
0.48179626
0.4024353
0.24743652
0.16647339
0.27140808
0.27619934
-0.051376343
-0.48547363
-0.5515137
-0.1776123
0.16381836
0.18351746
-0.052444458
-0.27774048
-0.30491638
-0.11315918
0.22399902
0.43759155
0.32254028
0.07006836
-0.057235718
0.030654907
0.15635681
0.20109558
0.24157715
0.3267975
0.38111877
0.38645935
0.29856873
0.25382996
0.43385315
0.67300415
0.6117554
0.57766724
0.84558105
0.1675415
-0.090789795
0.3624878
0.6937866
0.45942688
-0.22714233
-0.87109375
-1.1065216
-0.9323578
-0.41357422
0.15209961
0.47433472
0.56648254
0.54837036
0.48339844
0.34117126
0.15422058
-0.029006958
-0.1733551
-0.21383667
-0.09239197
0.058883667
0.127594
0.14677429
0.0929718
0.040771484
0.16433716
0.44610596
0.52919006
0.27938843
-0.0753479
-0.16270447
-0.004501343
0.10575867
-0.045516968
-0.26708984
-0.39811707
-0.34007263
-0.08918762
0.16435242
0.25169373
0.1787262
0.049301147
-0.07267761
-0.22341919
-0.3688202
-0.35977173
-0.23832703
-0.20477295
-0.14831543
0.024795532
0.10682678
-0.050842285
-0.18452454
0.06581116
0.350235
0.25808716
-0.141922
-0.4471283
-0.49398804
-0.1845398
0.12013245
0.084991455
-0.15470886
-0.2883911
-0.119018555
0.21069336
0.39338684
0.35502625
0.25808716
0.16860962
0.004547119
-0.21968079
-0.34539795
-0.2553711
0.011474609
0.190979
0.22027588
0.17660522
0.18884277
0.29856873
0.6154785
1.210434
1.3563843
0.8807373
0.12226868
-0.28094482
-0.34059143
-0.33312988
-0.3059845
-0.33847046
-0.37574768
-0.35124207
-0.23620605
0.040786743
0.3736725
0.6378479
0.638916
0.3859253
0.12652588
0.006149292
-7.7819824E-4
0.11054993
0.2256012
0.3001709
0.57766724
1.1129608
0.59950256
-0.105163574
-0.30384827
-0.29478455
