0.1179657
0.22929382
0.34487915
0.3166504
0.19946289
0.13768005
0.12435913
0.12063599
0.097732544
0.037017822
-0.026382446
-0.033294678
-0.003479004
-0.003479004
-0.029571533
-0.05621338
-0.0849762
-0.16647339
-0.39656067
-0.6255951
-0.6287842
-0.41307068
-0.2453003
-0.26127625
-0.40348816
-0.4860382
-0.42053223
-0.33103943
-0.36193848
-0.45620728
-0.45887756
-0.35980225
-0.22026062
-0.15634155
-0.24263
-0.3448944
-0.35554504
-0.29696655
-0.21440125
-0.12332153
-0.0050811768
0.1259613
0.25645447
0.39440918
0.5265045
0.5904236
0.5573883
0.45407104
0.33102417
0.2543335
0.27615356
0.3454132
0.3773651
0.35871887
0.31877136
0.2516632
0.16537476
0.153656
0.21650696
0.25538635
0.23408508
0.21490479
0.17816162
0.09454346
-0.013061523
-0.1126709
-0.2303772
-0.3310547
-0.33850098
-0.2660675
-0.13716125
-0.057800293
-0.10681152
-0.18617249
-0.31826782
-0.51161194
-0.6090698
-0.53131104
-0.37472534
-0.2703247
-0.2857666
-0.29696655
-0.24476624
-0.20108032
-0.18882751
-0.1872406
-0.15847778
-0.09030151
-0.045562744
-0.057266235
-0.124923706
-0.20481873
-0.22238159
-0.1680603
-0.08177185
-0.01625061
0.013580322
0.018371582
0.0034484863
0.022094727
0.08920288
0.18988037
0.25112915
0.24526978
0.21650696
0.19892883
0.23408508
0.27563477
0.29533386
0.2751007
0.21011353
0.20318604
0.28201294
0.36669922
0.41838074
0.43222046
0.4050598
0.3406067
0.21864319
0.07801819
-0.011474609
-0.024246216
0.005569458
-0.009338379
-0.09562683
-0.17445374
-0.13504028
-0.038635254
0.014633179
-0.03543091
-0.2383728
-0.38591003
-0.25221252
-0.008804321
0.05671692
-0.07910156
-0.3092041
-0.46739197
-0.43278503
-0.25646973
-0.0657959
0.07269287
0.17869568
0.26763916
0.29214478
0.24313354
0.13128662
0.05831909
0.03488159
0.16430664
0.37841797
0.46418762
0.43701172
0.50997925
0.6447449
0.725708
0.74967957
0.7741699
0.80026245
0.75180054
0.6985321
0.7534027
0.8455353
0.9147949
0.90093994
0.83755493
0.80718994
0.8322296
0.8748474
0.88175964
0.83595276
0.7310333
0.6612549
0.6884155
0.7065277
0.6101227
0.44979858
0.34753418
0.345932
0.39068604
0.38694763
0.33848572
0.3336792
0.439682
0.60479736
0.66978455
0.37469482
-0.12332153
-0.30548096
-0.09402466
0.35125732
0.6926727
0.7288971
0.615448
0.51371765
0.46151733
0.44181824
0.4205017
0.4024048
0.45140076
0.49560547
0.4897461
0.46524048
0.439682
0.43595886
0.46684265
0.5142517
0.5472717
0.582428
0.63623047
0.68522644
0.72250366
0.74754333
0.7864227
0.8178406
0.8615265
0.9717865
1.0697937
1.0697937
0.98776245
0.9115906
0.84713745
0.78482056
0.7731018
0.81837463
0.8562012
0.8503418
0.78375244
0.6761627
0.56591797
0.45300293
0.32463074
0.230896
0.21330261
0.2708435
0.34753418
0.38694763
0.376297
0.3251648
0.27615356
0.345932
0.47270203
0.45246887
0.22343445
-0.08390808
-0.24263
-0.1595459
0.09559631
0.30439758
0.3496704
0.28788757
0.2271576
0.21917725
0.24845886
0.30119324
0.33262634
0.30812073
0.2559204
0.25538635
0.28735352
0.2974701
0.28096008
0.28149414
0.34700012
0.44874573
0.5339508
0.58880615
0.63249207
0.6830902
0.73262024
0.7603302
0.77098083
0.7166443
0.6378174
0.6820221
0.7768402
0.87590027
0.9547272
0.9025421
0.8253021
0.8300934
0.8572693
0.8695221
0.83169556
0.742218
0.61172485
0.5009308
0.43382263
0.39759827
0.3885498
0.38534546
0.36724854
0.31344604
0.23088074
0.15312195
0.1456604
0.19146729
0.26657104
0.27616882
0.24101257
0.23461914
0.04660034
-0.21546936
-0.4972229
-0.53663635
-0.30015564
0.010910034
0.0705719
-0.16433716
-0.4306488
-0.54037476
-0.481781
-0.30973816
-0.13983154
-0.034362793
-0.008270264
-0.033828735
-0.03970337
-0.026916504
-0.03703308
-0.0423584
-0.04396057
-0.06260681
-0.051956177
0.008773804
0.1302185
0.2559204
0.3571167
0.42903137
0.44181824
0.35604858
0.21916199
0.17016602
0.230896
0.31611633
0.3097229
0.27189636
0.26445007
0.29640198
0.32888794
0.33262634
0.32730103
0.30812073
0.24313354
0.13980103
0.025817871
-0.0892334
-0.1765747
-0.24848938
-0.2740631
-0.2580719
-0.23464966
-0.22612
-0.3049469
-0.355011
-0.2575531
-0.13504028
-0.1984253
-0.5009613
-0.73158264
-0.68151855
-0.41093445
-0.15634155
-0.14889526
-0.306015
-0.41360474
-0.38591003
-0.25593567
-0.14888
-0.10307312
-0.115859985
-0.16592407
-0.21279907
-0.22984314
-0.22824097
-0.2106781
-0.15846252
-0.045547485
0.12063599
0.24313354
0.3363495
0.43754578
0.4785614
0.48016357
0.44233704
0.36244202
0.2505951
0.17762756
0.18774414
0.24794006
0.33155823
0.40238953
0.41996765
0.3683014
0.31344604
0.3262329
0.359787
0.35073853
0.3054657
0.22076416
0.083343506
-0.038635254
-0.101486206
-0.12864685
-0.14622498
-0.13183594
-0.1254425
-0.2149353
-0.29164124
-0.308136
-0.32040405
-0.24209595
