-28.097534
-29.258728
-29.251099
-27.770996
-28.382874
-28.37677
-29.273987
-28.088379
-26.89972
-29.33197
-28.015137
-28.137207
-27.323914
-27.497864
-27.658081
-28.483582
-29.219055
-28.311157
-29.54712
-28.21045
-29.013062
-28.379822
-29.408264
-27.043152
-28.186035
-27.088928
-26.068115
-25.871277
-26.50299
-26.223755
-26.63269
-26.63269
-26.63269
-25.19989
-25.119019
-23.963928
-25.680542
-24.215698
-23.797607
-25.23346
-24.195862
-24.552917
-24.961853
-23.85254
-24.681091
-24.383545
-24.957275
-25.843811
-26.008606
-23.797607
-24.841309
-25.006104
-26.96991
-24.983215
-25.18158
-27.012634
-27.297974
-27.45819
-27.96936
-26.200867
-27.096558
-28.027344
-28.684998
-26.37024
-26.44043
-27.174377
-27.227783
-26.002502
-27.003479
-25.016785
-24.899292
-26.22528
-25.386047
-25.764465
-25.698853
-25.317383
-23.144531
-23.48175
-22.877502
-22.732544
-22.467041
-22.390747
-23.014832
-22.146606
-20.323181
-22.509766
-21.968079
-23.27118
-21.923828
-22.401428
-20.614624
-20.471191
-22.027588
-21.290588
-20.70465
-21.214294
-21.559143
-21.051025
-21.136475
-21.6568
-20.481873
-22.589111
-23.54126
-22.244263
-22.66388
-22.843933
-22.843933
-22.843933
-21.264648
-23.54126
-23.469543
-23.67096
-24.35913
-24.632263
-24.694824
-25.17395
-25.149536
-25.993347
-24.842834
-25.083923
-25.138855
-25.134277
-24.937439
-25.0
-25.471497
-25.662231
-26.786804
-26.156616
-24.261475
-27.049255
-25.117493
-25.434875
-25.531006
-25.834656
-25.572205
-24.406433
-26.231384
-24.627686
-24.74823
-23.939514
-23.768616
-24.765015
-25.04425
-26.29242
-25.8667
-26.046753
-25.360107
-26.948547
-27.507019
-27.44751
-26.646423
-29.136658
-27.505493
-29.849243
-28.938293
-30.317688
-31.402588
-31.408691
-34.135437
-31.806946
-33.251953
-33.34503
-33.766174
-34.674072
-35.403442
-34.91516
-35.29663
-35.461426
-36.88202
-36.80725
-37.501526
-37.60376
-37.098694
-37.1933
-38.641357
-36.68518
-38.641357
-38.937378
-36.906433
-37.168884
-37.257385
-37.257385
-38.04016
-37.434387
-38.276672
-38.03253
-38.635254
-38.328552
-37.348938
-37.82196
-37.771606
-37.74872
-38.594055
-39.834595
-38.150024
-38.615417
-38.94043
-38.4552
-40.945435
-39.91089
-39.720154
-39.82086
-41.020203
-41.09192
-41.38336
-41.38336
-39.920044
-39.364624
-40.107727
-40.742493
-41.433716
-39.96277
-39.959717
-40.951538
-42.367554
-42.37213
-40.567017
-42.129517
-41.596985
-43.260193
-41.731262
-41.37268
-42.6651
-41.249084
-40.74402
-42.303467
-41.879272
-41.88385
-41.57257
-41.079712
-42.477417
-41.16211
-40.403748
-41.28723
-41.012573
-41.093445
-39.852905
-41.714478
-41.340637
-41.46881
-40.67383
-40.45105
-42.478943
-41.697693
-41.719055
-40.66925
-41.670227
-41.38336
-41.474915
-41.91284
-41.59088
-41.532898
-41.189575
-41.4917
-39.645386
-39.645386
-39.645386
-40.855408
-41.334534
-40.59906
-39.483643
-40.992737
-41.79077
-40.74707
-40.603638
-40.0177
-38.365173
-40.92102
-40.0177
-40.655518
-39.631653
-39.888
-40.359497
-40.229797
-38.156128
-39.76288
-39.37378
-38.69934
-37.091064
-36.953735
-37.609863
-37.228394
-36.51123
-35.83069
-36.528015
-34.754944
-36.209106
-33.73108
-36.31897
-35.36377
-33.062744
-34.81598
-34.727478
-34.3338
-33.537292
-32.824707
-32.759094
-34.127808
-33.418274
-33.311462
-33.232117
-32.873535
-34.329224
-33.19702
-34.709167
-35.261536
-33.735657
-33.880615
-34.228516
-33.988953
-34.657288
-34.439087
-36.00464
-34.422302
-33.7677
-35.36682
-35.26001
-35.38513
-35.69336
-34.605408
-35.157776
-36.524963
-34.336853
-36.146545
-35.113525
-34.976196
-35.281372
-35.821533
-35.002136
-35.386658
-35.386658
-35.386658
-35.777283
-34.70459
-34.498596
-34.501648
-34.37195
-36.605835
-33.425903
-34.143066
-33.529663
-35.10742
-33.468628
-33.483887
-34.934998
-33.87146
-32.452393
-34.373474
-33.53424
-33.87146
-32.876587
-33.5495
-35.292053
-31.924438
-36.012268
-33.857727
-34.864807
-35.43701
-34.539795
-35.580444
-35.72693
-33.833313
-34.939575
-35.707092
-36.442566
-35.78186
-35.8963
-35.11963
-36.793518
-35.65979
-37.390137
-37.042236
-37.68158
-35.736084
-38.638306
-36.149597
-37.59613
-37.74109
-38.285828
-37.117004
-37.597656
-38.21869
-36.320496
-37.394714
-38.320923
-36.273193
-35.92682
-35.54077
-37.184143
-35.290527
-35.658264
-34.831238
-36.95221
-35.49652
-35.14862
-34.6756
-35.794067
-35.890198
-34.579468
-36.60736
-34.890747
-35.446167
-35.71167
-35.751343
-34.147644
-34.147644
-34.147644
-35.466003
-34.770203
-34.7229
-35.787964
-35.557556
