2.3471527
1.5965729
1.513977
1.8359833
2.154419
2.2825165
2.2370148
2.090973
1.976059
2.035904
2.0382996
1.9281769
1.628891
1.1847687
0.78852844
0.89268494
1.5702362
2.1400604
1.9880219
1.4888306
1.2565918
1.3248291
1.4229889
1.4325714
1.5989685
1.9568939
2.2956696
2.5015717
2.5793915
2.439331
2.1855469
2.0095673
1.9353485
1.980835
2.063446
2.0251312
1.9377441
1.8790894
1.8156433
1.6348877
1.2206879
0.20314026
-0.82637024
-0.91734314
0.20074463
1.4613037
1.8359833
1.4876404
1.1811829
1.0806274
1.0698547
1.0171814
1.0075989
1.1931458
1.4996033
1.7043152
1.6947327
1.6372681
1.7593842
1.9916077
2.2537842
2.3986206
2.375885
2.2705383
2.0897827
2.0933685
2.0131683
1.857544
1.549881
1.0363312
0.83761597
1.0686493
1.5199585
1.7462158
1.434967
0.88668823
0.5562897
0.6568451
1.0171814
1.4050293
1.6899414
1.8300018
1.8323975
1.8874664
1.9018402
1.8683167
1.9066162
1.9281616
1.86232
1.7833252
1.8455658
1.8695068
1.6229095
1.3715057
1.1452637
0.8016968
0.3348236
-0.23020935
-0.19909668
0.72029114
1.6300812
1.4589081
0.8076782
0.56347656
0.60298157
0.89746094
1.2649689
1.4205933
1.5211487
1.7773285
1.9592896
1.8312073
1.6109467
1.5450897
1.5845947
1.7845154
2.1017456
2.15802
2.2585754
2.422577
2.509964
2.545868
2.07901
0.35038757
-0.86587524
-0.59413147
0.4174347
1.5115814
2.1879425
2.466858
2.2705383
1.7462158
1.3140564
1.1213226
1.0914001
1.3499756
1.6660004
1.8240204
1.6660004
1.2386475
1.0387268
1.2841339
1.4421539
1.3008881
1.173996
1.2865143
1.4074249
1.5403137
1.9281616
2.0574646
1.5630493
0.3348236
-0.9209442
-1.3518982
-0.7341919
-0.061416626
0.084625244
0.0499115
0.3132782
0.86035156
1.4804535
1.9880219
2.1209106
1.8958435
1.7294464
1.6408691
1.5486908
1.4277802
1.3834839
1.5019989
1.7498016
2.1161194
2.557846
2.8164215
2.767334
2.5075684
2.4967957
2.384262
1.8407745
1.3894653
1.0710449
1.0327454
1.1380768
1.1225128
0.4617157
-0.2756958
-0.72821045
-0.5175171
0.21751404
1.1201324
1.8467712
2.1101227
1.8036652
1.4696808
1.534317
1.7354431
1.7162781
1.6061554
1.5235443
1.5127716
1.5331268
1.5127716
1.3918762
1.1632233
0.9633026
0.78852844
0.50720215
-0.38822937
-1.4955444
-1.584137
-0.4600525
0.75860596
1.5415039
1.4672852
1.0734406
0.99443054
1.3499603
1.7282562
1.9580994
2.0502777
1.9461212
1.8455658
1.786911
1.7294464
1.7282562
1.7115021
1.6468506
1.7521973
1.9868317
2.123291
1.8695068
1.7593842
2.1209106
2.300476
1.9161987
0.78852844
-0.27690125
-0.52948
-0.01234436
0.2665863
0.22589111
0.11695862
0.04032898
0.19236755
0.5383301
0.9585266
1.3176422
1.3535614
1.103363
1.0674438
1.2973022
1.628891
1.9544983
2.0035858
1.7569885
1.6121368
1.7438202
1.8491516
1.434967
1.0830078
1.3308105
1.8683167
1.4589081
-0.017120361
-0.6839142
0.5467224
1.8491516
1.332016
0.8005066
0.8148651
0.61494446
0.67601013
1.257782
1.8407898
2.1843414
2.3028564
2.2777252
2.1460419
1.9126129
1.7270508
1.5858002
1.6312866
1.9856262
2.1651917
2.2705383
2.581787
2.897812
2.5554504
1.8443756
1.387085
1.4624939
1.723465
1.8000793
1.5570679
1.1512451
0.9908447
0.9190216
0.8435974
0.8938751
1.221878
1.6755829
2.0849915
2.1843567
1.8730927
1.4553223
1.0961914
1.0039978
1.1416779
1.3116608
1.6767731
2.0658417
1.9569092
1.5438995
1.4529114
1.6875458
1.7917023
1.1117401
0.089416504
-0.5857544
-0.13684082
0.9417572
1.5786133
1.3990479
1.1153412
1.1716003
1.5139618
1.9221802
2.0825958
1.8719025
1.6899414
1.6863556
1.7055054
1.6707916
1.7114868
1.723465
1.7569733
1.8707123
1.9916077
2.044281
2.0442963
1.8838806
1.7976837
1.573822
1.1656189
0.960907
0.9142151
0.78015137
0.47488403
0.3348236
0.43658447
0.5778351
0.75860596
1.0075989
1.4732666
1.9341583
2.171173
2.0251312
1.7114868
1.628891
1.8288116
1.8946533
1.7761383
1.9030304
2.2310333
2.193924
1.6396637
1.1644135
1.3786926
1.980835
1.9700623
1.2601929
0.6975403
0.7286682
1.1763916
1.4098206
1.134491
0.7143097
0.62213135
1.1512451
1.881485
2.3375854
2.4584808
2.4489136
2.4357452
2.470459
2.3495483
2.1759644
2.1651917
2.3028717
2.4848175
2.5602417
2.4405212
2.3399658
2.2753296
1.9509125
1.8395844
1.865921
1.8443756
1.7091064
1.2781372
1.2577972
1.6312866
1.8431702
1.8371887
1.7940979
2.0538635
2.6476288
3.1097107
3.1887207
3.0450745
2.9672546
2.7960663
2.4584808
2.0347137
2.0406952
2.4728546
2.8978271
3.0941467
2.7421875
2.2214508
1.9987946
2.1221008
2.1975098
1.8886719
1.2949066
0.69395447
0.62094116
1.1069489
1.4924164
1.6073456
1.6504364
1.7402191
1.9557037
2.1819458
2.5913696
3.0821686
3.2976532
3.0845642
2.799652
2.6033325
2.296875
2.1089325
2.186737
2.4082031
2.5350952
2.6500244
2.7876892
3.0187225
3.019928
2.7086792
2.162796
1.7162781
1.4014435
1.6863556
1.3583527
1.253006
1.0758362
