-0.401886
-0.45141602
-0.32891846
-0.15634155
-0.07058716
-0.019454956
0.01676941
0.0705719
0.1493988
0.23994446
0.32302856
0.359787
0.28575134
0.17495728
0.23194885
0.48069763
0.7193146
0.789093
0.64100647
0.4162445
0.3027954
0.29586792
0.2820282
0.24685669
0.25219727
0.28894043
0.29107666
0.24101257
0.1334076
-0.0050811768
-0.10095215
-0.14408875
-0.15847778
-0.15634155
-0.13343811
-0.13983154
-0.17019653
-0.18510437
-0.20907593
-0.29855347
-0.5808563
-0.91534424
-0.96647644
-0.6287842
-0.13183594
0.16802979
0.12649536
-0.11959839
-0.3203888
-0.41467285
-0.43330383
-0.418396
-0.36779785
-0.26872253
-0.17391968
-0.11639404
-0.11746216
-0.14622498
-0.113204956
-0.038635254
0.03541565
0.08920288
0.10519409
0.12223816
0.16377258
0.21757507
0.24259949
0.20585632
0.12063599
0.06524658
0.14407349
0.38587952
0.5904083
0.63090515
0.4908142
0.30386353
0.21757507
0.2601776
0.3486023
0.39227295
0.34913635
0.25645447
0.19093323
0.14512634
0.0987854
0.06578064
0.059906006
0.04978943
0.03967285
0.03967285
0.010910034
-0.045028687
-0.10467529
-0.1558075
-0.21333313
-0.31080627
-0.3917694
-0.324646
-0.042892456
0.24580383
0.23036194
-0.06365967
-0.3283844
-0.38537598
-0.27937317
-0.12864685
-0.038101196
0.04020691
0.14407349
0.20904541
0.20159912
0.14619446
0.09931946
0.118499756
0.200531
0.3086548
0.42636108
0.5227661
0.58135986
0.5797577
0.5946808
0.568573
0.41838074
0.18241882
0.11903381
0.49613953
1.0841675
1.4575348
1.525177
1.3744507
1.0825653
0.7954712
0.62449646
0.57177734
0.58403015
0.6143799
0.59573364
0.5227661
0.4205017
0.34114075
0.31877136
0.34114075
0.38482666
0.4039917
0.39920044
0.40878296
0.43702698
0.4854889
0.55792236
0.5115814
0.2202301
-0.14675903
-0.2575531
-0.023712158
0.34700012
0.5845642
0.6292877
0.62023926
0.71559143
0.86524963
0.9691162
0.9739075
0.8450165
0.6735077
0.5941467
0.57603455
0.5185089
0.45991516
0.45565796
0.5099945
0.59840393
0.6719055
0.71131897
0.72410583
0.71025085
0.6958771
0.7075958
0.6708374
0.56217957
0.44766235
0.50146484
0.6564636
0.7549896
0.7619171
0.6745758
0.5951996
0.6766968
0.9456787
1.236496
1.3845673
1.3355713
1.1177216
0.84288025
0.648468
0.5541992
0.52116394
0.46951294
0.39013672
0.33688354
0.3224945
0.31930542
0.28414917
0.19946289
0.09719849
0.08547974
0.10359192
-0.07858276
-0.36514282
-0.3907013
-0.046081543
0.44340515
0.7523346
0.6697693
0.34539795
0.12489319
0.11956787
0.2697754
0.38961792
0.38269043
0.30438232
0.2202301
0.16004944
0.1259613
0.104660034
0.09666443
0.12010193
0.18614197
0.3017273
0.4508667
0.5781708
0.6719055
0.8199768
0.9771118
0.9861603
0.7161102
0.345932
0.2543335
0.43914795
0.70332336
0.840744
0.8087921
0.7299652
0.7246399
0.7922821
0.8796387
0.9211731
0.87005615
0.7374115
0.5898895
0.52915955
0.5504608
0.58403015
0.57496643
0.51371765
0.4588623
0.4039917
0.3102417
0.24473572
0.22982788
0.24473572
0.34806824
0.32196045
0.060455322
-0.101486206
-0.0040130615
0.2479248
0.34539795
0.10412598
-0.17338562
-0.29216003
-0.23251343
-0.08230591
0.13768005
0.2905426
0.2585907
0.12649536
-0.04449463
-0.23410034
-0.3960266
-0.47698975
-0.46580505
-0.3560791
-0.16487122
0.042877197
0.23088074
0.39387512
0.44554138
0.3336792
0.15312195
0.11317444
0.25752258
0.4050598
0.40452576
0.3027954
0.17816162
0.069503784
0.029022217
0.04978943
0.092941284
0.18241882
0.27616882
0.27296448
0.17922974
0.026367188
-0.13876343
-0.21279907
-0.14675903
-0.0050811768
0.12915039
0.19093323
0.15844727
0.05406189
-0.08230591
-0.14782715
-0.12918091
-0.27671814
-0.624527
-0.8546295
-0.7923126
-0.512146
-0.24263
-0.21386719
-0.3875122
-0.53930664
-0.5318451
-0.39762878
-0.28897095
-0.2846985
-0.34703064
-0.3603363
-0.29748535
-0.26393127
-0.27565002
-0.26446533
-0.21014404
-0.120666504
0.010375977
0.16644287
0.2740326
0.3027954
0.29800415
0.23675537
0.14672852
0.11584473
0.14726257
0.17816162
0.19786072
0.20851135
0.20532227
0.20851135
0.20532227
0.21757507
0.26870728
0.31983948
0.30065918
0.20213318
0.078552246
-0.019989014
-0.03756714
0.021560669
0.101989746
0.14300537
0.13768005
0.123306274
0.025283813
-0.16273499
-0.2900238
-0.18191528
-0.03543091
-0.16326904
-0.3992157
-0.48550415
-0.4460907
-0.4141388
-0.49508667
-0.63838196
-0.68577576
-0.56381226
-0.32305908
-0.09669495
-0.009338379
-0.038101196
-0.09509277
-0.13024902
-0.14729309
-0.17285156
-0.179245
-0.13183594
-0.051940918
0.042877197
0.14833069
0.2516632
0.33528137
0.38482666
0.43914795
0.5089264
0.5834961
0.6687012
0.7427521
0.7390137
0.739563
0.74754333
0.62397766
0.4908142
0.46418762
0.46365356
0.40345764
0.25912476
0.113708496
0.0061187744
-0.11639404
-0.23304749
-0.2980194
-0.27297974
-0.17977905
-0.055145264
-0.006149292
-0.13237
-0.3294525
-0.4418335
-0.43704224
-0.3560791
-0.34222412
-0.47433472
-0.592041
-0.5691223
-0.42478943
-0.23997498
-0.13397217
-0.1680603
-0.29162598
-0.35075378
-0.2980194
-0.18457031
-0.11213684
-0.11904907
-0.2069397
-0.3438263
-0.4540863
-0.5132141
-0.51586914
-0.43544006
-0.2580719
-0.06100464
0.10359192
0.2751007
0.39866638
0.4306183
0.34114075
0.17495728
0.055648804
0.043411255
0.10359192
0.22662354
0.32888794
0.30386353
0.247406
0.25752258
