-0.37748718
-0.63049316
-0.6603241
-0.40625
-0.1516571
-0.109573364
-0.16816711
-0.1159668
0.03477478
0.19084167
0.2835083
0.18656921
-0.085617065
-0.23155212
0.013458252
0.42253113
0.48857117
0.23130798
0.015594482
0.029434204
0.11785889
0.13917542
0.09762573
0.059814453
0.06726074
0.09388733
0.08963013
0.055007935
-0.015838623
-0.14686584
-0.2565918
-0.260849
-0.2219696
-0.24380493
-0.25552368
-0.18521118
-0.0962677
0.0049438477
0.07951355
-9.1552734E-4
-0.40785217
-0.9324951
-1.024643
-0.4888153
0.19190979
0.46620178
0.28297424
-0.06536865
-0.2571106
-0.21343994
-0.058441162
0.090164185
0.17166138
0.2046814
0.21853638
0.20735168
0.1338501
0.024642944
-0.033416748
0.017715454
0.13117981
0.2089386
0.19561768
0.16366577
0.23876953
0.40016174
0.4757843
0.30162048
-0.069107056
-0.3050537
-0.14419556
0.21853638
0.33784485
0.13278198
-0.15805054
-0.23048401
-0.03074646
0.16473389
0.16419983
0.042236328
-0.06802368
-0.13780212
-0.14154053
-0.07069397
-0.0035858154
-0.010513306
-0.06430054
-0.09732056
-0.060577393
0.021453857
0.015594482
-0.06855774
-0.03767395
0.099227905
0.04649353
-0.30186462
-0.62409973
-0.57562256
-0.1516571
0.30055237
0.3538208
-0.050445557
-0.50372314
-0.66192627
-0.52290344
-0.25871277
-0.07922363
-0.02809143
-0.0046539307
0.062469482
0.1423645
0.18338013
0.19563293
0.20947266
0.24250793
0.2600708
0.2323761
0.18231201
0.1934967
0.23930359
0.28138733
0.22225952
-0.00944519
-0.22143555
-0.16337585
0.14289856
0.5141449
0.66593933
0.49017334
0.18284607
-0.061645508
-0.14845276
-0.090408325
0.028366089
0.13864136
0.16419983
0.013458252
-0.25231934
-0.45472717
-0.4461975
-0.28108215
-0.1394043
-0.088272095
-0.06750488
-0.015304565
0.053955078
0.0912323
0.14608765
0.24995422
0.19563293
-0.213974
-0.6645813
-0.64593506
-0.16816711
0.294693
0.32559204
0.054473877
-0.11756897
0.026245117
0.2803192
0.39109802
0.31333923
0.09336853
-0.10531616
-0.118637085
0.051818848
0.23184204
0.26220703
0.1503601
0.029968262
0.031036377
0.12106323
0.1977539
0.2323761
0.26060486
0.33784485
0.55036926
0.7863159
0.6616821
0.061935425
-0.43873596
-0.36950684
-0.08934021
-0.17030334
-0.53302
-0.6864166
-0.4089203
0.07951355
0.38630676
0.3761902
0.17912292
-0.04034424
-0.104782104
0.042755127
0.21000671
0.19668579
0.045425415
-0.08294678
-0.092544556
0.026245117
0.16526794
0.17752075
0.040634155
-0.13407898
-0.15219116
-0.07762146
-0.19213867
-0.41157532
-0.38388062
-0.06643677
0.26434326
0.39163208
0.21853638
-0.10585022
-0.24273682
-0.118637085
0.12265015
0.26539612
0.2323761
0.122665405
0.06567383
0.073654175
0.05128479
-0.005722046
-0.050994873
-0.095199585
-0.10531616
-0.038742065
0.0635376
0.10507202
0.12211609
0.3042755
0.59350586
0.5860443
0.07312012
-0.5335541
-0.60705566
-0.21876526
0.10934448
0.16473389
0.1146698
0.054489136
0.022506714
0.044891357
0.09336853
0.08270264
0.018249512
-0.004119873
0.029968262
0.059799194
0.05821228
0.010803223
-0.047790527
-0.05897522
0.015594482
0.16687012
0.21479797
0.059265137
0.013458252
0.20733643
0.32505798
0.07258606
-0.29652405
-0.28321838
0.11520386
0.4326477
0.45822144
0.15621948
-0.24859619
-0.44140625
-0.29174805
-0.020095825
0.061935425
0.045959473
0.077926636
0.1578064
0.24995422
0.26965332
0.16526794
-0.025421143
-0.19639587
-0.23794556
-0.14205933
0.057678223
0.2638092
0.38897705
0.4257202
0.37886047
0.21374512
-0.00944519
-0.13728333
-0.037139893
0.078445435
-0.029693604
-0.27149963
-0.44833374
-0.43927002
-0.24806213
0.0065307617
0.19296265
0.21479797
0.047027588
-0.19107056
-0.27789307
-0.15805054
0.010787964
0.10827637
0.12638855
0.17964172
0.24888611
0.18284607
0.03691101
0.06993103
0.1700592
0.104019165
-0.21290588
-0.63261414
-0.7833557
-0.49147034
-0.015838623
0.294693
0.20733643
-0.14419556
-0.45100403
-0.4920044
-0.28321838
-0.08187866
-0.05418396
-0.08720398
-0.021697998
0.118927
0.20521545
0.16792297
0.05821228
-0.0035858154
0.040634155
0.12425232
0.15994263
0.21800232
0.3772583
0.5205231
0.44171143
0.14022827
-0.11277771
-0.09786987
0.02357483
0.023040771
-0.0925293
-0.213974
-0.2182312
-0.093063354
0.04649353
0.08590698
0.049682617
0.00920105
-0.057373047
-0.10157776
-0.029144287
0.113601685
0.1578064
0.12425232
0.1578064
0.19296265
0.094955444
0.037963867
0.21426392
0.46513367
0.46940613
0.18391418
-0.1005249
-0.15219116
1.5258789E-4
0.16259766
0.12319946
-0.13568115
-0.43289185
-0.5181122
-0.3050537
0.019851685
0.21800232
0.19615173
0.050750732
-0.051513672
-0.049926758
-0.0051879883
0.013458252
-9.1552734E-4
-0.014770508
-0.03288269
-0.081344604
-0.11810303
-0.08987427
0.017715454
0.2046814
0.47047424
0.5887146
0.38311768
0.13117981
0.12213135
0.31015015
0.5200043
0.64675903
0.53012085
0.27552795
0.17752075
0.24143982
0.2403717
0.021987915
-0.30451965
-0.5143738
-0.5223694
-0.36843872
-0.15963745
0.016662598
0.08963013
0.062469482
0.019851685
-0.057907104
-0.17881775
-0.21237183
-0.085617065
0.066726685
0.0070648193
-0.29600525
-0.53834534
-0.42276
-0.081344604
0.12532043
0.099746704
-0.08401489
-0.33328247
-0.45684814
-0.31304932
-0.009979248
0.18231201
0.15034485
0.010269165
-0.046188354
0.033172607
0.10986328
0.07418823
-0.0121154785
0.02784729
0.212677
0.341568
0.3980255
0.49124146
0.60202026
0.5072174
0.1423645
-0.23420715
-0.29493713
-0.005722046
0.07791138
-0.25019836
-0.36897278
-0.088272095
0.19882202
