-16.145325
-15.910339
-15.901184
-16.619873
-16.514587
-16.140747
-15.753174
-15.368652
-15.982056
-14.34021
-15.229797
-13.041687
-15.9591675
-14.208984
-15.400696
-15.371704
-15.686035
-13.853455
-14.15863
-14.967346
-15.141296
-15.390015
-14.855957
-14.193726
-14.1571045
-13.702393
-14.61792
-14.968872
-15.390015
-14.181519
-14.614868
-15.036011
-15.24353
-15.371704
-16.072083
-15.364075
-14.855957
-14.855957
-14.855957
-15.939331
-15.658569
-16.946411
-16.929626
-17.61322
-19.604492
-18.669128
-18.145752
-17.332458
-18.415833
-17.323303
-19.493103
-19.117737
-19.599915
-17.137146
-18.067932
-17.596436
-18.171692
-18.318176
-19.078064
-18.299866
-17.80243
-17.10968
-16.75415
-16.526794
-16.233826
-18.817139
-16.670227
-17.326355
-16.749573
-16.976929
-17.926025
-18.026733
-17.114258
-16.9693
-16.95404
-16.989136
-18.070984
-17.454529
-18.217468
-17.008972
-16.313171
-16.31012
-17.71698
-16.178894
-17.306519
-15.122986
-17.341614
-16.567993
-17.727661
-15.670776
-18.115234
-17.17987
-15.52124
-18.901062
-16.516113
-17.681885
-19.703674
-20.118713
-20.281982
-19.664001
-19.152832
-19.395447
-20.323181
-19.641113
-20.857239
-20.26825
-21.813965
-21.79718
-19.970703
-19.926453
-17.385864
-17.385864
-17.385864
-17.948914
-17.805481
-19.517517
-18.508911
-16.612244
-16.596985
-16.941833
-15.705872
-16.171265
-16.171265
-16.642761
-15.682983
-18.82019
-18.118286
-17.514038
-17.048645
-15.718079
-16.719055
-15.969849
-17.329407
-17.601013
-15.830994
-16.5802
-17.520142
-14.912415
-15.419006
-16.200256
-16.764832
-17.3172
-16.267395
-17.001343
-16.545105
-17.793274
-18.10913
-17.471313
-16.352844
-17.436218
-19.303894
-16.026306
-18.939209
-19.880676
-17.729187
-18.617249
-19.03534
-18.649292
-17.506409
-16.941833
-16.32843
-17.158508
-16.981506
-17.266846
-17.248535
-17.637634
-18.473816
-15.6692505
-17.677307
-17.080688
-17.149353
-17.269897
-15.739441
-14.414978
-15.69519
-15.708923
-14.16626
-13.609314
-14.042664
-12.481689
-13.48114
-13.438416
-14.920044
-15.280151
-13.659668
-13.659668
-13.659668
-16.586304
-16.911316
-15.882874
-15.922546
-14.862061
-16.25061
-14.793396
-15.406799
-14.99176
-15.312195
-14.776611
-16.078186
-15.5807495
-15.3793335
-14.5980835
-15.351868
-15.473938
-15.57312
-15.390015
-15.942383
-16.210938
-14.846802
-14.926147
-16.204834
-16.122437
-18.025208
-15.948486
-15.118408
-17.074585
-16.319275
-17.02118
-13.682556
-16.01715
-15.962219
-16.42456
-17.218018
-15.231323
-14.425659
-14.761353
-14.927673
-17.053223
-15.757751
-15.74707
-16.65039
-16.612244
-15.335083
-15.419006
-14.474487
-16.519165
-15.136719
-14.276123
-16.278076
-16.946411
-16.897583
-16.392517
-16.099548
-15.963745
-15.261841
-14.666748
-15.6188965
-16.366577
-16.207886
-16.31012
-15.873718
-17.643738
-15.852356
-16.442871
-17.277527
-16.957092
-14.958191
-16.551208
-16.337585
-16.337585
-16.337585
-16.539001
-18.675232
-16.775513
-17.526245
-18.122864
-17.445374
-19.306946
-18.510437
-18.513489
-18.486023
-17.277527
-16.560364
-18.534851
-18.215942
-17.97638
-18.208313
-18.04657
-17.202759
-16.349792
-16.256714
-18.55011
-18.148804
-17.962646
-17.385864
-17.39502
-17.286682
-16.395569
-15.888977
-16.217041
-16.389465
-14.903259
-16.63971
-15.200806
-15.776062
-15.69519
-16.06903
-13.35907
-14.993286
-14.427185
-14.352417
-13.825989
-15.29541
-15.306091
-15.02533
-15.750122
-15.2771
-15.788269
-14.558411
-14.094543
-13.679504
-13.35907
-13.679504
-13.569641
-15.116882
-14.268494
-14.776611
-14.86969
-15.229797
-14.11438
-14.756775
-12.107849
-11.730957
-14.926147
-14.285278
-12.831116
-14.819336
-13.398743
-15.081787
-13.883972
-13.981628
-13.86261
-13.95874
-14.828491
-14.828491
-11.4730835
-12.698364
-14.343262
-13.75885
-13.475037
-13.336182
-13.970947
-12.283325
-12.275696
-13.392639
-13.987732
-14.303589
-13.86261
-13.8168335
-13.131714
-12.651062
-14.31427
-12.666321
-12.580872
-12.361145
-13.2873535
-14.854431
-12.788391
-14.256287
-12.8341675
-13.618469
-12.738037
-12.612915
-12.918091
-12.039185
-11.611938
-11.407471
-11.933899
-11.915588
-10.235596
-11.64093
-10.975647
-11.314392
-10.960388
-10.891724
-10.211182
-10.3012085
-11.201477
-11.012268
-11.497498
-11.49292
-10.325623
-9.619141
-10.827637
-10.824585
-10.629272
-10.73761
-9.875488
-10.105896
-12.599182
-11.04126
-11.746216
-12.2039795
-11.402893
-11.849976
-11.903381
-11.628723
-11.206055
-11.608887
-13.075256
-12.80365
-11.143494
-12.501526
-9.783936
-11.18927
-10.549927
-10.415649
-11.859131
-11.859131
-11.859131
-12.736511
-13.999939
-13.1866455
-13.157654
-12.60376
-11.984253
-13.208008
-11.71875
-13.291931
-13.456726
-12.028503
-12.513733
-12.062073
-12.802124
-13.157654
-13.545227
-13.470459
-14.154053
-11.764526
-12.557983
-12.301636
-12.739563
-12.565613
-12.301636
-12.65564
-11.479187
-11.456299
-12.62207
-12.113953
-13.865662
-13.053894
-12.257385
-13.652039
-10.954285
-12.991333
-12.211609
-12.0651245
-11.317444
-11.769104
-10.795593
-12.57782
-12.182617
-10.647583
-12.606812
-12.373352
-14.073181
-13.032532
-13.082886
