1624764260232
1624764260233
1624764260251
1624764260281
1624764260292
1624764260309
1624764260329
1624764260349
1624764260369
1624764260389
1624764260409
1624764260429
1624764260449
1624764260472
1624764260491
1624764260509
1624764260529
1624764260549
1624764260570
1624764260590
1624764260610
1624764260630
1624764260650
1624764260670
1624764260690
1624764260710
1624764260730
1624764260750
1624764260770
1624764260792
1624764260810
1624764260831
1624764260850
1624764260875
1624764260890
1624764260911
1624764260931
1624764260950
1624764260969
1624764260989
1624764261010
1624764261030
1624764261050
1624764261070
1624764261090
1624764261109
1624764261130
1624764261150
1624764261169
1624764261190
1624764261210
1624764261230
1624764261250
1624764261271
1624764261291
1624764261309
1624764261329
1624764261349
1624764261370
1624764261390
1624764261409
1624764261429
1624764261449
1624764261470
1624764261490
1624764261510
1624764261530
1624764261550
1624764261570
1624764261590
1624764261610
1624764261630
1624764261650
1624764261669
1624764261690
1624764261710
1624764261730
1624764261751
1624764261770
1624764261789
1624764261809
1624764261829
1624764261849
1624764261869
1624764261889
1624764261909
1624764261929
1624764261949
1624764261969
1624764261989
1624764262010
1624764262029
1624764262049
1624764262070
1624764262091
1624764262110
1624764262130
1624764262150
1624764262170
1624764262190
1624764262210
1624764262231
1624764262251
1624764262271
1624764262291
1624764262313
1624764262330
1624764262351
1624764262371
1624764262391
1624764262411
1624764262431
1624764262451
1624764262470
1624764262490
1624764262511
1624764262530
1624764262565
1624764262569
1624764262590
1624764262616
1624764262636
1624764262650
1624764262670
1624764262701
1624764262710
1624764262730
1624764262750
1624764262769
1624764262790
1624764262812
1624764262829
1624764262851
1624764262870
1624764262891
1624764262909
1624764262931
1624764262951
1624764262970
1624764262990
1624764263011
1624764263033
1624764263052
1624764263070
1624764263090
1624764263112
1624764263131
1624764263151
1624764263170
1624764263189
1624764263210
1624764263230
1624764263250
1624764263270
1624764263291
1624764263310
1624764263330
1624764263350
1624764263371
1624764263392
1624764263411
1624764263431
1624764263451
1624764263470
1624764263491
1624764263511
1624764263531
1624764263551
1624764263571
1624764263591
1624764263611
1624764263631
1624764263650
1624764263671
1624764263691
1624764263711
1624764263731
1624764263754
1624764263771
1624764263791
1624764263810
1624764263831
1624764263851
1624764263871
1624764263890
1624764263910
1624764263930
1624764263951
1624764263970
1624764263991
1624764264012
1624764264031
1624764264051
1624764264071
1624764264091
1624764264111
1624764264131
1624764264151
1624764264171
1624764264191
1624764264211
1624764264231
1624764264251
1624764264271
1624764264291
1624764264317
1624764264330
1624764264351
1624764264371
1624764264391
1624764264411
1624764264431
1624764264452
1624764264471
1624764264492
1624764264513
1624764264532
1624764264552
1624764264571
1624764264591
1624764264611
1624764264631
1624764264651
1624764264671
1624764264691
1624764264711
1624764264731
1624764264751
1624764264771
1624764264791
1624764264811
1624764264831
1624764264851
1624764264872
1624764264891
1624764264911
1624764264931
1624764264951
1624764264971
1624764264991
1624764265011
1624764265031
1624764265052
1624764265071
1624764265091
1624764265111
1624764265131
1624764265151
1624764265172
1624764265191
1624764265212
1624764265231
1624764265251
1624764265271
1624764265292
1624764265312
1624764265332
1624764265351
1624764265371
1624764265392
1624764265412
1624764265432
1624764265451
1624764265471
1624764265491
1624764265514
1624764265530
1624764265551
1624764265571
1624764265591
1624764265611
1624764265633
1624764265651
1624764265672
1624764265691
1624764265711
1624764265731
1624764265750
1624764265773
1624764265792
1624764265812
1624764265831
1624764265852
1624764265873
1624764265892
1624764265912
1624764265931
1624764265951
1624764265972
1624764265992
1624764266012
1624764266032
1624764266052
1624764266072
1624764266092
1624764266112
1624764266132
1624764266154
1624764266173
1624764266193
1624764266212
1624764266233
1624764266253
1624764266273
1624764266291
1624764266313
1624764266333
1624764266352
1624764266373
1624764266393
1624764266413
1624764266433
1624764266453
1624764266472
1624764266492
1624764266512
1624764266532
1624764266552
1624764266572
1624764266592
1624764266612
1624764266632
1624764266652
1624764266672
1624764266692
1624764266712
1624764266732
1624764266752
1624764266772
1624764266792
1624764266812
1624764266832
1624764266852
1624764266872
1624764266892
1624764266912
1624764266932
1624764266952
1624764266973
1624764266993
1624764267014
1624764267033
1624764267052
1624764267072
1624764267092
1624764267113
1624764267133
1624764267153
1624764267173
1624764267193
1624764267214
1624764267233
1624764267254
1624764267272
1624764267294
1624764267313
1624764267333
1624764267356
1624764267372
1624764267392
1624764267412
1624764267432
1624764267452
1624764267474
1624764267492
1624764267512
1624764267533
1624764267552
1624764267572
1624764267592
1624764267612
1624764267632
1624764267652
1624764267673
1624764267692
1624764267712
1624764267732
1624764267753
1624764267772
1624764267792
1624764267813
1624764267832
1624764267853
1624764267872
1624764267893
1624764267913
1624764267933
1624764267953
1624764267972
1624764267992
1624764268013
1624764268033
1624764268053
1624764268074
1624764268094
1624764268114
1624764268134
1624764268154
1624764268173
1624764268193
1624764268213
1624764268234
1624764268253
1624764268274
1624764268293
1624764268313
1624764268332
1624764268353
1624764268373
1624764268393
1624764268413
1624764268433
1624764268452
1624764268473
1624764268493
1624764268513
1624764268533
1624764268553
1624764268573
1624764268593
1624764268613
1624764268633
1624764268653
1624764268673
1624764268693
1624764268713
1624764268733
1624764268753
1624764268773
1624764268793
1624764268813
1624764268833
1624764268853
1624764268873
1624764268894
1624764268913
1624764268933
1624764268953
1624764268973
1624764268993
1624764269013
1624764269033
1624764269053
1624764269074
1624764269095
1624764269114
1624764269134
1624764269154
1624764269174
1624764269194
1624764269213
1624764269233
1624764269258
1624764269272
1624764269292
1624764269313
1624764269334
