1.608551
1.8551483
2.2705383
2.2597656
1.7809296
1.4086304
1.4170074
1.4804535
1.4912262
1.9066162
2.1855469
2.3196259
2.3710938
2.131668
1.7857056
1.4864349
1.4337616
1.6348877
1.9497223
2.0945587
1.9401398
1.2841339
0.75979614
0.80648804
1.0099945
0.8543701
0.4222107
-0.16557312
-0.64920044
-0.4193573
0.3994751
1.1237183
1.1093445
0.56466675
0.3240509
0.77415466
1.5319214
2.068222
2.296875
2.147232
1.8898621
1.6863556
1.5115814
1.5355225
1.6600189
1.818039
2.2585602
2.6859283
2.5039673
1.7893066
1.2637787
1.1500549
1.1536407
0.70832825
0.15646362
0.0786438
0.3922882
0.7167053
0.7789459
0.877121
1.0626678
1.2889099
1.6588287
2.0574493
2.272934
2.1687927
1.8635254
1.6971283
1.7019196
1.8647308
1.8455658
1.7833252
1.8240204
2.0227356
1.9856262
1.6492462
1.391861
1.1775818
0.8771057
0.45812988
0.11695862
0.12413025
0.4497528
0.9034424
0.9740753
0.79571533
0.75860596
0.7526245
0.9633026
1.3667297
1.8755035
2.1508331
2.0933685
1.9138031
1.6001587
1.3691254
1.4732666
1.6181183
1.6887512
1.802475
1.9928131
2.2920837
2.3303986
2.2154694
1.8156433
1.1668091
0.4784851
-0.013534546
0.065475464
0.5155945
0.9130249
1.0483093
0.86634827
0.8471832
1.2075043
1.7222748
2.0263214
1.936554
1.6779785
1.6109467
1.6097412
1.6324768
1.8192291
1.802475
1.5367126
1.4912262
1.6779785
1.7402191
1.6085358
1.4301758
1.2853241
1.0818176
0.5790405
0.27496338
0.36834717
0.5838318
0.70233154
0.7334595
0.6448822
0.7238922
1.1368866
1.5702362
1.9676819
2.3974304
2.5470734
2.5386963
2.5913696
2.7769165
2.8654938
2.604538
2.3184204
2.411789
2.7242432
2.8595123
2.9505005
2.8092346
2.5291138
2.2011108
1.9221802
1.5750275
1.1596222
0.9680939
0.9824524
0.9788666
1.1476593
1.3547516
1.6648102
2.0251312
2.4644623
2.8056488
2.8283844
2.7924805
2.8798676
2.8283844
2.6595917
2.657196
2.9002075
3.012741
2.9421082
2.6069336
2.1771698
1.9197845
1.731842
1.4253845
1.1656189
0.7789459
0.4102478
0.6101532
1.1237183
1.3739014
1.2170868
0.86872864
0.9022522
1.2745514
1.6169128
1.8599396
2.052658
2.3172302
2.5901642
2.6979065
2.6524048
2.6069183
2.6751556
2.7745209
2.5805817
2.3507385
2.3627167
2.3375854
2.2226562
1.6073456
0.9812622
0.55389404
0.86035156
1.5570679
1.771347
1.3236237
0.8148651
0.41262817
0.43658447
0.984848
1.6157227
2.118515
2.4644623
2.4644775
2.3579254
2.5207367
2.5243225
2.2465973
1.9066162
1.7378235
1.807251
1.9987946
1.9736633
1.3200378
0.7921295
0.91900635
1.3284149
1.60495
1.5067902
0.47009277
-0.9999542
-1.8798218
-1.4967499
-0.33076477
0.7178955
1.1608276
0.9597168
0.4401703
-0.035079956
8.239746E-4
0.6855774
1.4277802
1.8120422
1.9592896
1.9389343
1.94133
2.0538635
2.2202606
2.288498
2.4824219
2.4979858
2.1292877
1.747406
1.6995239
1.8323975
1.9317627
1.6240997
0.65805054
-0.4708252
-0.84072876
-0.2924652
0.2845459
0.51438904
0.7334595
1.0087891
1.2817383
1.4648895
1.5331268
1.474472
1.3463745
1.2398376
1.3188477
1.6743927
2.1292725
2.4058075
2.5003815
2.6655731
2.5925598
2.063446
1.4732666
1.1799774
1.3822937
1.5822144
1.3619385
0.30130005
-1.1112823
-1.8546753
-1.4440765
-0.46723938
0.316864
0.4940338
0.44136047
0.6712036
1.2541962
1.9461212
2.4596863
2.5805817
2.2597656
2.0406952
2.1173096
2.2920837
2.305252
2.2597656
2.3555298
2.5315094
2.588974
2.344757
1.7342377
1.3032837
1.3667297
1.6264954
1.4481354
1.0925903
1.0447083
1.024353
0.8795166
0.82084656
0.94296265
1.2111053
1.4864349
1.731842
2.0382996
2.3699036
2.4728546
2.2070923
2.008377
2.0538635
2.1687927
2.2621613
2.329193
2.25737
2.181961
2.3627167
2.383072
2.169983
2.1256866
2.1077423
2.1999054
1.8994446
0.82444763
-0.098526
0.08703613
0.48686218
1.1404724
1.8443756
0.4689026
-0.43252563
-0.56181335
-0.12846375
0.85076904
1.8754883
2.446518
2.4931946
2.3710938
2.2585754
2.1604004
2.2226562
2.3148346
2.3746948
2.4944
2.7218475
2.7469788
2.5518646
2.5518646
2.7158508
2.620102
2.3184204
1.6815643
0.7729645
0.06187439
0.24024963
0.65444946
0.76937866
0.79930115
0.9094391
1.103363
1.411026
1.692337
1.8012695
1.9485168
2.1891327
2.2561798
2.1197052
2.0107727
2.1029358
2.304062
2.5123596
2.5997467
2.4656677
2.3531342
2.4333496
2.328003
2.0885773
1.5774078
0.9046478
0.4724884
0.7346649
1.1404724
1.2182922
1.173996
1.0375214
0.98246765
1.2589874
1.8802795
2.581787
3.0977325
3.268921
3.0857697
2.8044434
2.7062836
2.5769958
2.4656677
2.3890533
2.233429
2.181961
2.1113281
2.142456
2.320816
2.3950348
2.3459625
2.1280823
1.2781372
0.71910095
0.94415283
1.2673645
1.2422333
1.1919556
1.1320953
1.2039185
1.4804535
1.8300018
2.2046967
2.3148346
2.1412506
2.059845
2.226242
2.3663025
2.4920044
2.9947815
3.522705
3.4879913
3.0414734
2.6452332
2.5111542
2.4501038
2.3483582
2.0502777
1.7378235
1.2398376
0.411438
-0.01234436
0.30610657
1.1692047
1.7689514
1.6564178
1.221878
1.1225128
1.3116608
1.6731873
2.0825958
2.2753296
2.2226562
2.2011108
2.288498
2.454895
2.4381409
2.162796
2.4213715
2.6128998
2.328003
2.3387756
