-0.20225525
-0.42596436
-0.41584778
-0.38227844
-0.4419403
-0.47869873
-0.44726562
-0.46324158
-0.52716064
-0.49946594
-0.48934937
-0.5095825
-0.54260254
-0.6981354
-0.8536682
-0.7375488
-0.36418152
-0.039276123
0.056610107
0.09390259
0.22598267
0.29896545
0.13970947
0.027313232
-0.0030517578
-0.036071777
-0.26776123
-0.39187622
-0.069625854
0.46940613
0.78312683
0.72720337
0.43211365
0.07577515
-0.21185303
-0.33009338
-0.2736206
-0.13301086
0.010269165
0.09390259
0.06086731
-0.06271362
-0.10319519
0.037963867
0.22705078
0.34635925
0.33996582
0.13597107
-0.16763306
-0.20704651
0.029968262
0.14076233
-0.19958496
-0.6257019
-0.4281006
0.22492981
0.6371765
0.48059082
0.122665405
-0.02381897
0.09976196
0.28138733
0.35914612
0.26167297
-0.011047363
-0.28108215
-0.31144714
-0.14686584
-0.04725647
-0.14047241
-0.22515869
-0.15272522
0.010787964
0.15408325
0.17112732
0.033706665
-0.17030334
-0.31889343
-0.36471558
-0.35832214
-0.25073242
0.0012054443
0.30854797
0.47685242
0.32292175
-0.097335815
-0.51704407
-0.6235657
-0.36576843
0.01399231
0.23291016
0.21372986
0.09762573
-0.03288269
-0.10585022
-0.041931152
0.07098389
0.10720825
0.08590698
0.117874146
0.22758484
0.36767578
0.48059082
0.39909363
-0.014770508
-0.5452728
-0.7338257
-0.42276
0.023040771
0.20414734
0.13117981
0.012390137
-0.021697998
0.031570435
0.061935425
0.011856079
-0.08880615
-0.1713562
-0.1793518
-0.12556458
-0.013702393
0.11946106
0.17538452
0.11199951
0.048095703
0.064071655
0.1466217
0.2211914
0.21107483
0.11627197
-0.022766113
-0.1473999
-0.120224
0.090164185
0.33091736
0.3937683
0.2446289
-9.1552734E-4
-0.18788147
-0.16923523
0.048095703
0.34529114
0.5679321
0.5732727
0.35435486
0.09176636
-0.032348633
-0.05630493
-0.083480835
-0.08666992
0.0054779053
0.118392944
0.16793823
0.22651672
0.3495636
0.46887207
0.34849548
0.008132935
-0.20811462
-0.11810303
0.042755127
0.03263855
-0.09147644
-0.21076965
-0.18414307
0.015594482
0.32666016
0.58018494
0.5445099
0.23132324
-0.041931152
-0.11489868
-0.048324585
-0.005706787
-0.027023315
-0.07336426
-0.10798645
-0.14472961
-0.1905365
-0.23580933
-0.38494873
-0.62677
-0.7135773
-0.5889435
-0.48561096
-0.51597595
-0.45951843
-0.17082214
0.17805481
0.40281677
0.45980835
0.39749146
0.2084198
-0.0030517578
-0.020629883
0.15461731
0.3096161
0.31866455
0.1855011
0.00440979
-0.0925293
-0.08506775
-0.09838867
-0.17562866
-0.22357178
-0.118637085
0.085372925
0.2515564
0.3330536
0.06512451
-0.38974
-0.6054535
-0.40625
-0.03074646
0.09602356
-0.15538025
-0.37322998
-0.3343506
-0.14154053
0.054473877
0.12638855
0.09869385
0.03742981
0.03956604
0.09869385
0.13117981
0.064071655
-0.07495117
-0.16816711
-0.14154053
-0.074417114
-0.08241272
-0.20065308
-0.31251526
-0.27947998
-0.12661743
0.012924194
-0.017974854
-0.30345154
-0.8222351
-1.1886902
-0.9687195
-0.2581787
0.5045471
0.8236084
0.48857117
-0.18467712
-0.7641907
-0.82011414
-0.3934784
0.120529175
0.31866455
0.18019104
-0.06803894
-0.18894958
-0.10585022
0.08644104
0.22758484
0.2366333
0.18070984
0.16419983
0.28829956
0.50935364
0.5706024
0.34742737
-0.118637085
-0.65393066
-0.7865448
-0.3386078
0.19828796
0.35754395
0.2211914
0.1466217
0.22172546
0.2957611
0.2531433
0.10455322
-0.0493927
-0.12075806
-0.106918335
-0.050445557
0.010253906
-0.0019836426
-0.047790527
-0.06111145
-0.018493652
0.001739502
-0.026489258
-0.035003662
0.03956604
0.2089386
0.3223877
0.26327515
-0.03074646
-0.50372314
-0.8483429
-0.70825195
-0.20172119
0.22758484
0.22972107
-0.12608337
-0.44726562
-0.43022156
-0.12449646
0.2238617
0.3788452
0.30801392
0.15461731
0.051818848
-0.023284912
-0.12503052
-0.1750946
-0.08187866
0.09283447
0.20947266
0.23397827
0.25048828
0.3538208
0.53544617
0.65689087
0.54237366
0.30801392
0.18977356
0.25369263
0.31280518
0.23504639
0.03691101
-0.11064148
-0.10531616
-0.07122803
-0.12289429
-0.22781372
-0.3434143
-0.3865509
-0.29066467
-0.11064148
0.005996704
-0.053649902
-0.18734741
-0.19480896
-0.07336426
0.061935425
0.10720825
-0.008377075
-0.12715149
-0.11329651
-0.104782104
-0.19958496
-0.34288025
-0.44247437
-0.31944275
0.02571106
0.33624268
0.56155396
0.66007996
0.11201477
-0.53674316
-0.6853485
-0.40678406
-0.086135864
0.07418823
0.059265137
-0.050460815
-0.09146118
-0.011047363
0.10295105
0.15940857
0.11520386
-0.0025177002
-0.036071777
0.0869751
0.24569702
0.36766052
0.5242615
0.6872406
0.55249023
-0.015838623
-0.46644592
-0.32582092
0.16366577
0.41560364
0.2361145
-0.04460144
-0.1585846
-0.121292114
-0.04512024
-0.0062408447
-0.022232056
-0.026489258
0.048080444
0.15834045
0.1892395
0.15567017
0.15621948
0.13969421
0.07525635
0.040100098
0.10508728
0.18710327
0.14556885
0.028381348
-0.06111145
-0.14526367
-0.31304932
-0.45098877
-0.3386078
-0.015304565
0.2627411
0.25369263
-0.10317993
-0.46377563
-0.48028564
-0.19639587
0.11306763
0.23025513
0.21533203
0.16952515
0.10934448
0.02357483
-0.059509277
-0.095199585
-0.073898315
-0.024353027
0.05607605
0.15141296
0.23823547
0.28831482
0.32292175
0.3383789
0.14768982
-0.17349243
-0.29119873
-0.08720398
0.13490295
0.13490295
-0.04034424
-0.13993835
-0.07388306
0.028900146
0.068862915
0.054473877
-0.005706787
-0.052581787
-0.010513306
0.101882935
0.15782166
0.09815979
0.042236328
0.080581665
0.19509888
0.2526245
0.15248108
-0.0046539307
-0.037139893
0.06619263
0.19509888
0.21586609
0.0012054443
-0.37322998
-0.5878906
-0.35565186
0.15461731
0.43159485
0.27871704
-0.1479187
-0.4094391
-0.32902527
-0.1282196
-0.04460144
-0.07815552
-0.046722412
0.10507202
0.20628357
0.14343262
-0.017959595
-0.085617065
0.037963867
0.24836731
0.11999512
-0.13035583
-0.047790527
