1624764169037
1624764169078
1624764169078
1624764169092
1624764169113
1624764169132
1624764169152
1624764169172
1624764169192
1624764169212
1624764169232
1624764169252
1624764169273
1624764169292
1624764169313
1624764169333
1624764169353
1624764169372
1624764169393
1624764169413
1624764169432
1624764169453
1624764169473
1624764169493
1624764169513
1624764169532
1624764169554
1624764169573
1624764169593
1624764169613
1624764169633
1624764169656
1624764169675
1624764169693
1624764169714
1624764169735
1624764169753
1624764169773
1624764169794
1624764169812
1624764169833
1624764169853
1624764169873
1624764169893
1624764169913
1624764169933
1624764169953
1624764169973
1624764169993
1624764170013
1624764170033
1624764170053
1624764170073
1624764170093
1624764170114
1624764170133
1624764170153
1624764170173
1624764170193
1624764170213
1624764170233
1624764170253
1624764170273
1624764170295
1624764170313
1624764170333
1624764170353
1624764170373
1624764170393
1624764170413
1624764170432
1624764170453
1624764170473
1624764170493
1624764170513
1624764170534
1624764170553
1624764170573
1624764170595
1624764170613
1624764170633
1624764170653
1624764170672
1624764170692
1624764170712
1624764170733
1624764170753
1624764170773
1624764170793
1624764170813
1624764170833
1624764170854
1624764170873
1624764170892
1624764170913
1624764170934
1624764170953
1624764170973
1624764170993
1624764171013
1624764171032
1624764171052
1624764171072
1624764171093
1624764171112
1624764171133
1624764171153
1624764171172
1624764171193
1624764171213
1624764171233
1624764171253
1624764171273
1624764171293
1624764171313
1624764171334
1624764171353
1624764171373
1624764171393
1624764171414
1624764171435
1624764171453
1624764171473
1624764171494
1624764171514
1624764171535
1624764171554
1624764171574
1624764171594
1624764171613
1624764171634
1624764171654
1624764171674
1624764171694
1624764171714
1624764171734
1624764171754
1624764171774
1624764171794
1624764171814
1624764171834
1624764171853
1624764171874
1624764171894
1624764171914
1624764171933
1624764171955
1624764171975
1624764171994
1624764172015
1624764172036
1624764172054
1624764172075
1624764172094
1624764172114
1624764172135
1624764172156
1624764172174
1624764172194
1624764172214
1624764172234
1624764172255
1624764172275
1624764172294
1624764172314
1624764172335
1624764172355
1624764172375
1624764172394
1624764172414
1624764172434
1624764172454
1624764172474
1624764172494
1624764172514
1624764172534
1624764172554
1624764172573
1624764172594
1624764172614
1624764172634
1624764172654
1624764172674
1624764172694
1624764172714
1624764172735
1624764172754
1624764172774
1624764172795
1624764172814
1624764172834
1624764172854
1624764172875
1624764172895
1624764172914
1624764172935
1624764172954
1624764172975
1624764172994
1624764173014
1624764173036
1624764173056
1624764173074
1624764173096
1624764173114
1624764173137
1624764173153
1624764173174
1624764173194
1624764173215
1624764173241
1624764173254
1624764173274
1624764173294
1624764173319
1624764173337
1624764173354
1624764173374
1624764173395
1624764173415
1624764173435
1624764173456
1624764173473
1624764173495
1624764173515
1624764173535
1624764173555
1624764173573
1624764173595
1624764173615
1624764173634
1624764173654
1624764173675
1624764173695
1624764173719
1624764173734
1624764173755
1624764173774
1624764173795
1624764173815
1624764173835
1624764173854
1624764173875
1624764173895
1624764173915
1624764173936
1624764173956
1624764173976
1624764173996
1624764174016
1624764174036
1624764174059
1624764174074
1624764174094
1624764174114
1624764174136
1624764174155
1624764174176
1624764174196
1624764174216
1624764174235
1624764174256
1624764174276
1624764174296
1624764174316
1624764174336
1624764174355
1624764174376
1624764174395
1624764174415
1624764174435
1624764174455
1624764174475
1624764174495
1624764174515
1624764174535
1624764174555
1624764174575
1624764174595
1624764174615
1624764174635
1624764174655
1624764174675
1624764174695
1624764174716
1624764174735
1624764174755
1624764174776
1624764174795
1624764174815
1624764174835
1624764174856
1624764174876
1624764174895
1624764174917
1624764174936
1624764174955
1624764174976
1624764174996
1624764175017
1624764175034
1624764175054
1624764175074
1624764175095
1624764175115
1624764175135
1624764175156
1624764175175
1624764175195
1624764175215
1624764175236
1624764175256
1624764175275
1624764175295
1624764175315
1624764175335
1624764175357
1624764175376
1624764175395
1624764175415
1624764175436
1624764175456
1624764175477
1624764175494
1624764175516
1624764175536
1624764175556
1624764175575
1624764175595
1624764175615
1624764175636
1624764175655
1624764175675
1624764175696
1624764175716
1624764175736
1624764175756
1624764175777
1624764175795
1624764175816
1624764175837
1624764175857
1624764175876
1624764175896
1624764175915
1624764175936
1624764175956
1624764175977
1624764175996
1624764176016
1624764176036
1624764176055
1624764176076
1624764176096
1624764176115
1624764176135
1624764176155
1624764176186
1624764176195
1624764176216
1624764176236
1624764176255
1624764176279
1624764176296
1624764176315
1624764176335
1624764176356
1624764176377
1624764176395
1624764176416
1624764176436
1624764176456
1624764176476
1624764176497
1624764176516
1624764176536
1624764176555
1624764176576
1624764176596
1624764176616
1624764176635
1624764176656
1624764176676
1624764176697
1624764176716
1624764176736
1624764176756
1624764176775
1624764176797
1624764176816
1624764176836
1624764176856
1624764176876
1624764176896
1624764176916
1624764176936
1624764176956
1624764176975
1624764176997
1624764177016
1624764177036
1624764177056
1624764177076
1624764177097
1624764177116
1624764177136
1624764177155
1624764177175
1624764177197
1624764177217
1624764177236
1624764177256
1624764177277
1624764177298
1624764177316
1624764177336
1624764177356
1624764177376
1624764177397
1624764177417
1624764177436
1624764177456
1624764177477
1624764177496
1624764177517
1624764177536
1624764177556
1624764177576
1624764177596
1624764177617
1624764177636
1624764177656
1624764177675
1624764177697
1624764177716
1624764177736
1624764177756
1624764177776
1624764177795
1624764177817
1624764177836
1624764177857
1624764177876
1624764177896
1624764177917
1624764177936
1624764177956
1624764177976
1624764177997
1624764178016
1624764178036
1624764178057
1624764178076
1624764178096
1624764178117
1624764178137
1624764178156
1624764178177
1624764178197
1624764178216
1624764178236
1624764178258
1624764178278
1624764178296
1624764178318
1624764178337
1624764178358
1624764178377
1624764178397
1624764178417
1624764178437
1624764178457
1624764178477
1624764178496
1624764178518
1624764178536
1624764178558
1624764178576
1624764178596
1624764178616
1624764178639
