-1.5786285
-1.2829437
-0.9704895
-0.16604614
0.29963684
-0.1253357
-0.9704895
-1.2254791
-0.8016968
-0.16964722
0.09971619
0.18591309
0.34751892
0.46003723
0.5869293
0.5606079
0.14161682
-0.24505615
0.056610107
0.43011475
0.76651
1.1256409
1.1088715
0.78445435
0.43850708
0.1272583
-0.13372803
-0.12893677
0.21583557
0.52948
0.55700684
0.43849182
0.09371948
-0.10618591
-0.24147034
-0.37075806
-0.15646362
0.33674622
0.21943665
-0.44018555
-0.88430786
-0.9489441
-0.67840576
-0.24624634
0.08654785
0.12246704
0.14880371
0.31399536
0.2361908
0.14520264
0.16795349
0.15478516
0.08773804
0.1212616
0.25175476
0.31401062
0.23020935
0.20864868
0.1499939
0.2290039
0.2936554
0.87783813
1.5206757
1.7361603
1.7612915
1.7098236
1.7433319
1.8690338
1.762497
1.5781403
1.8079834
2.3023834
2.2449188
2.1084595
2.517868
2.40654
1.7541199
1.2489319
0.8730469
0.68510437
0.8048096
1.1543732
1.6272125
1.8235474
1.6439819
1.5924988
1.715805
1.9384766
2.1910553
2.3622437
2.1994324
1.7217865
1.2357635
0.75813293
0.30082703
0.055419922
0.2469635
0.08055115
-0.61135864
-0.8005066
-0.47250366
-0.14450073
0.3738556
0.6108856
0.70306396
0.8143921
0.8371277
0.76290894
0.6503906
0.48397827
0.43371582
0.46961975
0.54862976
0.70306396
0.861084
0.92092896
0.85150146
0.92811584
1.1160583
1.2740784
1.3339233
1.3973694
1.5913086
2.0150757
2.3706207
2.2832336
1.9468384
1.6212311
1.415329
1.4560394
1.8283386
2.043808
1.885788
1.454834
1.0550079
0.66355896
0.46722412
0.5043335
0.647995
0.8682556
1.1364136
1.241745
1.2285919
0.8072052
0.5211029
0.58932495
0.276886
0.19070435
0.30082703
0.11048889
0.048233032
-0.30969238
-0.67601013
-0.67959595
-0.7909241
-0.8471985
-1.0483093
-1.2350616
-0.9178314
-0.40905762
-0.39709473
-0.43299866
-0.44137573
-0.34561157
-0.2402649
-0.20315552
-0.13612366
-0.028381348
0.053024292
-0.0044403076
-0.27139282
-0.44496155
-0.44137573
-0.33244324
-0.053512573
0.39419556
0.592926
0.49716187
0.55223083
0.7162323
0.94966125
1.0693665
1.3411102
2.1527405
2.8159332
2.648346
1.9660034
1.3411102
1.1364136
1.3267517
1.6380005
1.6439819
1.4632263
1.4488525
1.4680023
1.3327332
0.9652252
0.50912476
0.17514038
0.17753601
0.4360962
0.68629456
0.9185333
1.1914673
1.4165344
1.3447113
1.0526123
0.89100647
0.9161377
0.99993896
1.0861359
1.1531677
1.0442352
0.70066833
0.16914368
-0.525177
-1.0950012
-1.5486908
-1.8719177
-1.92099
-1.9185944
-1.8731079
-1.6767883
-1.3523712
-0.9621124
-0.71910095
-0.7669983
-0.83283997
-0.61735535
-0.27856445
0.103302
0.31280518
0.07817078
-0.35398865
-0.4928589
-0.2905426
0.14880371
0.15478516
0.10211182
0.45046997
0.7413635
0.73298645
0.7976227
1.379425
2.4568176
2.9380493
2.4436493
1.791214
1.767273
2.1958466
2.7560883
2.6687012
1.964798
1.3423157
0.9915619
0.9221344
0.9185333
0.7018585
0.4420929
0.31399536
0.39898682
0.57377625
0.7772827
0.9532471
1.0334625
0.9628296
0.78685
0.7198181
0.7700958
0.7102356
0.58096313
0.49716187
0.121276855
-0.61376953
-0.8100891
-0.047531128
0.23858643
-0.63890076
-1.5953827
-1.8731079
-1.2135162
-0.18640137
-0.13851929
-0.58503723
-0.79811096
-0.6652374
-0.42462158
-0.31448364
-0.35758972
-0.30252075
-0.19238281
-0.29414368
-0.61735535
-0.738266
-0.59939575
-0.5084076
-0.61854553
-0.6161499
-0.31329346
0.22181702
-0.25224304
-1.4732819
-0.6006012
0.33195496
0.8718567
1.2513275
1.2740784
0.7305908
0.1894989
0.19908142
0.6838989
1.2417603
1.4428711
1.0753632
0.65278625
0.43011475
0.22779846
0.14880371
-0.021194458
-0.24624634
-0.09422302
0.27211
0.58573914
0.826355
0.86227417
0.72221375
0.2864685
-0.07507324
-0.09780884
-0.11456299
-0.32406616
-0.7107239
-1.1500702
-1.5774231
-1.8156433
-2.0490875
-2.1628113
-1.9868317
-1.6348877
-0.76220703
0.55940247
1.3411102
1.2728729
0.56059265
-0.2043457
-0.49046326
-0.2905426
0.014724731
0.08892822
-0.1816101
-0.54792786
-0.5586853
-0.40786743
-0.4677124
-0.54911804
-0.5036316
-0.3300476
0.032669067
0.44088745
0.3343506
0.12007141
0.53067017
1.6188354
2.8674164
3.4480133
2.4604034
1.1603546
0.6372223
0.6875
0.80122375
0.89219666
1.1196442
1.1435852
0.72340393
0.059005737
-0.28575134
-0.45454407
-0.44377136
-0.17681885
0.27928162
0.7198181
0.5402527
0.28886414
0.111694336
0.106903076
0.043441772
0.009933472
0.18830872
0.21463013
-0.15646362
-0.48927307
-0.7574158
-1.1261139
-1.474472
-1.5486908
-1.5522919
-1.6384735
-1.4134216
-1.0973969
-0.92500305
-0.8543701
-0.8471985
-0.50242615
-0.21513367
-0.23666382
-0.44137573
-0.66044617
-0.64967346
-0.4126587
-0.6424866
-1.237442
-1.2542114
-0.9094391
-0.40068054
-0.3372345
