2.0059814
2.3986359
2.2346344
1.9580994
2.035904
1.5834045
1.0542755
0.9633026
1.0135803
1.2494202
1.5115814
1.6588135
1.4445343
0.9992218
0.8699341
1.1320953
1.2865295
1.3152618
1.4014435
1.6157227
1.8060608
1.9245758
2.1089325
2.1376648
1.9664764
1.7102966
1.6420593
1.8120422
2.1711884
2.5710144
2.8032532
2.9361267
2.8726807
2.5877686
2.2346191
2.0
1.8120575
1.6169128
1.4241791
0.9633026
0.38630676
0.4030609
0.8986664
1.1620178
0.9249878
0.5682678
0.5311432
0.75141907
0.91781616
1.000412
1.1320953
1.4050293
1.5941772
1.6588287
1.7761383
2.0143585
2.0610504
1.5558624
1.0925903
1.3583527
1.4768677
1.229065
1.1045685
1.063858
0.9968262
1.0854034
1.0866089
0.6281128
0.03074646
-0.27450562
-0.02909851
0.5443268
1.0854034
1.2757416
1.0925903
1.0291443
1.1416779
1.26857
1.3942566
1.4229889
1.6240997
1.9748535
2.1400604
2.1292725
2.0586548
1.897049
1.802475
1.9868317
2.3351746
2.6320648
2.7960663
2.8044434
2.7864838
2.916977
2.9373322
2.7457886
2.4165802
1.8132477
1.0482941
0.66163635
0.89746094
1.3571472
1.5271454
1.2314606
0.901062
0.81007385
0.984848
1.1883545
1.332016
1.4613037
1.6169281
1.7102966
1.8527527
2.0371094
2.0730133
2.015564
1.9712677
1.8994446
1.9676666
2.059845
2.0706177
2.1532288
2.3256073
2.351944
2.3327942
1.8228302
1.055481
0.58621216
0.8543701
1.434967
1.9125977
2.0897827
2.0610504
2.0466766
1.9963989
2.0849915
2.2597656
2.3483582
2.4010162
2.4896088
2.5722046
2.561432
2.4728546
2.3627167
2.4931946
2.688324
2.9109955
2.8846588
2.7649384
2.6787567
2.7529755
2.885849
2.6200867
2.0969543
1.7581787
1.3846893
0.98724365
0.9680939
1.3248291
1.490036
1.3942566
1.3475647
1.4852448
1.723465
1.9090118
2.0778046
2.2549744
2.3303986
2.2944794
2.3507538
2.4501038
2.5279236
2.4776459
2.4405365
2.683548
2.9923859
3.0151367
2.8451538
2.6871338
2.4836273
2.4441223
2.5805817
2.8128204
3.0737915
2.7062836
1.7019196
0.5766449
-0.17634583
-0.06741333
0.6712189
1.2841339
1.3296204
1.1632233
1.3200378
1.8072662
2.2226562
2.1580048
1.976059
1.8587341
1.8491516
1.9197845
1.980835
2.0466766
2.241806
2.5267181
2.6595917
2.588974
2.588974
2.9349213
3.3778534
3.6436157
3.56102
3.2366028
2.8738708
2.5363007
2.296875
1.9963989
1.76297
1.4984131
1.2829285
1.0985718
0.5730438
-0.018325806
-0.092544556
0.28694153
0.7442322
1.0147705
1.0877991
1.2314606
1.6061554
1.9557037
2.2154694
2.193924
2.0047913
1.8910675
1.865921
2.055069
2.028717
1.7904968
1.5834045
1.4804535
1.3368073
1.3332062
1.8036652
2.0371094
1.4972076
0.20195007
-1.2190247
-1.7613068
-0.6958771
0.7741699
1.4732666
1.1596222
0.71910095
0.6604309
0.9788666
1.3882751
1.6109314
1.7258606
1.7964935
1.8802795
2.1927338
2.4321442
2.451294
2.396225
2.3854523
2.41539
2.5746002
2.8188171
2.901413
2.7685394
2.6500244
2.6715698
2.664383
2.3579254
2.142456
2.166397
1.9353485
1.5008087
1.281723
1.3798981
1.5391083
1.5774078
1.4984131
1.5355225
1.7306519
1.9341583
2.1951294
2.5087585
2.6045227
2.518341
2.4848175
2.5051727
2.5291138
2.6177063
2.7062836
2.545868
2.3327942
2.5925598
2.8451538
3.0378876
3.5909424
2.9481049
3.0534515
2.83078
2.3579254
1.8599396
0.97528076
-0.14163208
-0.6563873
-0.18830872
0.6077728
1.1620331
1.371521
1.3104553
1.1081543
1.2314606
1.7198792
2.0227356
1.9676819
1.9557037
2.154419
2.4644623
2.6524048
2.6536102
2.580597
2.4357452
2.4740448
2.770935
3.0271149
3.1013184
3.1168823
2.9313354
2.43573
1.9557037
1.5187683
0.98605347
0.26420593
0.27137756
1.035141
1.513977
1.4337769
1.2027283
1.0937958
1.237442
1.5546722
1.9976044
2.4524994
2.7781067
3.0115356
2.9888
2.6440277
2.4010162
2.4441223
2.5877686
2.6560059
2.7062836
2.9145813
2.9923859
2.837967
2.6895294
2.9481049
3.5095367
3.7333984
3.0342865
2.055069
1.182373
0.7023468
0.664032
1.0063934
1.5977783
2.1352692
2.2741394
2.1711884
2.023941
2.0610504
2.3387756
2.502777
2.4728546
2.5793915
2.806839
2.8738708
2.688324
2.6392517
2.9038086
3.2796936
3.5574188
3.4927826
3.3551178
3.332367
3.0977325
2.921753
3.0450592
2.9421082
2.4884033
1.9150085
1.6384735
1.6480408
1.6420593
1.5486908
1.4421387
1.558258
1.9317627
2.4082031
2.791275
2.9026031
2.6081238
2.2561646
2.1975098
2.2753296
2.4417267
2.7841034
3.0450592
3.2090607
3.2581482
