-0.001876831
0.0236969
0.031158447
-0.053009033
-0.29164124
-0.4705963
-0.42692566
-0.24902344
-0.09509277
-0.062072754
-0.13343811
-0.21333313
-0.2580719
-0.23410034
-0.19947815
-0.22612
-0.23516846
-0.14675903
-0.06526184
-0.04928589
-0.073791504
-0.13450623
-0.21386719
-0.26446533
-0.2618103
-0.17710876
-0.006134033
0.18188477
0.2905426
0.29000854
0.2708435
0.25379944
0.22982788
0.24259949
0.30918884
0.4024048
0.4284973
0.32888794
0.20266724
0.21917725
0.3848114
0.5627136
0.5904083
0.4631195
0.33262634
0.27668762
0.29214478
0.2836151
0.2585907
0.23834229
0.20478821
0.17549133
0.15898132
0.12702942
0.027420044
-0.11853027
-0.22612
-0.24102783
-0.1829834
-0.16752625
-0.16326904
-0.13078308
-0.15740967
-0.22451782
-0.26393127
-0.31347656
-0.3640747
-0.3837738
-0.3214569
-0.14143372
0.041275024
0.003982544
-0.17073059
-0.2623291
-0.3251953
-0.3795166
-0.36460876
-0.34117126
-0.306015
-0.21760559
-0.13078308
-0.09667969
-0.13664246
-0.20960999
-0.21813965
-0.15740967
-0.048217773
0.08441162
0.18667603
0.19732666
0.13128662
0.10519409
0.13128662
0.16004944
0.16323853
0.1414032
0.04660034
-0.03277588
0.10038757
0.3736267
0.5376892
0.5632477
0.4620514
0.3416748
0.31770325
0.32835388
0.3139801
0.28468323
0.25752258
0.24101257
0.21704102
0.18241882
0.14247131
0.07589722
0.008773804
-0.03916931
-0.0460968
-0.033309937
-0.033309937
-0.028518677
-0.019989014
-0.020523071
-0.03437805
-0.113204956
-0.2980194
-0.46313477
-0.4306488
-0.22932434
-0.028518677
0.06311035
0.031692505
-0.056732178
-0.12385559
-0.14355469
-0.13183594
-0.099349976
-0.05886841
-0.031173706
-0.01838684
-0.025314331
-0.04875183
-0.06367493
-0.07484436
-0.03970337
0.06524658
0.13182068
0.18348694
0.2591095
0.32463074
0.41996765
0.48760986
0.50679016
0.50465393
0.5115814
0.54034424
0.60372925
0.72143555
0.8945465
0.98883057
0.95207214
0.91851807
0.934494
0.9664612
0.9872284
0.9621887
0.9222412
0.86631775
0.79600525
0.7358246
0.6799011
0.6543274
0.6708374
0.7001343
0.7246399
0.7288971
0.68948364
0.61491394
0.56591797
0.54566956
0.56910706
0.6181183
0.6500702
0.6500702
0.5019989
0.21543884
0.009307861
0.04234314
0.29107666
0.55578613
0.65486145
0.57603455
0.49028015
0.52064514
0.5930786
0.582428
0.48442078
0.3816223
0.33900452
0.3805542
0.45726013
0.4982605
0.5254364
0.56591797
0.59947205
0.58721924
0.56059265
0.60054016
0.6942749
0.7619171
0.78749084
0.758728
0.7054596
0.6777649
0.697464
0.75712585
0.835968
0.88975525
0.91052246
0.9435425
0.9414215
0.887619
0.8583374
0.9222412
1.0388947
1.1017456
1.0788422
1.0319672
1.0261078
1.0271759
1.0053253
0.92437744
0.7592621
0.57603455
0.4940033
0.4908142
0.48228455
0.37416077
0.24208069
0.21757507
0.24208069
0.25326538
0.29693604
0.39920044
0.4306183
0.22929382
-0.106277466
-0.26872253
-0.07058716
0.34432983
0.60691833
0.5110626
0.19946289
0.0018463135
0.006652832
0.09080505
0.14833069
0.15100098
0.15419006
0.19892883
0.24261475
0.27616882
0.29959106
0.29800415
0.27775574
0.26498413
0.26817322
0.31663513
0.3805542
0.3965454
0.38908386
0.39759827
0.4162445
0.42156982
0.48495483
0.6143799
0.64793396
0.5158386
0.40771484
0.42530823
0.5233002
0.58880615
0.56166077
0.47377014
0.45246887
0.505188
0.56591797
0.5904236
0.54566956
0.453537
0.33848572
0.21490479
0.11210632
0.04499817
0.029556274
0.007171631
-0.048217773
-0.0423584
0.07322693
0.1770935
0.14833069
0.01676941
-0.05886841
0.035949707
0.036483765
-0.07165527
-0.22026062
-0.4418335
-0.59043884
-0.48710632
-0.2303772
-0.056747437
-0.11000061
-0.289505
-0.418396
-0.43011475
-0.34275818
-0.23890686
-0.21279907
-0.23730469
-0.20480347
-0.13343811
-0.10041809
-0.12171936
-0.20054626
-0.27192688
-0.29748535
-0.22984314
-0.07751465
0.024765015
0.06629944
0.09880066
0.13607788
0.17602539
0.25752258
0.3251648
0.34381104
0.42903137
0.6085205
0.8327637
0.9126587
0.7470093
0.46951294
0.27989197
0.24526978
0.3347473
0.46151733
0.51690674
0.45033264
0.3017273
0.12756348
0.0045166016
-0.04714966
-0.0977478
-0.12171936
-0.099349976
-0.075912476
-0.06100464
-0.07858276
-0.14729309
-0.17658997
-0.08816528
-0.0056152344
-0.13822937
-0.52119446
-0.9536896
-1.1651459
-1.056488
-0.76834106
-0.4620819
-0.2649994
-0.1984253
-0.23730469
-0.2980194
-0.31880188
-0.27778625
-0.19522095
-0.12438965
-0.08337402
-0.07218933
-0.085494995
-0.12332153
-0.14515686
-0.08709717
0.04446411
0.18508911
0.28681946
0.3496704
0.3613739
0.35232544
0.33155823
0.3171692
0.31877136
0.3262329
0.3224945
0.3166504
0.31132507
0.35127258
0.3773651
0.34753418
0.33900452
0.38641357
0.48335266
0.5408783
0.474823
0.3347473
0.16911316
0.06576538
0.03488159
0.024765015
-0.0098724365
-0.031707764
-0.059402466
-0.11853027
-0.26446533
