0.16047668
0.10934448
0.26379395
0.37832642
0.19616699
-0.19267273
-0.48028564
-0.46643066
-0.2262268
0.019317627
0.050216675
-0.11064148
-0.24273682
-0.18041992
-0.048858643
-0.010513306
-0.09732056
-0.1713562
-0.13461304
-0.03074646
0.026779175
-0.01423645
-0.13301086
-0.23422241
-0.2294159
-0.15644836
-0.09732056
-0.048858643
0.039031982
0.11999512
0.14129639
0.12213135
0.09442139
0.09442139
0.16952515
0.2749939
0.23344421
-0.005722046
-0.20651245
-0.09413147
0.18284607
0.29682922
0.19509888
0.0869751
0.06086731
0.051818848
0.0113220215
-0.053115845
-0.06750488
-0.01902771
0.04222107
0.047027588
-0.036071777
-0.15219116
-0.2581787
-0.3519287
-0.35884094
-0.2640381
-0.20172119
-0.20172119
-0.167099
-3.8146973E-4
0.25421143
0.52586365
0.6941681
0.48431396
-0.17242432
-0.8584595
-0.9687195
-0.51490784
0.13224792
0.60469055
0.6398468
0.3927002
0.26113892
0.3303833
0.47738647
0.47099304
0.28085327
0.10827637
0.0209198
0.03956604
0.0954895
0.04862976
-0.078689575
-0.17456055
-0.16123962
-0.111709595
-0.13301086
-0.18095398
-0.15965271
-0.030212402
0.15142822
0.29096985
0.29096985
0.09869385
-0.25871277
-0.5724335
-0.45578003
0.05821228
0.43478394
0.3857727
0.16526794
0.06939697
0.19296265
0.42625427
0.55781555
0.45661926
0.24835205
0.14715576
0.18496704
0.2323761
0.2323761
0.17485046
0.047027588
-0.093063354
-0.14793396
-0.055252075
0.055541992
0.10614014
0.18070984
0.2904358
0.31280518
0.13650513
-0.20013428
-0.4877472
-0.45684814
-0.123428345
0.23930359
0.32080078
0.10774231
-0.14633179
-0.20011902
-0.069625854
0.048080444
0.023040771
-0.078689575
-0.12661743
-0.06376648
0.029968262
0.033172607
-0.06750488
-0.14260864
-0.17562866
-0.1793518
-0.14686584
-0.052581787
0.1146698
0.25474548
0.28936768
0.28138733
0.26327515
0.18977356
0.053955078
-0.083480835
0.017715454
0.3069458
0.39697266
0.16101074
-0.07974243
0.001739502
0.26486206
0.2749939
0.06993103
-0.10371399
-0.11224365
-0.0051879883
0.0954895
0.1146698
0.044891357
-0.08880615
-0.19267273
-0.18307495
-0.08720398
-0.031280518
0.019851685
0.06726074
0.11732483
0.15673828
0.17591858
0.20095825
0.2323761
0.2211914
0.09283447
-0.18148804
-0.42703247
-0.41371155
-0.14845276
0.16261292
0.2824402
0.19935608
0.068862915
0.041168213
0.11680603
0.17378235
0.17166138
0.09655762
-0.024353027
-0.093063354
-0.022750854
0.118392944
0.19989014
0.13064575
-0.01637268
-0.1197052
-0.11703491
-0.007843018
0.13117981
0.17324829
0.11680603
0.05821228
0.080581665
0.17059326
0.24676514
0.20149231
0.09655762
0.047027588
0.029968262
-0.03553772
-0.19107056
-0.36683655
-0.4174347
-0.29919434
-0.14154053
-0.099990845
-0.17189026
-0.24913025
-0.2262268
-0.13726807
-0.07122803
-0.030212402
0.033172607
0.076309204
0.035842896
-0.053649902
-0.09466553
-0.05683899
-0.013702393
0.038497925
0.0677948
0.050216675
0.03691101
0.08909607
0.12905884
-0.05204773
-0.3785553
-0.46377563
-0.06376648
0.50135803
0.6808624
0.3575592
-0.114364624
-0.3007965
-0.081344604
0.3058777
0.49443054
0.37991333
0.1535492
0.07685852
0.16793823
0.2669983
0.27339172
0.21533203
0.16047668
0.15568542
0.18231201
0.23558044
0.29096985
0.26646423
0.19935608
0.22012329
0.36286926
0.4438324
0.39697266
0.294693
0.12478638
-0.022216797
-0.0030517578
0.08218384
0.031036377
-0.16017151
-0.19799805
-0.0690918
0.02571106
-0.014770508
-0.09413147
-0.09146118
-0.036071777
-0.010513306
-0.013168335
-0.030212402
-0.05418396
-0.088272095
-0.12075806
-0.14898682
-0.16603088
-0.12075806
-0.025421143
0.03691101
0.03742981
0.0028076172
-0.24594116
-0.23634338
0.021987915
0.18070984
-0.02809143
-0.43182373
-0.61291504
-0.40945435
-0.011566162
0.2904358
0.26060486
-0.053115845
-0.35351562
-0.43714905
-0.29919434
-0.06590271
0.09388733
0.12638855
0.10560608
0.14076233
0.20628357
0.19296265
0.080581665
-0.038742065
-0.06964111
-0.024887085
0.045959473
0.0677948
0.059280396
0.10081482
0.22225952
0.30215454
0.123184204
-0.307724
-0.57936096
-0.23262024
0.45448303
0.77194214
0.51519775
0.092819214
-0.10638428
0.015060425
0.26487732
0.374588
0.28085327
0.097091675
-0.054718018
-0.08720398
-0.037139893
0.011856079
0.06726074
0.1109314
0.12265015
0.12585449
0.1269226
0.118392944
0.1301117
0.16792297
0.20254517
0.21853638
0.23876953
0.21907043
0.104019165
-0.1820221
-0.45098877
-0.42382812
-0.1628418
0.14343262
0.27285767
0.122665405
-0.14952087
-0.31037903
-0.27842712
-0.13833618
-0.014770508
0.0070648193
-0.00730896
0.075790405
0.1769867
0.14129639
0.0443573
0.040100098
0.047546387
0.0054626465
-0.0062408447
0.0954895
0.20574951
0.25421143
0.26966858
0.27020264
0.13757324
-0.16390991
-0.40412903
-0.39346313
-0.23527527
-0.19799805
-0.30026245
-0.3785553
-0.30133057
-0.09680176
0.057144165
0.09602356
0.052886963
-0.016357422
-0.045654297
0.00440979
0.045425415
0.06300354
0.14822388
0.22332764
0.10987854
0.00440979
0.057678223
