-0.23832703
-0.45724487
-0.4993286
-0.37521362
-0.19412231
-0.074279785
-0.111572266
-0.18612671
-0.23779297
-0.24685669
-0.3491211
-0.5632477
-0.80558777
-0.76564026
-0.42155457
-0.10197449
0.020004272
-0.04711914
-0.1349945
-0.15364075
-0.08760071
0.015213013
0.032791138
-0.07801819
-0.16003418
-0.13873291
-0.11529541
-0.14778137
-0.15789795
-0.10357666
-0.0077056885
0.07539368
0.035446167
-0.048706055
-0.02154541
0.03918457
-0.088653564
-0.37521362
-0.46629333
-0.205307
0.13877869
0.20323181
-0.11155701
-0.40611267
-0.4199524
-0.26976013
-0.07588196
0.03491211
0.02053833
-0.04286194
-0.09611511
-0.12860107
-0.19093323
-0.2947998
-0.36509705
-0.24365234
0.18405151
0.43811035
0.22825623
0.036514282
-0.062026978
-0.30117798
-0.5360718
-0.49772644
-0.16056824
0.0029449463
-0.08972168
-0.19891357
-0.21009827
-0.13446045
0.17926025
0.32040405
-0.141922
-0.5392761
-0.45936584
-0.12808228
0.15742493
0.21228027
0.22613525
0.25808716
0.16647339
-0.032730103
-0.15631104
-0.15098572
-0.09983826
-0.09718323
-0.08706665
-0.069488525
0.047698975
0.26341248
0.4189453
0.42108154
0.32200623
0.22825623
0.13398743
-0.033798218
-0.30117798
-0.6479187
-0.69425964
-0.27827454
0.11268616
0.051956177
-0.25164795
-0.51530457
-0.49772644
-0.30596924
-0.039657593
0.16114807
0.24797058
0.23199463
0.1632843
0.045578003
-0.08972168
-0.14564514
-0.049240112
0.11054993
0.22932434
0.3166809
0.3710022
0.32893372
0.19204712
0.14891052
0.30496216
0.3763275
0.13452148
-0.22981262
-0.22607422
0.042373657
0.20269775
0.11001587
-0.017288208
-0.021011353
0.04397583
0.09403992
0.14730835
0.21707153
0.28045654
0.24797058
0.1355896
0.026931763
0.048233032
0.23252869
0.53985596
0.58566284
0.4855194
0.36941528
0.16381836
-0.0034484863
-0.0476532
-0.08067322
-0.019943237
0.13931274
0.13398743
-0.16375732
-0.6298218
-0.793869
-0.48121643
-0.092926025
0.017868042
-0.07002258
-0.22395325
-0.22981262
-0.10623169
0.13452148
0.254364
0.15689087
-0.045516968
-0.16217041
-0.114227295
0.012008667
0.14091492
0.25862122
0.3305359
0.35662842
0.3513031
0.31933594
0.20056152
0.037582397
-0.064697266
-0.06523132
-0.007171631
0.0050811768
-0.12594604
-0.35072327
-0.45191956
-0.299057
0.04397583
0.31188965
0.32200623
0.073272705
-0.21382141
-0.3113098
-0.16322327
0.13505554
0.4423828
0.7257385
0.8903198
0.83013916
0.57073975
0.29431152
0.1084137
0.051956177
0.09085083
0.17552185
0.25650024
0.32839966
0.4056244
0.46315002
0.47966003
0.46209717
0.34651184
0.16860962
0.101501465
0.28738403
0.71136475
0.9909973
0.7715454
0.36302185
0.02319336
-0.22927856
-0.46203613
-0.56004333
-0.39385986
-0.07215881
0.17926025
0.2570343
0.18299866
0.025863647
-0.102508545
-0.1376648
-0.095581055
-0.03593445
0.0066833496
0.06741333
0.17286682
0.27726746
0.27619934
0.11480713
-0.07481384
-0.10623169
0.001876831
0.089767456
0.07220459
-0.08706665
-0.47854614
-0.80026245
-0.7746887
-0.4668274
0.013076782
0.3710022
0.43652344
0.29856873
0.06581116
-0.097717285
-0.059890747
0.16807556
0.4178772
0.587265
0.6043091
0.46847534
0.26341248
0.087646484
0.025863647
0.11907959
0.29058838
0.42427063
0.4801941
0.50309753
0.5627594
0.6048279
0.5382538
0.49032593
0.5302582
0.6000366
0.39497375
-0.07002258
-0.28520203
-0.20584106
-0.16802979
-0.2979889
-0.4625702
-0.34805298
-0.13873291
0.050369263
0.21708679
0.37046814
0.3986969
0.24850464
0.039718628
-0.12062073
-0.1264801
-0.015686035
0.056762695
0.12226868
0.16487122
0.12173462
0.120666504
0.38272095
0.8349304
1.3382721
1.2658386
0.16221619
-0.39653015
-0.41888428
-0.3065033
-0.32835388
-0.4018402
-0.32621765
-0.18507385
-0.11582947
-0.14884949
-0.27667236
-0.3501892
-0.3107605
-0.20317078
-0.0066375732
0.19204712
0.26234436
0.19364929
0.049835205
-0.076416016
-0.12008667
-0.09025574
-0.04711914
-0.013549805
0.059951782
0.1787262
0.31988525
0.35609436
0.28259277
0.17819214
0.18618774
0.40882874
0.63998413
0.3321228
-0.411438
-0.8812256
-0.8812256
-0.76457214
-0.75338745
-0.6729584
-0.5232849
-0.2942505
0.036514282
0.40882874
0.7028351
0.7587738
0.61335754
0.3640747
0.022140503
-0.3618927
-0.5781555
-0.5781555
-0.36083984
0.0056152344
0.26127625
0.25382996
0.09083557
0.07220459
0.18991089
0.20483398
0.082855225
-0.09132385
-0.2665558
-0.32408142
-0.19252014
-0.013031006
-0.008758545
-0.06842041
-0.14511108
-0.2479248
-0.20265198
0.004547119
0.19630432
0.2735443
0.28684998
0.2186737
-0.011428833
-0.15524292
-0.11476135
0.009338379
0.059417725
0.13505554
0.2879181
0.4370575
0.5148163
0.5334625
0.42852783
0.30389404
0.284729
0.43173218
0.6570282
0.6591644
0.3789978
0.024795532
-0.19572449
-0.24472046
-0.21435547
-0.16217041
-0.065216064
0.09510803
0.26875305
0.40350342
0.3955078
0.23890686
-0.046585083
-0.29478455
-0.31608582
-0.0023651123
0.4343872
0.5217438
0.27140808
-0.02368164
-0.18666077
