1624764391863
1624764391864
1624764391865
1624764391883
1624764391906
1624764391923
1624764391943
1624764391963
1624764391983
1624764392003
1624764392023
1624764392043
1624764392065
1624764392083
1624764392103
1624764392124
1624764392143
1624764392165
1624764392184
1624764392204
1624764392224
1624764392244
1624764392264
1624764392284
1624764392304
1624764392325
1624764392344
1624764392364
1624764392385
1624764392404
1624764392424
1624764392445
1624764392465
1624764392484
1624764392503
1624764392524
1624764392545
1624764392564
1624764392585
1624764392604
1624764392624
1624764392645
1624764392665
1624764392684
1624764392704
1624764392724
1624764392745
1624764392767
1624764392783
1624764392803
1624764392823
1624764392843
1624764392863
1624764392883
1624764392904
1624764392925
1624764392943
1624764392963
1624764392983
1624764393003
1624764393023
1624764393044
1624764393063
1624764393083
1624764393103
1624764393123
1624764393143
1624764393164
1624764393185
1624764393204
1624764393223
1624764393243
1624764393263
1624764393284
1624764393304
1624764393323
1624764393344
1624764393364
1624764393385
1624764393404
1624764393424
1624764393444
1624764393463
1624764393485
1624764393505
1624764393524
1624764393544
1624764393563
1624764393584
1624764393604
1624764393624
1624764393644
1624764393664
1624764393685
1624764393703
1624764393723
1624764393744
1624764393764
1624764393783
1624764393803
1624764393824
1624764393844
1624764393864
1624764393884
1624764393905
1624764393924
1624764393944
1624764393966
1624764393986
1624764394005
1624764394025
1624764394045
1624764394065
1624764394085
1624764394107
1624764394125
1624764394145
1624764394165
1624764394185
1624764394208
1624764394226
1624764394244
1624764394264
1624764394284
1624764394304
1624764394324
1624764394344
1624764394365
1624764394384
1624764394404
1624764394425
1624764394445
1624764394465
1624764394485
1624764394504
1624764394525
1624764394545
1624764394565
1624764394585
1624764394606
1624764394625
1624764394645
1624764394665
1624764394685
1624764394707
1624764394725
1624764394745
1624764394765
1624764394784
1624764394815
1624764394825
1624764394845
1624764394865
1624764394886
1624764394911
1624764394925
1624764394945
1624764394966
1624764394986
1624764395008
1624764395025
1624764395045
1624764395065
1624764395085
1624764395106
1624764395126
1624764395145
1624764395166
1624764395187
1624764395205
1624764395227
1624764395245
1624764395266
1624764395286
1624764395306
1624764395327
1624764395345
1624764395366
1624764395386
1624764395406
1624764395427
1624764395445
1624764395465
1624764395485
1624764395505
1624764395526
1624764395545
1624764395565
1624764395586
1624764395605
1624764395626
1624764395645
1624764395665
1624764395686
1624764395706
1624764395726
1624764395746
1624764395768
1624764395784
1624764395805
1624764395827
1624764395846
1624764395866
1624764395886
1624764395905
1624764395925
1624764395945
1624764395966
1624764395985
1624764396006
1624764396025
1624764396045
1624764396065
1624764396086
1624764396106
1624764396126
1624764396146
1624764396165
1624764396185
1624764396204
1624764396225
1624764396246
1624764396265
1624764396285
1624764396306
1624764396325
1624764396346
1624764396365
1624764396386
1624764396405
1624764396425
1624764396445
1624764396465
1624764396486
1624764396505
1624764396525
1624764396546
1624764396566
1624764396586
1624764396606
1624764396626
1624764396645
1624764396665
1624764396686
1624764396706
1624764396729
1624764396746
1624764396766
1624764396785
1624764396805
1624764396825
1624764396846
1624764396867
1624764396886
1624764396905
1624764396925
1624764396945
1624764396965
1624764396986
1624764397006
1624764397025
1624764397045
1624764397066
1624764397085
1624764397105
1624764397126
1624764397146
1624764397165
1624764397185
1624764397205
1624764397226
1624764397246
1624764397265
1624764397285
1624764397305
1624764397325
1624764397346
1624764397366
1624764397386
1624764397405
1624764397426
1624764397445
1624764397466
1624764397486
1624764397506
1624764397526
1624764397546
1624764397566
1624764397586
1624764397606
1624764397626
1624764397646
1624764397666
1624764397686
1624764397706
1624764397727
1624764397746
1624764397766
1624764397786
1624764397806
1624764397826
1624764397846
1624764397873
1624764397890
1624764397909
1624764397928
1624764397955
1624764397968
1624764397986
1624764398006
1624764398025
1624764398045
1624764398066
1624764398085
1624764398106
1624764398126
1624764398146
1624764398165
1624764398186
1624764398206
1624764398225
1624764398246
1624764398266
1624764398286
1624764398305
1624764398326
1624764398348
1624764398365
1624764398386
1624764398407
1624764398426
1624764398446
1624764398466
1624764398487
1624764398506
1624764398528
1624764398548
1624764398565
1624764398587
1624764398606
1624764398626
1624764398646
1624764398667
1624764398687
1624764398706
1624764398726
1624764398747
1624764398767
1624764398786
1624764398807
1624764398828
1624764398846
1624764398865
1624764398888
1624764398906
1624764398926
1624764398946
1624764398967
1624764398988
1624764399006
1624764399026
1624764399046
1624764399066
1624764399086
1624764399106
1624764399126
1624764399147
1624764399166
1624764399186
1624764399206
1624764399226
1624764399246
1624764399266
1624764399287
1624764399307
1624764399327
1624764399347
1624764399367
1624764399387
1624764399407
1624764399426
1624764399448
1624764399467
1624764399487
1624764399507
1624764399528
1624764399548
1624764399567
1624764399586
1624764399607
1624764399627
1624764399648
1624764399668
1624764399686
1624764399707
1624764399727
1624764399747
1624764399768
1624764399787
1624764399807
1624764399827
1624764399846
1624764399866
1624764399886
1624764399907
1624764399927
1624764399947
1624764399968
1624764399987
1624764400007
1624764400026
1624764400056
1624764400066
1624764400086
1624764400116
