0.21228027
0.12120056
0.14356995
0.20002747
0.16914368
0.14996338
0.05621338
-0.01889038
0.024261475
0.13398743
0.24423218
0.28152466
0.17074585
0.036514282
0.030654907
0.054626465
0.016799927
-0.053512573
-0.069488525
-0.072143555
-0.1307373
-0.20211792
-0.21383667
-0.13925171
-0.06309509
-0.049240112
-0.083343506
-0.085998535
-0.048171997
-0.008773804
0.016815186
0.018936157
-2.4414062E-4
-0.008224487
-0.008758545
-0.0076904297
-0.011428833
-0.032196045
-0.060440063
-0.074279785
-0.039657593
-7.7819824E-4
0.008804321
0.029067993
0.05834961
0.050369263
0.018936157
0.012008667
-0.003967285
-0.030075073
-0.058303833
-0.10571289
-0.1541748
-0.14138794
-0.08918762
-0.041793823
-0.019424438
0.007751465
0.06260681
0.08178711
0.03918457
-0.026870728
-0.04019165
-0.01675415
-0.010360718
-0.03060913
-0.027404785
-0.0066375732
0.0018920898
-0.003967285
-0.005569458
0.003479004
0.007751465
-0.004501343
-0.020477295
0.0040130615
0.012542725
0.007751465
0.0024261475
0.017349243
0.049301147
0.056228638
0.02532959
-0.0135650635
-0.01675415
-0.00982666
0.010406494
-0.034332275
-0.11582947
-0.10890198
0.009338379
0.12173462
0.11161804
0.026397705
-0.031143188
-0.003967285
0.05621338
0.06741333
0.02960205
0.026931763
0.059417725
0.062072754
0.024261475
-0.011962891
-0.02154541
-0.02154541
-0.007171631
0.0013580322
0.014678955
0.017868042
0.01574707
0.025863647
0.018936157
0.014678955
0.026397705
-0.008239746
-0.07055664
-0.06576538
0.006149292
0.056228638
0.03012085
-0.0066375732
-0.00289917
0.021591187
0.035446167
0.02798462
0.007751465
0.0024108887
0.009338379
0.004547119
-0.014083862
-0.027938843
-0.027404785
-0.014099121
-0.002380371
0.0024108887
0.0013427734
-0.0135650635
-0.013031006
0.020004272
0.0184021
0.006149292
0.016281128
-0.021011353
-0.083343506
-0.0753479
-0.005569458
0.042907715
0.040771484
0.015213013
0.012008667
0.017868042
0.010940552
0.0056152344
0.010406494
0.026397705
0.03012085
0.02319336
-0.005569458
-0.030593872
-0.043914795
-0.0284729
-0.0018463135
0.021606445
0.020004272
-0.003967285
-0.024215698
0.0013580322
0.03225708
-0.0050354004
-0.032211304
-0.0013122559
0.01574707
-0.015686035
-0.039123535
-0.03805542
-0.041259766
-0.06788635
-0.08758545
-0.065216064
-0.022079468
-0.015151978
-0.043914795
-0.04286194
0.0050811768
0.040771484
0.02267456
-0.008239746
-0.012496948
0.0056152344
0.023727417
0.036514282
0.03225708
0.021072388
0.017868042
0.009338379
-0.0018463135
-0.0013122559
0.017868042
0.051971436
0.06314087
0.02267456
-0.027404785
-0.029541016
0.0050811768
0.02532959
0.0024261475
-0.015151978
0.007751465
0.037582397
0.024795532
0.022140503
0.03918457
0.068481445
0.058883667
0.021072388
-2.4414062E-4
0.0184021
0.03012085
-0.0034332275
-0.030075073
-0.01889038
0.007751465
0.016281128
-0.002380371
-0.0077056885
-0.012496948
-0.017822266
-0.009307861
-0.04019165
-0.07853699
-0.06895447
-0.02154541
0.016799927
0.007751465
-0.029006958
-0.027404785
-0.0013122559
-7.7819824E-4
-0.016220093
-0.02368164
-0.00982666
0.002960205
-0.008758545
-0.03326416
-0.05404663
-0.04977417
-0.024749756
0.007736206
0.028533936
0.028518677
0.022140503
0.006149292
-0.0050354004
0.0040130615
0.012008667
0.02053833
0.0098724365
-0.034866333
-0.041259766
-0.004501343
0.03491211
0.035980225
0.010406494
-0.0135650635
-0.02633667
-0.02154541
-0.005569458
0.006149292
-0.004501343
-0.020492554
-0.015151978
0.015213013
0.0460968
0.045562744
0.022125244
0.016281128
0.027999878
0.025863647
2.89917E-4
-0.00289917
0.022659302
0.033309937
0.024795532
0.0050811768
0.008270264
0.0066833496
-0.040725708
-0.060958862
-0.021011353
0.049301147
0.07646179
0.05834961
0.03704834
0.038650513
0.048233032
0.029586792
0.014678955
0.019470215
0.019470215
0.009338379
0.0013580322
0.01574707
0.023727417
0.0029449463
-0.039657593
-0.051376343
-0.039657593
-0.0284729
-0.015686035
0.0056152344
0.0013580322
-0.024215698
-0.048706055
-0.07107544
-0.069488525
-0.07695007
-0.08760071
-0.064697266
-0.007171631
0.022140503
-0.004501343
-0.048187256
-0.08387756
-0.08866882
-0.034332275
0.031723022
0.054626465
0.0418396
0.011474609
-0.052444458
-0.188797
-0.33261108
-0.35124207
-0.20584106
0.0050811768
0.15795898
0.17286682
0.07752991
-0.08706665
-0.14884949
-0.08013916
0.03491211
0.12173462
0.17553711
0.14517212
0.02053833
-0.01675415
0.06581116
0.18193054
0.25808716
0.11961365
-0.13127136
-0.13394165
-0.033798218
0.017868042
-0.031661987
-0.17547607
-0.32621765
-0.14884949
0.14463806
0.27619934
0.045578003
-0.1776123
-0.053512573
0.20428467
0.38272095
0.3513031
0.16647339
0.07220459
0.19895935
0.2559662
0.11959839
-0.13447571
-0.35391235
-0.39865112
-0.2713623
-0.05883789
0.10736084
0.16914368
0.17607117
0.13824463
0.08604431
0.087646484
0.07060242
-0.008773804
-0.07374573
-0.029541016
0.0040130615
-0.14778137
-0.27241516
-0.116363525
0.17340088
0.15795898
-0.1541748
-0.41090393
-0.37574768
-0.097717285
0.22293091
0.40029907
0.36515808
0.190979
2.89917E-4
-0.16003418
-0.2665558
-0.25431824
-0.19093323
-0.1504364
-0.14884949
-0.19252014
-0.2084961
-0.18293762
-0.19837952
-0.1930542
-0.09132385
-0.033798218
-0.046051025
-0.004501343
0.07485962
0.08338928
-0.06309509
-0.27241516
-0.34326172
-0.2953186
-0.17814636
0.022140503
0.2532959
0.32946777
0.24317932
0.017333984
-0.23086548
-0.35231018
-0.2798767
-0.15257263
-0.043930054
0.12333679
0.32147217
0.34597778
0.10043335
-0.24525452
-0.40878296
-0.19944763
0.02798462
0.21334839
0.3321228
0.29537964
0.11694336
-0.158432
-0.38693237
-0.4045105
-0.19998169
0.17340088
0.4248047
0.46635437
0.3779297
0.18884277
-0.038589478
-0.16375732
-0.21276855
-0.27241516
-0.30970764
-0.23674011
-0.11476135
-0.043914795
-0.058303833
-0.08439636
0.035446167
0.17819214
0.24050903
0.07646179
-0.22714233
-0.521698
-0.6996002
-0.6729584
-0.39865112
-0.11955261
0.04397583
0.022659302
-0.12860107
-0.16589355
0.08711243
0.30122375
0.31721497
0.17073059
0.025863647
-0.050842285
-0.037002563
0.030654907
0.14144897
0.32839966
0.4178772
0.33691406
0.15849304
0.061538696
0.16807556
0.35183716
0.42266846
0.399765
0.4258728
0.460495
0.23464966
-0.26496887
-0.7837372
-0.82795715
-0.40878296
0.18086243
0.477005
0.41574097
0.24957275
0.08818054
-0.01889038
-0.11103821
-0.23620605
-0.35177612
-0.30117798
-0.07055664
0.09776306
-0.011428833
-0.15205383
0.07006836
0.50309753
0.6895294
0.5212097
0.14198303
-0.1733551
-0.15203857
0.11694336
0.3166809
0.18139648
-0.034866333
-0.114227295
-0.11743164
-0.097717285
-0.07002258
-0.048721313
-0.06416321
-0.09397888
-0.06895447
-0.048721313
-0.06576538
-0.06362915
-0.0061035156
0.096710205
0.17126465
0.1355896
-0.046585083
-0.25431824
-0.25164795
-0.22555542
-0.1733551
0.08232117
0.34916687
0.34651184
0.041305542
-0.31077576
-0.4156952
-0.24046326
0.09883118
0.34225464
0.40829468
0.33000183
0.18193054
0.006149292
-0.16056824
-0.23460388
-0.2553711
-0.22076416
-0.14405823
-0.048187256
0.012008667
0.004547119
0.07432556
0.2975006
0.62719727
0.79711914
0.72680664
0.5638275
0.41841125
0.21760559
0.029067993
-0.013031006
0.024261475
0.066345215
0.03012085
-0.07055664
-0.041259766
0.06739807
0.082855225
-0.03540039
-0.25378418
-0.47268677
-0.68574524
-0.7693634
-0.6159668
-0.27241516
0.01361084
0.10682678
0.031723022
-0.079071045
-0.07321167
0.023727417
0.049301147
0.0040130615
0.0013580322
0.047698975
-0.034332275
-0.27615356
-0.524353
-0.5137024
-0.18347168
0.28205872
0.5611572
0.49830627
0.16647339
-0.22235107
-0.444458
-0.4055786
-0.29052734
-0.23086548
-0.18240356
-0.10517883
-0.03060913
0.055160522
0.26927185
0.51268005
0.5947113
0.46368408
0.19737244
0.097229004
0.1829834
0.2490387
0.12652588
-0.14352417
-0.31929016
-0.36297607
-0.29266357
-0.15150452
0.013076782
0.1398468
0.17605591
0.14356995
0.06048584
-0.04232788
-0.11955261
-0.14938354
-0.12487793
-0.0018463135
0.18405151
0.25382996
0.099365234
-0.19039917
-0.28733826
-0.22288513
-0.17388916
-0.05404663
0.13024902
0.23731995
0.062072754
-0.2979889
-0.44552612
-0.25697327
0.0844574
0.29058838
0.31402588
0.27352905
0.18618774
0.09617615
0.022140503
-0.081207275
-0.235672
-0.3448639
-0.22767639
-0.0029144287
0.042907715
-0.08706665
-0.1653595
0.041305542
0.38645935
0.48765564
0.24264526
-0.00289917
0.0056152344
0.17021179
0.14942932
-0.09185791
-0.2287445
-0.12754822
0.054092407
0.17712402
0.21014404
0.22666931
0.26715088
0.24371338
0.08604431
-0.102508545
-0.15364075
-0.10411072
-0.011428833
0.10043335
0.17660522
0.16700745
0.10469055
0.017333984
0.053024292
0.2256012
0.38485718
0.46368408
0.4189453
0.26075745
0.055160522
-0.27775574
-0.63619995
-0.727829
-0.46949768
-0.019424438
0.3582306
0.43173218
0.28738403
0.05834961
-0.14511108
-0.22128296
-0.18080139
-0.18507385
-0.31929016
-0.3890686
-0.24153137
-0.11050415
-0.18666077
-0.25804138
-0.16482544
0.06260681
0.20481873
0.14356995
0.06687927
0.082855225
0.022125244
-0.050842285
0.087646484
0.2975006
0.3209381
0.02053833
-0.41357422
-0.554718
-0.3187561
0.09510803
0.37634277
0.383255
0.1717987
-0.07107544
-0.22021484
-0.32354736
-0.34059143
-0.19358826
0.013076782
0.17607117
0.32147217
0.510025
0.48979187
0.35237122
0.3001709
0.35821533
0.348114
0.1398468
-0.27401733
-0.6937256
-0.6921387
-0.24899292
0.2740631
0.5334625
0.4839325
0.4024353
0.28312683
0.05781555
-0.22767639
-0.43540955
-0.46043396
-0.17121887
0.2778015
0.5915222
0.4615631
0.0887146
-0.04286194
0.144104
0.2559662
0.07220459
-0.08226013
-0.07853699
0.01361084
-0.048187256
-0.2164917
-0.20744324
-0.004501343
0.18086243
0.2916565
0.3587494
0.3278656
0.26766968
0.2687378
0.21760559
0.03918457
-0.01889038
0.14517212
0.3939209
0.42959595
0.32200623
0.097229004
-0.23779297
-0.48812866
-0.44340515
-0.270813
-0.21595764
-0.16696167
0.06581116
0.26875305
0.11427307
-0.4252777
-0.8961334
-0.93182373
-0.6260834
-0.07321167
0.38272095
0.4093628
0.15635681
-0.05456543
-0.08653259
-0.15203857
-0.41888428
-0.6708374
-0.6740265
-0.36935425
-0.017288208
0.021606445
0.006149292
0.12547302
0.38964844
0.49777222
0.28631592
-0.114227295
-0.4236908
-0.3922577
-0.12541199
-0.008239746
-0.06149292
-0.19625854
-0.3134308
-0.19198608
0.089782715
0.2341156
0.09989929
-0.088134766
-0.21916199
-0.28199768
-0.38693237
-0.5158386
-0.5057068
-0.23725891
0.1355896
0.3353119
0.26341248
0.10736084
0.13717651
0.15370178
0.08818054
0.108428955
0.21334839
0.21548462
-0.04977417
-0.4524536
-0.5962677
-0.4087677
-0.044448853
0.33000183
0.60749817
0.7257385
0.55636597
0.21655273
-0.097717285
-0.28733826
-0.4210205
-0.41462708
-0.20211792
0.10469055
0.26713562
0.21920776
0.1787262
0.24531555
0.21388245
-0.034866333
-0.3224945
-0.54460144
-0.64793396
-0.60105896
-0.61383057
-0.69000244
-0.69692993
-0.5744324
-0.33154297
-0.022613525
0.17819214
0.18191528
0.089782715
0.11907959
0.237854
0.33532715
0.3555603
0.4066925
0.5670166
0.56648254
0.30282593
0.021606445
-0.05456543
0.104156494
0.09085083
-0.21809387
-0.37521362
-0.08653259
0.22187805
0.22293091
0.089782715
0.047164917
0.14729309
0.30815125
0.3912506
0.33798218
0.16914368
0.03012085
0.056762695
0.111083984
0.10787964
0.045043945
-0.037521362
2.89917E-4
0.12973022
0.13665771
-0.01889038
-0.32461548
-0.50038147
-0.1541748
0.23304749
0.21334839
-0.009292603
-0.060958862
0.05142212
-0.045516968
-0.36402893
-0.5424652
-0.36669922
-0.031677246
0.15795898
0.18458557
0.1979065
0.24690247
0.31721497
0.34223938
0.55262756
1.3430634
0.86369324
0.06581116
0.006149292
0.10948181
0.1829834
0.22932434
0.44770813
0.8045654
0.58992004
-0.025817871
-0.30384827
0.075927734
0.42108154
0.2506256
-0.13233948
-0.5605774
-0.6372833
-0.3768158
-0.14459229
0.020004272
0.12013245
0.06741333
-0.09185791
-0.21542358
-0.12861633
-0.00982666
-0.13287354
-0.33366394
-0.35231018
-0.21914673
-0.15524292
-0.26976013
-0.43273926
-0.3544464
-0.014083862
0.25276184
0.31349182
0.11534119
-0.090789795
-0.16268921
-0.21437073
-0.26123047
-0.23832703
-0.18507385
-0.22981262
-0.23513794
-0.0753479
0.23571777
0.30763245
0.07646179
-0.28573608
-0.67988586
-0.92915344
-0.810379
-0.21382141
0.5782013
0.8977814
0.68899536
0.21121216
-0.12966919
-0.121154785
0.051956177
0.08125305
-0.01461792
-0.17015076
-0.2676239
-0.3310089
-0.45671082
-0.6047821
-0.52967834
-0.22607422
0.19044495
0.46635437
0.42108154
0.08178711
-0.3102417
-0.45671082
-0.33207703
-0.18507385
-0.17654419
-0.25323486
-0.28253174
-0.23246765
-0.17440796
-0.26550293
-0.29052734
-0.05458069
0.26608276
0.40882874
0.20429993
-0.25804138
-0.56430054
-0.67082214
-0.5989227
-0.50997925
-0.5483246
-0.48493958
-0.18293762
0.17500305
0.34172058
0.30603027
0.14624023
0.082855225
0.11747742
0.15049744
0.1483612
0.15475464
0.20429993
0.28578186
0.25222778
-0.08174133
-0.52648926
-0.6628418
-0.22341919
0.27301025
0.21760559
-0.12008667
-0.30384827
-0.13233948
0.14624023
0.2932434
0.2687378
0.14038086
0.075927734
0.14517212
0.20962524
0.19258118
0.10575867
0.012542725
-0.02154541
-0.039657593
-0.1733551
-0.39492798
-0.5318146
-0.41783142
-0.15151978
-0.019424438
-0.14724731
-0.158432
0.15635681
0.56222534
0.34384155
-0.5904083
-1.2940063
-1.0468597
-0.1611023
0.72787476
0.8173523
0.19363403
-0.40397644
-0.46629333
0.026931763
0.6090851
0.8194885
0.66342163
0.28738403
-0.0034484863
-0.064697266
-0.007171631
0.21174622
0.4248047
0.59524536
1.0415955
1.7558594
1.1566467
-0.3768158
-0.8061218
-0.40290833
0.27885437
0.17660522
-0.35231018
-0.49879456
-0.026351929
0.45835876
0.33052063
-0.26283264
-0.87376404
-1.175766
-1.0383453
-0.53500366
-0.11315918
0.15689087
0.3166809
0.31295776
0.14891052
-0.09239197
-0.32514954
-0.49186707
-0.5866699
-0.6047821
-0.46310425
-0.20423889
-0.12861633
-0.16589355
-0.12008667
-0.16482544
-0.36244202
-0.46150208
-0.19998169
0.21121216
0.41415405
0.21388245
-0.12062073
-0.3544464
-0.40078735
-0.27401733
0.03491211
0.37634277
0.45516968
0.3358612
0.11054993
-0.12754822
-0.28892517
-0.3778839
-0.32356262
-0.14352417
0.10362244
0.31028748
0.4381256
0.43598938
0.39711
0.21069336
-0.25430298
-0.6010437
-0.41836548
0.17500305
0.48286438
0.2644806
-0.17388916
-0.43327332
-0.29692078
0.078063965
0.41841125
0.57073975
0.45516968
0.16647339
-0.104644775
-0.23460388
-0.2207489
-0.21916199
-0.27189636
-0.33047485
-0.34059143
-0.29052734
-0.32354736
-0.34432983
-0.19146729
0.012008667
0.027450562
-0.21542358
-0.33633423
-0.057235718
0.44024658
0.6122894
0.23945618
-0.32247925
-0.6878662
-0.7240906
-0.47375488
-0.0710907
0.27886963
0.44610596
0.44078064
0.24636841
-0.046051025
-0.25430298
-0.27934265
-0.23460388
-0.15896606
-0.01889038
0.12547302
0.19895935
0.19151306
0.12866211
-0.01675415
-0.027404785
0.221344
0.41627502
0.29164124
0.06794739
-0.21063232
-0.4364624
-0.35656738
0.0024261475
0.35821533
0.41734314
0.30549622
0.3076172
0.4066925
0.36834717
0.09190369
-0.26229858
-0.44125366
-0.3267517
-0.05456543
0.12120056
0.021606445
0.026916504
0.35076904
0.9446564
1.3792725
0.41629028
-0.22821045
-0.4471283
-0.28359985
0.33744812
0.9041748
1.0708923
0.5648804
-0.45724487
-1.0559235
-0.9339447
-0.37574768
0.19363403
0.38964844
0.37260437
0.36195374
0.36940002
0.3624878
0.35876465
0.30975342
0.14942932
-0.055633545
-0.16003418
-0.20744324
-0.3603058
-0.6292877
-0.7251587
-0.36723328
0.1717987
0.54785156
0.76356506
0.7869873
0.21920776
-0.65005493
-0.84606934
-0.4210205
-0.13925171
-0.4668274
-0.8939972
-0.92222595
-0.5983887
-0.17707825
0.14782715
0.21281433
-0.08067322
-0.45031738
-0.59680176
-0.46949768
-0.30703735
-0.16802979
0.12652588
0.49884033
0.6192169
0.39604187
0.018936157
-0.10144043
-0.07002258
-0.31022644
-0.23300171
0.16540527
0.42745972
0.32572937
-0.04977417
-0.2484436
-0.2287445
-0.054031372
0.07859802
0.11480713
0.21600342
0.32946777
0.3113556
0.07006836
-0.19572449
-0.26548767
-0.083862305
0.26927185
0.56915283
0.5851288
0.30229187
-0.17175293
-0.44499207
-0.3075714
-0.22821045
-0.4487152
-0.59306335
-0.48654175
-0.28573608
-0.18826294
-0.158432
-0.06629944
0.103637695
0.24317932
0.1867218
-0.07002258
-0.40663147
-0.55418396
-0.39012146
-0.0013122559
0.3901825
0.55955505
0.59843445
0.7369232
1.0027161
1.1262817
0.76942444
-0.083862305
-0.65005493
-0.36776733
0.16062927
0.27726746
0.15423584
0.02267456
-0.06576538
-0.19252014
-0.26071167
-0.188797
-0.0476532
0.08818054
0.16275024
0.16114807
0.05090332
-0.07321167
-0.11955261
-0.09346008
0.06048584
0.2724762
0.2490387
0.14250183
0.16967773
0.49884033
0.92015076
0.9111023
0.54411316
0.22825623
0.010940552
-0.29266357
-0.68255615
-0.96910095
-0.9818878
-0.63887024
-0.11476135
0.23464966
0.31507874
0.18777466
-0.06788635
-0.40078735
-0.68307495
-0.7624359
-0.5983887
-0.2633667
0.13505554
0.47540283
0.56062317
0.3715515
0.18511963
0.045028687
-0.030075073
-0.18772888
-0.60850525
-0.86950684
-0.6708374
-0.19519043
0.20481873
0.5526428
0.8493042
0.91908264
0.74757385
0.38911438
0.056228638
-0.1738739
-0.42634583
-0.6420746
-0.67988586
-0.46150208
-0.15736389
0.066345215
0.19949341
0.24476624
0.18618774
0.0844574
0.12173462
0.21014404
0.23199463
0.2256012
-0.0519104
-0.601593
-0.8609772
-0.64738464
-0.07215881
0.4801941
0.6277313
0.35609436
-0.0013122559
-0.19837952
-0.20584106
-0.1499176
-0.18772888
-0.23832703
-0.31661987
-0.3144989
-0.07853699
0.15316772
0.46635437
0.72787476
0.6469116
0.08818054
-0.73313904
-1.177887
-1.0069275
-0.44073486
0.14730835
0.50842285
0.56648254
0.5292053
0.56755066
0.63679504
0.56222534
0.3113556
-0.043395996
-0.17547607
-0.04925537
-2.4414062E-4
-0.07215881
-0.15682983
-0.13606262
0.024261475
0.17500305
0.127594
-0.07800293
-0.23620605
-0.12594604
0.08657837
0.05142212
-0.07800293
-0.524353
-1.2119904
-1.4127808
-0.91104126
-0.013031006
0.6607666
0.79711914
0.63412476
0.42214966
0.3789978
0.47860718
0.60910034
0.5585022
0.17712402
-0.26176453
-0.39492798
-0.28147888
-0.0050354004
0.3113556
0.55262756
0.6053772
0.5057678
0.068481445
-0.9051819
-1.3579254
-1.0106506
-0.2910614
0.08552551
-0.2287445
-0.45724487
-0.30543518
0.190979
0.6948395
0.8865967
0.87594604
0.61868286
0.07167053
-0.39492798
-0.48866272
-0.3603058
-0.26123047
-0.04284668
0.20429993
0.28579712
0.4290619
0.40776062
-0.18826294
-1.0271606
-1.3462067
-0.9376831
-0.041793823
0.7454529
0.8194885
0.13719177
-0.5067749
-0.6218262
-0.32089233
0.17500305
0.40615845
0.23999023
-0.0987854
-0.39492798
-0.42422485
-0.07588196
0.43917847
0.5984497
0.5611572
0.51374817
0.32572937
0.09083557
0.006149292
0.07859802
-0.032211304
-0.1376648
0.10362244
0.4690094
0.53292847
0.20376587
-0.20637512
-0.42634583
-0.49879456
-0.45724487
-0.26922607
0.035446167
0.22080994
0.27033997
0.23252869
0.1164093
-0.025802612
0.038116455
0.348114
0.52227783
0.36141968
0.1872406
0.12387085
0.007217407
-0.16642761
-0.2841339
-0.010360718
0.44184875
0.32147217
-0.39013672
-0.7661743
-0.5206299
0.20375061
0.7449188
0.53985596
-0.064697266
-0.44232178
-0.52223206
-0.52275085
-0.57974243
-0.5866699
-0.2606964
0.27194214
0.636261
0.66767883
0.41575623
0.026931763
-0.32302856
-0.50891113
-0.37467957
-0.21755981
-0.16375732
-0.1776123
-0.18612671
-0.048171997
0.22399902
0.43971252
0.4205475
0.2021637
-0.076416016
-0.24845886
-0.15577698
0.13771057
0.34544373
0.2724762
0.1121521
0.09031677
0.11534119
0.04663086
-0.054031372
0.07913208
0.24957275
0.3001709
0.31507874
0.07432556
-0.33580017
-0.60691833
-0.78108215
-0.83488464
-0.664978
-0.3033142
0.007217407
0.1164093
0.059951782
-0.027404785
-0.06681824
-0.14938354
-0.25271606
-0.3065033
-0.3059845
-0.21862793
-0.004501343
0.41255188
1.0495758
1.5635681
1.5481262
1.1108398
0.49137878
-0.039657593
0.24157715
0.62667847
0.6511688
0.5297394
0.5989685
0.56915283
0.37580872
0.15423584
0.09829712
0.1787262
0.29803467
0.42852783
0.5217438
0.43545532
0.20588684
-0.08227539
-0.27934265
-0.27241516
-0.12275696
0.04876709
0.06846619
-0.03060913
0.021072388
0.350235
0.53718567
0.2559662
-0.045516968
0.08232117
0.26768494
0.020004272
-0.39918518
-0.5674896
-0.38960266
-0.055099487
0.16435242
0.15956116
-0.037002563
-0.15310669
-0.06362915
0.11161804
0.19683838
0.2256012
0.25862122
0.34651184
0.39285278
0.21813965
0.051956177
-0.005569458
0.08818054
0.29484558
0.399765
0.1829834
-0.23139954
-0.31610107
0.25595093
0.699646
0.3587494
-0.25804138
-0.7944031
-0.5802765
0.2341156
0.66342163
0.6069641
0.38432312
0.0066833496
-0.1967926
-0.10676575
-0.04711914
-0.059906006
0.07434082
0.32200623
0.47753906
0.26927185
-0.11369324
-0.24578857
-0.19837952
-0.1653595
-0.020492554
0.23092651
0.38858032
0.2698059
-0.13127136
-0.5041199
-0.5360718
-0.17547607
0.25808716
0.42001343
0.31933594
0.104156494
-0.06149292
-0.10569763
-0.03540039
0.11375427
0.2778015
0.30549622
0.20323181
-0.013031006
-0.25325012
-0.18772888
0.115875244
0.10096741
-0.105163574
-0.13339233
0.1510315
0.54411316
0.5350647
0.33425903
0.14942932
0.10682678
0.23518372
0.42745972
0.53186035
0.43119812
0.13238525
-0.13819885
-0.11369324
0.049301147
0.18405151
0.25222778
0.29431152
0.33532715
0.35076904
0.25968933
0.05090332
-0.08279419
0.075927734
0.3816681
0.5105591
0.29696655
-0.0753479
-0.3102417
-0.28041077
-0.0013122559
0.30496216
0.42852783
0.34490967
0.26927185
0.33265686
0.46687317
0.5116272
0.35502625
0.033843994
-0.20903015
-0.20742798
-0.032196045
0.15370178
0.24264526
0.23731995
0.15689087
-0.0050354004
-0.13980103
-0.003967285
0.33319092
0.46421814
0.31933594
0.12173462
0.09510803
0.32466125
0.669281
0.56648254
0.014678955
-0.42262268
-0.41464233
-0.06628418
0.31721497
0.44343567
0.31774902
0.07273865
-0.037521362
0.022140503
-0.008773804
-0.17175293
-0.2441864
-0.03805542
0.4066925
0.7577057
0.8674164
0.77049255
0.49777222
0.21334839
0.001876831
-0.06895447
-0.04498291
0.04397583
0.073791504
0.07006836
-0.09239197
-0.554718
-1.0106506
-0.9296875
-0.22341919
0.48712158
0.62028503
0.37046814
0.1717987
0.22506714
0.301239
0.113220215
-0.16003418
-0.25325012
-0.20318604
-0.069488525
-0.16429138
-0.20265198
0.36088562
1.1268158
0.27194214
0.1318512
0.6277313
0.779541
0.26927185
-0.35816956
-0.56695557
-0.2979889
0.22241211
0.5020447
0.21760559
-0.22395325
-0.28041077
0.043441772
0.22880554
0.113220215
0.003479004
0.07913208
0.27087402
0.35662842
0.2256012
-0.06628418
-0.29852295
-0.33847046
-0.22607422
-0.052444458
0.061538696
0.03492737
-0.017288208
0.016799927
0.1979065
0.3267975
0.190979
-0.22660828
-0.74964905
-0.8801575
-0.81837463
-0.9435272
-0.84713745
-0.29745483
0.30496216
0.5680847
0.37153625
0.041305542
-0.060424805
0.15156555
0.42694092
0.40722656
0.092437744
-0.32621765
-0.6782837
-0.8338165
-0.6958618
-0.32089233
-0.036987305
0.12387085
0.27352905
0.56648254
0.8258667
0.7987213
0.60910034
0.18458557
-0.76457214
-1.241806
-0.73262024
0.18565369
0.70069885
0.7289429
0.45729065
0.15475464
-0.020477295
-0.102508545
-0.15524292
-0.1973114
-0.13180542
-0.00982666
0.0887146
0.14198303
0.15423584
0.09190369
-0.033798218
-0.017822266
0.09669495
0.12013245
0.05834961
-0.08972168
-0.09983826
0.09190369
-0.17440796
-0.80877686
-0.8785553
-0.25271606
0.4716797
0.6208191
0.16967773
-0.33207703
-0.49772644
-0.31396484
0.0887146
0.4093628
0.34916687
-0.036987305
-0.54885864
-0.81463623
-0.6404724
-0.31184387
-0.14938354
0.16433716
0.6937866
0.9153595
0.6703491
0.174469
-0.50305176
-0.86364746
-0.52967834
0.111083984
0.47061157
0.4647522
0.28152466
0.09617615
-0.019424438
-0.07588196
-0.11048889
-0.16482544
-0.13020325
0.16009521
0.4967041
0.5643616
0.29803467
-0.085998535
-0.31556702
-0.26922607
-0.057769775
0.08924866
0.13505554
0.0184021
-0.17973328
-0.3310089
-0.37628174
-0.1930542
0.082855225
-0.08653259
-0.6047821
-0.7059784
-0.28945923
0.24264526
0.47433472
0.30549622
0.033325195
-0.07748413
-0.013031006
0.15156555
0.24264526
0.13719177
-0.041259766
-0.055633545
0.09083557
0.254364
0.2740631
0.21228027
0.21601868
0.2144165
0.14677429
0.0040130615
-0.20477295
-0.41783142
-0.41090393
-0.12915039
0.27885437
0.5089569
0.40509033
0.05569458
-0.26016235
-0.42687988
-0.4045105
-0.15950012
0.15156555
0.28419495
0.17765808
-0.05935669
-0.22555542
-0.24258423
-0.13180542
-0.02154541
-0.039123535
-0.205307
-0.41036987
-0.3698883
-0.19252014
-0.0077056885
-0.026870728
-0.47003174
-0.77149963
-0.53234863
0.07272339
0.62986755
0.796051
0.59843445
0.30389404
0.14303589
0.12173462
0.124938965
-0.013031006
-0.30278015
-0.50465393
-0.49240112
-0.28147888
0.015213013
0.2921753
0.57180786
0.84877014
0.86582947
0.63786316
0.3401184
0.19949341
0.17286682
-0.18400574
-0.6740265
-0.8109131
-0.5110321
-0.014099121
0.29537964
0.25064087
0.08392334
-0.040725708
-0.04232788
0.04876709
0.09617615
0.053024292
-0.03326416
-0.15896606
-0.24685669
-0.20584106
-0.067352295
0.042373657
0.11747742
0.068481445
-0.003967285
0.025863647
0.06846619
0.14942932
0.1867218
-0.030075073
-0.32408142
-0.36828613
-0.158432
0.16009521
0.4189453
0.4578247
0.30389404
0.14942932
0.041305542
-0.097717285
-0.25271606
-0.397583
-0.48654175
-0.51316833
-0.30863953
0.254364
0.8663635
1.1523895
0.89245605
0.3816681
-0.10623169
-0.2164917
-0.23939514
-0.69425964
-0.9797516
-0.809845
-0.13713074
0.46794128
0.53453064
0.30496216
0.066345215
0.038116455
0.14198303
0.2298584
0.27033997
0.21707153
0.122802734
0.09776306
0.09136963
0.031723022
-0.11582947
-0.28573608
-0.26922607
-0.10623169
-0.25164795
-0.62768555
-0.700119
-0.40185547
-0.27027893
-0.45671082
-0.50357056
-0.2937317
0.013076782
0.31028748
0.6165619
0.84825134
0.9334717
0.82907104
0.5313263
0.1121521
-0.2841339
-0.53074646
-0.63461304
-0.74806213
-0.8753662
-0.76457214
-0.24472046
0.40402222
0.6160126
0.38113403
0.012542725
-0.28573608
-0.24578857
0.221344
0.7374573
0.6889801
-0.16696167
-1.046875
-1.2268982
-0.63194275
0.24264526
0.8338623
1.018692
0.9915314
0.8162842
0.42427063
-0.12008667
-0.44392395
-0.45350647
-0.23513794
0.08924866
0.2921753
0.30282593
0.22879028
0.16433716
0.0695343
-0.083862305
-0.17921448
-0.19358826
-0.20477295
-0.29426575
-0.4471283
-0.54512024
-0.45671082
-0.40611267
-0.33953857
-0.04978943
0.3752594
0.63093567
0.5169525
0.10362244
-0.29159546
-0.3821411
-0.20690918
-0.0029144287
0.028518677
-0.17547607
-0.4055786
-0.47161865
-0.28520203
0.075927734
0.42959595
0.59524536
0.6112213
0.67248535
0.7001648
0.59684753
0.39285278
0.042907715
-0.27934265
-0.1850586
0.5808716
1.194458
0.4152069
-0.94459534
-1.3323517
-0.4316864
0.6538391
0.8722229
0.702301
0.5297394
0.3678131
0.14356995
-0.12008667
-0.31556702
-0.39811707
-0.36669922
-0.29266357
-0.14459229
0.009338379
0.0652771
0.038116455
-0.019958496
-0.12541199
-0.26016235
-0.17228699
0.2809906
0.91482544
1.1049652
0.85250854
0.56755066
0.25276184
0.05834961
-0.090789795
-0.19358826
0.0024108887
0.55155945
1.0623627
0.49830627
-0.6436615
-0.58081055
0.09510803
0.55262756
0.4924469
0.054092407
-0.34965515
-0.49345398
-0.46203613
-0.38053894
-0.40290833
-0.46043396
-0.350708
-0.22076416
-0.30278015
-0.44978333
-0.49665833
-0.21116638
0.20748901
0.21653748
-0.3571167
-0.89878845
-0.93608093
-0.5174408
0.07913208
0.38432312
0.35235596
0.20802307
0.055160522
-0.032730103
-0.05456543
-0.05883789
-0.083343506
-0.015686035
0.02532959
0.02746582
0.05355835
0.09883118
-2.4414062E-4
-0.13980103
-0.27722168
-0.5552521
-0.9350128
-0.96803284
-0.3837433
0.3704834
0.8050995
0.842926
0.603775
0.19470215
-0.16801453
-0.35072327
-0.3379364
-0.15577698
0.057281494
0.21334839
0.301239
0.28579712
0.1483612
-0.05404663
-0.29266357
-0.41462708
-0.24206543
0.023727417
0.115875244
0.042373657
0.05355835
0.2836609
0.36621094
0.18138123
0.038650513
0.036514282
-0.0013122559
-0.188797
-0.49772644
-0.73794556
-0.77948
-0.556839
-0.17494202
0.08659363
0.09883118
-0.041259766
-0.24525452
-0.34965515
-0.37467957
-0.30384827
-0.19358826
-0.033798218
0.17658997
0.39390564
0.47114563
0.37260437
0.26660156
0.10787964
-0.09983826
-0.26016235
-0.13606262
0.33425903
0.6943054
0.64105225
0.22773743
-0.23620605
-0.43380737
-0.29052734
0.010406494
0.25650024
0.32946777
0.24957275
0.15475464
0.0844574
-0.055633545
-0.27774048
-0.5286102
-0.58348083
-0.47747803
-0.4945221
-0.69532776
-0.7581787
-0.5371399
-0.060440063
0.47486877
0.6085663
0.33744812
0.16168213
0.46368408
0.86795044
0.7055054
0.08818054
-0.4348755
-0.49398804
-0.12327576
0.31507874
0.53079224
0.53559875
0.43865967
0.24743652
0.015213013
-0.13020325
-0.08013916
0.07911682
0.17286682
0.24424744
0.3278656
0.3246765
0.1590271
-0.10197449
-0.23886108
-0.43699646
-0.66337585
-0.7832184
-0.61650085
-0.060424805
0.51960754
0.6719513
0.36994934
-0.12966919
-0.4556427
-0.42262268
-0.23406982
-0.056167603
0.15209961
0.3113556
0.30229187
0.24157715
0.20588684
0.25489807
0.5174866
0.31454468
0.010406494
-0.08332825
-0.12168884
-0.25857544
-0.35551453
-0.2868042
-0.20423889
-0.083862305
-0.13446045
-0.32247925
-0.26548767
0.21707153
0.7422638
0.8200073
0.5435791
0.1313324
-0.048171997
0.12599182
0.4056244
0.54037476
0.46261597
0.21601868
-0.03807068
-0.14511108
-0.12806702
-0.10411072
-0.12327576
-0.10623169
0.03970337
0.24957275
0.3747406
0.3347931
0.1552887
0.0460968
0.15209961
0.27938843
-0.00982666
-0.5041199
-0.47375488
0.089782715
0.5308075
0.57447815
0.3044281
-0.097717285
-0.2942505
-0.23246765
-0.024749756
0.12812805
0.122802734
0.07699585
0.08232117
0.18299866
0.25968933
0.15582275
-0.021026611
-0.10144043
-0.07321167
0.053024292
0.13452148
0.17819214
0.42799377
0.71029663
0.6447754
0.40509033
0.350235
0.5819397
0.75289917
0.5627594
0.122802734
-0.36402893
-0.7874756
-0.74220276
-0.17601013
0.19044495
0.09136963
-0.055633545
-0.17068481
-0.23406982
-0.3256836
-0.48654175
-0.5744171
-0.4668274
-0.20158386
0.09989929
0.2932434
0.33798218
0.2644806
0.14091492
0.004547119
-0.32621765
-0.6090393
-0.5792084
-0.062561035
0.52760315
0.6628876
0.38113403
-0.16322327
-0.53500366
-0.49293518
-0.1653595
0.23251343
0.52441406
0.63093567
0.56222534
0.47380066
0.47061157
0.44877625
0.31082153
0.15049744
0.11907959
0.26608276
0.3544922
0.14091492
-0.22502136
-0.46842957
-0.46469116
-0.37521362
-0.3219452
-0.07055664
0.44610596
1.0139008
1.0661011
0.5004425
-0.2207489
-0.62075806
-0.5163574
-0.064697266
0.3310547
0.3544922
0.16593933
-0.08866882
-0.20637512
-0.17707825
-0.1738739
-0.15629578
-0.06149292
0.040786743
0.082855225
0.14251709
0.18725586
0.1717987
0.20748901
0.3587494
0.27513123
-0.097717285
-0.3821411
-0.0710907
0.6612854
0.97927856
0.7342682
0.12866211
-0.44659424
-0.62661743
-0.47268677
-0.2250061
0.026397705
0.26820374
0.3470459
0.38059998
0.41734314
0.37953186
0.28471375
0.22879028
0.30070496
0.39497375
0.5089569
0.42799377
0.18511963
0.30389404
0.8045654
1.2338715
0.47114563
-0.24206543
-0.10038757
0.045043945
0.07646179
-0.015167236
-0.44126892
-1.0527344
-1.321167
-0.9371338
-0.14672852
0.50683594
0.5760803
0.33744812
0.09883118
-0.09451294
-0.27348328
-0.37309265
-0.30117798
-0.11795044
0.10256958
0.26820374
0.42214966
0.36141968
0.18618774
0.10202026
-0.076934814
-0.31236267
-0.41783142
-0.22341919
0.036514282
-2.4414062E-4
-0.317688
-0.6218262
-0.7219696
-0.5328827
-0.16217041
0.12919617
0.2501068
0.2799225
0.17712402
0.02053833
-0.039657593
-0.08439636
-0.11529541
-0.04711914
0.09083557
0.24636841
0.32254028
0.25222778
0.18244934
0.2698059
0.32307434
0.10948181
-0.22981262
-0.26922607
0.012542725
0.24743652
-0.1227417
-0.67082214
-0.77948
-0.4870758
-0.05670166
0.30282593
0.38964844
0.22932434
2.89917E-4
-0.12487793
-0.1541748
-0.15789795
-0.13659668
-0.041793823
0.09136963
0.1632843
0.18777466
0.21760559
0.17712402
0.064208984
-0.06362915
-0.14564514
-0.41249084
-0.6255493
-0.51156616
-0.018356323
0.37420654
0.30603027
-0.029006958
-0.2979889
-0.2553711
0.030654907
0.31082153
0.48179626
0.52227783
0.41148376
0.18618774
-0.08174133
-0.36723328
-0.60157776
-0.63726807
-0.4790802
-0.2250061
0.04663086
0.22613525
0.2506256
0.3635559
0.5659485
0.49830627
0.2687378
0.2447815
0.35343933
0.37953186
0.078063965
-0.4476471
-0.73101807
-0.74113464
-0.4433899
0.08818054
0.55422974
0.6580963
0.48765564
0.20056152
-0.06575012
-0.32514954
-0.55685425
-0.5914612
-0.32035828
0.062072754
0.27352905
0.30389404
0.3251953
0.35237122
0.3864441
0.2618103
-0.15257263
-0.55685425
-0.54460144
-0.16268921
0.07432556
-0.062026978
-0.34432983
-0.48973083
-0.38746643
-0.14778137
0.09883118
0.2852478
0.38539124
0.33265686
0.16700745
-0.06416321
-0.31396484
-0.46629333
-0.44180298
-0.17868042
0.14463806
0.30708313
0.2575531
0.2101593
0.2687378
0.3070984
0.19309998
0.02319336
0.01574707
0.04663086
-0.099853516
-0.39811707
-0.5509949
-0.49505615
-0.3065033
-0.057769775
0.20376587
0.41734314
0.4216156
0.24371338
0.040252686
-0.15950012
-0.24046326
-0.19412231
-0.095047
0.06794739
0.28312683
0.44877625
0.43013
0.23464966
0.008804321
-0.15470886
-0.31236267
-0.40397644
-0.25483704
0.04397583
0.13291931
-0.10090637
-0.44924927
-0.62661743
-0.5200958
-0.21330261
0.09989929
0.29696655
0.3986969
0.4178772
0.39657593
0.33851624
0.19844055
0.10522461
0.12333679
0.19470215
0.23039246
0.14782715
-0.010360718
-0.04019165
0.10948181
0.25382996
0.21600342
0.042907715
-0.090789795
-0.11103821
-0.10411072
-0.15737915
-0.27775574
-0.37042236
-0.3890686
-0.30491638
-0.002380371
0.35716248
0.44770813
0.23997498
-0.050308228
-0.22821045
-0.2718811
-0.24259949
-0.14086914
0.033843994
0.19309998
0.23304749
0.1952362
0.17765808
0.21495056
0.18618774
-0.26922607
-0.8284912
-0.79599
-0.2122345
0.20962524
0.13877869
-0.16856384
-0.4194336
-0.458313
-0.2841339
0.0050811768
0.21228027
0.2532959
0.15795898
0.018936157
-0.09451294
-0.119018555
-0.10836792
-0.08280945
0.06581116
0.3347931
0.46315002
0.32414246
0.07965088
0.01361084
0.18032837
0.25915527
0.050354004
-0.24951172
-0.24311829
0.036514282
0.3076172
0.3401184
0.1121521
-0.16268921
-0.2207489
-0.027404785
0.26287842
0.46954346
0.4855194
0.39764404
0.3193512
0.23092651
0.11747742
0.0013580322
-0.029006958
0.1318512
0.39497375
0.57554626
0.50737
0.22080994
-0.0284729
0.0050811768
0.17819214
0.3598175
0.40455627
0.29431152
0.16488647
0.14463806
0.12652588
-0.011428833
-0.17868042
-0.21702576
-0.10357666
0.05834961
0.23838806
0.36302185
0.284729
0.127594
0.089782715
0.13665771
0.12547302
0.07859802
0.089782715
0.08232117
-0.0066375732
-0.15470886
-0.25750732
-0.17707825
0.21388245
0.5648804
0.49723816
0.21121216
0.1872406
0.62135315
1.1902008
1.259964
-0.36776733
-0.75445557
-0.14405823
0.23252869
0.0098724365
-0.56430054
-0.9877472
-1.255127
-1.3126526
-0.99147034
-0.62342834
-0.411438
-0.35816956
-0.13180542
-0.04286194
-0.072143555
-0.013031006
0.1164093
0.18193054
0.035446167
-0.17388916
-0.23779297
-0.13392639
0.06314087
0.15635681
0.10469055
0.06846619
0.09190369
-0.042312622
-0.252182
-0.33952332
-0.22288513
0.122802734
0.39390564
0.33158875
0.07485962
-0.15470886
-0.20744324
-0.13180542
-0.02154541
0.035446167
0.052490234
0.06741333
0.10310364
0.111083984
0.062072754
2.89917E-4
-0.026870728
-0.01889038
-0.022613525
-0.010894775
0.012008667
0.018936157
-0.024749756
-0.055633545
0.0040130615
0.06581116
0.05569458
-0.010894775
-0.0796051
-0.06895447
-0.017288208
0.014678955
0.04397583
0.09085083
0.0844574
2.89917E-4
-0.07321167
-0.07695007
-0.060958862
-0.03807068
-0.002380371
0.018936157
2.89917E-4
-0.013031006
-0.016220093
-0.014099121
-0.010894775
-0.031143188
-0.036453247
-0.034866333
-0.0034484863
0.02053833
0.0184021
0.0040130615
-0.01675415
-0.033798218
-0.017822266
0.02319336
0.021072388
-0.036468506
-0.0753479
-0.052978516
8.239746E-4
0.035980225
0.019470215
-0.017288208
-0.010360718
0.016815186
0.03277588
0.028518677
0.025863647
0.004547119
-0.029541016
-0.037002563
0.007751465
0.04397583
0.042373657
0.004547119
-0.03593445
-0.041793823
-0.0050354004
0.040252686
0.044509888
0.0066833496
-0.008239746
0.0040130615
-0.008773804
-0.01889038
0.01361084
0.04663086
0.03225708
-0.0034332275
-0.003967285
0.02053833
0.042907715
0.025863647
-0.02154541
-0.050308228
-0.027938843
0.012542725
0.018936157
-0.004501343
-0.019958496
0.013076782
0.024261475
-0.007171631
-0.019424438
0.008804321
0.015213013
-0.011962891
-0.027938843
-0.004501343
0.0418396
0.035980225
-0.048187256
-0.12008667
-0.085998535
0.003479004
0.032791138
-0.01889038
-0.08279419
-0.10569763
-0.0796051
-0.048721313
-0.048187256
-0.056167603
-0.040725708
-0.021026611
-0.008224487
0.016815186
0.025863647
0.026397705
0.010406494
-0.011428833
-0.010360718
0.008804321
0.0029449463
-0.01675415
-0.037521362
-0.032730103
0.006149292
0.014678955
-7.7819824E-4
0.012542725
0.05569458
0.08178711
0.082855225
0.055160522
-0.004501343
-0.017288208
0.040771484
0.13931274
0.17500305
0.14624023
0.09083557
0.064208984
0.07273865
0.049301147
-0.0135650635
-0.07002258
-0.08280945
-0.08493042
-0.055633545
-0.0135650635
-0.03753662
-0.065216064
-0.08972168
-0.09664917
-0.07481384
-0.10624695
-0.17547607
-0.15737915
-0.0013122559
0.06741333
0.0184021
-0.051376343
-0.085998535
-0.06842041
-0.013031006
0.0050811768
-0.017822266
-0.011428833
0.021072388
0.026397705
0.026397705
0.02532959
0.008285522
-0.005569458
0.012008667
0.035980225
0.042907715
0.054626465
0.06581116
0.054092407
0.029586792
0.024261475
0.035980225
0.018936157
-0.007171631
-0.021011353
0.012008667
0.042907715
0.016815186
-0.018356323
-0.020477295
0.0029449463
-0.00289917
-0.021026611
-0.024749756
-0.01889038
-0.025283813
-0.029006958
-0.032211304
-0.04498291
-0.06842041
-0.07746887
-0.048187256
0.009338379
0.047698975
0.055160522
0.04876709
0.042373657
0.035446167
0.06260681
0.055160522
0.0050811768
-0.027404785
-0.002380371
0.028533936
0.033309937
0.03012085
0.023727417
0.033325195
0.03970337
0.038116455
0.031723022
0.01574707
-7.7819824E-4
-0.0066375732
-0.018356323
-0.029541016
-0.030075073
-0.029541016
-0.036453247
-0.022079468
0.002960205
0.015213013
-0.002380371
-0.017822266
-0.0077056885
0.017349243
0.05142212
0.054626465
-0.0061035156
-0.04019165
0.007217407
0.10575867
0.1632843
0.11907959
0.028533936
-0.0050354004
0.029052734
0.043441772
0.008285522
-0.034866333
-0.04232788
-0.033798218
-0.041793823
-0.041259766
-0.014633179
0.015213013
0.024795532
0.03491211
0.035980225
0.047164917
0.06846619
0.08818054
0.09350586
0.08125305
0.050369263
0.03492737
-0.007171631
-0.0710907
-0.06681824
0.010940552
0.075927734
0.059951782
-0.0061035156
-0.03593445
-0.009307861
0.011474609
0.015731812
0.02319336
0.040237427
0.032791138
0.019470215
0.006149292
0.014678955
0.01574707
0.024261475
0.0040130615
-0.009292603
-7.7819824E-4
-7.7819824E-4
-0.023147583
-0.031661987
-0.026870728
-0.01675415
-0.015167236
-0.050308228
-0.10197449
-0.09451294
-0.015686035
0.041305542
0.004547119
-0.08493042
-0.107299805
-0.039657593
0.008804321
-0.009307861
-0.029541016
-0.029541016
-0.019958496
-0.0066375732
0.009338379
0.0184021
0.020004272
0.03012085
0.036514282
0.015213013
-0.008773804
-0.01461792
-0.015686035
-0.010894775
2.89917E-4
0.0056152344
0.024795532
0.021072388
-0.025283813
-0.02154541
0.031188965
0.061019897
0.042373657
0.0018920898
-0.015686035
0.010406494
0.049301147
0.033859253
0.0040130615
-0.004501343
2.89917E-4
0.004547119
0.0040130615
0.007751465
-0.003967285
-0.015167236
-0.019943237
-0.009841919
-0.004501343
-0.010894775
-0.026885986
-0.026870728
-0.020477295
-0.025802612
-0.021026611
-0.038589478
-0.09983826
-0.09185791
-0.015151978
0.04397583
0.03491211
-0.029006958
-0.07695007
-0.050842285
-0.0034332275
0.0013580322
-0.026870728
-0.030075073
0.0098724365
0.036514282
0.023727417
-0.02368164
-0.049240112
-0.031661987
0.016799927
0.082855225
0.08125305
0.020004272
-0.03326416
-0.040725708
-0.013031006
0.010940552
-0.0018463135
-0.013031006
-0.0034484863
0.01361084
0.06741333
0.15263367
0.17500305
0.09776306
0.0013580322
-0.008758545
0.05355835
0.08711243
0.056747437
0.017349243
-0.0029144287
0.003479004
0.031188965
0.04876709
0.041305542
0.035980225
0.02746582
0.01361084
0.010940552
0.017333984
0.006149292
-0.0034332275
0.0029449463
0.0013580322
-0.0135650635
0.0040130615
0.037582397
0.026397705
-0.024749756
-0.025283813
0.050369263
0.10256958
0.07220459
0.016815186
0.024795532
0.108428955
0.2852478
0.4221344
0.5686188
0.27886963
8.239746E-4
0.12226868
