24.349976
25.42572
25.450134
25.57373
24.926758
25.552368
25.015259
25.427246
24.301147
25.11444
24.276733
24.839783
24.516296
24.51477
25.450134
24.427795
25.61493
24.23706
23.762512
24.427795
25.138855
24.674988
24.238586
24.238586
24.238586
23.927307
24.014282
24.053955
23.890686
24.05243
24.577332
22.57843
23.287964
23.953247
22.875977
23.701477
24.615479
23.287964
24.577332
24.641418
24.07837
25.30365
24.578857
24.014282
25.30365
23.265076
22.662354
24.490356
23.701477
22.97821
23.303223
23.449707
22.950745
24.838257
23.951721
22.488403
24.050903
23.539734
23.390198
22.639465
23.265076
24.015808
23.701477
24.964905
25.715637
23.51532
24.276733
24.902344
23.777771
23.553467
24.427795
22.576904
22.827148
24.015808
22.763062
24.276733
23.904419
23.60382
23.390198
22.91565
22.827148
23.329163
22.164917
25.679016
23.176575
23.239136
23.57788
23.364258
23.039246
22.950745
23.239136
24.90387
24.305725
25.328064
23.864746
25.302124
24.615479
22.789001
24.59259
24.116516
23.452759
23.452759
24.61853
23.86322
24.243164
23.51532
23.014832
23.451233
22.827148
22.976685
23.989868
23.60382
26.089478
23.953247
25.904846
25.027466
24.526978
24.801636
23.991394
24.528503
24.96643
24.526978
23.240662
24.67804
23.866272
22.7005
24.388123
22.950745
24.365234
23.8266
24.238586
22.825623
23.841858
24.90387
23.286438
24.615479
23.413086
24.900818
25.154114
22.828674
24.551392
23.738098
23.265076
23.388672
25.050354
24.275208
24.012756
24.900818
23.32611
24.679565
24.276733
23.913574
23.390198
22.724915
23.014832
25.805664
21.624756
24.839783
24.490356
24.238586
24.325562
23.265076
22.724915
24.615479
22.764587
24.87793
25.566101
25.216675
22.738647
23.364258
24.554443
23.32611
23.513794
22.55249
23.701477
24.464417
23.477173
23.80066
23.80066
23.80066
23.80371
23.112488
25.241089
23.039246
23.88916
23.739624
24.617004
24.302673
23.951721
24.36676
23.303223
24.07837
24.276733
23.477173
23.176575
23.88916
24.053955
23.175049
23.977661
22.95227
23.953247
23.764038
24.96643
22.26715
23.138428
22.575378
23.454285
22.87445
24.012756
24.179077
23.287964
24.777222
24.577332
24.42627
23.950195
24.276733
24.07837
23.350525
23.701477
23.777771
22.912598
24.465942
24.465942
23.86322
23.32611
24.363708
23.287964
23.776245
25.564575
25.11444
26.216125
23.80066
25.004578
23.890686
23.477173
22.764587
23.927307
24.238586
24.990845
23.8266
23.864746
24.528503
24.803162
24.302673
25.8667
23.739624
23.764038
21.951294
24.86267
23.991394
22.38617
24.389648
23.225403
24.05243
24.053955
24.116516
24.116516
24.116516
23.57788
23.287964
24.240112
23.762512
26.153564
25.152588
23.887634
24.389648
24.240112
22.790527
23.014832
21.987915
24.27826
23.26355
23.88916
22.87445
24.487305
22.802734
23.32306
23.74115
24.27826
23.477173
23.80371
25.30365
24.238586
24.902344
23.114014
24.928284
23.176575
24.214172
23.016357
24.05243
23.928833
24.116516
23.362732
22.425842
22.97821
22.827148
23.890686
23.927307
23.80066
23.539734
23.200989
24.467468
24.507141
24.139404
23.86322
23.539734
22.953796
24.490356
24.11499
23.60382
22.514343
23.452759
22.95227
22.29004
23.864746
23.994446
22.891235
22.514343
22.052002
22.013855
22.138977
23.040771
24.029541
22.740173
22.076416
23.266602
24.467468
23.51532
22.990417
23.739624
23.516846
23.078918
22.32666
22.32666
22.32666
23.454285
22.680664
22.390747
22.914124
25.004578
23.016357
22.956848
22.991943
23.017883
23.205566
23.078918
23.405457
21.792603
21.891785
22.579956
23.556519
22.26715
22.018433
22.080994
22.904968
21.768188
23.05603
23.120117
21.97876
22.644043
21.203613
21.44165
23.657227
20.25299
22.169495
21.832275
20.73059
20.103455
21.481323
22.706604
21.45691
21.868896
22.343445
21.83075
21.542358
22.019958
20.555115
19.604492
20.205688
21.356201
21.443176
20.73059
20.167542
21.955872
21.517944
20.29419
21.705627
21.44165
21.769714
22.142029
22.743225
21.981812
21.731567
23.554993
22.892761
23.454285
21.290588
22.717285
23.32611
23.492432
24.14093
23.60382
24.70398
23.492432
22.20459
22.354126
22.8302
24.302673
22.079468
22.790527
22.766113
22.766113
21.768188
22.23053
21.794128
21.817017
21.855164
20.13092
21.51947
20.643616
22.181702
21.105957
21.20514
22.181702
20.518494
20.707703
19.50531
19.355774
21.017456
20.393372
21.142578
21.418762
19.854736
18.756104
20.581055
19.917297
20.606995
20.4422
21.794128
21.855164
21.582031
20.443726
20.542908
22.23053
21.06781
23.391724
21.35315
22.453308
22.016907
21.891785
20.942688
21.89331
21.580505
23.269653
21.97876
23.867798
22.76764
23.664856
23.391724
22.792053
22.705078
22.579956
22.816467
23.117065
22.579956
22.581482
22.064209
22.454834
22.080994
22.729492
23.11554
21.794128
20.918274
20.97931
20.445251
21.69342
20.73059
20.419312
19.506836
19.53125
19.604492
19.75708
20.195007
19.317627
19.129944
18.655396
19.657898
19.468689
19.468689
19.468689
20.204163
20.292664
21.194458
21.542358
21.257019
20.603943
20.729065
22.564697
22.476196
22.000122
23.764038
22.47467
24.076843
23.82965
21.565247
21.35315
21.765137
22.491455
23.039246
24.427795
22.427368
23.226929
23.48938
23.8266
21.725464
22.039795
20.852661
22.286987
21.50116
22.064209
22.72644
22.062683
22.911072
22.537231
22.949219
21.437073
22.790527
20.639038
22.55249
22.853088
23.077393
21.852112
22.076416
23.866272
22.20459
20.637512
21.066284
21.040344
21.089172
22.076416
20.600891
21.04187
21.542358
22.227478
20.639038
22.97821
21.56372
21.162415
20.96405
20.96405
22.540283
23.329163
21.977234
21.162415
22.66388
20.835876
22.476196
22.502136
21.662903
23.188782
22.937012
23.57483
24.386597
22.135925
23.036194
22.288513
22.288513
23.510742
22.912598
22.640991
22.224426
22.662354
21.723938
22.514343
21.440125
22.389221
23.977661
22.95227
23.979187
24.403381
23.28949
22.189331
22.140503
22.488403
23.365784
22.117615
22.303772
22.891235
22.891235
22.853088
20.56427
20.930481
21.478271
20.606995
20.97931
20.352173
21.890259
20.127869
21.453857
22.579956
21.35315
20.663452
20.814514
23.20404
21.287537
22.366333
22.099304
21.812439
21.765137
22.2641
20.939636
22.29004
21.836853
23.388672
22.351074
22.627258
23.626709
20.651245
20.214844
21.35315
20.475769
20.81604
19.841003
19.064331
20.002747
20.254517
20.292664
21.192932
19.216919
21.06781
19.404602
18.865967
19.215393
19.595337
18.907166
19.006348
17.721558
18.90564
17.555237
18.130493
18.569946
18.530273
17.778015
17.778015
17.778015
18.530273
17.468262
17.65747
18.005371
17.655945
17.59491
18.180847
18.632507
17.49115
16.178894
17.59491
16.630554
18.093872
18.56842
18.244934
18.444824
16.693115
17.817688
18.821716
17.906189
19.281006
19.343567
17.454529
19.10553
19.215393
18.569946
17.59491
18.215942
17.817688
16.844177
18.092346
16.078186
18.154907
17.556763
17.430115
18.182373
18.006897
18.869019
17.367554
19.19403
16.331482
17.471313
16.558838
17.382812
15.682983
18.507385
15.553284
17.681885
16.905212
16.18042
17.532349
16.592407
16.055298
15.766907
17.817688
18.379211
18.417358
17.49115
18.02826
17.929077
18.777466
18.65387
19.065857
20.29419
18.42804
19.941711
20.317078
18.815613
19.65332
17.55066
17.262268
18.678284
20.967102
20.13092
18.339539
20.214844
20.214844
20.129395
21.791077
19.677734
18.876648
19.667053
19.566345
19.128418
17.362976
17.404175
18.615723
18.65387
18.417358
17.404175
17.965698
17.778015
17.427063
17.63153
16.279602
16.967773
17.242432
18.318176
17.118835
17.09137
16.468811
17.242432
17.655945
18.692017
17.628479
16.55426
15.391541
17.555237
15.70282
16.326904
15.640259
16.69159
17.964172
16.992188
19.566345
19.215393
18.415833
18.876648
20.101929
18.740845
19.129944
18.56842
19.02771
19.064331
19.967651
20.814514
21.377563
21.914673
22.190857
20.187378
23.36731
20.666504
21.540833
21.04187
20.954895
21.253967
21.791077
20.379639
21.104431
21.20514
20.06836
20.707703
20.55664
20.707703
19.795227
19.67163
19.19403
20.52002
19.19403
21.871948
20.233154
20.707703
20.38269
19.171143
19.171143
21.733093
20.80841
20.896912
20.959473
20.707703
23.458862
21.89331
22.271729
22.70813
23.121643
21.45691
21.93451
21.244812
20.645142
22.244263
23.05603
24.307251
23.622131
21.958923
20.83435
21.147156
20.710754
22.810364
22.749329
23.199463
21.524048
21.559143
20.83435
20.359802
18.760681
20.549011
19.047546
18.199158
19.236755
19.400024
19.425964
19.987488
20.462036
18.110657
17.95044
19.300842
17.07306
16.949463
17.137146
18.214417
17.427063
17.326355
16.804504
16.0141
17.051697
17.489624
17.112732
17.889404
16.061401
16.163635
14.764404
14.100647
14.851379
15.452576
15.991211
17.036438
15.637207
17.78717
18.302917
16.848755
16.41388
18.025208
17.015076
18.826294
17.262268
18.266296
17.790222
19.450378
19.187927
19.125366
20.376587
20.376587
20.376587
20.089722
20.150757
20.402527
20.93811
20.941162
19.363403
19.5755
19.552612
19.6167
20.527649
19.439697
19.152832
18.878174
19.340515
16.926575
16.578674
18.365479
16.04004
15.689087
16.178894
15.47699
16.015625
16.227722
16.452026
16.990662
15.563965
15.692139
16.641235
18.466187
16.763306
17.26532
17.889404
18.803406
18.327332
17.726135
18.035889
17.536926
18.362427
17.988586
18.57605
18.988037
18.423462
20.26062
19.54956
21.313477
20.610046
20.986938
20.17517
20.463562
20.774841
20.761108
21.984863
20.759583
20.898438
21.488953
20.526123
19.548035
21.676636
20.401001
20.401001
20.463562
18.075562
18.162537
18.525696
19.110107
19.325256
19.28711
17.111206
18.86444
16.85028
16.348267
16.610718
17.38739
17.037964
17.474365
16.885376
16.885376
16.885376
17.573547
17.575073
19.174194
19.276428
18.986511
17.61322
18.026733
17.196655
18.096924
20.083618
19.77539
18.713379
17.410278
18.713379
16.534424
18.09845
17.637634
17.536926
17.012024
16.38794
16.888428
16.699219
15.264893
15.264893
13.935852
14.376831
13.624573
14.727783
14.686584
13.000488
13.752747
13.150024
11.33728
11.338806
10.426331
9.80072
10.176086
8.709717
10.1501465
8.985901
7.949829
5.2490234
6.9122314
5.076599
4.350281
2.2720337
3.5614014
3.187561
1.7349243
0.7080078
0.20904541
0.44708252
-1.4907837
-0.55236816
-2.6779175
-2.8045654
-2.6916504
-2.2155762
-1.5045166
-0.9918213
-1.2420654
-2.005005
-3.0654907
-1.6815186
-3.88031
-3.4927368
-2.5680542
-4.194641
-4.2297363
-3.90625
-6.1309814
-6.3827515
-4.7927856
-5.69458
-5.44281
-5.192566
-5.192566
-6.3186646
-7.8063965
-6.919861
-9.719849
-7.9956055
-9.222412
-9.333801
-12.161255
-11.447144
-11.486816
-12.234497
-12.30011
-10.68573
-12.30011
-11.950684
-13.739014
-14.564514
-15.72876
-18.128967
-17.819214
-19.145203
-18.98346
-19.371033
-19.86847
-19.233704
-19.836426
-20.744324
-21.434021
-20.220947
-20.785522
-20.74585
-21.411133
-21.98639
-20.223999
-20.43457
-21.723938
-22.949219
-22.511292
-21.661377
-22.549438
-23.600769
-22.825623
-24.137878
-24.363708
-23.101807
-23.512268
-23.426819
-23.135376
-23.286438
-22.32666
-22.949219
-23.075867
-22.850037
-21.98639
-20.932007
-23.799133
-22.850037
-21.409607
-24.676514
-24.40033
-23.55194
-25.778198
-25.213623
-23.675537
-25.152588
-24.176025
-24.674988
-27.964783
-27.217102
-28.144836
-25.364685
-27.778625
-26.402283
-26.376343
-26.654053
-26.417542
-26.417542
-26.417542
-25.718689
-25.776672
-26.504517
-25.778198
-26.628113
-25.837708
-25.338745
-25.36316
-24.6521
-23.01178
-22.221375
-22.98584
-23.161316
-23.15979
-23.762512
-21.03424
-22.709656
-22.845459
-22.782898
-24.6109
-22.473145
-23.571777
-24.295044
-23.921204
-25.796509
-26.521301
-25.646973
-25.2594
-25.758362
-25.108337
-25.630188
-24.943542
-24.234009
-25.457764
-26.208496
-26.14746
-25.793457
-27.1698
-27.122498
-27.145386
-27.171326
-28.49884
-29.185486
-28.686523
-30.010986
-30.810547
-30.973816
-28.309631
-30.262756
-31.298828
-29.06189
-32.011414
-31.575012
-31.599426
-31.19812
-32.424927
-31.799316
-30.810547
-31.126404
-31.948853
-32.765198
-32.4646
-32.826233
-32.26471
-32.676697
-32.800293
-32.888794
-32.713318
-31.637573
-33.514404
-33.740234
-32.67517
-33.076477
-31.486511
-32.325745
-32.737732
-32.737732
-32.800293
-32.850647
-32.421875
-31.724548
-31.011963
-30.259705
-30.97229
-32.073975
-31.983948
-32.159424
-32.84912
-32.461548
-33.399963
-34.05304
-32.826233
-35.665894
-34.527588
-35.691833
-35.466003
-36.35559
-37.358093
-36.705017
-35.231018
-35.06775
-35.46753
-36.04431
-37.149048
-38.209534
-38.085938
-37.83722
-38.1485
-38.209534
-37.835693
-37.29706
-38.475037
-38.12561
-36.42273
-38.604736
-38.975525
-37.92267
-38.998413
-37.87384
-37.35962
-35.861206
-36.83777
-37.738037
-38.12561
-36.172485
-35.09674
-37.18567
-36.195374
-36.735535
-36.798096
-35.38208
-35.229492
-35.154724
-37.194824
-33.74176
-35.317993
-34.28192
-34.718323
-35.229492
-35.35614
-35.35614
-36.923218
-35.64911
-36.923218
-37.049866
-35.79712
-35.79712
-35.42328
-34.199524
-35.08606
-36.676025
-37.498474
-34.95941
-35.173035
-35.173035
-33.779907
-34.19342
-35.821533
-34.53369
-36.798096
-36.08551
-35.4599
-35.52246
-35.4599
-33.28247
-34.596252
-34.03473
-33.258057
-33.258057
-33.42285
-33.857727
-34.173584
-33.384705
-34.887695
-34.010315
-35.42633
-33.42285
-33.636475
-33.03528
-32.218933
-32.34558
-33.073425
-32.57141
-33.172607
-33.309937
-33.30841
-35.421753
-35.424805
-35.050964
-36.25946
-36.488342
-35.398865
-35.508728
-36.302185
-36.11145
-36.817932
-37.00714
-37.506104
-37.657166
-36.96747
-37.280273
-38.468933
-37.657166
-38.03253
-37.005615
-38.345337
-37.79602
-37.045288
-37.882996
-36.079407
-35.55298
-36.177063
-37.316895
-36.491394
-36.654663
-36.96747
-37.052917
-36.364746
-36.442566
-37.480164
-35.990906
-35.780334
-37.19635
-34.95636
-34.391785
-34.74121
-35.240173
-34.42993
-34.74121
-36.49292
-36.44409
-36.44409
-36.44409
-35.282898
-35.969543
-37.11853
-37.50763
-35.932922
-37.158203
-35.806274
-35.594177
-35.3302
-36.843872
-36.97052
-37.634277
-37.135315
-37.93335
-35.806274
-36.97052
-36.7218
-34.95636
-34.243774
-34.84497
-36.11908
-34.8938
-35.59723
-35.49652
-36.598206
-36.035156
-36.65924
-35.820007
-35.256958
-34.74579
-35.661316
-36.65924
-36.494446
-34.721375
-35.34546
-35.458374
-34.846497
-34.99756
-35.432434
-34.71985
-34.495544
-34.869385
-33.746338
-34.43451
-33.984375
-32.36847
-32.22809
-30.541992
-32.8537
-31.790161
-33.39386
-32.2937
-33.369446
-34.620667
-32.807922
-33.14514
-33.45642
-32.920837
-33.20923
-34.184265
-33.457947
-34.532166
-34.658813
-35.786438
-34.74884
-35.06317
-34.846497
-34.288025
-33.937073
-33.625793
-34.565735
-36.35254
-35.853577
-34.753418
-36.416626
-35.417175
-35.417175
-35.417175
-34.692383
-35.125732
-36.17859
-34.37805
-35.664368
-34.664917
-33.850098
-33.46405
-32.836914
-35.325623
-35.51483
-33.688354
-35.06317
-32.92694
-33.337402
-34.498596
-34.43756
-33.711243
-33.7265
-32.713318
-33.122253
-32.37152
-33.49762
-33.86078
-33.561707
-33.52356
-31.608582
-33.35724
-33.459473
-32.208252
-32.484436
-32.80945
-32.858276
-32.85675
-31.233215
-33.085632
-32.572937
-32.136536
-34.461975
-33.172607
-31.73523
-31.959534
-32.009888
-32.67517
-33.86078
-34.59778
-33.584595
-33.39691
-33.73413
-33.522034
-31.06842
-31.08368
-32.74536
-30.545044
-30.717468
-31.384277
-31.169128
-31.233215
-32.481384
-32.45697
-31.356812
-31.921387
-31.144714
-30.194092
-30.781555
-31.381226
-31.04248
-31.515503
-30.255127
-31.106567
-31.103516
-31.004333
-31.581116
-32.507324
-32.01599
-32.102966
-32.102966
-32.102966
-29.777527
-30.401611
-30.726624
-29.675293
-29.23584
-27.261353
-31.163025
-29.902649
-30.441284
-31.001282
-32.72705
-32.014465
-29.776001
-29.615784
-29.400635
-30.81665
-31.12793
-30.690002
-31.941223
-33.517456
-32.603455
-31.192017
-32.951355
-33.503723
-32.315063
-31.388855
-30.337524
-30.374146
-28.773499
-29.336548
-29.776001
-29.774475
-28.52478
-29.93927
-29.977417
-30.062866
-29.652405
-29.478455
-29.127502
-29.19159
-31.00586
-30.767822
-32.106018
-31.918335
-31.417847
-32.102966
-30.578613
-31.378174
-30.690002
-31.040955
-30.603027
-30.477905
-30.778503
-32.106018
-31.169128
-31.869507
-30.705261
-31.958008
-29.754639
-30.856323
-30.60608
-31.495667
-32.159424
-29.919434
-29.79126
-29.795837
-29.38385
-29.206848
-29.545593
-29.570007
-29.50592
-28.921509
-29.444885
-30.123901
-30.258179
-30.148315
-30.148315
-30.148315
-29.769897
-29.570007
-30.296326
-29.54712
-28.233337
-29.483032
-29.460144
-27.281189
-27.757263
-28.334045
-27.670288
-27.82135
-27.73285
-28.483582
-26.222229
-26.345825
-28.398132
-28.634644
-28.485107
-28.533936
-26.719666
-28.21045
-27.2583
-27.947998
-28.634644
-27.449036
-30.274963
-30.592346
-29.815674
-29.568481
-29.631042
-27.870178
-27.430725
-28.494263
-29.345703
-30.3833
-28.921509
-28.909302
-28.907776
-30.323792
-30.14679
-29.69513
-29.734802
-28.634644
-29.133606
-28.572083
-29.283142
-28.096008
-29.75769
-28.121948
-27.346802
-28.634644
-28.283691
-26.121521
-28.224182
-27.911377
-27.539062
-27.085876
-26.972961
-28.074646
-27.085876
-27.914429
-26.348877
-28.036499
-29.412842
-28.677368
-29.512024
-29.136658
-29.985046
-28.910828
-28.22113
-28.909302
-28.756714
-29.470825
-30.033875
-29.496765
-28.572083
-28.572083
-29.309082
-30.659485
-28.59497
-28.405762
-27.842712
-25.727844
-24.290466
-25.453186
-25.64087
-25.10376
-23.812866
-23.188782
-21.91925
-22.309875
-20.671082
-21.644592
-20.632935
-20.318604
-21.316528
-19.378662
-18.23883
-16.363525
-17.76123
-17.16156
-16.035461
-15.663147
-14.959717
-13.935852
-13.893127
-14.871216
-12.658691
-13.522339
-11.581421
-9.532166
-8.355713
-7.6187134
-7.5286865
-6.80542
-5.5770874
-5.116272
-4.6661377
-3.9154053
-2.7282715
-3.327942
-2.2140503
-2.7053833
-2.2262573
-1.0284424
-0.6164551
-0.52948
1.2359619
-0.37841797
0.6347656
1.2207031
1.7837524
2.546692
2.5100708
3.7582397
3.1585693
2.468872
3.6468506
3.6071777
3.0685425
5.731201
5.958557
5.895996
5.1452637
5.317688
6.6452026
8.071899
7.4310303
8.7677
8.331299
7.4295044
7.9681396
8.743286
7.5790405
7.5790405
9.716797
8.677673
10.964966
10.4904175
10.125732
11.250305
9.675598
11.186218
10.025024
12.24823
12.974548
12.42218
12.562561
12.960815
13.523865
12.960815
15.19928
14.146423
16.82129
14.971924
15.72113
16.28418
16.822815
14.994812
17.219543
17.532349
17.170715
17.132568
15.431213
17.132568
17.692566
18.029785
17.044067
18.507385
18.418884
18.789673
18.06488
18.278503
18.215942
18.940735
19.354248
19.662476
18.815613
20.56427
20.56427
19.851685
20.289612
20.225525
19.772339
20.637512
21.322632
22.473145
20.59784
20.770264
22.845459
21.206665
21.142578
22.467041
20.437622
20.788574
21.490479
20.976257
21.073914
21.299744
21.073914
20.722961
21.594238
20.082092
20.883179
18.556213
20.469666
19.155884
17.544556
19.244385
20.381165
17.878723
18.203735
18.203735
18.203735
18.153381
19.128418
19.216919
18.115234
17.21344
17.364502
18.09082
17.362976
17.126465
17.454529
18.077087
18.37616
18.440247
18.089294
19.329834
18.440247
17.340088
17.651367
15.699768
18.614197
17.736816
16.61377
16.174316
17.111206
15.597534
14.97345
15.196228
15.472412
16.007996
17.622375
14.321899
15.6311035
15.342712
14.343262
14.970398
12.406921
14.282227
12.88147
14.282227
13.616943
13.28125
11.851501
12.904358
12.242126
12.242126
13.381958
12.530518
12.879944
12.580872
12.683105
13.635254
13.658142
12.5946045
13.183594
13.50708
13.157654
12.532043
12.445068
13.970947
12.243652
13.345337
13.632202
12.782288
12.658691
13.310242
10.957336
11.730957
13.18512
13.183594
12.333679
12.17041
12.922668
11.645508
13.748169
11.37085
11.547852
11.547852
11.547852
10.38208
10.232544
12.121582
11.669922
10.032654
10.960388
11.106873
8.956909
10.420227
9.883118
9.710693
9.382629
9.484863
9.547424
8.67157
8.695984
11.837769
9.231567
9.422302
9.233093
9.735107
9.210205
9.922791
8.258057
7.2616577
10.324097
8.796692
8.973694
8.384705
8.822632
8.38623
8.300781
9.112549
7.574463
5.809021
7.762146
7.5134277
7.737732
7.572937
7.348633
7.737732
7.737732
6.8862915
7.951355
8.01239
6.575012
6.013489
7.76062
6.7871094
7.4508667
5.6243896
6.8130493
6.097412
6.613159
6.25
6.124878
5.062866
6.8893433
7.0755005
5.7525635
6.350708
4.852295
5.4122925
5.101013
5.3482056
6.013489
5.4779053
5.163574
4.0634155
5.227661
3.6651611
5.000305
4.588318
4.0893555
4.626465
4.914856
4.3136597
4.3136597
5.4519653
4.5028687
2.5878906
4.624939
4.914856
5.041504
6.0546875
5.1651
4.4540405
3.9169312
3.8772583
4.0893555
3.6636353
4.4784546
4.3777466
4.2541504
4.042053
3.6895752
3.0288696
2.0019531
3.6636353
3.6895752
2.1774292
3.6270142
4.5410156
4.5654297
3.6651611
5.062866
1.5869141
2.9037476
3.277588
2.06604
3.791809
3.3554077
2.7526855
2.5253296
3.7872314
4.2800903
3.2150269
2.31781
2.1774292
2.7374268
2.0263672
1.9638062
2.6885986
2.8015137
3.8162231
2.9403687
2.6504517
1.612854
3.3157349
2.4642944
1.7654419
2.9037476
3.5049438
2.7542114
2.9037476
2.7297974
4.043579
3.567505
3.2546997
4.043579
2.9663086
1.8432617
3.567505
3.529358
2.7297974
3.0044556
3.981018
0.340271
3.2287598
3.4439087
2.7572632
1.8051147
1.7425537
2.9418945
3.793335
3.793335
3.793335
2.3406982
3.2562256
4.35791
2.7557373
2.9067993
3.5079956
3.4179688
3.3187866
3.5095215
3.6956787
2.494812
2.3590088
2.407837
2.407837
2.381897
3.4576416
2.9830933
5.2703857
2.8823853
3.5705566
3.6102295
3.5964966
3.2226562
4.9484253
3.9611816
4.260254
3.1600952
3.6346436
3.6987305
3.7353516
4.360962
2.5360107
3.7628174
4.649353
6.437683
4.360962
4.698181
4.449463
5.5252075
4.1122437
5.963135
5.8761597
4.992676
3.6132812
3.07312
3.8360596
4.1748047
3.6392212
5.3619385
4.637146
4.324341
5.8776855
4.927063
5.152893
5.213928
5.239868
5.8792114
5.050659
5.5877686
4.425049
5.7785034
5.36499
4.48761
6.402588
5.0750732
6.277466
5.6137085
6.427002
5.6503296
4.298401
5.11322
4.614258
5.8044434
7.0907593
6.9900513
6.1538696
6.0653687
6.0653687
6.903076
6.689453
7.5546265
6.716919
5.5267334
6.864929
8.377075
6.214905
5.961609
7.2769165
7.0632935
6.114197
5.9402466
5.6411743
6.866455
6.0287476
5.7388306
6.739807
7.878113
5.7373047
7.800293
7.888794
8.251953
6.8374634
7.1365356
6.575012
7.649231
7.4386597
7.3760986
6.3598633
6.011963
5.6106567
6.474304
6.173706
4.660034
5.4214478
3.1967163
5.1345825
4.508972
4.8568726
3.3447266
5.484009
5.54657
4.008484
4.008484
4.3441772
7.36084
6.060791
6.2713623
6.0195923
3.718567
4.2556763
4.7790527
4.8812866
4.1915894
6.4178467
5.230713
5.168152
5.316162
5.705261
4.852295
6.288147
8.616638
6.037903
5.253601
6.941223
4.0267944
5.7540894
8.016968
6.916809
9.05304
6.7871094
7.2647095
8.239746
8.802795
7.701111
8.428955
7.4127197
7.4127197
7.4127197
8.80127
7.888794
8.634949
8.601379
7.725525
7.873535
7.78656
6.9976807
7.4127197
5.722046
6.037903
6.8756104
7.247925
6.387329
7.847595
6.5826416
7.247925
7.209778
7.058716
8.261108
8.3480835
7.810974
7.0358276
7.847595
7.096863
5.3085327
6.5826416
4.6691895
5.580139
5.8303833
7.119751
7.557678
7.9711914
9.434509
8.998108
6.6207886
9.695435
6.5444946
8.032227
9.631348
8.544922
11.135864
9.861755
9.411621
10.548401
11.044312
10.423279
11.070251
8.883667
9.819031
9.78241
10.38208
9.820557
9.820557
10.594177
10.467529
10.469055
10.354614
11.543274
9.21936
10.168457
9.503174
10.38208
11.006165
9.089661
10.314941
8.963013
11.065674
10.726929
11.091614
10.942078
11.566162
11.541748
12.792969
11.955261
13.607788
13.607788
13.9328
14.083862
13.560486
13.909912
13.647461
15.936279
14.21051
13.208008
12.583923
13.458252
12.208557
12.837219
14.434814
14.111328
14.836121
15.939331
14.813232
15.463257
14.212036
14.283752
15.287781
15.211487
14.663696
14.562988
16.226196
14.710999
16.19873
15.812683
15.913391
18.588257
15.560913
15.811157
18.17627
17.762756
18.4906
18.351746
19.59076
20.204163
20.780945
19.178772
20.204163
19.67926
19.554138
19.7052
18.86444
17.488098
18.611145
17.985535
18.571472
19.615173
19.363403
19.577026
18.748474
18.788147
19.451904
18.765259
18.659973
18.423462
19.737244
19.865417
21.50116
19.9646
19.36493
20.677185
21.75293
21.75293
21.627808
22.502136
22.251892
23.857117
22.918701
23.643494
26.017761
26.083374
24.446106
26.020813
24.525452
24.525452
24.525452
24.612427
23.780823
24.35913
24.397278
24.273682
25.238037
24.423218
23.410034
24.395752
25.772095
25.334167
26.33667
24.508667
26.208496
26.559448
26.17035
25.772095
27.22168
26.394653
27.05841
26.431274
26.805115
26.905823
25.143433
26.368713
26.60675
26.643372
26.643372
27.430725
27.806091
28.330994
27.745056
26.80664
25.378418
25.917053
25.10376
26.393127
26.14441
25.254822
25.254822
25.627136
26.141357
26.290894
27.241516
27.555847
27.578735
29.052734
28.927612
29.13971
28.404236
29.156494
28.269958
29.067993
30.905151
29.342651
30.403137
30.427551
29.28009
29.28009
30.278015
31.030273
29.780579
29.615784
30.279541
30.67627
29.11377
29.11377
29.924011
29.264832
27.748108
27.412415
28.048706
28.323364
27.720642
26.306152
28.071594
24.668884
24.668884
26.095581
24.01886
23.703003
23.815918
23.806763
23.104858
22.753906
22.128296
22.190857
21.440125
20.08667
20.588684
20.33844
20.137024
19.274902
18.38379
17.485046
18.922424
15.908813
16.369629
15.9713745
15.849304
16.88385
15.306091
14.704895
14.532471
14.579773
15.142822
13.995361
13.201904
13.827515
11.515808
10.891724
11.128235
11.039734
9.088135
10.527039
9.814453
9.126282
9.00116
7.901001
7.525635
7.772827
5.4229736
4.760742
4.470825
5.1620483
3.8467407
3.1967163
-1.2435913
-0.20446777
-3.0319214
-2.468872
-5.0567627
-4.5959473
-5.595398
-5.682373
-5.632019
-7.293701
-7.8186035
-7.6690674
-7.9437256
-8.546448
-8.769226
-9.95636
-9.3307495
-10.044861
-9.1796875
-10.269165
-8.642578
-10.55603
-8.828735
-9.266663
-9.242249
-8.790588
-8.480835
-8.227539
-8.227539
-8.227539
-7.902527
-9.725952
-5.773926
-8.813477
-8.665466
-7.7285767
-8.164978
-9.629822
-7.7285767
-10.389709
-9.977722
-10.003662
-10.929871
-9.541321
-11.869812
-12.242126
-12.782288
-12.869263
-12.905884
-14.372253
-13.53302
-15.69519
-16.671753
-16.984558
-16.233826
-16.885376
-18.296814
-17.59491
-18.894958
-19.770813
-20.747375
-21.08612
-22.970581
-21.368408
-22.90802
-22.70813
-22.555542
-23.469543
-21.264648
-21.829224
-22.080994
-21.51947
-21.842957
-21.417236
-21.842957
-21.49353
-22.05658
-23.246765
-22.080994
-21.980286
-22.99347
-22.11914
-21.481323
-22.018433
-23.406982
-21.453857
-21.929932
-21.543884
-21.543884
-21.870422
-22.618103
-20.829773
-21.092224
-22.11914
-22.747803
-22.468567
-23.24524
-21.86737
-22.904968
-24.720764
-24.736023
-23.556519
-24.371338
-25.558472
-26.319885
-25.157166
-25.343323
-25.343323
-25.343323
-25.382996
-26.693726
-26.38092
-26.379395
-28.257751
-27.91748
-27.43988
-28.131104
-28.004456
-29.542542
-28.417969
-27.754211
-28.48053
-30.455017
-28.440857
-29.19159
-29.226685
-29.231262
-28.00293
-27.940369
-28.089905
-28.565979
-26.940918
-28.128052
-26.713562
-25.90332
-25.92926
-24.142456
-25.279236
-25.492859
-24.029541
-24.868774
-23.48938
-24.804688
-25.131226
-24.87793
-25.794983
-23.616028
-25.167847
-23.278809
-24.006653
-24.719238
-23.553467
-23.406982
-23.428345
-24.528503
-24.130249
-22.840881
-23.342896
-24.180603
-25.19226
-23.96698
-24.842834
-23.48938
-25.241089
-25.967407
-25.65155
-26.853943
-26.75476
-27.478027
-26.628113
-26.278687
-26.6922
-27.37732
-26.403809
-27.479553
-27.500916
-26.213074
-27.20337
-28.601074
-27.380371
-26.235962
-26.101685
-26.875305
-25.653076
-26.499939
-26.402283
-26.402283
-26.402283
-24.900818
-25.003052
-24.279785
-23.513794
-25.001526
-23.86322
-24.7406
-23.968506
-23.617554
-24.655151
-25.154114
-24.256897
-23.492432
-22.7417
-24.179077
-24.368286
-23.61908
-22.554016
-22.904968
-23.530579
-24.505615
-23.76709
-22.453308
-24.693298
-23.942566
-24.095154
-23.554993
-24.595642
-25.317383
-25.531006
-25.794983
-24.55597
-25.532532
-26.921082
-27.592468
-25.067139
-26.193237
-26.10321
-26.6922
-25.802612
-26.190186
-25.628662
-26.379395
-26.855469
-27.268982
-28.193665
-26.445007
-27.719116
-25.75531
-25.431824
-25.131226
-26.231384
-25.216675
-25.40741
-23.342896
-23.96698
-23.50769
-24.118042
-23.641968
-24.243164
-25.131226
-22.303772
-23.031616
-22.216797
-22.779846
-23.59314
-22.71576
-23.118591
-21.479797
-23.34137
-21.955872
-22.880554
-23.117065
-22.95227
-23.054504
-24.241638
-24.627686
-23.68164
-23.68164
-23.68164
-24.21875
-24.118042
-24.569702
-25.2182
-24.029541
-25.093079
-25.318909
-26.531982
-26.379395
-25.75531
-26.6922
-26.441956
-26.791382
-26.628113
-26.942444
-27.441406
-27.354431
-27.380371
-26.904297
-27.00653
-27.978516
-27.354431
-25.715637
-24.902344
-25.590515
-23.425293
-26.713562
-25.004578
-26.316833
-27.067566
-26.167297
-24.96643
-25.042725
-24.568176
-24.241638
-23.805237
-24.281311
-24.14093
-26.358032
-24.113464
-23.617554
-25.131226
-24.717712
-24.281311
-23.031616
-24.403381
-23.365784
-23.42987
-26.567078
-26.254272
-26.405334
-26.85852
-25.692749
-25.968933
-25.656128
-25.157166
-26.293945
-25.15564
-25.280762
-25.819397
-25.367737
-26.193237
-26.031494
-24.617004
-25.004578
-25.241089
-26.402283
-25.590515
-26.341248
-25.215149
-25.839233
-25.065613
-25.302124
-25.003052
-26.753235
-26.753235
-26.753235
-25.215149
-24.963379
-25.753784
-25.064087
-24.629211
-23.316956
-23.40393
-22.766113
-22.953796
-21.916199
-22.80426
-21.678162
-22.080994
-21.955872
-21.575928
-21.865845
-21.702576
-20.892334
-21.479797
-21.141052
-23.379517
-21.888733
-20.98999
-21.95282
-22.303772
-21.916199
-23.594666
-22.929382
-22.517395
-21.981812
-23.68164
-24.182129
-23.770142
-25.07019
-24.871826
-23.558044
-25.634766
-24.745178
-24.743652
-24.531555
-26.00708
-23.495483
-24.507141
-22.808838
-25.07019
-24.404907
-24.569702
-23.770142
-23.345947
-22.583008
-23.033142
-22.492981
-23.381042
-21.542358
-21.868896
-21.955872
-22.494507
-21.955872
-22.05658
-20.991516
-21.832275
-22.392273
-22.645569
-23.59314
-21.829224
-20.106506
-21.20514
-21.292114
-19.39087
-20.056152
-20.07904
-21.182251
-21.479797
-20.103455
-19.064331
-21.243286
-20.793152
-20.793152
-21.243286
-21.743774
-21.455383
-21.479797
-21.391296
-22.077942
-22.579956
-22.076416
-22.050476
-22.38617
-23.11554
-22.802734
-24.554443
-25.027466
-23.278809
-23.802185
-21.638489
-25.653076
-23.94104
-23.576355
-22.651672
-22.764587
-23.899841
-22.035217
-22.389221
-22.927856
-22.2641
-22.955322
-23.614502
-21.51184
-21.762085
-21.162415
-21.640015
-20.562744
-20.639038
-20.324707
-21.115112
-20.765686
-19.438171
-20.600891
-18.789673
-18.939209
-20.92743
-20.014954
-21.017456
-19.891357
-21.330261
-20.428467
-21.165466
-22.679138
-23.078918
-23.217773
-22.077942
-23.36731
-24.443054
-22.616577
-22.955322
-24.029541
-23.1781
-24.403381
-23.74115
-24.27826
-23.96698
-23.802185
-25.52948
-24.815369
-23.86322
-24.450684
-23.405457
-25.36621
-24.014282
-24.589539
-24.276733
-25.58899
-24.713135
-23.365784
-24.839783
-24.839783
-24.839783
-24.401855
-24.487305
-23.86322
-23.138428
-24.427795
-25.177002
-23.738098
-23.175049
-23.950195
-23.48938
-24.339294
-23.426819
-24.116516
-23.34137
-23.80371
-23.57788
-23.091125
-24.362183
-23.513794
-23.776245
-23.324585
-24.377441
-24.490356
-23.48938
-24.749756
-23.362732
-23.55194
-23.738098
-25.151062
-24.076843
-25.115967
-24.42627
-24.1745
-23.214722
-23.738098
-24.588013
-24.299622
-25.502014
-23.025513
-24.749756
-25.463867
-23.887634
-23.38562
-24.775696
-23.988342
-24.014282
-23.388672
-23.77472
-25.003052
-25.090027
-22.573853
-24.23706
-25.715637
-23.34137
-23.213196
-24.1745
-23.112488
-24.839783
-23.738098
-23.451233
-22.135925
-23.762512
-23.213196
-24.238586
-24.649048
-24.775696
-24.67804
-24.464417
-23.713684
-24.613953
-23.899841
-24.549866
-23.738098
-24.961853
-23.61145
-22.88971
-23.32611
-23.32611
-25.11444
-23.239136
-24.212646
-25.338745
-24.377441
-23.41156
-24.449158
-23.8266
-24.238586
-24.014282
-24.490356
-24.716187
-23.513794
-24.276733
-24.902344
-23.30017
-24.116516
-23.950195
-24.464417
-23.86322
-22.824097
-24.90387
-24.48883
-23.777771
-23.925781
-23.15216
-21.72699
-23.213196
-24.427795
-22.825623
-23.991394
-22.038269
-25.177002
-24.1745
-23.864746
-23.051453
-23.213196
-26.441956
-22.702026
-24.711609
-23.739624
-22.740173
-22.511292
-22.488403
-24.67804
-24.34082
-23.838806
-22.662354
-23.776245
-24.028015
-24.441528
-24.05243
-22.138977
-24.6521
-22.07489
-22.7005
-22.113037
-24.378967
-23.802185
-22.7005
-23.989868
-22.865295
-23.776245
-23.426819
-23.426819
-24.116516
-22.44873
-22.550964
-23.426819
-23.23761
-22.654724
-22.486877
-22.328186
-22.801208
-22.613525
-22.076416
-21.766663
-22.389221
-22.389221
-23.529053
-22.29004
-22.32666
-20.976257
-22.201538
-22.677612
-22.88971
-22.390747
-22.114563
-21.916199
-22.679138
-22.3526
-22.431946
-20.100403
-21.577454
-21.80481
-22.802734
-21.829224
-22.71576
-23.054504
-19.978333
-22.116089
-20.413208
-21.328735
-21.617126
-22.843933
-22.52655
-21.664429
-22.842407
-21.766663
-21.292114
-21.115112
-20.167542
-21.41571
-21.266174
-21.289062
-22.842407
-21.765137
-21.643066
-22.076416
-22.052002
-21.853638
-21.2677
-23.680115
-22.991943
-22.17865
-22.265625
-22.865295
-21.328735
-22.077942
-21.290588
-22.32666
-21.53778
-21.78955
-22.615051
-22.929382
-23.80371
-22.676086
-23.381042
-23.57788
-22.927856
-23.179626
-23.927307
-23.426819
-22.71576
-24.717712
-23.452759
-23.579407
-23.277283
-23.80066
-23.451233
-23.11554
-24.142456
-24.116516
-25.404358
-24.464417
-23.989868
-23.989868
-23.989868
-23.904419
-23.713684
-22.653198
-24.441528
-23.278809
-24.378967
-23.32611
-24.490356
-23.553467
-24.552917
-23.963928
-23.364258
-23.426819
-23.48938
-23.054504
-26.10321
-24.07837
-24.179077
-24.05243
-24.464417
-24.276733
-22.763062
-23.303223
-24.34082
-24.465942
-23.965454
-23.1781
-23.487854
-24.655151
-24.014282
-23.616028
-24.50409
-24.552917
-23.390198
-24.212646
-25.15564
-23.736572
-25.502014
-23.991394
-24.490356
-25.241089
-24.591064
-27.127075
-23.738098
-24.053955
-23.51532
-24.276733
-24.926758
-24.813843
-24.961853
-23.049927
-26.065063
-24.34082
-23.901367
-23.825073
-24.80011
-25.088501
-25.527954
-24.751282
-24.615479
-25.027466
-25.239563
-25.39978
-24.05243
-23.413086
-23.32611
-23.864746
-23.80066
-26.341248
-23.925781
-24.465942
-24.363708
-25.11444
-25.239563
-23.902893
-24.14093
-22.63794
-24.05243
-24.926758
-24.926758
-23.214722
-23.112488
-23.867798
-24.742126
-23.963928
-25.1297
-24.05243
-23.364258
-24.589539
-23.278809
-24.716187
-22.676086
-23.80066
-24.693298
-24.11499
-22.92633
-23.1781
-23.275757
-21.562195
-22.88971
-23.963928
-24.94049
-25.628662
-23.23761
-24.11499
-23.452759
-24.076843
-23.213196
-25.11444
-23.487854
-24.551392
-25.30365
-24.142456
-23.840332
-23.991394
-24.490356
-24.14093
-24.029541
-23.388672
-24.276733
-24.551392
-24.528503
-22.866821
-25.028992
-23.802185
-23.48938
-25.091553
-23.927307
-24.05243
-22.43042
-24.116516
-24.717712
-24.179077
-22.702026
-24.015808
-24.404907
-24.717712
-23.239136
-23.303223
-23.301697
-24.31488
-25.154114
-26.506042
-24.404907
-24.967957
-26.002502
-24.964905
-24.653625
-25.566101
-24.615479
-23.96698
-25.527954
-24.014282
-25.11444
-24.900818
-22.639465
-22.639465
-23.71521
-24.653625
-25.152588
-25.003052
-26.441956
-24.1745
-25.340271
-24.465942
-24.879456
-25.715637
-23.32611
-25.11444
-24.838257
-25.65155
-25.088501
-23.96698
-25.317383
-23.925781
-26.065063
-23.988342
-23.989868
-24.777222
-23.553467
-24.490356
-24.528503
-24.14093
-24.116516
-23.927307
-23.991394
-23.776245
-23.802185
