-27.22931
-27.174377
-27.638245
-25.491333
-28.889465
-27.966309
-27.841187
-27.059937
-27.407837
-27.67334
-26.982117
-27.990723
-28.48816
-26.96228
-26.875305
-27.894592
-27.218628
-24.989319
-26.519775
-27.131653
-26.153564
-26.617432
-26.210022
-26.210022
-26.210022
-26.557922
-26.387024
-28.684998
-28.074646
-25.63324
-27.281189
-27.845764
-25.645447
-27.02179
-26.426697
-26.390076
-25.764465
-25.187683
-26.976013
-26.991272
-26.402283
-26.95465
-27.738953
-26.387024
-26.496887
-26.594543
-26.568604
-25.926208
-25.932312
-27.97699
-26.296997
-25.035095
-25.682068
-25.1297
-25.79956
-26.603699
-25.175476
-25.817871
-27.500916
-25.570679
-26.289368
-25.509644
-26.390076
-24.853516
-26.93634
-26.271057
-26.219177
-24.838257
-27.171326
-24.180603
-25.796509
-26.31836
-26.301575
-26.577759
-24.493408
-25.456238
-26.437378
-26.290894
-26.4328
-26.626587
-26.60675
-27.371216
-26.33667
-26.927185
-26.268005
-26.58844
-25.827026
-26.426697
-25.701904
-25.682068
-25.061035
-26.365662
-25.996399
-25.43335
-27.000427
-25.428772
-26.222229
-25.834656
-26.712036
-24.311829
-25.98877
-25.98877
-27.48108
-25.016785
-26.44043
-24.935913
-25.238037
-25.492859
-27.36969
-25.228882
-24.7406
-26.59607
-25.688171
-26.25885
-26.637268
-25.746155
-25.170898
-26.341248
-27.030945
-26.393127
-25.92163
-25.170898
-27.046204
-25.473022
-26.428223
-25.241089
-25.138855
-25.222778
-25.476074
-26.228333
-25.447083
-24.316406
-27.49176
-27.128601
-24.882507
-26.222229
-25.78888
-24.075317
-27.415466
-26.034546
-23.651123
-25.941467
-26.594543
-26.547241
-25.102234
-24.998474
-25.16632
-26.480103
-25.959778
-27.305603
-25.761414
-27.127075
-27.19574
-25.819397
-26.763916
-28.025818
-26.631165
-26.655579
-26.689148
-25.752258
-26.345825
-27.357483
-25.514221
-26.527405
-27.354431
-26.664734
-26.32904
-26.667786
-24.945068
-25.663757
-26.397705
-26.417542
-25.813293
-27.381897
-26.695251
-25.920105
-27.78778
-26.986694
-26.986694
-26.986694
-27.482605
-26.252747
-27.244568
-25.24414
-25.785828
-27.16217
-28.511047
-26.22528
-27.441406
-27.308655
-26.602173
-26.402283
-26.219177
-26.567078
-27.33612
-26.548767
-28.227234
-25.810242
-27.44751
-27.207947
-27.326965
-27.282715
-27.716064
-27.886963
-26.564026
-26.4328
-27.209473
-25.663757
-25.16632
-25.967407
-26.408386
-26.641846
-26.976013
-25.91095
-26.371765
-26.219177
-27.165222
-27.301025
-27.153015
-26.408386
-25.672913
-28.208923
-26.683044
-26.237488
-26.417542
-27.11792
-26.713562
-25.950623
-25.871277
-26.338196
-27.359009
-26.986694
-26.693726
-27.311707
-27.330017
-27.812195
-25.489807
-26.974487
-27.720642
-26.228333
-26.542664
-25.933838
-27.868652
-26.98822
-27.848816
-26.399231
-28.808594
-26.478577
-26.470947
-26.571655
-26.275635
-27.124023
-26.394653
-27.159119
-27.464294
-27.937317
-27.937317
-27.937317
-26.589966
-26.713562
-28.042603
-25.45166
-26.161194
-25.889587
-25.022888
-26.359558
-27.279663
-27.818298
-26.45874
-26.029968
-27.746582
-27.471924
-26.243591
-25.205994
-24.208069
-26.486206
-25.006104
-27.92511
-27.287292
-27.024841
-27.482605
-27.259827
-26.515198
-25.907898
-27.017212
-27.70691
-27.030945
-27.27356
-28.29132
-25.938416
-27.320862
-27.479553
-25.205994
-26.58844
-28.282166
-27.064514
-27.311707
-26.252747
-24.887085
-25.512695
-25.51117
-26.568604
-28.103638
-25.195312
-26.237488
-25.817871
-25.872803
-25.621033
-25.189209
-26.59607
-27.067566
-25.22583
-25.109863
-26.786804
-27.305603
-27.98462
-27.384949
-26.609802
-26.043701
-26.034546
-25.567627
-26.464844
-24.94049
-25.708008
-25.744629
-27.815247
-27.789307
-27.339172
-25.576782
-27.467346
-28.102112
-27.236938
-26.031494
-26.031494
-26.031494
-26.751709
-28.631592
-25.741577
-25.978088
-27.15149
-25.886536
-28.353882
-27.102661
-26.651001
-26.045227
-26.779175
-27.08435
-26.860046
-26.693726
-26.091003
-26.356506
-25.331116
-26.417542
-25.210571
-25.17395
-25.978088
-25.323486
-25.796509
-25.950623
-26.104736
-25.387573
-25.062561
-25.92163
-24.517822
-26.452637
-26.75476
-26.04065
-25.131226
-26.02539
-25.357056
-26.47705
-26.000977
-25.805664
-25.991821
-25.390625
-26.913452
-26.95465
-25.778198
-26.681519
-26.759338
-26.893616
-26.803589
-26.2146
-25.067139
-26.60675
-27.580261
-27.946472
-26.58844
-29.029846
-28.353882
-27.120972
-29.46167
-29.594421
-27.233887
-28.910828
-27.973938
-27.62146
-28.182983
-26.722717
-27.523804
-26.721191
-27.053833
-26.242065
-28.288269
-28.178406
-27.563477
-28.323364
-27.293396
-28.797913
-28.88794
-28.004456
-28.004456
-29.144287
-30.473328
-29.608154
-29.423523
-28.973389
-29.067993
-28.437805
-28.767395
-29.125977
-28.417969
-28.250122
-29.125977
-30.570984
-28.782654
-28.807068
-29.727173
-28.85437
-29.663086
-28.121948
-29.177856
-29.0802
-30.654907
-29.821777
-30.430603
-30.59082
-29.789734
-29.608154
-29.737854
-31.733704
-31.315613
-31.452942
-32.57141
-32.606506
-31.584167
-30.459595
-31.74591
-32.408142
-32.11212
-32.463074
-32.87506
-31.39038
-32.699585
-31.941223
-30.81665
-31.170654
-31.533813
-30.361938
-33.27484
-31.91986
-32.081604
-32.06024
-32.359314
-31.776428
-33.607483
-31.007385
-31.938171
-32.421875
-31.925964
-30.374146
-32.470703
-32.647705
-32.01294
-34.06372
-32.751465
-33.558655
-32.073975
-33.042908
-31.217957
-33.296204
-32.566833
-31.066895
-32.121277
-33.032227
-32.157898
-32.009888
-31.965637
-31.965637
-31.965637
-30.688477
-32.043457
-32.940674
-31.07605
-32.650757
-33.528137
-32.603455
-31.887817
-31.56128
-29.771423
-30.45044
-28.813171
-30.293274
-30.807495
-30.433655
-29.696655
-32.081604
-30.877686
-31.234741
-29.994202
-29.641724
-28.683472
-31.225586
-28.938293
-30.241394
-31.001282
-31.221008
-30.48706
-30.418396
-30.244446
-30.513
-28.259277
-28.038025
-28.523254
-28.504944
-27.236938
-29.76532
-28.95813
-28.144836
-29.473877
-28.839111
-29.049683
-28.147888
-28.527832
-29.399109
-27.432251
-30.201721
-28.974915
-28.338623
-27.384949
-28.643799
-29.737854
-28.67279
-29.06189
-28.652954
-27.519226
-29.364014
-28.889465
-29.83551
-31.056213
-30.241394
-31.111145
-29.650879
-29.652405
-30.192566
-29.042053
-29.005432
-32.330322
-31.295776
-30.010986
-30.142212
-28.764343
-29.603577
-30.337524
-29.516602
-30.830383
-30.830383
-29.208374
-30.32837
-30.836487
-29.594421
-29.734802
-28.715515
-30.23529
-30.288696
-28.564453
-28.21045
-27.513123
-29.431152
-27.012634
-27.935791
-27.98462
-28.62091
-25.84076
-25.854492
-28.347778
-26.675415
-28.147888
-27.842712
-27.070618
-26.574707
-29.025269
-28.657532
-29.064941
-29.914856
-29.005432
-30.584717
-31.12793
-30.484009
-31.318665
-30.917358
-30.604553
-31.211853
-31.730652
-30.253601
-31.611633
-31.092834
-29.307556
-32.081604
-31.89392
-31.81305
-31.13556
-31.718445
-31.965637
-31.265259
-33.236694
-32.40204
-32.699585
-32.904053
-32.559204
-31.973267
-32.432556
-32.052612
-32.063293
-32.624817
-33.561707
-32.043457
-31.414795
-31.793213
-31.271362
-30.729675
-30.299377
-31.33545
-32.30133
-31.262207
-30.636597
-33.772278
-32.139587
-31.90155
-32.035828
-33.091736
-33.34961
-32.144165
-32.144165
-32.144165
-33.34961
-34.170532
-32.688904
-31.892395
-33.566284
-34.506226
-33.38318
-34.136963
-32.192993
-32.26776
-34.199524
-35.11963
-34.88922
-34.42688
-34.161377
-34.588623
-33.60901
-33.6792
-35.821533
-34.158325
-33.33435
-34.98993
-34.587097
-33.789062
-32.670593
-34.884644
-35.84137
-33.772278
-34.90143
-35.742188
-34.431458
-34.342957
-32.91931
-36.13739
-34.925842
-35.214233
-35.06012
-34.87854
-35.673523
-34.38263
-35.73761
-35.125732
-35.02655
-36.172485
-36.273193
-34.298706
-33.190918
-34.335327
-33.88672
-33.488464
-36.016846
-34.654236
-34.98535
-33.92639
-34.13849
-33.50525
-33.81958
-33.528137
-33.65326
-36.376953
-34.934998
-34.370422
-32.826233
-34.3338
-35.272217
-34.899902
-34.147644
-35.247803
-35.51941
-32.855225
-33.47473
-33.30841
-34.109497
-34.944153
-32.847595
-32.598877
-32.598877
-33.99048
-32.850647
-33.54187
-32.972717
-31.784058
-33.28705
-33.299255
-31.97174
-33.392334
-31.958008
-32.27234
-33.514404
-33.392334
-31.99768
-32.144165
-30.345154
-32.225037
-31.52771
-31.497192
-30.41687
-30.361938
-31.341553
-29.80957
-31.381226
-29.959106
-30.703735
-29.571533
-29.629517
-29.226685
-31.550598
-31.443787
-31.507874
-30.393982
-31.951904
-31.62384
-30.776978
-31.312561
-32.06482
-31.030273
-31.225586
-32.209778
-30.358887
-32.559204
-31.964111
-33.66394
-30.718994
-30.995178
-31.013489
-29.571533
-31.037903
-30.85785
-29.510498
-28.66211
-30.548096
-31.253052
-30.618286
-29.737854
-30.366516
-28.834534
-28.959656
-30.232239
-30.210876
-27.944946
-28.48053
-28.32489
-28.48053
-28.32489
-28.53241
-30.677795
-28.086853
-28.929138
-26.751709
-28.749084
-27.755737
-27.44751
-27.600098
-27.69928
-27.69928
-25.89264
-25.486755
-27.2995
-26.856995
-26.68457
-26.867676
-25.24414
-27.23999
-27.340698
-28.849792
-27.23999
-29.945374
-28.907776
-29.07257
-28.378296
-28.186035
-27.981567
-29.423523
-28.883362
-29.116821
-29.838562
-30.041504
-28.128052
-28.762817
-27.989197
-28.971863
-28.027344
-28.811646
-27.784729
-30.007935
-29.623413
-29.386902
-31.402588
-29.698181
-30.613708
-30.162048
-29.225159
-29.029846
-29.740906
-29.055786
-29.71344
-29.804993
-29.966736
-29.360962
-29.193115
-28.665161
-29.405212
-29.168701
-30.358887
-29.112244
-30.740356
-28.477478
-29.231262
-28.652954
-29.898071
-31.784058
-30.2948
-30.278015
-30.11322
-31.001282
-29.795837
-32.141113
-30.543518
-32.83844
-32.232666
-32.130432
-31.437683
-32.57599
-32.31201
-32.51953
-32.829285
-33.139038
-31.503296
-29.878235
-30.625916
-30.421448
-30.421448
-30.421448
-30.010986
-29.83551
-31.495667
-29.789734
-32.385254
-31.369019
-30.464172
-31.413269
-30.969238
-31.6391
-29.28772
-29.335022
-30.110168
-29.91333
-31.37207
-32.473755
-31.63147
-32.348633
-30.397034
-31.159973
-30.996704
-31.007385
-30.21698
-31.10962
-32.913208
-32.351685
-33.14514
-32.489014
-30.891418
-32.86133
-31.375122
-31.636047
-32.191467
-32.50122
-33.581543
-32.89032
-34.300232
-33.805847
-34.596252
-33.665466
-34.9823
-33.935547
-34.13391
-34.350586
-35.333252
-33.644104
-32.014465
-34.30481
-33.72345
-33.68225
-33.79364
-32.05719
-31.96106
-32.75757
-33.657837
-31.906128
-32.06024
-33.509827
-32.832336
-31.610107
-32.655334
-32.022095
-32.461548
-32.318115
-30.432129
-31.66504
-32.991028
-34.010315
-32.77893
-32.995605
-32.99408
-32.826233
-32.357788
-33.154297
-32.951355
-32.04956
-32.04956
-32.04956
-32.325745
-31.448364
-31.210327
-31.99768
-30.899048
-32.525635
-33.270264
-30.215454
-30.92041
-29.896545
-31.350708
-31.712341
-31.410217
-31.712341
-31.58722
-32.447815
-32.79724
-31.439209
-32.08008
-31.36139
-31.36444
-32.08313
-32.66449
-32.66449
-30.255127
-32.57141
-30.755615
-30.897522
-31.002808
-31.564331
-33.380127
-31.256104
-31.329346
-31.214905
-31.420898
-32.03888
-33.233643
-30.982971
-31.700134
-30.39856
-31.225586
-30.749512
-30.526733
-32.310486
-31.263733
-29.978943
-30.851746
-30.267334
-30.61676
-29.881287
-30.070496
-31.880188
-33.032227
-30.88379
-32.029724
-32.458496
-34.124756
-33.05359
-32.37915
-31.163025
-32.51648
-31.500244
-34.15222
-31.460571
-34.916687
-32.03125
-31.97937
-32.325745
-31.782532
-31.742859
-30.499268
-31.852722
-31.193542
-31.059265
-31.996155
-31.825256
-31.825256
-32.63092
-31.941223
-32.49054
-33.517456
-31.782532
-32.107544
-31.393433
-29.818726
-30.862427
-31.427002
-33.1604
-31.619263
-32.60498
-31.314087
-31.280518
-31.359863
-32.159424
-30.97229
-29.153442
-29.989624
-29.870605
-29.56543
-29.589844
-30.69458
-30.155945
-29.252625
-31.176758
-31.474304
-31.565857
-30.976868
-31.443787
-31.13556
-31.460571
-30.917358
-32.470703
-32.36084
-31.044006
-31.64215
-32.946777
-31.634521
-32.418823
-32.218933
-32.598877
-31.707764
-31.008911
-31.982422
-30.285645
-32.450867
-31.843567
-31.114197
-31.044006
-32.235718
-31.9458
-32.22351
-34.18579
-33.059692
-31.640625
-32.357788
-31.710815
-32.003784
-32.240295
-30.232239
-32.348633
-32.707214
-32.019043
-32.284546
-32.77893
-30.523682
-29.821777
-29.833984
-31.741333
-32.74231
-32.3761
-32.687378
-32.051086
-32.029724
-32.029724
-32.029724
-32.421875
-34.162903
-32.35321
-33.094788
-32.82013
-34.339905
-34.150696
-35.36682
-34.692383
-34.196472
-36.93695
-37.52289
-36.33728
-38.320923
-36.1969
-35.95581
-37.243652
-36.219788
-36.540222
-36.87744
-36.306763
-37.00409
-36.30066
-35.510254
-35.760498
-35.820007
-34.384155
-35.12268
-36.990356
-36.49292
-37.01935
-36.531067
-34.79004
-36.221313
-35.206604
-34.724426
-35.22644
-35.287476
-33.581543
-34.225464
-33.45642
-32.87964
-32.60498
-33.483887
-33.40454
-33.14209
-34.210205
-34.831238
-33.07953
-34.362793
-32.29065
-32.746887
-32.84912
-33.605957
-33.624268
-34.405518
-34.246826
-33.599854
-33.717346
-33.944702
-33.18329
-32.870483
-34.388733
-34.214783
-35.873413
-35.46295
-36.206055
-35.29358
-36.001587
-35.487366
-33.528137
-36.065674
-36.047363
-36.608887
-36.48987
-35.173035
-35.173035
-35.46295
-34.26819
-37.763977
-36.935425
-36.14807
-36.58905
-37.683105
-36.662292
-36.98883
-37.290955
-36.10077
-35.923767
-36.5448
-34.29413
-34.388733
-35.406494
-34.602356
-34.63745
-36.291504
-33.909607
-34.51538
-32.87506
-33.981323
-35.354614
-35.22339
-35.203552
-31.436157
-33.325195
-33.888245
-33.56476
-34.63745
-33.325195
-35.092163
-33.576965
-33.721924
-34.757996
-35.00061
-31.402588
-33.911133
-33.735657
-35.125732
-34.32007
-34.324646
-34.674072
-33.03528
-33.970642
-34.451294
-36.05194
-35.424805
-35.357666
-35.054016
-34.280396
-33.23517
-34.709167
-35.202026
-34.457397
-35.125732
-35.435486
-35.487366
-35.118103
-35.32257
-36.271667
-35.47821
-35.935974
-36.524963
-34.342957
-35.494995
-34.703064
-36.48224
-36.48224
-37.638855
-36.36017
-36.572266
-36.468506
-36.69586
-36.143494
-36.743164
-36.743164
-37.524414
-36.016846
-36.668396
-35.70862
-35.791016
-35.003662
-35.264587
-36.775208
-36.027527
-37.14447
-36.00006
-36.398315
-36.387634
-38.79242
-38.752747
-37.316895
-37.434387
-36.358643
-35.931396
-36.82251
-34.58557
-36.349487
-36.79657
-36.63025
-37.850952
-36.791992
-35.858154
-35.136414
-34.233093
-33.05664
-34.277344
-32.868958
-32.9834
-30.667114
-33.818054
-33.766174
-32.684326
-32.73468
-30.871582
-30.60913
-29.034424
-30.058289
-30.400085
-30.097961
-30.410767
-32.36084
-29.985046
-29.792786
-30.543518
-32.043457
-30.128479
-30.065918
-30.506897
-30.693054
-30.503845
-30.664062
-30.709839
-29.67987
-29.185486
-30.674744
-30.410767
-30.581665
-31.619263
-31.105042
-30.406189
-30.523682
-29.275513
-29.136658
-30.574036
-30.705261
-31.196594
-31.385803
-31.460571
-30.73883
-29.299927
-29.121399
-29.121399
-29.121399
-28.437805
-28.048706
-27.818298
-27.079773
-27.294922
-26.741028
-26.10321
-26.838684
-28.503418
-27.806091
-25.37384
-25.982666
-26.556396
-27.819824
-27.74353
-27.471924
-26.538086
-29.50592
-29.481506
-28.883362
-30.303955
-28.29895
-28.135681
-28.274536
-28.016663
-28.453064
-28.956604
-28.770447
-28.901672
-27.952576
-27.357483
-28.956604
-27.774048
-27.500916
-27.23999
-26.641846
-26.89972
-26.445007
-26.953125
-29.026794
-28.086853
-29.182434
-29.406738
-27.911377
-28.207397
-28.773499
-29.875183
-28.245544
-28.851318
-30.32074
-28.382874
-27.571106
-27.319336
-25.692749
-25.161743
-26.68457
-25.964355
-25.019836
-26.365662
-24.917603
-25.65918
-25.712585
-25.683594
-23.742676
-24.441528
-23.68164
-27.357483
-24.549866
-26.043701
-24.208069
-23.301697
-25.213623
-24.56665
-22.991943
-24.130249
-24.821472
-24.821472
-24.821472
-22.814941
-25.765991
-24.871826
-26.589966
-25.64087
-26.332092
-26.330566
-25.08545
-25.689697
-23.544312
-23.805237
-24.497986
-25.323486
-23.684692
-24.809265
-25.035095
-25.163269
-24.378967
-24.18518
-23.542786
-25.737
-24.499512
-25.305176
-23.657227
-23.458862
-22.895813
-24.487305
-24.461365
-22.605896
-23.77472
-22.718811
-24.092102
-23.814392
-24.272156
-23.582458
-22.57843
-21.93451
-22.036743
-23.822021
-23.321533
-22.816467
-24.176025
-23.286438
-21.911621
-22.894287
-22.645569
-23.072815
-23.80371
-24.143982
-24.118042
-24.19281
-24.761963
-24.8703
-24.429321
-26.75476
-24.768066
-26.45874
-25.222778
-25.312805
-26.654053
-27.064514
-24.18518
-27.799988
-27.9068
-26.434326
-27.82135
-28.587341
-28.781128
-27.015686
-27.046204
-28.762817
-26.496887
-27.545166
-25.003052
-25.344849
-25.668335
-25.668335
-25.668335
-25.714111
-25.759888
-26.675415
-26.80664
-27.252197
-27.903748
-26.116943
-27.212524
-25.559998
-27.452087
-27.659607
-28.398132
-28.57666
-28.691101
-30.381775
-30.24292
-29.52118
-29.508972
-28.186035
-27.667236
-26.429749
-26.644897
-26.654053
-26.028442
-26.878357
-28.353882
-27.87323
-29.696655
-30.526733
-30.395508
-29.3396
-30.867004
-29.745483
-30.369568
-31.124878
-31.75354
-31.84967
-33.033752
-32.429504
-31.956482
-30.961609
-31.245422
-30.552673
-29.641724
-31.285095
-31.658936
-30.984497
-30.41687
-29.051208
-29.35028
-31.28357
-30.244446
-30.25055
-31.315613
-28.863525
-30.531311
-30.497742
-30.969238
-30.299377
-31.68335
-33.03833
-31.83899
-32.447815
-33.42743
-34.983826
-32.19757
-31.721497
-33.403015
-32.637024
-33.85315
-34.173584
-32.592773
-31.898499
-32.31201
-33.425903
-29.902649
-29.902649
-29.902649
-32.966614
-33.09021
-32.65381
-32.44629
-31.49414
-33.68225
-33.802795
-34.347534
-34.35211
-32.53784
-32.388306
-33.87909
-33.135986
-34.67865
-32.42035
-34.26056
-32.981873
-33.003235
-32.388306
-33.026123
-32.95288
-32.070923
-32.9422
-32.209778
-32.54547
-31.562805
-33.34503
-30.563354
-31.73523
-31.678772
-32.122803
-30.511475
-32.025146
-30.097961
-32.0755
-31.680298
-30.685425
-28.285217
-30.116272
-29.214478
-29.82788
-30.88684
-29.04663
-29.760742
-29.185486
-29.58374
-29.800415
-29.580688
-29.689026
-29.574585
-29.985046
-28.997803
-28.544617
-29.4693
-29.093933
-28.78418
-28.413391
-29.05426
-28.889465
-27.716064
-28.747559
-28.40271
-28.08075
-27.420044
-26.71814
-26.049805
-26.159668
-26.133728
-26.812744
-25.53711
-25.086975
-25.422668
-27.09961
-23.956299
-24.588013
-23.950195
-22.8302
-22.8302
-23.80371
-23.87085
-23.779297
-25.463867
-25.595093
-25.820923
-25.010681
-26.113892
-25.9552
-26.538086
-26.838684
-25.726318
-28.501892
-27.26593
-27.6474
-26.96228
-25.253296
-26.470947
-26.275635
-25.27771
-26.45874
-24.415588
-26.18866
-26.901245
-26.094055
-25.570679
-26.803589
-24.943542
-27.128601
-26.060486
-26.271057
-25.993347
-25.186157
-25.817871
-23.99292
-24.241638
-25.482178
-25.27008
-24.79248
-24.900818
-24.127197
-23.806763
-22.366333
-25.279236
-23.59314
-22.181702
-25.535583
-23.03009
-23.01178
-22.383118
-22.947693
-22.990417
-22.044373
-21.98944
-21.81549
-21.040344
-22.557068
-21.704102
-20.533752
-20.67871
-20.991516
-21.401978
-19.444275
-19.760132
-21.148682
-20.256042
-20.272827
-18.710327
-19.28711
-18.93158
-19.66095
-18.522644
-18.42041
-16.18805
-17.382812
-18.821716
-16.90979
-16.90979
-17.56134
-16.212463
-15.943909
-15.6814575
-14.909363
-15.133667
-15.6814575
-15.118408
-16.107178
-14.297485
-15.0390625
-15.02533
-14.599609
-15.150452
-15.739441
-15.150452
-14.299011
-13.710022
-13.418579
-12.910461
-13.467407
-13.293457
-13.723755
-11.962891
-12.748718
-12.7456665
-12.62207
-11.849976
-12.063599
-12.612915
-12.095642
-10.571289
-12.593079
-12.094116
-11.006165
-10.3302
-10.809326
-11.279297
-11.721802
-10.479736
-11.224365
-10.227966
-10.029602
-9.597778
-10.057068
-10.844421
-10.832214
-10.054016
-9.109497
-10.60791
-8.287048
-8.670044
-9.378052
-7.8155518
-8.451843
-8.375549
-6.8344116
-8.555603
-7.0907593
-7.8201294
-8.442688
-7.368469
-7.0098877
-6.8710327
-7.0098877
-5.973816
-5.4138184
-6.703186
-7.423401
-6.614685
-6.2210083
-6.867981
-7.56073
-6.5841675
-5.89447
-6.303406
-5.2352905
-5.2352905
-5.2352905
-5.2230835
-4.573059
-6.234741
-4.450989
-4.621887
-4.7714233
-5.5130005
-4.4662476
-4.7927856
-5.1361084
-3.1066895
-3.5202026
-3.0761719
-4.4448853
-3.970337
-3.8406372
-3.8894653
-3.8467407
-3.6209106
-2.1636963
-2.4551392
-3.9108276
-2.8549194
-2.7679443
-3.1402588
-3.642273
-2.2445679
-2.5375366
0.23651123
-0.024414062
-0.6286621
1.4312744
0.0869751
0.77667236
0.93688965
0.6561279
0.9063721
0.54626465
0.9063721
1.9775391
-1.0742188
1.3198853
0.4257202
-0.37384033
-0.37384033
-1.0971069
2.3452759
1.3092041
0.692749
-1.1627197
-2.4917603
-0.6652832
0.4989624
-1.4328003
0.70495605
1.435852
0.05493164
0.34332275
1.322937
2.2964478
2.3452759
2.9663086
2.6290894
1.2466431
0.6378174
2.2155762
2.8747559
1.5441895
2.7648926
1.9714355
1.8188477
1.071167
1.4831543
0.34484863
1.9287109
-0.5157471
-0.5157471
-0.5157471
2.5024414
0.66833496
1.1810303
3.0029297
2.468872
1.2619019
2.8289795
0.46844482
0.9674072
1.3977051
0.29296875
2.430725
1.9485474
2.3925781
2.0614624
2.8198242
2.468872
2.5802612
2.078247
1.3580322
1.0513306
1.6311646
1.6555786
2.0431519
-0.3173828
1.9439697
0.84991455
0.541687
0.831604
0.38604736
0.9460449
0.012207031
0.9674072
0.7537842
0.8590698
1.2054443
1.9134521
1.020813
2.279663
1.9515991
1.7837524
1.7837524
2.2109985
1.1611938
1.7959595
0.98724365
0.9277344
2.4276733
1.890564
1.1642456
0.33111572
-0.8239746
1.4404297
0.21514893
-1.1505127
0.21362305
-0.14801025
-0.84228516
-0.35095215
-0.7675171
-0.41046143
-1.701355
0.3036499
1.0253906
1.8447876
0.9277344
-1.5426636
0.13275146
-0.22125244
-0.95062256
-2.3788452
0.743103
0.2670288
-0.6851196
-0.5050659
-0.64849854
-1.2710571
-1.2710571
-1.53656
-1.4297485
-2.5482178
0.25787354
-2.1743774
-1.4404297
-2.4398804
-1.3931274
-2.067566
-2.2476196
-1.4755249
-0.6851196
-0.8529663
-0.8514404
-2.3544312
-1.7913818
-2.3910522
-2.3849487
-0.9338379
-2.6016235
-0.8529663
-0.8590698
-2.1469116
-2.0645142
-3.2699585
-3.5430908
-2.3788452
-0.9124756
-0.7888794
-2.8884888
-2.4032593
-3.8375854
-4.0496826
-3.9474487
-3.0441284
-1.6555786
-0.23345947
-2.5604248
-3.1524658
-3.2470703
-2.909851
-2.3925781
-1.5396118
-3.3569336
-2.571106
-2.1011353
-3.7490845
-2.4398804
-1.7990112
-1.8630981
-2.8701782
-3.930664
-4.7592163
-3.1936646
-3.791809
-3.8070679
-3.1936646
-3.2287598
-4.6798706
-3.0426025
-2.5878906
-3.0395508
-3.2089233
-3.9001465
-3.0426025
-2.2705078
-2.4658203
-2.4536133
-4.093933
-3.93219
-3.3462524
-3.9672852
-6.288147
-5.9906006
-4.182434
-4.423523
-3.9352417
-3.9352417
-3.9352417
-3.062439
-4.1152954
-4.8675537
-3.692627
-4.911804
-4.7454834
-4.420471
-3.8238525
-6.272888
-3.8360596
-6.150818
-4.974365
-5.252075
-6.3217163
-5.5526733
-4.1625977
-5.3863525
-3.8970947
-5.3634644
-7.1640015
-5.227661
-6.864929
-6.3201904
-6.9900513
-7.789612
-5.493164
-7.5271606
-7.637024
-7.9574585
-6.439209
-7.157898
-8.753967
-8.735657
-8.216858
-8.137512
-8.378601
-9.106445
-7.635498
-8.6502075
-8.396912
-9.667969
-10.601807
-11.004639
-10.569763
-9.338379
-9.286499
-9.747314
-10.8810425
-9.832764
-10.923767
-10.202026
-10.906982
-11.56311
-12.454224
-12.278748
-13.81073
-13.195801
-12.12616
-11.488342
-12.284851
-13.058472
-13.648987
-12.30011
-14.654541
-13.467407
-13.746643
-13.592529
-12.828064
-13.143921
-13.4765625
-14.239502
-14.733887
-15.467834
-14.624023
-14.599609
-15.893555
-14.651489
-14.651489
-14.923096
-14.300537
-16.410828
-16.90216
-16.929626
-15.678406
-16.488647
-16.13617
-15.200806
-16.079712
-16.677856
-17.63916
-18.43872
-18.75
-18.844604
-19.488525
-18.391418
-19.120789
-17.440796
-17.628479
-17.536926
-17.823792
-17.222595
-18.60962
-17.840576
-19.082642
-18.26477
-18.75
-19.49768
-17.849731
-19.40918
-18.934631
-20.280457
-19.52362
-19.59076
-19.53888
-19.935608
-20.158386
-19.86084
-19.522095
-19.89441
-20.126343
-21.781921
-19.743347
-19.743347
-20.585632
-19.60907
-21.02356
-20.233154
-20.365906
-18.798828
-21.328735
-18.855286
-20.100403
-20.245361
-20.153809
-20.37201
-20.81604
-19.438171
-20.178223
-19.71283
-19.474792
-19.865417
-18.730164
-21.522522
-19.62738
-20.51239
-20.761108
-21.098328
-20.84198
-20.271301
-18.82782
-19.587708
-21.49353
-20.55664
-19.384766
-20.011902
-20.004272
-20.004272
-20.004272
-20.098877
-19.543457
-18.229675
-18.754578
-20.26825
-19.042969
-18.756104
-18.762207
-19.241333
-19.114685
-19.607544
-20.64209
-18.745422
-20.336914
-18.579102
-19.047546
-18.440247
-18.431091
-17.823792
-18.255615
-18.696594
-19.792175
-18.466187
-17.510986
-17.83142
-17.910767
-17.521667
-18.525696
-16.792297
-17.079163
-18.409729
-17.634583
-17.616272
-19.674683
-19.114685
-18.293762
-17.82837
-18.275452
-17.745972
-16.744995
-15.919495
-18.23883
-19.08722
-19.40155
-17.835999
-15.92865
-19.02771
-15.934753
-16.989136
-16.139221
-16.894531
-16.72821
-16.90216
-17.666626
-17.007446
-17.436218
-16.558838
-13.670349
-14.978027
-16.763306
-16.107178
-14.730835
-15.965271
-14.6987915
-13.986206
-13.012695
-12.773132
-12.690735
-13.757324
-13.002014
-14.379883
-13.876343
-12.687683
-13.093567
-13.737488
-14.619446
-14.619446
-14.579773
-15.646362
-15.715027
-15.223694
-16.612244
-16.343689
-15.98053
-16.586304
-16.63208
-16.567993
-16.200256
-18.025208
-16.108704
-17.941284
-17.156982
-17.29889
-17.64679
-18.829346
-17.506409
-17.294312
-18.215942
-18.655396
-18.260193
-19.000244
-18.319702
-17.318726
-17.245483
-17.575073
-16.835022
-16.236877
-17.858887
-15.742493
-17.782593
-17.34314
-17.207336
-18.243408
-17.158508
-17.87262
-17.129517
-17.939758
-18.177795
-18.818665
-18.675232
-19.282532
-17.294312
-17.355347
-15.594482
-14.41803
-14.059448
-16.514587
-18.173218
-17.727661
-18.144226
-16.970825
-18.461609
-17.919922
-16.178894
-16.963196
-16.619873
-18.17627
-17.756653
-18.008423
-18.630981
-16.45813
-17.623901
-17.166138
-16.564941
-14.860535
-16.976929
-17.732239
-16.560364
-16.2323
-16.099548
-18.403625
-18.327332
-17.512512
-20.062256
-20.062256
-20.062256
-20.655823
-18.02063
-19.26117
-19.5755
-19.889832
-20.037842
-18.818665
-19.917297
-18.049622
-17.988586
-18.611145
-19.03534
-18.647766
-17.784119
-17.94281
-18.234253
-18.751526
-18.363953
-18.362427
-17.753601
-16.844177
-16.932678
-17.41333
-18.261719
-17.89856
-17.877197
-16.360474
-17.123413
-19.177246
-17.662048
-16.716003
-17.074585
-18.458557
-16.371155
-17.71698
-19.702148
-18.171692
-21.356201
-18.974304
-19.27948
-18.603516
-19.639587
-20.0943
-18.255615
-19.778442
-18.066406
-17.227173
-18.266296
-16.59851
-18.029785
-19.540405
-19.754028
-18.4906
-17.163086
-17.713928
-16.397095
-16.708374
-17.700195
-18.157959
-17.321777
-17.306519
-18.73169
-17.663574
-18.391418
-16.651917
-16.899109
-16.134644
-15.904236
-16.741943
-17.34314
-17.26532
-17.947388
-17.477417
-15.048218
-16.740417
-17.304993
-16.9693
-16.9693
-17.530823
-17.771912
-17.279053
-17.72461
-17.492676
-16.871643
-17.477417
-18.093872
-17.346191
-17.666626
-16.3208
-18.307495
-17.715454
-18.431091
-18.49823
-15.466309
-16.287231
-16.355896
-17.10205
-16.905212
-16.049194
-18.499756
-17.78717
-15.435791
-14.8376465
-15.637207
-17.098999
-16.160583
-17.34314
-14.564514
-14.823914
-15.734863
-15.475464
-14.233398
-15.739441
-14.138794
-14.398193
-15.185547
-15.98053
-15.5303955
-14.816284
-14.84375
-13.261414
-15.040588
-15.382385
-14.169312
-15.093994
-13.452148
-13.491821
-13.983154
-13.041687
-12.992859
-13.42926
-14.161682
-13.505554
-12.815857
-12.374878
-15.09552
-14.440918
-14.318848
-14.163208
-14.175415
-15.21759
-14.974976
-15.957642
-15.911865
-13.53302
-15.641785
-16.418457
-14.546204
-16.122437
-17.13562
-15.812683
-15.628052
-17.144775
-16.339111
-17.581177
-17.581177
-17.581177
-18.763733
-17.536926
-18.878174
-17.329407
-17.288208
-16.629028
-17.863464
-16.11023
-16.629028
-17.687988
-17.669678
-14.953613
-14.967346
-15.367126
-15.130615
-15.34729
-15.336609
-15.507507
-15.498352
-14.012146
-13.253784
-14.581299
-14.735413
-13.250732
-12.1658325
-11.747742
-13.3255005
-13.948059
-13.110352
-12.82959
-12.411499
-11.950684
-13.763428
-13.41095
-11.946106
-14.053345
-13.3255005
-14.103699
-15.724182
-14.830017
-14.503479
-15.9713745
-15.246582
-14.353943
-15.246582
-15.670776
-13.441467
-13.011169
-14.198303
-13.764954
-15.168762
-13.731384
-12.812805
-13.450623
-12.898254
-15.107727
-15.570068
-13.560486
-13.560486
-12.6449585
-14.378357
-15.063477
-14.466858
-14.190674
-12.518311
-13.459778
-13.774109
-14.057922
-14.884949
-12.210083
-11.558533
-12.939453
-12.634277
-12.091064
-12.44812
-11.34491
-11.683655
-11.683655
-11.683655
-11.941528
-12.359619
-14.303589
-13.731384
-12.568665
-13.027954
-13.215637
-11.071777
-11.8637085
-12.382507
-12.911987
-11.540222
-11.561584
-13.772583
-13.401794
-13.876343
-14.822388
-12.646484
-14.726257
-14.434814
-14.590454
-12.953186
-14.668274
-14.886475
-15.292358
-15.061951
-15.057373
-13.450623
-14.559937
-15.158081
-13.897705
-15.113831
-15.701294
-15.432739
-14.212036
-13.508606
-13.790894
-15.100098
-15.272522
-14.453125
-12.643433
-13.430786
-15.2282715
-14.1189575
-15.066528
-16.184998
-15.666199
-14.898682
-14.134216
-15.083313
-14.694214
-14.941406
-15.119934
-14.671326
-15.332031
-14.285278
-15.235901
-14.4973755
-15.39917
-14.543152
-13.595581
-14.631653
-13.581848
-14.871216
-14.48822
-13.778687
-15.490723
-15.600586
-15.293884
-15.997314
-13.612366
-17.121887
-15.550232
-16.972351
-14.472961
-15.914917
-15.25116
-15.25116
-15.25116
-16.555786
-15.768433
-14.944458
-15.428162
-16.264343
-15.156555
-15.905762
-13.415527
-14.909363
-14.51416
-15.466309
-15.370178
-15.815735
-15.342712
-14.511108
-14.924622
-13.687134
-15.614319
-14.425659
-14.280701
-14.3585205
-15.827942
-15.179443
-14.962769
-13.726807
-12.164307
-14.465332
-12.353516
-13.787842
-13.928223
-13.027954
-11.943054
-13.623047
-13.070679
-12.417603
-14.532471
-13.697815
-14.024353
-13.887024
-13.865662
-13.583374
-13.829041
-13.731384
-12.513733
-12.532043
-13.040161
-10.968018
-12.388611
-12.464905
-12.882996
-12.113953
-12.467957
-13.047791
-13.461304
-14.134216
-15.246582
-14.094543
-13.113403
-14.331055
-12.969971
-14.517212
-14.260864
-14.3966675
-14.089966
-14.570618
-15.792847
-15.34729
-14.26239
-15.101624
-14.630127
-15.106201
-14.546204
-16.093445
-16.589355
-15.345764
-15.258789
-16.503906
-14.43634
-14.43634
-14.43634
-15.3793335
-13.113403
-13.580322
-13.925171
-15.995789
-13.191223
-13.024902
-12.168884
-12.966919
-12.922668
-12.818909
-14.021301
-13.749695
-13.900757
-13.140869
-13.330078
-13.15918
-12.8479
-12.387085
-12.364197
-13.66272
-14.381409
-14.457703
-15.028381
-15.058899
-16.479492
-15.292358
-13.78479
-13.554382
-15.402222
-14.009094
-13.792419
-14.538574
-14.6484375
-14.49585
-15.818787
-13.723755
-13.755798
-12.8967285
-16.51001
-14.909363
-15.281677
-14.958191
-13.723755
-14.3966675
-14.68811
-15.386963
-13.845825
-15.518188
-14.752197
-12.962341
-12.321472
-13.813782
-11.994934
-12.297058
-12.107849
-13.980103
-13.635254
-13.796997
-14.242554
-13.661194
-12.9348755
-13.049316
-12.11853
-15.005493
-14.26239
-15.25116
-15.364075
-16.143799
-15.031433
-15.382385
-13.960266
-16.270447
-15.310669
-15.856934
-15.856934
-15.856934
-15.338135
-17.303467
-15.211487
-16.25061
-15.283203
-15.208435
-15.072632
-13.694763
-14.605713
-14.541626
-15.022278
-15.284729
-15.267944
-14.341736
-16.835022
-15.888977
-16.041565
-15.811157
-15.101624
-15.104675
-15.65094
-16.532898
-16.474915
-15.7547
-14.56604
-15.000916
-13.502502
-14.878845
-13.638306
-12.6953125
-11.5737915
-12.792969
-12.774658
-11.936951
-11.297607
-11.106873
-11.309814
-10.56366
-12.089539
-12.368774
-12.290955
-10.778809
-11.610413
-10.748291
-11.174011
-12.09259
-12.359619
-12.774658
-11.386108
-12.5564575
-12.870789
-14.102173
-13.667297
-15.087891
-12.530518
-12.701416
-13.453674
-12.701416
-12.678528
-13.421631
-11.013794
-14.241028
-11.778259
-13.693237
-14.372253
-12.75177
-14.784241
-14.955139
-13.948059
-13.641357
-14.741516
-13.684082
-14.033508
-15.805054
-15.168762
-14.012146
-14.002991
-14.002991
-13.249207
-13.438416
-13.581848
-14.033508
-14.81781
-13.6657715
-15.608215
-14.886475
-15.960693
-14.660645
-14.186096
-14.907837
-14.231873
-14.732361
-12.812805
-14.979553
-15.179443
-16.113281
-15.252686
-15.872192
-15.362549
-15.985107
-16.215515
-16.612244
-15.957642
-15.06958
-14.918518
-13.079834
-16.168213
-16.848755
-16.867065
-17.57965
-15.751648
-16.345215
-16.32843
-17.088318
-15.873718
-15.840149
-16.416931
-16.337585
-15.156555
-15.007019
-15.26947
-15.82489
-12.957764
-12.915039
-13.725281
-13.552856
-14.526367
-13.067627
-15.339661
-12.635803
-13.6657715
-13.861084
-12.8463745
-12.013245
-12.774658
-12.828064
-14.935303
-13.923645
-11.483765
-12.426758
-13.148499
-14.216614
-12.783813
-13.064575
-15.461731
-13.989258
-13.546753
-14.729309
-15.007019
-14.414978
-13.648987
-14.486694
-13.546753
-12.983704
-13.516235
-13.516235
-13.516235
-14.268494
-15.507507
-14.6987915
-13.607788
-13.499451
-15.345764
-14.994812
-15.431213
-14.562988
-13.60321
-14.701843
-14.953613
-13.456726
-13.562012
-13.75885
-15.414429
-12.208557
-16.108704
-15.122986
-14.527893
-15.739441
-14.692688
-14.552307
-13.908386
-15.827942
-15.730286
-15.115356
-15.299988
-16.114807
-15.7547
-13.835144
-15.330505
-14.73999
-14.353943
-15.757751
-15.940857
-15.359497
-15.385437
-14.970398
-15.368652
-13.8671875
-13.815308
-16.679382
-15.821838
-15.318298
-15.007019
-16.488647
-17.276001
-13.670349
-14.299011
-15.724182
-15.94696
-14.762878
-14.324951
-14.659119
-14.73999
-14.682007
-14.585876
-15.757751
-14.375305
-15.254211
-14.416504
-15.422058
-14.726257
-15.087891
-15.821838
-15.158081
-15.32135
-14.543152
-15.47699
-16.97998
-16.255188
-16.062927
-17.036438
-15.023804
-14.315796
-14.976501
-14.976501
-14.5980835
-15.415955
-15.1901245
-16.720581
-14.692688
-16.673279
-15.515137
-13.638306
-14.726257
-13.786316
-15.010071
-15.454102
-16.192627
-14.717102
-15.791321
-16.05072
-14.219666
-15.327454
-15.32135
-14.393616
-16.925049
-14.265442
-15.77301
-14.222717
-15.446472
-15.704346
-13.822937
-16.184998
-14.26239
-15.397644
-14.363098
-14.323425
-15.040588
-15.960693
-15.270996
-14.506531
-15.422058
-14.479065
-14.930725
-15.072632
-14.537048
-14.15863
-14.974976
-14.332581
-15.9210205
-14.3966675
-16.04004
-14.672852
-15.748596
-14.660645
-15.136719
-14.234924
-14.299011
-15.46936
-15.077209
-15.69519
-14.305115
-12.861633
-14.216614
-16.000366
-14.6698
-14.625549
-15.748596
-15.716553
-15.716553
-12.998962
-15.867615
-14.622498
-15.716553
-16.94336
-13.072205
-15.400696
-13.37738
-15.403748
-14.494324
-14.886475
-14.080811
-15.652466
-15.652466
-14.471436
-13.386536
-14.904785
-15.905762
-15.048218
-15.356445
-15.078735
-14.889526
-15.945435
-15.000916
-13.830566
-14.440918
-13.468933
-16.453552
-15.002441
-14.071655
-15.213013
-14.372253
-14.584351
-14.277649
-14.306641
-13.656616
-14.968872
-14.0686035
-13.009644
-13.487244
-14.323425
-14.868164
-15.776062
-14.385986
-14.955139
-15.5685425
-12.62207
-14.811707
-14.961243
-15.603638
-13.372803
-13.813782
-12.698364
-14.886475
-14.434814
-13.031006
-13.433838
-13.55896
-13.833618
-14.862061
-13.812256
-15.657043
-13.61084
-13.35907
-12.857056
-14.4470215
-14.897156
-14.266968
-15.066528
-13.848877
-12.995911
-14.479065
-13.362122
-14.651489
-14.306641
-12.950134
-15.141296
-14.953613
-14.584351
-13.928223
-14.18457
-13.581848
-14.64386
-15.744019
-14.680481
-13.7283325
-13.450623
-14.219666
-13.957214
-14.253235
-14.6698
-14.6698
-14.6698
-12.399292
-15.306091
-13.531494
-15.136719
-12.3550415
-13.166809
-14.518738
-15.010071
-13.893127
-14.538574
-15.896606
-14.967346
-14.953613
-14.671326
-14.582825
-13.719177
-13.771057
-14.968872
-13.471985
-14.558411
-13.954163
-13.887024
-13.111877
-13.938904
-14.672852
-13.911438
-13.713074
-15.434265
-13.751221
-14.549255
-14.642334
-15.12146
-14.996338
-13.74054
-15.4953
-11.535645
-14.727783
-14.315796
-13.142395
-13.789368
-15.026855
-12.42981
-15.617371
-14.994812
-12.709045
-14.360046
-15.174866
-14.450073
-14.286804
-15.396118
-15.26947
-14.031982
-13.938904
-15.1474
-15.16571
-14.480591
-15.367126
-13.546753
-13.842773
-14.71405
-15.1901245
-14.759827
-15.866089
-14.234924
-14.689636
-15.281677
-16.033936
-13.644409
-15.075684
-15.446472
-13.795471
-13.513184
-14.5980835
-13.996887
-13.621521
-14.520264
-14.48822
-13.777161
-14.450073
-14.450073
-14.353943
-14.682007
-12.675476
-13.922119
-15.438843
-14.404297
-14.997864
-14.5095825
-14.414978
-13.117981
-15.148926
-14.936829
-14.407349
-13.742065
-15.289307
-16.137695
-14.477539
-15.866089
-13.861084
-15.078735
-15.896606
-15.019226
-13.829041
-15.875244
-14.984131
-14.18457
-14.99176
-15.422058
-14.5980835
-15.434265
-14.729309
-13.981628
-13.450623
-14.512634
-13.905334
-13.789368
-14.978027
-13.591003
-14.961243
-14.411926
-14.424133
-13.475037
-12.794495
-13.969421
-14.979553
-14.671326
-14.717102
-13.920593
-13.777161
-12.591553
-12.998962
-13.621521
-13.748169
-13.404846
-12.716675
-13.160706
-13.163757
-14.347839
-14.334106
-13.4552
-14.402771
-13.063049
-13.700867
-12.85553
-12.724304
-14.047241
-14.442444
-13.941956
-13.08136
-13.188171
-14.178467
-13.853455
-13.786316
-14.292908
-13.998413
-13.420105
-13.420105
-12.710571
-13.63678
-13.825989
-13.670349
-14.784241
-14.434814
-14.735413
-13.490295
-12.7456665
-13.694763
-14.213562
-14.292908
-15.348816
-14.778137
-14.604187
-13.148499
-13.787842
-15.446472
-14.491272
-14.250183
-13.790894
-13.531494
-13.587952
-14.247131
-13.475037
-13.755798
-13.761902
-13.6154175
-14.363098
-15.748596
-14.216614
