1624761601843
1624761601851
1624761601867
1624761601887
1624761601908
1624761601927
1624761601947
1624761601967
1624761601987
1624761602007
1624761602027
1624761602047
1624761602067
1624761602087
1624761602108
1624761602127
1624761602148
1624761602168
1624761602188
1624761602210
1624761602229
1624761602250
1624761602269
1624761602289
1624761602308
1624761602330
1624761602350
1624761602370
1624761602389
1624761602413
1624761602430
1624761602448
1624761602469
1624761602489
1624761602509
1624761602529
1624761602550
1624761602570
1624761602589
1624761602609
1624761602629
1624761602649
1624761602668
1624761602689
1624761602708
1624761602728
1624761602749
1624761602768
1624761602789
1624761602809
1624761602828
1624761602848
1624761602869
1624761602888
1624761602908
1624761602929
1624761602948
1624761602969
1624761602989
1624761603009
1624761603028
1624761603048
1624761603069
1624761603088
1624761603109
1624761603129
1624761603149
1624761603168
1624761603189
1624761603209
1624761603229
1624761603248
1624761603268
1624761603290
1624761603308
1624761603329
1624761603349
1624761603368
1624761603388
1624761603408
1624761603428
1624761603448
1624761603469
1624761603489
1624761603509
1624761603529
1624761603549
1624761603568
1624761603588
1624761603608
1624761603628
1624761603648
1624761603668
1624761603688
1624761603709
1624761603728
1624761603750
1624761603769
1624761603789
1624761603808
1624761603842
1624761603848
1624761603869
1624761603890
1624761603910
1624761603929
1624761603949
1624761603970
1624761603989
1624761604009
1624761604029
1624761604049
1624761604069
1624761604090
1624761604109
1624761604132
1624761604150
1624761604170
1624761604189
1624761604210
1624761604229
1624761604249
1624761604270
1624761604290
1624761604309
1624761604329
1624761604349
1624761604368
1624761604388
1624761604409
1624761604429
1624761604449
1624761604470
1624761604490
1624761604509
1624761604530
1624761604551
1624761604569
1624761604590
1624761604610
1624761604630
1624761604650
1624761604669
1624761604689
1624761604710
1624761604730
1624761604749
1624761604768
1624761604788
1624761604808
1624761604828
1624761604848
1624761604868
1624761604888
1624761604908
1624761604929
1624761604948
1624761604969
1624761604990
1624761605009
1624761605030
1624761605051
1624761605069
1624761605089
1624761605109
1624761605129
1624761605150
1624761605170
1624761605190
1624761605210
1624761605229
1624761605249
1624761605270
1624761605290
1624761605310
1624761605330
1624761605350
1624761605370
1624761605390
1624761605410
1624761605429
1624761605449
1624761605470
1624761605490
1624761605509
1624761605530
1624761605550
1624761605569
1624761605590
1624761605610
1624761605630
1624761605650
1624761605671
1624761605690
1624761605710
1624761605730
1624761605750
1624761605770
1624761605790
1624761605810
1624761605830
1624761605850
1624761605870
1624761605890
1624761605910
1624761605929
1624761605950
1624761605970
1624761605990
1624761606010
1624761606030
1624761606049
1624761606070
1624761606090
1624761606110
1624761606130
1624761606150
1624761606170
1624761606190
1624761606210
1624761606230
1624761606250
1624761606270
1624761606291
1624761606310
1624761606330
1624761606350
1624761606371
1624761606390
1624761606410
1624761606429
1624761606450
1624761606470
1624761606490
1624761606510
1624761606530
1624761606550
1624761606570
1624761606589
1624761606612
1624761606629
1624761606650
1624761606670
1624761606690
1624761606711
1624761606731
1624761606751
1624761606770
1624761606791
1624761606811
1624761606830
1624761606850
1624761606870
1624761606890
1624761606910
1624761606931
1624761606951
1624761606970
1624761606990
1624761607010
1624761607030
1624761607050
1624761607070
1624761607090
1624761607110
1624761607131
1624761607150
1624761607170
1624761607191
1624761607210
1624761607230
1624761607250
1624761607270
1624761607290
1624761607311
1624761607329
1624761607350
1624761607370
1624761607391
1624761607410
1624761607431
1624761607450
1624761607470
1624761607490
1624761607510
1624761607531
1624761607550
1624761607570
1624761607590
1624761607611
1624761607631
1624761607651
1624761607671
1624761607691
1624761607711
1624761607731
1624761607751
1624761607770
1624761607790
1624761607810
1624761607831
1624761607851
1624761607871
1624761607891
1624761607911
1624761607931
1624761607951
1624761607970
1624761607990
1624761608011
1624761608031
1624761608051
1624761608071
1624761608091
1624761608111
1624761608131
1624761608151
1624761608171
1624761608190
1624761608211
1624761608231
1624761608251
1624761608271
1624761608291
1624761608311
1624761608331
1624761608351
1624761608371
1624761608391
1624761608411
1624761608431
1624761608451
1624761608470
1624761608490
1624761608511
1624761608531
1624761608551
1624761608572
1624761608591
1624761608610
1624761608631
1624761608651
1624761608671
1624761608692
1624761608711
1624761608731
1624761608752
1624761608772
1624761608791
1624761608812
1624761608831
1624761608850
1624761608870
1624761608891
1624761608914
1624761608936
1624761608953
1624761608974
1624761608990
1624761609010
1624761609030
1624761609051
1624761609071
1624761609091
1624761609111
1624761609130
1624761609151
1624761609171
1624761609190
1624761609210
1624761609230
1624761609251
1624761609271
1624761609291
1624761609311
1624761609332
1624761609352
1624761609370
1624761609392
1624761609412
1624761609431
1624761609452
1624761609472
1624761609492
1624761609511
1624761609532
1624761609552
1624761609571
1624761609592
1624761609612
1624761609632
1624761609651
1624761609671
1624761609691
1624761609711
1624761609731
1624761609752
1624761609772
1624761609790
1624761609811
1624761609831
1624761609851
1624761609871
1624761609891
1624761609911
1624761609931
1624761609952
1624761609971
1624761609991
1624761610011
1624761610031
1624761610051
1624761610071
1624761610092
1624761610111
1624761610131
1624761610152
1624761610172
1624761610192
1624761610212
1624761610231
1624761610251
1624761610271
1624761610292
1624761610311
1624761610331
1624761610352
1624761610372
1624761610392
1624761610411
1624761610432
1624761610452
1624761610472
1624761610492
1624761610511
1624761610531
1624761610552
1624761610573
1624761610592
1624761610613
1624761610632
1624761610652
1624761610672
1624761610692
1624761610712
1624761610732
1624761610751
1624761610772
1624761610792
1624761610813
1624761610832
1624761610852
1624761610872
1624761610891
1624761610913
1624761610932
1624761610952
1624761610971
1624761610992
1624761611012
1624761611031
1624761611052
1624761611072
1624761611092
1624761611112
1624761611132
1624761611152
1624761611172
1624761611192
1624761611212
1624761611232
1624761611252
1624761611272
1624761611293
1624761611313
1624761611333
1624761611352
1624761611373
1624761611392
1624761611413
1624761611432
1624761611452
1624761611472
1624761611491
1624761611512
1624761611534
1624761611552
1624761611573
1624761611593
1624761611613
1624761611633
1624761611653
1624761611672
1624761611692
1624761611712
1624761611732
1624761611752
1624761611772
1624761611792
1624761611812
1624761611832
1624761611852
1624761611872
1624761611892
1624761611913
1624761611932
1624761611952
1624761611974
1624761611992
1624761612013
1624761612032
1624761612052
1624761612072
1624761612092
1624761612112
1624761612132
1624761612152
1624761612172
1624761612192
1624761612212
1624761612233
1624761612253
1624761612273
1624761612293
1624761612313
1624761612334
1624761612352
1624761612372
1624761612393
1624761612413
1624761612432
1624761612453
1624761612472
1624761612493
1624761612513
1624761612533
1624761612553
1624761612572
1624761612593
1624761612613
1624761612634
1624761612653
1624761612672
1624761612693
1624761612712
1624761612732
1624761612752
1624761612773
1624761612792
1624761612812
1624761612834
1624761612853
1624761612873
1624761612892
1624761612913
1624761612933
1624761612953
1624761612972
1624761612993
1624761613014
1624761613033
1624761613053
1624761613073
1624761613093
1624761613113
1624761613135
1624761613154
1624761613173
1624761613194
1624761613214
1624761613233
1624761613253
1624761613273
1624761613294
1624761613313
1624761613334
1624761613353
1624761613375
1624761613393
1624761613414
1624761613434
1624761613454
1624761613473
1624761613493
1624761613513
1624761613534
1624761613554
1624761613573
1624761613593
1624761613614
1624761613634
1624761613653
1624761613673
1624761613693
1624761613714
1624761613734
1624761613754
1624761613773
1624761613793
1624761613814
1624761613834
1624761613854
1624761613873
1624761613893
1624761613914
1624761613934
1624761613953
1624761613973
1624761613992
1624761614013
1624761614034
1624761614054
1624761614074
1624761614094
1624761614114
1624761614134
1624761614154
1624761614175
1624761614194
1624761614215
1624761614234
1624761614254
1624761614275
1624761614293
1624761614315
1624761614334
1624761614354
1624761614374
1624761614394
1624761614415
1624761614434
1624761614452
1624761614474
1624761614494
1624761614515
1624761614535
1624761614555
1624761614574
1624761614593
1624761614614
1624761614634
1624761614654
1624761614674
1624761614693
1624761614714
1624761614734
1624761614754
1624761614773
1624761614794
1624761614814
1624761614833
1624761614855
1624761614874
1624761614893
1624761614914
1624761614934
1624761614954
1624761614975
1624761614995
1624761615014
1624761615035
1624761615055
1624761615074
1624761615095
1624761615114
1624761615134
1624761615154
1624761615174
1624761615194
1624761615214
1624761615234
1624761615254
1624761615275
1624761615294
1624761615313
1624761615334
1624761615353
1624761615373
1624761615394
1624761615413
1624761615433
1624761615454
1624761615473
1624761615493
1624761615513
1624761615533
1624761615553
1624761615574
1624761615594
1624761615614
1624761615634
1624761615654
1624761615674
1624761615695
1624761615713
1624761615734
1624761615753
1624761615774
1624761615794
1624761615814
1624761615833
1624761615854
1624761615874
1624761615894
1624761615914
1624761615934
1624761615954
1624761615974
1624761615995
1624761616014
1624761616034
1624761616054
1624761616074
1624761616094
1624761616113
1624761616134
1624761616154
1624761616174
1624761616194
1624761616213
1624761616233
1624761616254
1624761616274
1624761616294
1624761616314
1624761616334
1624761616353
1624761616373
1624761616394
1624761616414
1624761616434
1624761616454
1624761616474
1624761616494
1624761616514
1624761616534
1624761616554
1624761616574
1624761616594
1624761616614
1624761616634
1624761616654
1624761616674
1624761616694
1624761616714
1624761616734
1624761616754
1624761616774
1624761616794
1624761616815
1624761616834
1624761616854
1624761616874
1624761616896
1624761616914
1624761616935
1624761616955
1624761616974
1624761616994
1624761617014
1624761617034
1624761617055
1624761617076
1624761617094
1624761617114
1624761617134
1624761617154
1624761617175
1624761617194
1624761617214
1624761617234
1624761617254
1624761617274
1624761617294
1624761617314
1624761617334
1624761617354
1624761617374
1624761617394
1624761617414
1624761617434
1624761617454
1624761617474
1624761617495
1624761617514
1624761617534
1624761617554
1624761617574
1624761617594
1624761617614
1624761617635
1624761617655
1624761617674
1624761617694
1624761617714
1624761617735
1624761617755
1624761617776
1624761617794
1624761617815
1624761617834
1624761617855
1624761617875
1624761617895
1624761617916
1624761617935
1624761617954
1624761617976
1624761617996
1624761618015
1624761618035
1624761618055
1624761618074
1624761618095
1624761618115
1624761618135
1624761618155
1624761618174
1624761618195
1624761618215
1624761618235
1624761618254
1624761618274
1624761618295
1624761618315
1624761618335
1624761618355
1624761618375
1624761618395
1624761618415
1624761618435
1624761618455
1624761618474
1624761618495
1624761618515
1624761618535
1624761618555
1624761618575
1624761618595
1624761618615
1624761618635
1624761618655
1624761618675
1624761618695
1624761618716
1624761618734
1624761618755
1624761618775
1624761618795
1624761618817
1624761618839
1624761618854
1624761618876
1624761618896
1624761618916
1624761618935
1624761618955
1624761618975
1624761618995
1624761619015
1624761619035
1624761619055
1624761619075
1624761619095
1624761619115
1624761619135
1624761619155
1624761619175
1624761619195
1624761619215
1624761619235
1624761619255
1624761619276
1624761619295
1624761619315
1624761619335
1624761619354
1624761619375
1624761619395
1624761619415
1624761619435
1624761619455
1624761619474
1624761619495
1624761619515
1624761619535
1624761619555
1624761619575
1624761619595
1624761619616
1624761619636
1624761619655
1624761619675
1624761619696
1624761619715
1624761619737
1624761619756
1624761619776
1624761619795
1624761619815
1624761619836
1624761619856
1624761619875
1624761619896
1624761619916
1624761619936
1624761619955
1624761619975
1624761619995
1624761620015
1624761620035
1624761620055
1624761620075
1624761620095
1624761620115
1624761620135
1624761620156
1624761620175
1624761620195
1624761620216
1624761620236
1624761620255
1624761620275
1624761620296
1624761620315
1624761620335
1624761620355
1624761620375
1624761620396
1624761620415
1624761620436
1624761620456
1624761620475
1624761620496
1624761620516
1624761620536
1624761620555
1624761620575
1624761620596
1624761620617
1624761620636
1624761620656
1624761620676
1624761620695
1624761620716
1624761620735
1624761620756
1624761620776
1624761620795
1624761620815
1624761620836
1624761620855
1624761620875
1624761620895
1624761620916
1624761620947
1624761620955
1624761620975
1624761620995
1624761621018
1624761621043
1624761621055
1624761621075
1624761621095
1624761621116
1624761621136
1624761621155
1624761621176
1624761621196
1624761621216
1624761621236
1624761621256
1624761621276
1624761621296
1624761621315
1624761621336
1624761621356
1624761621376
1624761621396
1624761621416
1624761621436
1624761621456
1624761621477
1624761621496
1624761621516
1624761621537
1624761621557
1624761621576
1624761621597
1624761621616
1624761621636
1624761621657
1624761621676
1624761621696
1624761621716
1624761621736
1624761621755
1624761621776
1624761621797
1624761621816
1624761621836
1624761621857
1624761621876
1624761621896
1624761621916
1624761621936
1624761621956
1624761621976
1624761621996
1624761622016
1624761622036
1624761622056
1624761622076
1624761622096
1624761622116
1624761622136
1624761622157
1624761622176
1624761622196
1624761622216
1624761622237
1624761622257
1624761622277
1624761622296
1624761622316
1624761622336
1624761622356
1624761622378
1624761622397
1624761622416
1624761622436
1624761622457
1624761622477
1624761622497
1624761622516
1624761622538
1624761622557
1624761622577
1624761622596
1624761622616
1624761622636
1624761622656
1624761622676
1624761622696
1624761622716
1624761622736
1624761622756
1624761622776
1624761622796
1624761622816
1624761622837
1624761622857
1624761622876
1624761622896
1624761622917
1624761622936
1624761622957
1624761622976
1624761622997
1624761623016
1624761623036
1624761623056
1624761623077
1624761623097
1624761623116
1624761623136
1624761623158
1624761623177
1624761623196
1624761623216
1624761623237
1624761623257
1624761623277
1624761623297
1624761623317
1624761623337
1624761623358
1624761623377
1624761623397
1624761623416
1624761623437
1624761623457
1624761623477
1624761623498
1624761623517
1624761623537
1624761623557
1624761623577
1624761623597
1624761623617
1624761623637
1624761623657
1624761623677
1624761623697
1624761623717
1624761623737
1624761623757
1624761623777
1624761623797
1624761623817
1624761623837
1624761623857
1624761623877
1624761623897
1624761623917
1624761623937
1624761623957
1624761623977
1624761623996
1624761624016
1624761624036
1624761624056
1624761624076
1624761624096
1624761624116
1624761624136
1624761624157
1624761624176
1624761624196
1624761624216
1624761624237
1624761624260
1624761624281
1624761624296
1624761624317
1624761624337
1624761624358
1624761624377
1624761624397
1624761624416
1624761624437
1624761624458
1624761624476
1624761624497
1624761624517
1624761624537
1624761624558
1624761624580
1624761624598
1624761624617
1624761624638
1624761624658
1624761624677
1624761624697
1624761624718
1624761624737
1624761624758
1624761624776
1624761624796
1624761624817
1624761624838
1624761624857
1624761624878
1624761624897
1624761624917
1624761624938
1624761624957
1624761624977
1624761624998
1624761625018
1624761625038
1624761625057
1624761625078
1624761625097
1624761625117
1624761625137
1624761625158
1624761625178
1624761625198
1624761625217
1624761625237
1624761625258
1624761625277
1624761625297
1624761625317
1624761625337
1624761625357
1624761625378
1624761625397
1624761625417
1624761625438
1624761625458
1624761625478
1624761625498
1624761625518
1624761625538
1624761625558
1624761625578
1624761625598
1624761625617
1624761625638
1624761625658
1624761625678
1624761625697
1624761625718
1624761625737
1624761625758
1624761625777
1624761625798
1624761625817
1624761625838
1624761625858
1624761625877
1624761625898
1624761625918
1624761625938
1624761625958
1624761625978
1624761625998
1624761626018
1624761626038
1624761626058
1624761626078
1624761626098
1624761626118
1624761626138
1624761626158
1624761626178
1624761626197
1624761626218
1624761626238
1624761626258
1624761626278
1624761626298
1624761626318
1624761626338
1624761626358
1624761626378
1624761626398
1624761626418
1624761626438
1624761626458
1624761626478
1624761626498
1624761626518
1624761626538
1624761626558
1624761626578
1624761626598
1624761626618
1624761626638
1624761626658
1624761626678
1624761626698
1624761626718
1624761626738
1624761626758
1624761626778
1624761626798
1624761626818
1624761626838
1624761626858
1624761626878
1624761626898
1624761626918
1624761626939
1624761626960
1624761626978
1624761627004
1624761627018
1624761627038
1624761627058
1624761627079
1624761627107
1624761627117
1624761627138
1624761627158
1624761627178
1624761627202
1624761627217
1624761627238
1624761627258
1624761627278
1624761627300
1624761627318
1624761627337
1624761627358
1624761627378
1624761627398
1624761627418
1624761627439
1624761627458
1624761627478
1624761627499
1624761627518
1624761627538
1624761627558
1624761627578
1624761627598
1624761627618
1624761627638
1624761627658
1624761627678
1624761627698
1624761627718
1624761627739
1624761627759
1624761627781
1624761627798
1624761627818
1624761627839
1624761627859
1624761627878
1624761627899
1624761627919
1624761627939
1624761627959
1624761627978
1624761627998
1624761628019
1624761628039
1624761628059
1624761628079
1624761628098
1624761628119
1624761628138
1624761628158
1624761628178
1624761628199
1624761628219
1624761628239
1624761628258
1624761628278
1624761628298
1624761628319
1624761628339
1624761628359
1624761628378
1624761628398
1624761628418
1624761628439
1624761628459
1624761628478
1624761628500
1624761628518
1624761628539
1624761628559
1624761628579
1624761628599
1624761628618
1624761628639
1624761628659
1624761628679
1624761628699
1624761628719
1624761628739
1624761628759
1624761628779
1624761628799
1624761628819
1624761628839
1624761628859
1624761628879
1624761628899
1624761628919
1624761628939
1624761628959
1624761628979
1624761628999
1624761629019
1624761629039
1624761629059
1624761629079
1624761629099
1624761629119
1624761629139
1624761629159
1624761629179
1624761629199
1624761629219
1624761629239
1624761629259
1624761629279
1624761629299
1624761629319
1624761629339
1624761629359
1624761629379
1624761629399
1624761629419
1624761629439
1624761629459
1624761629479
1624761629499
1624761629519
1624761629539
1624761629559
1624761629579
1624761629600
1624761629619
1624761629639
1624761629659
1624761629679
1624761629699
1624761629719
1624761629739
1624761629759
1624761629779
1624761629799
1624761629819
1624761629839
1624761629859
1624761629879
1624761629899
1624761629919
1624761629939
1624761629959
1624761629979
1624761629999
1624761630020
1624761630039
1624761630059
1624761630080
1624761630099
1624761630119
1624761630139
1624761630159
1624761630179
1624761630199
1624761630219
1624761630239
1624761630259
1624761630279
1624761630299
1624761630319
1624761630339
1624761630360
1624761630380
1624761630400
1624761630419
1624761630439
1624761630460
1624761630480
1624761630500
1624761630519
1624761630540
1624761630560
1624761630580
1624761630600
1624761630620
1624761630639
1624761630660
1624761630679
1624761630700
1624761630720
1624761630739
1624761630759
1624761630780
1624761630800
1624761630820
1624761630839
1624761630860
1624761630879
1624761630900
1624761630919
1624761630941
1624761630960
1624761630980
1624761631000
1624761631020
1624761631040
1624761631060
1624761631080
1624761631100
1624761631120
1624761631140
1624761631160
1624761631180
1624761631200
1624761631220
1624761631240
1624761631260
1624761631280
1624761631300
1624761631320
1624761631340
1624761631360
1624761631380
1624761631400
1624761631420
1624761631440
1624761631460
1624761631480
1624761631501
1624761631520
1624761631540
1624761631560
1624761631580
1624761631600
1624761631620
1624761631640
1624761631660
1624761631680
1624761631700
1624761631720
1624761631740
1624761631760
1624761631780
1624761631800
1624761631820
1624761631840
1624761631860
1624761631880
1624761631900
1624761631920
1624761631940
1624761631960
1624761631980
1624761632000
1624761632020
1624761632040
1624761632060
1624761632080
1624761632099
1624761632120
1624761632141
1624761632160
1624761632180
1624761632200
1624761632220
1624761632240
1624761632260
1624761632281
1624761632300
1624761632321
1624761632341
1624761632360
1624761632380
1624761632401
1624761632421
1624761632441
1624761632462
1624761632479
1624761632501
1624761632521
1624761632541
1624761632561
1624761632580
1624761632601
1624761632621
1624761632640
1624761632660
1624761632680
1624761632700
1624761632720
1624761632740
1624761632760
1624761632780
1624761632800
1624761632821
1624761632840
1624761632860
1624761632880
1624761632900
1624761632920
1624761632940
1624761632960
1624761632980
1624761633000
1624761633021
1624761633041
1624761633061
1624761633081
1624761633100
1624761633121
1624761633142
1624761633162
1624761633181
1624761633200
1624761633222
1624761633242
1624761633261
1624761633281
1624761633300
1624761633321
1624761633341
1624761633361
1624761633380
1624761633400
1624761633421
1624761633441
1624761633461
1624761633480
1624761633501
1624761633521
1624761633541
1624761633561
1624761633581
1624761633600
1624761633621
1624761633641
1624761633661
1624761633681
1624761633701
1624761633721
1624761633741
1624761633761
1624761633781
1624761633801
1624761633822
1624761633842
1624761633860
1624761633880
1624761633901
1624761633921
1624761633940
1624761633962
1624761633981
1624761634001
1624761634022
1624761634041
1624761634062
1624761634081
1624761634101
1624761634121
1624761634142
1624761634161
1624761634181
1624761634201
1624761634221
1624761634241
1624761634262
1624761634282
1624761634301
1624761634321
1624761634341
1624761634362
1624761634382
1624761634401
1624761634421
1624761634441
1624761634461
1624761634481
1624761634502
1624761634520
1624761634541
1624761634561
1624761634581
1624761634601
1624761634622
1624761634641
1624761634661
1624761634681
1624761634701
1624761634721
1624761634741
1624761634761
1624761634782
1624761634802
1624761634823
1624761634841
1624761634862
1624761634882
1624761634901
1624761634922
1624761634941
1624761634961
1624761634983
1624761635003
1624761635024
1624761635041
1624761635061
1624761635081
1624761635101
1624761635123
1624761635145
1624761635165
1624761635181
1624761635201
1624761635225
1624761635241
1624761635262
1624761635280
1624761635301
1624761635322
1624761635340
1624761635361
1624761635381
1624761635402
1624761635421
1624761635441
1624761635462
1624761635481
1624761635502
1624761635521
1624761635542
1624761635562
1624761635581
1624761635602
1624761635621
1624761635642
1624761635663
1624761635682
1624761635701
1624761635722
1624761635742
1624761635762
1624761635782
1624761635802
1624761635822
1624761635843
1624761635863
1624761635883
1624761635903
1624761635923
1624761635942
1624761635963
1624761635984
1624761636002
1624761636022
1624761636042
1624761636063
1624761636083
1624761636102
1624761636122
1624761636142
1624761636163
1624761636183
1624761636203
1624761636222
1624761636245
1624761636262
1624761636283
1624761636302
1624761636322
1624761636345
1624761636363
1624761636382
1624761636401
1624761636422
1624761636442
1624761636462
1624761636481
1624761636502
1624761636522
1624761636542
1624761636563
1624761636582
1624761636601
1624761636622
1624761636644
1624761636662
1624761636682
1624761636701
1624761636722
1624761636743
1624761636763
1624761636781
1624761636802
1624761636823
1624761636842
1624761636861
1624761636882
1624761636901
1624761636922
1624761636942
1624761636963
1624761636982
1624761637001
1624761637021
1624761637042
1624761637062
1624761637082
1624761637102
1624761637122
1624761637142
1624761637164
1624761637182
1624761637202
1624761637221
1624761637241
1624761637262
1624761637282
1624761637302
1624761637322
1624761637342
1624761637363
1624761637383
1624761637402
1624761637422
1624761637442
1624761637463
1624761637482
1624761637502
1624761637522
1624761637542
1624761637564
1624761637582
1624761637602
1624761637622
1624761637642
1624761637662
1624761637682
1624761637702
1624761637723
1624761637741
1624761637762
1624761637783
1624761637803
1624761637821
1624761637842
1624761637863
1624761637882
1624761637902
1624761637922
1624761637942
1624761637963
1624761637982
1624761638002
1624761638021
1624761638042
1624761638062
1624761638082
1624761638102
1624761638122
1624761638142
1624761638163
1624761638182
1624761638202
1624761638222
1624761638242
1624761638262
1624761638283
1624761638302
1624761638322
1624761638342
1624761638362
1624761638383
1624761638402
1624761638422
1624761638442
1624761638463
1624761638482
1624761638502
1624761638522
1624761638542
1624761638563
1624761638582
1624761638602
1624761638623
1624761638642
1624761638662
1624761638684
1624761638703
1624761638722
1624761638742
1624761638763
1624761638784
1624761638803
1624761638822
1624761638842
1624761638863
1624761638884
1624761638904
1624761638923
1624761638941
1624761638962
1624761638984
1624761639003
1624761639023
1624761639043
1624761639062
1624761639083
1624761639104
1624761639122
1624761639142
1624761639170
1624761639182
1624761639202
1624761639222
1624761639242
1624761639263
1624761639282
1624761639310
1624761639322
1624761639342
1624761639362
1624761639383
1624761639402
1624761639423
1624761639443
1624761639463
1624761639483
1624761639505
1624761639525
1624761639542
1624761639562
1624761639584
1624761639604
1624761639623
1624761639643
1624761639662
1624761639683
1624761639703
1624761639725
1624761639742
1624761639763
1624761639783
1624761639803
1624761639823
1624761639843
1624761639862
1624761639883
1624761639907
1624761639922
1624761639943
1624761639963
1624761639982
1624761640004
1624761640024
1624761640043
1624761640063
1624761640083
1624761640103
1624761640124
1624761640143
1624761640163
1624761640182
1624761640203
1624761640223
1624761640242
1624761640263
1624761640283
1624761640304
1624761640323
1624761640343
1624761640362
1624761640383
1624761640403
1624761640425
1624761640443
1624761640463
1624761640482
1624761640503
1624761640525
1624761640544
1624761640563
1624761640582
1624761640603
1624761640624
1624761640643
1624761640663
1624761640683
1624761640703
1624761640723
1624761640743
1624761640763
1624761640783
1624761640803
1624761640824
1624761640843
1624761640862
1624761640884
1624761640903
1624761640924
1624761640944
1624761640963
1624761640983
1624761641003
1624761641024
1624761641044
1624761641063
1624761641083
1624761641103
1624761641125
1624761641143
1624761641164
1624761641183
1624761641202
1624761641223
1624761641244
1624761641264
1624761641282
1624761641303
1624761641324
1624761641344
1624761641363
1624761641384
1624761641404
1624761641424
1624761641445
1624761641464
1624761641484
1624761641503
1624761641526
1624761641544
1624761641564
1624761641584
1624761641604
1624761641623
1624761641644
1624761641664
1624761641684
1624761641703
1624761641724
1624761641746
1624761641764
1624761641784
1624761641804
1624761641823
1624761641844
1624761641864
1624761641884
1624761641904
1624761641924
1624761641944
1624761641964
1624761641984
1624761642004
1624761642024
1624761642044
1624761642064
1624761642084
1624761642104
1624761642123
1624761642146
1624761642164
1624761642184
1624761642204
1624761642223
1624761642246
1624761642264
1624761642284
1624761642304
1624761642323
1624761642344
1624761642364
1624761642384
1624761642403
1624761642423
1624761642444
1624761642464
1624761642483
1624761642503
1624761642523
1624761642543
1624761642563
1624761642583
1624761642603
1624761642623
1624761642643
1624761642663
1624761642683
1624761642704
1624761642724
1624761642744
1624761642764
1624761642784
1624761642804
1624761642824
1624761642844
1624761642865
1624761642884
1624761642904
1624761642924
1624761642943
1624761642964
1624761642984
1624761643004
1624761643024
1624761643044
1624761643066
1624761643084
1624761643105
1624761643124
1624761643145
1624761643166
1624761643184
1624761643204
1624761643224
1624761643243
1624761643265
1624761643285
1624761643305
1624761643325
1624761643345
1624761643365
1624761643384
1624761643404
1624761643424
1624761643444
1624761643464
1624761643484
1624761643505
1624761643524
1624761643544
1624761643565
1624761643585
1624761643604
1624761643625
1624761643644
1624761643665
1624761643685
1624761643705
1624761643725
1624761643745
1624761643764
1624761643785
1624761643805
1624761643825
1624761643845
1624761643863
1624761643886
1624761643904
1624761643925
1624761643945
1624761643965
1624761643986
1624761644004
1624761644025
1624761644045
1624761644065
1624761644085
1624761644105
1624761644125
1624761644145
1624761644165
1624761644184
1624761644204
1624761644225
1624761644245
1624761644265
1624761644286
1624761644305
1624761644325
1624761644345
1624761644365
1624761644385
1624761644405
1624761644425
1624761644445
1624761644464
1624761644485
1624761644505
1624761644525
1624761644545
1624761644566
1624761644585
1624761644606
1624761644625
1624761644645
1624761644665
1624761644687
1624761644705
1624761644725
1624761644744
1624761644765
1624761644785
1624761644806
1624761644825
1624761644845
1624761644865
1624761644885
1624761644905
1624761644925
1624761644945
1624761644965
1624761644985
1624761645005
1624761645025
1624761645045
1624761645065
1624761645085
1624761645106
1624761645126
1624761645145
1624761645165
1624761645184
1624761645206
1624761645226
1624761645244
1624761645265
1624761645286
1624761645307
1624761645325
1624761645345
1624761645365
1624761645386
1624761645406
1624761645425
1624761645445
1624761645465
1624761645484
1624761645505
1624761645525
1624761645545
1624761645565
1624761645585
1624761645605
1624761645625
1624761645645
1624761645665
1624761645686
1624761645705
1624761645725
1624761645745
1624761645765
1624761645786
1624761645807
1624761645826
1624761645846
1624761645865
1624761645886
1624761645905
1624761645925
1624761645945
1624761645965
1624761645985
1624761646005
1624761646025
1624761646045
1624761646065
1624761646085
1624761646105
1624761646125
1624761646145
1624761646165
1624761646185
1624761646204
1624761646226
1624761646246
1624761646265
1624761646286
1624761646305
1624761646327
1624761646346
1624761646365
1624761646385
1624761646404
1624761646427
1624761646446
1624761646466
1624761646484
1624761646506
1624761646526
1624761646546
1624761646566
1624761646585
1624761646605
1624761646626
1624761646646
1624761646666
1624761646686
1624761646705
1624761646727
1624761646746
1624761646765
1624761646786
1624761646805
1624761646826
1624761646847
1624761646866
1624761646886
1624761646905
1624761646926
1624761646946
1624761646966
1624761646986
1624761647006
1624761647026
1624761647046
1624761647066
1624761647086
1624761647106
1624761647125
1624761647146
1624761647166
1624761647186
1624761647206
1624761647226
1624761647246
1624761647265
1624761647287
1624761647306
1624761647325
1624761647347
1624761647366
1624761647386
1624761647407
1624761647425
1624761647452
1624761647470
1624761647487
1624761647510
1624761647525
1624761647548
1624761647567
1624761647587
1624761647606
1624761647626
1624761647647
1624761647666
1624761647687
1624761647706
1624761647726
1624761647746
1624761647767
1624761647787
1624761647806
1624761647826
1624761647846
1624761647867
1624761647886
1624761647906
1624761647926
1624761647946
1624761647966
1624761647987
1624761648006
1624761648027
1624761648046
1624761648068
1624761648086
1624761648107
1624761648125
1624761648146
1624761648166
1624761648186
1624761648207
1624761648227
1624761648245
1624761648266
1624761648286
1624761648306
1624761648327
1624761648346
1624761648368
1624761648386
1624761648406
1624761648426
1624761648446
1624761648468
1624761648486
1624761648505
1624761648525
1624761648545
1624761648566
1624761648586
1624761648607
1624761648627
1624761648646
1624761648667
1624761648687
1624761648706
1624761648727
1624761648746
1624761648767
1624761648786
1624761648806
1624761648827
1624761648846
1624761648867
1624761648886
1624761648907
1624761648928
1624761648946
1624761648967
1624761648987
1624761649005
1624761649026
1624761649046
1624761649065
1624761649087
1624761649107
1624761649127
1624761649147
1624761649166
1624761649185
1624761649206
1624761649227
1624761649247
1624761649268
1624761649287
1624761649306
1624761649327
1624761649346
1624761649367
1624761649387
1624761649406
1624761649427
1624761649447
1624761649467
1624761649488
1624761649507
1624761649526
1624761649548
1624761649567
1624761649587
1624761649607
1624761649627
1624761649648
1624761649667
1624761649687
1624761649707
1624761649727
1624761649747
1624761649767
1624761649788
1624761649807
1624761649827
1624761649848
1624761649867
1624761649887
1624761649906
1624761649928
1624761649947
1624761649967
1624761649987
1624761650008
1624761650027
1624761650047
1624761650068
1624761650088
1624761650107
1624761650127
1624761650147
1624761650167
1624761650187
1624761650208
1624761650227
1624761650247
1624761650268
1624761650287
1624761650307
1624761650327
1624761650347
1624761650366
1624761650387
1624761650407
1624761650427
1624761650448
1624761650467
1624761650486
1624761650508
1624761650527
1624761650548
1624761650568
1624761650587
1624761650607
1624761650628
1624761650647
1624761650667
1624761650687
1624761650708
1624761650727
1624761650750
1624761650766
1624761650786
1624761650810
1624761650828
1624761650849
1624761650866
1624761650887
1624761650910
1624761650926
1624761650946
1624761650968
1624761650987
1624761651007
1624761651027
1624761651047
1624761651067
1624761651088
1624761651108
1624761651129
1624761651149
1624761651167
1624761651187
1624761651208
1624761651228
1624761651248
1624761651267
1624761651288
1624761651307
1624761651327
1624761651348
1624761651368
1624761651387
1624761651407
1624761651430
1624761651447
1624761651468
1624761651488
1624761651507
1624761651528
1624761651548
1624761651568
1624761651589
1624761651608
1624761651627
1624761651648
1624761651668
1624761651688
1624761651707
1624761651728
1624761651748
1624761651767
1624761651788
1624761651807
1624761651829
1624761651847
1624761651868
1624761651888
1624761651907
1624761651928
1624761651948
1624761651968
1624761651988
1624761652011
1624761652030
1624761652046
1624761652068
1624761652088
1624761652108
1624761652128
1624761652149
1624761652168
1624761652188
1624761652208
1624761652229
1624761652248
1624761652267
1624761652288
1624761652308
1624761652328
1624761652348
1624761652367
1624761652387
1624761652409
1624761652428
1624761652448
1624761652468
1624761652488
1624761652508
1624761652527
1624761652548
1624761652568
1624761652588
1624761652608
1624761652628
1624761652648
1624761652668
1624761652688
1624761652708
1624761652728
1624761652748
1624761652769
1624761652789
1624761652809
1624761652828
1624761652848
1624761652868
1624761652887
1624761652908
1624761652928
1624761652949
1624761652968
1624761652988
1624761653009
1624761653028
1624761653050
1624761653070
1624761653088
1624761653109
1624761653129
1624761653149
1624761653168
1624761653188
1624761653209
1624761653228
1624761653248
1624761653269
1624761653288
1624761653309
1624761653329
1624761653348
1624761653369
1624761653387
1624761653409
1624761653429
1624761653448
1624761653468
1624761653487
1624761653508
1624761653528
1624761653548
1624761653569
1624761653588
1624761653608
1624761653628
1624761653648
1624761653668
1624761653688
1624761653708
1624761653728
1624761653748
1624761653768
1624761653788
1624761653808
1624761653828
1624761653849
1624761653868
1624761653888
1624761653908
1624761653929
1624761653948
1624761653969
1624761653989
1624761654008
1624761654028
1624761654048
1624761654069
1624761654090
1624761654109
1624761654130
1624761654148
1624761654169
1624761654189
1624761654209
1624761654227
1624761654248
1624761654271
1624761654288
1624761654309
1624761654329
1624761654348
1624761654369
1624761654387
1624761654409
1624761654428
1624761654448
1624761654468
1624761654488
1624761654509
1624761654528
1624761654549
1624761654569
1624761654587
1624761654608
1624761654628
1624761654649
1624761654668
1624761654688
1624761654709
1624761654729
1624761654748
1624761654768
1624761654789
1624761654809
1624761654828
1624761654849
1624761654869
1624761654889
1624761654909
1624761654929
1624761654949
1624761654969
1624761654989
1624761655010
1624761655029
1624761655049
1624761655068
1624761655088
1624761655109
1624761655129
1624761655149
1624761655169
1624761655190
1624761655209
1624761655229
1624761655249
1624761655269
1624761655289
1624761655310
1624761655330
1624761655350
1624761655369
1624761655389
1624761655409
1624761655429
1624761655449
1624761655468
1624761655489
1624761655509
1624761655529
1624761655549
1624761655569
1624761655591
1624761655609
1624761655629
1624761655650
1624761655669
1624761655690
1624761655709
1624761655731
1624761655750
1624761655769
1624761655789
1624761655809
1624761655830
1624761655850
1624761655870
1624761655889
1624761655909
1624761655930
1624761655949
1624761655969
1624761655988
1624761656009
1624761656030
1624761656049
1624761656069
1624761656089
1624761656109
1624761656129
1624761656149
1624761656169
1624761656189
1624761656210
1624761656229
1624761656249
1624761656269
1624761656289
1624761656309
1624761656329
1624761656349
1624761656369
1624761656389
1624761656409
1624761656430
1624761656449
1624761656469
1624761656490
1624761656510
1624761656531
1624761656550
1624761656569
1624761656590
1624761656610
1624761656629
1624761656649
1624761656669
1624761656688
1624761656709
1624761656731
1624761656751
1624761656768
1624761656790
1624761656810
1624761656829
1624761656849
1624761656869
1624761656890
1624761656910
1624761656930
1624761656950
1624761656970
1624761656989
1624761657009
1624761657030
1624761657050
1624761657070
1624761657090
1624761657109
1624761657130
1624761657150
1624761657170
1624761657190
1624761657210
1624761657230
1624761657250
1624761657270
1624761657290
1624761657311
1624761657330
1624761657350
1624761657370
1624761657390
1624761657410
1624761657431
1624761657450
1624761657470
1624761657493
1624761657511
1624761657529
1624761657551
1624761657571
1624761657592
1624761657611
1624761657630
1624761657651
1624761657671
1624761657691
1624761657710
1624761657730
1624761657750
1624761657770
1624761657790
1624761657810
1624761657830
1624761657850
1624761657870
1624761657890
1624761657909
1624761657930
1624761657950
1624761657970
1624761657990
1624761658010
1624761658030
1624761658049
1624761658070
1624761658089
1624761658109
1624761658130
1624761658150
1624761658170
1624761658190
1624761658210
1624761658230
1624761658250
1624761658270
1624761658290
1624761658309
1624761658330
1624761658350
1624761658370
1624761658390
1624761658410
1624761658429
1624761658450
1624761658470
1624761658489
1624761658510
1624761658530
1624761658550
1624761658570
1624761658590
1624761658610
1624761658630
1624761658650
1624761658670
1624761658690
1624761658710
1624761658730
1624761658750
1624761658770
1624761658790
1624761658810
1624761658830
1624761658849
1624761658870
1624761658890
1624761658910
1624761658930
1624761658950
1624761658970
1624761658991
1624761659010
1624761659030
1624761659050
1624761659070
1624761659090
1624761659110
1624761659130
1624761659150
1624761659170
1624761659190
1624761659210
1624761659230
1624761659250
1624761659271
1624761659290
1624761659310
1624761659331
1624761659350
1624761659370
1624761659390
1624761659411
1624761659430
1624761659450
1624761659470
1624761659490
1624761659510
1624761659530
1624761659550
1624761659570
1624761659590
1624761659610
1624761659630
1624761659650
1624761659670
1624761659690
1624761659710
1624761659730
1624761659750
1624761659770
1624761659790
1624761659810
1624761659830
1624761659850
1624761659871
1624761659890
1624761659910
1624761659930
1624761659950
1624761659970
1624761659990
1624761660013
1624761660030
1624761660049
1624761660069
1624761660090
1624761660110
1624761660131
1624761660151
1624761660171
1624761660192
1624761660211
1624761660231
1624761660251
1624761660270
1624761660290
1624761660311
1624761660330
1624761660350
1624761660370
1624761660392
1624761660411
1624761660431
1624761660450
1624761660471
1624761660491
1624761660511
1624761660531
1624761660550
1624761660571
1624761660591
1624761660610
1624761660631
1624761660650
1624761660671
1624761660691
1624761660710
1624761660730
1624761660751
1624761660772
1624761660797
1624761660810
1624761660830
1624761660851
1624761660870
1624761660891
1624761660911
1624761660931
1624761660951
1624761660972
1624761660991
1624761661010
1624761661031
1624761661051
1624761661071
1624761661091
1624761661110
1624761661131
1624761661151
1624761661171
1624761661192
1624761661211
1624761661232
1624761661251
1624761661271
1624761661291
1624761661312
1624761661332
1624761661351
1624761661371
1624761661391
1624761661411
1624761661431
1624761661451
1624761661471
1624761661491
1624761661511
1624761661531
1624761661551
1624761661571
1624761661591
1624761661611
1624761661631
1624761661651
1624761661671
1624761661691
1624761661711
1624761661731
1624761661751
1624761661771
1624761661791
1624761661811
1624761661831
1624761661851
1624761661871
1624761661891
1624761661911
1624761661931
1624761661951
1624761661972
1624761661991
1624761662012
1624761662032
1624761662052
1624761662071
1624761662091
1624761662112
1624761662131
1624761662151
1624761662171
1624761662191
1624761662212
1624761662231
1624761662251
1624761662271
1624761662291
1624761662311
1624761662331
1624761662351
1624761662371
1624761662391
1624761662411
1624761662431
1624761662451
1624761662471
1624761662492
1624761662514
1624761662531
1624761662551
1624761662571
1624761662591
1624761662612
1624761662632
1624761662652
1624761662672
1624761662691
1624761662711
1624761662731
1624761662752
1624761662772
1624761662791
1624761662812
1624761662831
1624761662852
1624761662872
1624761662892
1624761662912
1624761662933
1624761662953
1624761662973
1624761662992
1624761663012
1624761663032
1624761663052
1624761663071
1624761663091
1624761663111
1624761663132
1624761663152
1624761663172
1624761663192
1624761663212
1624761663232
1624761663252
1624761663272
1624761663292
1624761663312
1624761663331
1624761663352
1624761663372
1624761663392
1624761663411
1624761663432
1624761663452
1624761663472
1624761663491
1624761663512
1624761663532
1624761663552
1624761663572
1624761663592
1624761663612
1624761663632
1624761663652
1624761663672
1624761663692
1624761663712
1624761663732
1624761663752
1624761663772
1624761663791
1624761663811
1624761663831
1624761663851
1624761663871
1624761663891
1624761663911
1624761663932
1624761663952
1624761663971
1624761663992
1624761664012
1624761664032
1624761664052
1624761664072
1624761664092
1624761664112
1624761664135
1624761664151
1624761664172
1624761664192
1624761664212
1624761664232
1624761664252
1624761664273
1624761664291
1624761664313
1624761664332
1624761664352
1624761664372
1624761664392
1624761664411
1624761664431
1624761664453
1624761664472
1624761664492
1624761664512
1624761664532
1624761664552
1624761664572
1624761664592
1624761664614
1624761664632
1624761664653
1624761664674
1624761664694
1624761664714
1624761664732
1624761664752
1624761664774
1624761664794
1624761664813
1624761664833
1624761664853
1624761664873
1624761664893
1624761664913
1624761664933
1624761664954
1624761664973
1624761664993
1624761665012
1624761665032
1624761665052
1624761665072
1624761665094
1624761665113
1624761665133
1624761665152
1624761665172
1624761665192
1624761665212
1624761665232
1624761665252
1624761665272
1624761665292
1624761665312
1624761665332
1624761665353
1624761665372
1624761665393
1624761665413
1624761665433
1624761665454
1624761665472
1624761665493
1624761665513
1624761665532
1624761665552
1624761665572
1624761665593
1624761665614
1624761665633
1624761665654
1624761665673
1624761665693
1624761665713
1624761665733
1624761665754
1624761665774
1624761665794
1624761665814
1624761665834
1624761665854
1624761665874
1624761665894
1624761665914
1624761665934
1624761665954
1624761665974
1624761665994
1624761666014
1624761666033
1624761666053
1624761666073
1624761666093
1624761666114
1624761666133
1624761666153
1624761666173
1624761666194
1624761666214
1624761666234
1624761666253
1624761666273
1624761666294
1624761666314
1624761666334
1624761666353
1624761666374
1624761666393
1624761666413
1624761666433
1624761666454
1624761666474
1624761666494
1624761666514
1624761666533
1624761666552
1624761666573
1624761666593
1624761666613
1624761666633
1624761666655
1624761666674
1624761666694
1624761666714
1624761666734
1624761666753
1624761666774
1624761666794
1624761666814
1624761666834
1624761666853
1624761666874
1624761666893
1624761666913
1624761666934
1624761666954
1624761666973
1624761666993
1624761667014
1624761667033
1624761667053
1624761667073
1624761667093
1624761667113
1624761667133
1624761667153
1624761667173
1624761667192
1624761667213
1624761667233
1624761667253
1624761667274
1624761667293
1624761667313
1624761667333
1624761667353
1624761667374
1624761667393
1624761667413
1624761667434
1624761667454
1624761667474
1624761667494
1624761667514
1624761667534
1624761667555
1624761667574
1624761667594
1624761667615
1624761667634
1624761667654
1624761667675
1624761667694
1624761667714
1624761667734
1624761667753
1624761667773
1624761667793
1624761667814
1624761667834
1624761667854
1624761667874
1624761667893
1624761667914
1624761667934
1624761667954
1624761667974
1624761667993
1624761668014
1624761668033
1624761668054
1624761668074
1624761668093
1624761668114
1624761668134
1624761668154
1624761668174
1624761668194
1624761668213
1624761668234
1624761668254
1624761668273
1624761668295
1624761668314
1624761668334
1624761668354
1624761668374
1624761668394
1624761668415
1624761668435
1624761668455
1624761668474
1624761668493
1624761668514
1624761668534
1624761668554
1624761668574
1624761668595
1624761668614
1624761668635
1624761668655
1624761668675
1624761668695
1624761668715
1624761668735
1624761668754
1624761668774
1624761668796
1624761668814
1624761668834
1624761668854
1624761668874
1624761668894
1624761668914
1624761668934
1624761668954
1624761668974
1624761668994
1624761669014
1624761669034
1624761669054
1624761669074
1624761669094
1624761669114
1624761669134
1624761669155
1624761669174
1624761669194
1624761669215
1624761669234
1624761669254
1624761669275
1624761669294
1624761669314
1624761669335
1624761669355
1624761669375
1624761669395
1624761669417
1624761669434
1624761669454
1624761669474
1624761669493
1624761669515
1624761669533
1624761669554
1624761669574
1624761669594
1624761669614
1624761669635
1624761669654
1624761669675
1624761669694
1624761669715
1624761669734
1624761669754
1624761669774
1624761669794
1624761669814
1624761669834
1624761669854
1624761669874
1624761669895
1624761669914
1624761669934
1624761669954
1624761669974
1624761669994
1624761670014
1624761670036
1624761670054
1624761670074
