-0.4790802
-0.6378021
-0.7235565
-0.7736206
-0.7672272
-0.6191559
-0.46150208
-0.35391235
-0.3144989
-0.36244202
-0.33314514
-0.17601013
0.012008667
0.07485962
-0.036453247
-0.14085388
-0.109436035
-0.05883789
-0.10836792
-0.16908264
-0.17068481
-0.23725891
-0.3352661
-0.26071167
0.068481445
0.40882874
0.48498535
0.19311523
-0.19837952
-0.4045105
-0.42315674
-0.29585266
-0.0716095
0.11482239
0.11854553
-0.0716095
-0.36935425
-0.6394043
-0.826355
-0.8375397
-0.6378021
-0.3693695
-0.26548767
-0.15577698
-0.04498291
0.004547119
0.07646179
0.25915527
0.50523376
0.24797058
-0.39385986
-0.72302246
-0.40664673
0.08604431
0.03916931
-0.31982422
-0.5856018
-0.5925293
-0.33207703
-0.0066375732
0.19309998
0.23464966
0.20428467
0.18458557
0.10469055
-0.07746887
-0.32302856
-0.54725647
-0.60105896
-0.53926086
-0.4790802
-0.40611267
-0.20903015
0.014678955
0.21653748
0.34809875
0.3816681
0.35342407
0.32040405
0.3486328
0.30603027
0.12812805
-0.04498291
-0.13606262
-0.1179657
0.004547119
0.17286682
0.31828308
0.44717407
0.4759369
0.4178772
0.2575531
0.033859253
-0.013031006
0.15475464
0.33425903
0.5020294
0.61868286
0.6660919
0.6426544
0.46315002
0.25862122
0.2655487
0.36035156
0.3544922
0.18885803
0.07220459
0.069000244
0.0056152344
-0.29638672
-0.8135681
-1.1368866
-1.0761566
-0.7384796
-0.35551453
-0.09664917
0.08392334
0.18139648
0.19737244
0.075927734
-0.13980103
-0.25750732
-0.21969604
-0.19837952
-0.22288513
-0.2079773
-0.14564514
-0.046585083
0.07060242
0.2644806
0.3875122
0.36408997
0.09829712
-0.4002533
-0.8673706
-0.90252686
-0.4002533
0.20162964
0.33319092
0.26715088
0.20855713
0.07911682
-0.046051025
-0.07695007
0.009353638
0.19363403
0.3635559
0.32307434
0.10896301
-0.06842041
-0.10357666
-0.016220093
0.10096741
0.2778015
0.40402222
0.3901825
0.20802307
-0.003967285
-0.039123535
0.33692932
0.763031
0.85569763
0.5089569
-0.029006958
-0.34432983
-0.42529297
-0.39492798
-0.31822205
-0.24951172
-0.11315918
0.115875244
0.30282593
0.27194214
0.035446167
-0.22181702
-0.25057983
-0.092926025
0.03916931
0.03225708
-0.015151978
0.097229004
0.1552887
-0.13552856
-0.78482056
-0.8497925
-0.35816956
0.22293091
0.59259033
0.7454529
0.5579529
0.07485962
-0.30970764
-0.35391235
-0.11476135
0.17500305
0.3875122
0.43971252
0.43652344
0.3124237
-0.4125061
-1.3030701
-1.351532
-0.53448486
0.30921936
0.45410156
0.20535278
-0.025283813
-0.011962891
0.26341248
0.53878784
0.58724976
0.42266846
0.1867218
0.027450562
-0.034332275
-0.06523132
-0.043395996
0.018936157
0.08444214
0.13664246
0.111083984
-0.011962891
-0.114227295
-0.15896606
-0.11955261
-0.055099487
-0.00982666
0.12120056
0.57341003
0.7704773
-0.05670166
-0.99572754
-1.0069122
-0.38639832
0.12705994
0.23039246
0.03970337
-0.13127136
-0.11955261
0.006149292
0.029052734
-0.10090637
-0.25750732
-0.3075714
-0.22235107
-0.19039917
-0.05456543
0.34225464
0.8796692
1.098053
0.84558105
0.17553711
-0.5520477
-0.81677246
-0.3853302
0.3789978
0.5803375
0.23039246
-0.16429138
-0.20690918
-0.021026611
-0.100372314
-0.31236267
-0.32356262
-0.17228699
0.06262207
0.2778015
0.38113403
0.33372498
0.13078308
-0.107299805
-0.19572449
-0.15631104
-0.188797
-0.37095642
-0.505188
-0.41783142
-0.10357666
0.12705994
-0.048171997
-0.32247925
-0.47747803
-0.35923767
0.106292725
0.3086853
-0.41036987
-0.99147034
-0.7816162
0.08232117
0.8530426
0.97714233
0.75450134
0.3241272
-0.07853699
-0.2942505
-0.31663513
-0.3784027
-0.50305176
-0.5147705
-0.32247925
-0.038589478
0.19418335
0.30070496
0.22346497
0.055160522
-0.24525452
-0.6420746
-0.7512512
-0.47854614
-0.10090637
0.3582306
0.76942444
0.93240356
0.7305298
0.25862122
-0.19519043
-0.33047485
-0.16854858
0.044509888
0.0695343
0.025863647
0.12705994
0.28526306
0.32733154
0.2602234
0.14144897
-0.037002563
-0.20317078
-0.20956421
-0.021026611
0.2778015
0.5180054
0.47807312
0.27726746
0.052490234
-0.1967926
-0.43273926
-0.46842957
-0.21862793
-0.104644775
-0.33473206
-0.4013214
-0.065216064
0.4189453
0.50683594
0.1552887
-0.19198608
-0.15203857
0.14356995
0.41308594
0.43173218
0.12547302
-0.2899933
-0.4487152
-0.12382507
0.39285278
0.7049713
0.6335907
0.3475647
0.20002747
0.16807556
0.10308838
-0.034866333
0.033859253
0.31028748
0.37420654
0.17500305
0.03225708
0.07220459
0.14196777
0.10308838
0.064208984
0.1675415
0.29377747
0.28152466
0.13078308
-0.038589478
-0.13552856
0.053024292
0.42640686
0.10096741
-0.07002258
0.09136963
0.37260437
