-0.33007812
-0.49679565
-0.60865784
-0.67204285
-0.62091064
-0.48402405
-0.40731812
-0.40412903
-0.42915344
-0.44140625
-0.36044312
-0.25231934
-0.25126648
-0.33061218
-0.35671997
-0.28694153
-0.14793396
0.017715454
0.14450073
0.19721985
0.10560608
-0.16656494
-0.51597595
-0.6667023
-0.39987183
0.113601685
0.43530273
0.30055237
-0.20599365
-0.6949463
-0.8323517
-0.5884094
-0.1708374
0.080581665
0.01612854
-0.12928772
-0.08401489
0.10455322
0.20202637
0.17538452
0.21054077
0.41825867
0.61001587
0.6062927
0.52693176
0.42411804
0.32505798
0.21054077
-0.13993835
-0.5223694
-0.69122314
-0.342865
0.264328
0.61694336
0.50775146
0.2584839
0.2004242
0.30215454
0.4012146
0.3660736
0.20735168
0.00920105
-0.14633179
-0.19639587
-0.20065308
-0.25125122
-0.3050537
-0.31356812
-0.27575684
-0.18041992
-0.044067383
0.09283447
0.1338501
0.07418823
0.07525635
0.25474548
0.4795227
0.5295868
0.3458252
0.07525635
-0.059509277
0.01612854
0.13703918
0.07472229
-0.1543274
-0.31411743
-0.25764465
-0.015838623
0.20628357
0.21374512
0.07737732
-3.8146973E-4
-0.011047363
-0.018493652
-0.0062408447
0.08909607
0.22332764
0.27339172
0.2403717
0.2089386
0.2723236
0.44702148
0.60736084
0.5695343
0.31547546
-0.07015991
-0.32263184
-0.31037903
-0.20492554
-0.1985321
-0.28108215
-0.23262024
-0.051513672
0.11999512
0.1503601
0.071517944
0.01612854
0.018249512
0.0012054443
-0.07922363
-0.15751648
-0.18360901
-0.20011902
-0.21183777
-0.16870117
-0.06111145
0.01399231
-0.01902771
-0.11703491
-0.11917114
-0.07122803
-0.12556458
-0.39187622
-0.76631165
-0.88934326
-0.5138397
0.18338013
0.74050903
0.76234436
0.33198547
-0.088272095
-0.21504211
-0.08720398
0.14768982
0.31973267
0.3234558
0.21907043
0.12265015
0.07897949
0.07525635
0.09283447
0.11413574
0.113601685
0.06300354
-0.025421143
-0.07015991
-0.037139893
0.03477478
0.13224792
0.2089386
0.13543701
-0.17723083
-0.55752563
-0.6992035
-0.4723053
-0.07601929
0.20256042
0.20735168
0.017196655
-0.15005493
-0.15644836
-0.07815552
-0.036071777
-0.049926758
-0.01423645
0.062469482
0.0912323
0.042755127
-0.027557373
-0.13354492
-0.21237183
-0.19692993
-0.041397095
0.15141296
0.14183044
0.035308838
-0.02330017
0.047027588
0.17805481
0.3261261
0.32559204
0.2638092
0.29682922
0.36235046
0.34902954
0.25741577
0.1535492
0.055007935
-0.14686584
-0.58096313
-0.8856201
-0.5069275
0.24888611
0.6776581
0.4725952
-0.022750854
-0.3631134
-0.33807373
-0.07229614
0.1423645
0.13650513
-0.015304565
-0.106918335
-0.020629883
0.17219543
0.30480957
0.2526245
0.11999512
0.10134888
0.2558136
0.40122986
0.39483643
0.34796143
0.37886047
0.4827118
0.5221405
0.3772583
0.22865295
0.22492981
0.12106323
-0.34020996
-0.6864166
-0.3828125
0.11253357
0.18656921
-0.17189026
-0.62197876
-0.7583313
-0.5255585
-0.19213867
-0.0025177002
-0.008911133
-0.13993835
-0.28108215
-0.33062744
-0.28961182
-0.1282196
0.13171387
0.35435486
0.38630676
0.2558136
0.21533203
0.4022827
0.46940613
0.18710327
-0.3631134
-1.1551361
-1.7649994
-1.5077362
-0.5452728
0.38311768
0.7229309
0.5125427
0.16793823
0.02357483
0.13171387
0.3069458
0.39111328
0.33251953
0.19563293
0.09869385
0.078445435
0.07897949
0.035308838
-0.025421143
0.029434204
0.2584839
0.49336243
0.45448303
0.120529175
-0.095199585
0.045959473
0.3426361
0.51200867
0.2819214
-0.3705597
-0.7402191
-0.42276
0.14875793
0.21372986
-0.43875122
-1.1609955
-1.3239746
-0.86805725
-0.18148804
0.3703308
0.597229
0.55674744
0.43211365
0.3181305
0.23983765
0.14076233
-0.01210022
-0.046722412
0.15034485
0.4038849
0.48963928
0.36393738
0.10241699
-0.36523438
-0.75938416
-0.5511322
0.066726685
0.56581116
0.6952362
0.5040283
0.20414734
-0.01902771
-0.07762146
-0.0019836426
0.12213135
0.19030762
0.1343689
-0.020629883
-0.19320679
-0.25498962
-0.1559143
0.02357483
0.19030762
0.2866974
0.30162048
0.3181305
0.42359924
0.5919037
0.6361084
0.47685242
0.29629517
0.25476074
0.22279358
-0.00944519
-0.43182373
-0.68055725
-0.58255005
-0.41371155
-0.48614502
-0.73435974
-0.8014679
-0.54953
-0.20065308
-0.015838623
-0.01423645
-0.05632019
0.00440979
0.2089386
0.43585205
0.48857117
0.34635925
0.22918701
0.27072144
0.43424988
0.56581116
0.4358368
0.07046509
-0.121292114
0.0022735596
0.023040771
-0.37483215
-0.75831604
-0.73062134
-0.5101166
-0.35351562
-0.20385742
-0.081344604
-0.050979614
-0.025421143
0.10987854
0.27978516
0.28085327
0.18391418
0.06513977
-0.18255615
-0.09945679
0.24835205
0.3303833
