-18.998718
-19.12384
-18.684387
-18.435669
-20.851135
-19.935608
-20.600891
-21.572876
-22.137451
-20.324707
-20.562744
-21.723938
-20.88623
-21.24939
-21.598816
-21.636963
-21.122742
-21.812439
-23.013306
-21.51184
-22.135925
-22.740173
-23.887634
-22.950745
-22.950745
-22.950745
-23.387146
-23.30017
-22.950745
-23.973083
-23.886108
-25.653076
-24.050903
-25.090027
-26.29242
-25.239563
-26.153564
-26.153564
-25.526428
-27.217102
-27.668762
-28.645325
-28.54309
-28.923035
-27.946472
-29.86908
-27.590942
-28.918457
-26.879883
-27.667236
-28.08075
-28.005981
-26.98059
-28.666687
-27.479553
-27.941895
-29.379272
-27.71759
-29.04358
-27.653503
-28.730774
-28.253174
-29.47998
-29.704285
-27.58789
-29.005432
-29.455566
-30.607605
-28.378296
-31.23169
-30.854797
-32.167053
-31.64215
-31.930542
-30.392456
-30.479431
-30.992126
-29.85382
-31.056213
-30.828857
-30.618286
-32.99408
-32.868958
-31.892395
-33.073425
-32.781982
-33.6792
-33.683777
-31.954956
-32.08313
-32.992554
-32.24182
-31.829834
-31.204224
-32.243347
-32.366943
-31.329346
-30.766296
-30.615234
-29.82483
-28.961182
-28.660583
-27.598572
-27.598572
-28.161621
-28.199768
-27.810669
-27.171326
-27.145386
-28.723145
-28.723145
-28.761292
-31.19812
-30.325317
-30.848694
-32.673645
-30.72052
-31.471252
-31.095886
-30.69458
-31.660461
-31.57196
-32.22351
-32.69806
-33.86078
-32.39746
-32.637024
-33.174133
-35.003662
-34.6756
-34.74884
-34.83734
-36.499023
-35.04944
-37.516785
-38.49182
-39.204407
-38.80768
-38.269043
-39.64386
-40.246582
-38.8443
-40.870667
-39.68506
-39.74762
-39.65912
-39.62097
-38.39569
-40.371704
-41.011047
-41.098022
-41.036987
-39.097595
-39.93683
-39.596558
-39.59503
-37.982178
-39.219666
-40.559387
-39.097595
-38.29651
-38.64441
-36.680603
-38.645935
-37.55951
-37.70752
-37.768555
-36.91864
-39.12201
-37.76703
-37.45575
-37.205505
-36.253357
-36.66687
-37.41913
-37.35504
-36.753845
-38.36975
-38.36975
-38.36975
-38.079834
-36.64093
-36.791992
-37.83264
-40.222168
-40.322876
-39.8468
-39.596558
-38.70697
-38.55896
-38.84735
-39.823914
-38.55896
-40.59906
-40.512085
-37.686157
-37.27417
-37.661743
-38.372803
-39.888
-40.377808
-41.430664
-42.967224
-41.366577
-40.32898
-40.61432
-39.787292
-40.725708
-40.127563
-39.437866
-38.16223
-38.65204
-37.724304
-38.961792
-39.886475
-38.476562
-39.22882
-37.33673
-38.35144
-38.191223
-38.627625
-38.153076
-38.002014
-38.00049
-38.375854
-38.60321
-38.352966
-39.230347
-36.665344
-37.028503
-37.686157
-37.27722
-39.041138
-38.4552
-37.791443
-37.84027
-37.75177
-37.68921
-38.938904
-37.76703
-38.690186
-36.04889
-39.538574
-39.604187
-39.414978
-38.656616
-40.70587
-38.56659
-38.47809
-38.0661
-37.379456
-36.43036
-38.357544
-38.583374
-39.87274
-39.87274
-39.87274
-39.520264
-39.935303
-40.89508
-39.21051
-38.520813
-37.85858
-40.11841
-39.871216
-38.632202
-37.791443
-37.916565
-37.442017
-38.154602
-37.76703
-37.727356
-38.352966
-37.065125
-38.00354
-38.757324
-39.930725
-40.26947
-38.02948
-38.505554
-38.380432
-40.483093
-40.460205
-40.359497
-39.170837
-39.733887
-41.648865
-41.999817
-42.060852
-40.211487
-40.56244
-40.42206
-40.246582
-39.483643
-40.444946
-40.107727
-39.73236
-40.359497
-40.397644
-39.61029
-41.497803
-40.54718
-42.599487
-41.149902
-41.11023
-41.8396
-42.355347
-41.903687
-42.54303
-42.60559
-43.295288
-41.729736
-40.316772
-42.352295
-41.664124
-40.776062
-41.72821
-40.7135
-40.56549
-40.815735
-40.50293
-40.7547
-39.813232
-40.41443
-40.87677
-40.525818
-38.401794
-40.15045
-39.71405
-40.85388
-37.713623
-39.9765
-39.9765
-39.9765
-39.216614
-38.37738
-39.02893
-40.919495
-39.479065
-39.15558
-40.168762
-40.85846
-40.38086
-37.779236
-39.115906
-38.615417
-38.21411
-36.679077
-37.69989
-39.189148
-38.237
-38.050842
-36.950684
-38.864136
-38.80005
-38.153076
-36.2381
-37.075806
-37.11548
-36.180115
-36.8042
-35.51483
-36.26709
-38.005066
-37.365723
-36.74164
-37.431335
-36.71875
-37.113953
-35.90088
-35.450745
-34.66339
-36.01532
-34.851074
-34.0744
-34.161377
-34.310913
-35.45227
-36.07788
-34.7641
-34.22699
-34.56421
-35.07843
-33.787537
