-37.002563
-35.21881
-36.12213
-35.49347
-33.90045
-34.379578
-33.00476
-33.84552
-32.951355
-32.42035
-30.914307
-32.36084
-31.411743
-32.470703
-31.436157
-32.495117
-32.50122
-32.339478
-31.793213
-32.63855
-31.61621
-29.185486
-31.245422
-30.281067
-30.281067
-30.281067
-31.820679
-32.41272
-31.921387
-31.874084
-30.825806
-28.735352
-31.092834
-30.201721
-30.532837
-30.81665
-29.80194
-29.496765
-29.64325
-29.821777
-28.761292
-28.648376
-28.977966
-28.012085
-28.88794
-29.928589
-31.069946
-30.187988
-30.090332
-30.288696
-30.612183
-29.103088
-28.7323
-29.902649
-29.682922
-29.57611
-31.454468
-28.941345
-30.654907
-30.482483
-29.582214
-31.105042
-29.789734
-30.729675
-31.718445
-31.121826
-30.368042
-28.764343
-29.779053
-28.808594
-28.056335
-29.658508
-30.35431
-28.416443
-29.997253
-30.319214
-31.382751
-30.274963
-32.2464
-31.53534
-33.454895
-31.297302
-31.44226
-32.318115
-30.632019
-32.339478
-33.92334
-32.2052
-33.065796
-32.273865
-34.92279
-34.90753
-33.361816
-33.813477
-33.380127
-35.37445
-34.547424
-34.373474
-36.50818
-36.805725
-37.998962
-39.328003
-39.271545
-39.271545
-39.445496
-39.741516
-38.534546
-38.684082
-39.453125
-38.2843
-38.2843
-38.275146
-37.51526
-36.384583
-35.993958
-37.286377
-37.24518
-38.024902
-38.302612
-38.77716
-37.713623
-36.97052
-36.512756
-35.94513
-37.81128
-37.464905
-36.531067
-37.016296
-36.132812
-37.506104
-37.413025
-37.698364
-37.8067
-36.961365
-36.99646
-34.78546
-35.26764
-34.59778
-35.943604
-37.532043
-37.04834
-37.45117
-36.787415
-35.65216
-36.401367
-38.215637
-36.888123
-38.319397
-38.545227
-38.700867
-38.56659
-37.626648
-39.224243
-37.57782
-39.10675
-41.397095
-39.064026
-42.437744
-39.45465
-39.224243
-39.944458
-41.19873
-41.5802
-40.43579
-40.803528
-39.77661
-39.686584
-40.533447
-40.438843
-41.212463
-39.949036
-39.35852
-40.68756
-39.637756
-38.890076
-39.97345
-40.571594
-39.393616
-39.393616
-39.393616
-40.452576
-40.4068
-40.56244
-38.908386
-38.389587
-38.365173
-38.36212
-39.10675
-40.153503
-40.112305
-40.693665
-40.58075
-39.80713
-40.019226
-39.390564
-40.01007
-39.686584
-42.115784
-41.567993
-39.80255
-39.1922
-37.841797
-37.02545
-37.550354
-38.250732
-38.298035
-39.0625
-38.653564
-37.075806
-38.267517
-38.37433
-39.556885
-40.76538
-39.02588
-40.870667
-38.186646
-38.201904
-39.978027
-39.093018
-38.137817
-38.80005
-37.68921
-39.05945
-39.250183
-39.544678
-39.98871
-37.565613
-38.77411
-38.990784
-39.744568
-39.704895
-37.512207
-37.290955
-36.779785
-36.17096
-36.5036
-37.705994
-36.958313
-37.31537
-37.20703
-35.198975
-36.920166
-36.90796
-35.061646
-35.220337
-34.214783
-35.224915
-34.539795
-37.42218
-36.946106
-37.487793
-36.52649
-36.57379
-34.918213
-35.113525
-35.113525
-35.113525
-37.675476
-34.64203
-36.706543
-34.61914
-34.170532
-34.439087
-37.002563
-35.87799
-35.403442
-36.17096
-36.904907
-36.13739
-36.16333
-37.20703
-37.40692
-37.260437
-36.912537
-35.89325
-35.26001
-33.99353
-33.685303
-35.429382
-35.432434
-34.965515
-33.06427
-32.42035
-32.902527
-33.750916
-32.85675
-31.570435
-30.078125
-32.048035
-32.40204
-32.855225
-32.429504
-33.042908
-32.724
-33.0719
-33.07495
-33.047485
-31.680298
-31.671143
-30.596924
-32.484436
-32.28607
-32.798767
-30.619812
-32.460022
-30.763245
-28.926086
-29.67987
-29.074097
-29.821777
-29.394531
-31.170654
-32.148743
-32.284546
-32.25403
-31.92749
-30.59845
-31.48346
-30.374146
-31.575012
-31.266785
-31.39801
-31.884766
-32.354736
-32.209778
-32.214355
-32.099915
-32.951355
-33.052063
-32.328796
-31.306458
-32.914734
-32.914734
-32.914734
-31.336975
-32.678223
-31.19049
-30.02472
-30.436707
-29.93927
-29.246521
-29.084778
-31.066895
-29.000854
-30.291748
-31.17218
-30.426025
-29.411316
-29.97284
-28.977966
-31.375122
-30.578613
-30.529785
-29.702759
-30.786133
-30.25055
-29.742432
-31.149292
-29.728699
-30.404663
-30.908203
-30.560303
-30.575562
-31.695557
-31.845093
-31.341553
-30.303955
-29.516602
-31.712341
-32.110596
-31.336975
-30.262756
-30.900574
-30.867004
-32.49817
-32.66754
-33.587646
-30.574036
-30.427551
-31.001282
-30.821228
-31.582642
-31.118774
-33.213806
