1624763924268
1624763924271
1624763924299
1624763924313
1624763924330
1624763924351
1624763924375
1624763924390
1624763924412
1624763924432
1624763924452
1624763924471
1624763924490
1624763924513
1624763924533
1624763924552
1624763924571
1624763924591
1624763924613
1624763924632
1624763924651
1624763924673
1624763924693
1624763924713
1624763924733
1624763924751
1624763924771
1624763924791
1624763924812
1624763924832
1624763924852
1624763924873
1624763924892
1624763924912
1624763924932
1624763924953
1624763924971
1624763924990
1624763925011
1624763925031
1624763925051
1624763925072
1624763925091
1624763925113
1624763925132
1624763925152
1624763925173
1624763925193
1624763925212
1624763925231
1624763925251
1624763925271
1624763925292
1624763925312
1624763925331
1624763925352
1624763925372
1624763925392
1624763925412
1624763925432
1624763925452
1624763925472
1624763925491
1624763925511
1624763925531
1624763925552
1624763925572
1624763925593
1624763925611
1624763925631
1624763925651
1624763925671
1624763925691
1624763925711
1624763925731
1624763925751
1624763925771
1624763925791
1624763925812
1624763925831
1624763925851
1624763925872
1624763925892
1624763925911
1624763925932
1624763925952
1624763925972
1624763925992
1624763926013
1624763926033
1624763926052
1624763926073
1624763926092
1624763926113
1624763926133
1624763926153
1624763926173
1624763926192
1624763926212
1624763926232
1624763926252
1624763926287
1624763926291
1624763926313
1624763926332
1624763926353
1624763926372
1624763926391
1624763926413
1624763926433
1624763926453
1624763926473
1624763926492
1624763926514
1624763926535
1624763926553
1624763926572
1624763926592
1624763926612
1624763926632
1624763926653
1624763926673
1624763926693
1624763926712
1624763926731
1624763926753
1624763926774
1624763926792
1624763926813
1624763926833
1624763926853
1624763926874
1624763926894
1624763926914
1624763926933
1624763926953
1624763926972
1624763926992
1624763927013
1624763927032
1624763927052
1624763927073
1624763927093
1624763927113
1624763927132
1624763927153
1624763927172
1624763927193
1624763927213
1624763927232
1624763927253
1624763927273
1624763927293
1624763927313
1624763927333
1624763927352
1624763927373
1624763927393
1624763927413
1624763927433
1624763927455
1624763927472
1624763927493
1624763927514
1624763927534
1624763927555
1624763927574
1624763927593
1624763927614
1624763927634
1624763927654
1624763927673
1624763927694
1624763927713
1624763927733
1624763927753
1624763927773
1624763927793
1624763927813
1624763927834
1624763927854
1624763927873
1624763927900
1624763927912
1624763927933
1624763927954
1624763927973
1624763927992
1624763928012
1624763928033
1624763928052
1624763928073
1624763928094
1624763928113
1624763928133
1624763928153
1624763928173
1624763928192
1624763928213
1624763928233
1624763928252
1624763928275
1624763928293
1624763928313
1624763928333
1624763928353
1624763928373
1624763928393
1624763928414
1624763928434
1624763928454
1624763928473
1624763928493
1624763928515
1624763928534
1624763928554
1624763928575
1624763928594
1624763928613
1624763928633
1624763928653
1624763928673
1624763928693
1624763928712
1624763928734
1624763928755
1624763928773
1624763928793
1624763928813
1624763928833
1624763928854
1624763928873
1624763928895
1624763928913
1624763928934
1624763928955
1624763928974
1624763928994
1624763929013
1624763929034
1624763929054
1624763929075
1624763929093
1624763929113
1624763929135
1624763929155
1624763929175
1624763929193
1624763929213
1624763929233
1624763929253
1624763929274
1624763929293
1624763929314
1624763929333
1624763929354
1624763929373
1624763929394
1624763929415
1624763929435
1624763929455
1624763929475
1624763929494
1624763929514
1624763929534
1624763929554
1624763929574
1624763929593
1624763929614
1624763929635
1624763929655
1624763929674
1624763929694
1624763929714
1624763929734
1624763929754
1624763929774
1624763929793
1624763929814
1624763929834
1624763929854
1624763929874
1624763929894
1624763929914
1624763929934
1624763929954
1624763929974
1624763929993
1624763930014
1624763930034
1624763930054
1624763930074
1624763930093
1624763930113
1624763930134
1624763930154
1624763930174
1624763930194
1624763930215
1624763930234
1624763930253
1624763930274
1624763930294
1624763930314
1624763930334
1624763930354
1624763930374
1624763930395
1624763930414
1624763930435
1624763930455
1624763930475
1624763930495
1624763930514
1624763930535
1624763930555
1624763930576
1624763930596
1624763930614
1624763930634
1624763930654
1624763930674
1624763930694
1624763930714
1624763930734
1624763930755
1624763930774
1624763930794
1624763930814
1624763930834
1624763930854
1624763930874
1624763930894
1624763930913
1624763930934
1624763930954
1624763930974
1624763930994
1624763931014
1624763931035
1624763931054
1624763931074
1624763931095
1624763931115
1624763931136
1624763931154
1624763931174
1624763931194
1624763931214
1624763931235
1624763931253
1624763931275
1624763931294
1624763931314
1624763931336
1624763931355
1624763931375
1624763931395
1624763931415
1624763931434
1624763931455
1624763931476
1624763931496
1624763931515
1624763931534
1624763931556
1624763931576
1624763931595
1624763931615
1624763931634
1624763931654
1624763931674
1624763931695
1624763931715
1624763931735
1624763931755
1624763931775
1624763931794
1624763931814
1624763931834
1624763931854
1624763931874
1624763931894
1624763931914
