2.2980652
2.5626373
2.9708405
3.107315
2.9600677
2.5446777
1.8060608
1.2721558
0.8412018
0.59339905
0.86753845
1.4313812
1.8491516
1.8551483
1.5858002
1.5834045
1.9006348
1.7498016
1.7737427
1.6600189
1.68396
1.9102173
1.960495
1.7569885
1.6013641
1.5008087
1.4265747
1.1811829
0.8256378
0.92977905
1.1763916
1.3356018
1.4864349
1.7162781
1.7342377
1.7091064
1.6456604
1.4229889
1.400238
1.7509918
2.3148346
2.5638275
2.1963196
1.7330322
1.6504364
1.7677612
1.8671112
1.7498016
1.4589081
1.3475647
1.5271301
1.6899414
1.439743
0.9202118
0.65444946
0.41503906
0.5191803
0.9130249
1.2242737
1.3176422
0.92858887
0.5670624
0.8471832
1.3834839
2.028717
2.2130737
1.5067902
0.6412811
0.36834717
0.62213135
1.0375214
1.158432
0.78492737
0.24145508
-0.13923645
-0.106903076
0.21870422
0.5993805
0.7789459
0.90104675
1.1799774
1.5115814
1.5415039
1.2194824
0.88908386
0.8160553
0.93696594
0.8340149
0.5874176
0.4150238
0.3348236
0.43658447
0.5682678
0.648468
0.8052826
0.9118347
0.97647095
0.9561157
0.9525299
0.9704895
0.9501343
0.86395264
0.75502014
0.7394409
0.7178955
0.58262634
0.47608948
0.7178955
1.1572418
1.3140564
1.197937
1.1249084
1.2482147
1.1572418
1.0973816
1.2877197
1.5115814
1.3703156
0.9489441
0.7167053
0.41862488
-0.13444519
-0.29486084
0.21511841
0.7538147
0.74183655
0.45333862
0.20315552
0.21392822
0.52038574
0.68437195
0.75260925
0.8412018
0.9776764
1.2075043
1.3655243
1.466095
1.411026
1.213501
1.1440582
1.276947
1.4624939
1.5450897
1.3894653
1.1320953
0.77775574
0.78852844
1.1751862
1.2889099
1.1620178
1.2829285
1.7055054
1.9904175
1.857544
1.4146118
0.9106293
0.6233368
0.50601196
0.6137543
0.8184662
0.92858887
1.158432
1.3858795
1.6348724
1.6911316
1.2494049
0.57066345
0.27496338
0.5802307
1.1440582
1.3403931
0.940567
0.55747986
0.75141907
1.1476593
1.0614624
0.60298157
0.17321777
0.2450409
0.4892578
0.56466675
0.5155945
0.29292297
0.09301758
0.16963196
0.43060303
0.69155884
0.90104675
1.0985718
1.3391876
1.565445
1.7007294
1.5307312
1.0722351
0.6592407
0.5287628
0.74183655
0.8591614
0.7849426
0.78733826
0.9824524
1.253006
1.3140564
1.292511
1.3751068
1.5786133
1.786911
1.7737427
1.573822
1.2949066
0.97528076
0.62332153
0.4401703
0.6999359
1.1225128
1.3547516
1.3631287
1.3619385
1.4373627
1.3751068
1.2422333
1.2158966
1.1261139
1.0578766
1.2506104
1.545105
1.6384735
1.4804535
1.2625732
1.2051239
1.3427887
1.2506104
1.0016174
1.0231628
1.1081543
0.9621124
0.70832825
0.79571533
0.95492554
0.9896393
1.0674438
1.2960968
1.5223541
1.7031097
1.7605743
1.8036652
1.7725372
1.6743927
1.7414246
2.028717
2.2621613
2.439331
2.727829
3.016327
2.9971771
2.4453125
2.0430908
2.0885773
1.9892273
1.7509918
1.5714264
1.6001587
1.6935425
1.613327
1.4337616
1.5139618
1.7055054
1.7521973
1.6564178
1.5786133
1.6456451
1.865921
2.2944794
2.6188965
2.6105194
2.3890533
2.1963196
1.8886719
1.7270508
1.8683167
2.126892
2.1687927
2.0107727
1.7007141
1.560669
1.4852448
1.332016
1.1847687
0.5910034
0.03555298
0.21032715
0.8136749
1.197937
1.2889099
1.2182922
1.3727112
1.6731873
1.7330475
1.5965729
1.5510864
1.6121368
1.7067108
1.7270508
1.8096466
1.8970337
1.8719025
1.8551483
1.9437256
2.0167542
1.8431702
1.7019196
1.6887512
1.5008087
1.2781372
1.2158966
1.2853241
1.1847687
1.0662537
0.86753845
0.7610016
0.79571533
0.8627472
0.956131
1.0734406
1.1021729
1.1153412
1.1727905
1.213501
1.2565918
1.4804535
1.7450104
1.9940033
2.031128
1.8120422
1.7402191
1.8072662
1.7725525
1.7785339
1.8886719
1.5151672
1.1356812
1.9987946
2.171173
2.1879425
1.8347931
0.64367676
-0.06262207
0.027160645
0.47250366
0.68078613
0.66882324
0.5072174
0.34799194
0.38272095
0.56466675
0.8160553
0.9585266
1.0435028
1.1751862
1.5630493
2.0155487
2.2070923
2.2406158
2.1735687
1.86232
1.6492462
1.7222595
1.8850708
1.8252106
1.7174683
1.5019989
1.2697601
1.229065
1.1680145
1.0890045
0.9118347
0.66282654
0.6759949
0.7346649
0.76338196
0.8435974
0.960907
0.74064636
0.2223053
-0.1272583
-0.15119934
-0.0099487305
0.19596863
0.4724884
0.7610016
1.1141357
1.5271301
1.8323975
2.0454865
2.0670319
1.7282562
1.2386322
0.97647095
0.9812622
1.0770264
1.0447083
0.73825073
0.50601196
0.6819916
1.0530853
0.7167053
-0.70066833
-2.2425385
-2.604065
-1.6308136
-0.21105957
0.782547
1.0770264
1.182373
1.1392822
1.0471039
0.9118347
0.822052
0.89985657
1.1692047
1.565445
1.7450104
1.7043152
1.6959381
1.7677612
1.9533081
2.1628113
2.1831512
1.9042358
1.6935425
1.7426147
1.9185944
1.8755035
1.2745514
0.6592407
0.72029114
1.1081543
1.1416779
0.98724365
0.8735199
0.8986664
1.0973816
1.3092651
1.3403931
1.3451843
1.5810089
1.9317627
2.0023956
1.7988739
1.490036
1.5163574
1.7952881
1.9963989
1.9748535
1.6887512
1.3308105
1.3786926
1.5965729
1.905426
2.2382202
1.8922577
0.7837372
-0.15240479
-0.28048706
0.28694153
1.1069641
1.7749481
2.1616058
2.3196259
2.2633514
2.0957642
2.1651917
2.3555298
2.5111542
2.597351
2.657196
2.7338104
2.7972717
2.8870392
2.969635
2.870285
2.636856
2.4560852
2.3854523
2.2082825
2.1173096
1.7737427
1.3858795
1.5606537
2.0442963
2.2202606
2.0586548
1.5869904
1.0195618
0.8364105
1.2565918
1.8395844
2.2058868
2.3962402
2.2537842
1.9125977
1.6779785
1.6360779
1.6157227
1.84198
2.1807556
2.427353
2.4129944
2.2992706
2.289688
2.3184204
2.233429
2.3160248
1.9856262
0.6376953
-0.18113708
0.5814209
1.8958435
2.7960663
2.6392365
1.9365387
1.4792633
1.4277802
1.7150879
2.1436462
2.4944
2.7457886
2.9289398
3.1025238
3.1803284
3.1528015
3.052246
3.0187225
3.186325
3.450882
3.3898315
3.0330963
2.6177063
2.173584
1.355957
1.8276062
3.2581482
2.3710938
-0.9412842
-2.22937
-0.43611145
1.1919556
1.1847687
0.4222107
-0.111694336
0.86753845
1.8192291
1.9030304
1.4684753
1.3104706
2.391449
1.4589081
1.355957
1.644455
1.1057587
1.1021729
1.4074249
1.3092651
1.2949066
1.68396
1.7102966
1.4385529
1.3727112
1.4816437
1.644455
1.7043152
1.4182129
0.995636
0.8687439
0.94296265
1.0542755
1.2254639
1.2518005
1.1500549
1.1704102
1.3284302
1.5570679
1.8204346
2.2154694
2.6320648
2.782898
2.3902435
1.8347931
1.6253052
1.5798035
1.5283356
1.558258
1.513977
1.2697601
0.9202118
0.6233368
0.13729858
0.2115326
0.8543701
1.1452637
0.97528076
0.8591614
0.9680939
1.1237183
1.158432
1.0854034
0.89627075
0.76338196
0.8627472
1.1225128
1.415802
1.68396
1.7821198
1.7055054
1.6073456
1.529541
1.5690308
1.7725372
1.9173889
1.9377441
1.9102173
1.76297
1.5750275
1.42659
1.3643341
1.5606537
1.7857056
1.8012695
1.5379181
0.99801636
0.61494446
0.48805237
0.49165344
0.46650696
0.3887024
0.5275574
0.90823364
1.2697601
1.6408691
1.94133
2.087387
2.147232
2.2908936
2.509964
2.8343658
2.9947815
2.9349365
2.8092346
2.7398071
2.6380463
2.533905
2.4345398
2.2118835
2.0251312
2.031128
2.2035065
2.3148346
2.1101227
1.8395844
1.8479614
1.8790894
1.7785339
1.7976837
1.949707
2.1496277
2.250183
2.233429
2.1376648
2.3375702
2.6584015
2.8295898
2.9708405
3.0330963
2.7745209
2.1987152
1.8910522
1.989212
2.3734894
2.4441223
2.305252
2.2202606
2.2765198
2.396225
2.4345398
2.5255127
2.7230377
2.5662231
2.0107727
1.6743774
1.6719818
1.6240997
1.5295258
1.2541962
0.9920349
1.0590668
1.3906708
1.7557831
1.9904175
2.02034
2.0227356
2.1604004
2.2992706
2.328003
2.3878632
2.324417
2.1999054
2.193924
2.4261627
2.6548004
2.6967163
2.688324
2.6200867
2.4477081
2.1795502
2.1424408
2.0646362
1.6552277
1.1859741
1.2170868
1.6229095
1.9197845
1.8539429
1.771347
1.8611298
1.9341583
1.886261
1.92099
2.008377
1.9592896
1.9305725
2.0095673
2.1376648
2.2549744
2.4201813
2.4405212
2.2537842
2.2442017
2.4764404
2.5662231
2.3244019
2.0191498
1.8898621
2.0382996
2.2442017
2.2346344
2.0885773
1.8407745
1.5462952
1.1572266
1.0758362
1.2158966
1.2410278
1.2446289
1.2386475
1.2398376
1.3511658
1.5666351
1.6959229
1.8096619
1.9197845
2.1532288
2.4082031
2.659607
2.9445038
3.0091553
2.9193726
2.8439484
2.8918304
2.837967
2.664383
2.578186
2.202301
2.210678
2.7374115
2.4381256
2.2848969
1.7928925
