0.19732666
0.29214478
0.312912
0.19892883
-0.07537842
-0.47966003
-0.7789917
-0.8024292
-0.56274414
-0.23197937
0.012512207
0.043395996
-0.1169281
-0.27085876
-0.30281067
-0.30334473
-0.3214569
-0.21707153
-0.11425781
-0.111068726
-0.12225342
-0.10202026
-0.12918091
-0.16166687
-0.1558075
-0.1446228
-0.14994812
-0.15687561
-0.11746216
-0.024780273
0.059387207
0.13075256
0.18667603
0.22875977
0.24473572
0.18774414
0.16697693
0.28894043
0.47483826
0.58561707
0.55366516
0.39813232
0.24687195
0.22450256
0.25219727
0.1770935
0.05671692
0.0013122559
0.03062439
0.12382507
0.18135071
0.15844727
0.13980103
0.19999695
0.30758667
0.43008423
0.4934845
0.44607544
0.3027954
0.12649536
0.06364441
0.17070007
0.3262329
0.2932129
-0.025848389
-0.4418335
-0.6697998
-0.6202698
-0.47433472
-0.44129944
-0.5440979
-0.7624817
-0.9712677
-1.0027008
-0.8178711
-0.5440979
-0.3203888
-0.15101624
-0.0466156
0.019439697
0.047668457
-0.016799927
-0.10786438
-0.13717651
-0.09828186
-0.050338745
-0.0040130615
0.048736572
0.11689758
0.2617798
0.4386139
0.5946808
0.70706177
0.72943115
0.6815033
0.58348083
0.46791077
0.34114075
0.19094849
0.047668457
-0.05567932
-0.09616089
-0.05833435
0.013580322
0.06629944
0.14833069
0.31877136
0.486557
0.5509949
0.5286255
0.49879456
0.4705658
0.38908386
0.26976013
0.16590881
0.041275024
-0.1835022
-0.47592163
-0.75608826
-0.9792633
-1.0277252
-0.8290558
-0.52919006
-0.3310547
-0.31454468
-0.3710022
-0.34329224
-0.22451782
-0.078048706
0.033813477
0.07588196
0.101989746
0.1334076
0.13554382
0.09346008
-0.0050811768
-0.11906433
-0.16273499
-0.10095215
0.0236969
0.14300537
0.21278381
0.23248291
0.24313354
0.29959106
0.40559387
0.5073242
0.57710266
0.61065674
0.6415558
0.63835144
0.5211792
0.29000854
0.03807068
-0.1361084
-0.18191528
-0.124923706
-0.0029449463
0.12649536
0.22608948
0.31451416
0.3778839
0.33955383
0.19360352
0.0013122559
-0.15368652
-0.18617249
-0.13929749
-0.14408875
-0.29429626
-0.514801
-0.63197327
-0.6431732
-0.70121765
-0.83491516
-0.90415955
-0.8359833
-0.7065582
-0.60162354
-0.55474854
-0.55155945
-0.5361023
-0.46366882
-0.33638
-0.18403625
-0.055145264
0.017303467
0.06790161
0.104644775
0.10838318
0.03541565
-0.10734558
-0.2580719
-0.33636475
-0.29962158
-0.20428467
-0.07858276
0.07749939
0.22183228
0.35232544
0.43754578
0.5009308
0.5818939
0.6644592
0.6697693
0.59254456
0.45939636
0.29267883
0.097732544
-0.07058716
-0.13290405
-0.053009033
0.08708191
0.18881226
0.23568726
0.22076416
0.17176819
0.111572266
0.0513916
0.0013122559
-0.033843994
-0.03491211
-0.011474609
0.03327942
0.0471344
-0.041290283
-0.16912842
-0.23677063
-0.28204346
-0.3710022
-0.45355225
-0.43597412
-0.36779785
-0.34117126
-0.37898254
-0.4226532
-0.37524414
-0.28311157
-0.22293091
-0.19628906
-0.13771057
-0.06526184
-0.045562744
-0.08230591
-0.16113281
-0.22558594
-0.22239685
-0.17338562
-0.09030151
0.0236969
0.16218567
0.28042603
0.31237793
0.2394104
0.12168884
0.08441162
0.11903381
0.1568451
0.16377258
0.15151978
0.13554382
0.12489319
0.10731506
0.08280945
0.0710907
0.08494568
0.11051941
0.13607788
0.15312195
0.19625854
0.28894043
0.37950134
0.39227295
0.32463074
0.20478821
0.08761597
0.014099121
-0.003479004
7.7819824E-4
-0.007736206
-0.07325745
-0.22132874
-0.37472534
-0.41893005
-0.38963318
-0.4333191
-0.54463196
-0.62612915
-0.5686035
-0.32199097
-0.03010559
0.1217041
0.12435913
0.09559631
0.08282471
0.06523132
0.021560669
-0.051940918
-0.104141235
-0.14729309
-0.19096375
-0.19415283
-0.18084717
-0.23516846
-0.27618408
-0.2218628
-0.11000061
-0.050872803
-0.08018494
-0.075912476
-0.007736206
0.05831909
0.116378784
0.17549133
0.2239685
0.23622131
0.23194885
0.24633789
0.26338196
0.27882385
0.2820282
0.25325012
0.20213318
0.14033508
0.071624756
0.022628784
0.01411438
0.0236969
0.0513916
0.090270996
0.118499756
0.088134766
0.01411438
-0.0029449463
0.021560669
0.016235352
-0.015731812
-0.04714966
-0.040756226
0.047668457
0.11584473
0.02848816
-0.179245
-0.53079224
-0.7997589
-0.943573
-0.8258667
-0.5797882
-0.45887756
-0.48017883
-0.54463196
-0.5797882
-0.5584717
-0.512146
-0.5137329
-0.5664673
-0.5883026
-0.5536957
-0.49668884
-0.49935913
-0.60375977
-0.7598114
-0.90415955
-1.0351868
-1.0991058
-1.0943146
-1.1113586
-1.1742096
-1.2226715
-1.2423859
-1.2210693
-1.1257324
-0.9723358
-0.8322449
-0.73690796
-0.6431732
-0.5696564
-0.5398407
-0.52279663
-0.5632782
-0.6841736
-0.8354492
-1.0096283
-1.0889893
-1.0522308
-0.99256897
-0.943573
-0.8865814
-0.8269348
-0.7901764
-0.80882263
-0.8983002
-1.036789
-1.2274628
-1.4405212
-1.6008453
-1.675415
-1.675415
-1.6557007
-1.6296082
-1.6269379
-1.6477051
-1.6535797
-1.691391
-1.9811401
-2.4312134
-2.4919434
-2.013092
-1.2471771
-0.655426
-0.5249176
-0.6655426
-0.8136139
-0.93452454
-1.0575562
-1.1251984
-1.102829
-1.0112152
-0.8924408
-0.7971039
-0.77578735
-0.81307983
-0.8439636
-0.84184265
-0.77845764
-0.70602417
-0.7028198
-0.7054901
-0.63145447
-0.5110779
-0.45141602
-0.5153351
-0.61920166
-0.641037
-0.54089355
-0.4503479
-0.4902954
-0.592041
-0.68045044
-0.7443695
-0.79177856
-0.84928894
-0.9100189
-0.9222717
-0.9057617
-0.9313202
-1.0080261
-1.1060333
-1.1736755
-1.1438446
-1.053833
-1.0330505
-1.1044312
-1.2194672
-1.2988434
-1.2658081
-1.1411743
-1.0586243
-1.180069
-1.5225525
-1.7920532
-1.8149567
-1.5912476
-1.2040253
-0.9020233
-0.7566223
-0.7246704
-0.769928
-0.8413086
-0.8578186
-0.784317
-0.6985626
-0.63731384
-0.594162
-0.57232666
-0.54089355
-0.48710632
-0.43225098
-0.3917694
-0.37579346
-0.36566162
-0.3129425
-0.23570251
-0.18617249
-0.15261841
-0.07325745
0.022628784
0.106781006
0.14993286
0.07536316
-0.16699219
-0.3864441
-0.47431946
-0.42053223
-0.24848938
-0.1211853
-0.09881592
-0.1835022
-0.33691406
-0.4855194
-0.575531
-0.5819092
-0.50894165
-0.41200256
-0.36940002
-0.38911438
-0.47433472
-0.56114197
-0.6399689
-0.68258667
-0.6974945
-0.9297333
-1.4192047
-1.6248016
-1.328659
-0.72946167
-0.2857666
-0.28790283
-0.5733948
-0.8354492
-0.9451752
-0.9142761
-0.7411804
-0.54888916
-0.45248413
-0.44236755
-0.48338318
-0.5414276
-0.61120605
-0.6618042
-0.6644745
-0.6282501
-0.5728607
-0.4902954
-0.42692566
-0.41519165
-0.38165283
-0.24423218
0.0018463135
0.3816223
0.5509949
0.08866882
-0.50201416
-0.3326416
0.43540955
0.85780334
0.7273102
0.41305542
0.30119324
0.44021606
0.4673767
0.33528137
0.15577698
0.04660034
0.0710907
-0.059936523
-0.06100464
-0.03916931
-0.21812439
-0.25541687
-0.16487122
-0.049819946
0.092941284
0.2351532
0.2394104
0.16111755
0.092941284
0.031158447
-0.13237
-0.33743286
-0.4306488
-0.41625977
-0.31080627
-0.23304749
-0.23942566
-0.25434875
-0.26820374
-0.3294525
-0.42585754
-0.4663391
-0.41680908
-0.32411194
-0.25328064
-0.23890686
-0.26020813
-0.2841797
-0.2538147
-0.15687561
-0.038101196
0.047668457
0.06790161
-0.001876831
-0.124923706
-0.22346497
-0.20800781
-0.03756714
0.24047852
0.5131836
0.65911865
0.6330261
0.5738983
0.5600586
0.53608704
0.46472168
0.34274292
0.22236633
0.14353943
0.14672852
0.2032013
0.24526978
0.26657104
0.2793579
0.25219727
0.2117157
0.21543884
0.23834229
0.23620605
0.19520569
0.10572815
0.019424438
-0.04714966
-0.108932495
-0.12971497
-0.082839966
-0.0050811768
-0.009338379
-0.1638031
-0.35554504
-0.44396973
-0.43276978
-0.3837738
-0.3518219
-0.32891846
-0.26766968
-0.19416809
-0.15101624
-0.11853027
-0.11959839
-0.15953064
-0.19468689
-0.20960999
-0.14408875
-0.029571533
0.019439697
-0.03437805
-0.15634155
-0.2511444
-0.24902344
-0.17285156
-0.082839966
-2.746582E-4
0.11264038
0.23408508
0.3363495
0.42263794
0.5099945
0.5573883
0.5419464
0.45033264
0.3773651
0.3640442
0.35765076
0.37416077
0.37364197
0.30812073
0.2197113
0.15791321
0.12435913
0.113708496
0.03274536
-0.1254425
-0.25860596
-0.3486328
-0.42797852
-0.45887756
-0.36886597
-0.2149353
-0.1446228
-0.14569092
-0.113204956
-0.01625061
0.08229065
0.109451294
-0.0024108887
-0.21812439
-0.44396973
-0.6090851
-0.6644745
-0.63305664
-0.5893707
-0.594162
-0.5797882
-0.47431946
-0.32572937
-0.19096375
-0.080703735
-0.013061523
2.4414062E-4
-0.006668091
-0.0040130615
0.021560669
0.03488159
0.022628784
0.01676941
0.017837524
0.062576294
0.1414032
0.19200134
0.19734192
0.17123413
0.13447571
0.12489319
0.14726257
0.17443848
0.16644287
0.17495728
0.24047852
0.32995605
0.38108826
0.37150574
0.312912
0.24633789
0.20957947
0.16111755
0.1302185
0.13128662
0.13554382
0.113708496
0.12861633
0.19786072
0.26071167
0.2894745
0.27456665
0.22769165
0.18988037
0.17390442
0.15098572
0.074295044
-0.014129639
-0.022125244
0.029022217
0.08441162
0.10624695
0.07269287
-0.03703308
-0.23783875
-0.39337158
-0.39709473
-0.2937622
-0.19947815
-0.16113281
-0.179245
-0.22079468
-0.19096375
-0.12385559
-0.11425781
-0.14196777
-0.12438965
-0.06312561
-0.008270264
0.04020691
0.071640015
0.050857544
-0.02798462
-0.117996216
-0.16326904
-0.16752625
-0.19256592
-0.20587158
-0.16592407
-0.09188843
0.062042236
0.26338196
0.35658264
0.29800415
0.1728363
0.13768005
