-2.5939941
-0.22583008
-0.7949829
-0.77056885
-0.9109497
-0.015258789
0.077819824
-1.0848999
-0.16174316
-1.6647339
1.071167
0.24871826
0.24871826
0.24871826
1.3641357
1.3763428
1.0269165
1.8447876
1.8447876
0.5783081
2.1194458
2.268982
1.9775391
1.4083862
2.3391724
2.3712158
4.3273926
3.4805298
2.597046
4.637146
3.0685425
3.6849976
6.008911
5.0994873
6.536865
5.1742554
4.951477
4.208374
6.126404
5.7113647
5.89447
8.674622
7.209778
6.059265
7.434082
6.7581177
7.736206
8.129883
5.987549
8.364868
8.894348
7.209778
9.205627
9.4314575
8.296204
11.009216
9.45282
9.947205
10.531616
9.597778
9.043884
9.791565
11.303711
10.258484
10.516357
11.927795
10.525513
10.5407715
10.728455
10.514832
9.524536
9.616089
9.472656
9.796143
8.695984
8.74939
9.190369
7.659912
8.724976
7.4508667
7.2769165
8.1466675
8.836365
8.703613
8.882141
6.843567
6.098938
8.258057
8.088684
6.552124
8.131409
7.50885
7.50885
7.50885
6.587219
6.465149
7.6919556
6.7825317
5.9402466
5.3497314
4.3151855
6.3323975
4.5791626
4.988098
5.8273315
4.888916
6.541443
5.3604126
5.366516
5.281067
6.486511
5.6747437
6.1676025
5.7785034
7.3165894
5.6411743
5.9188843
5.622864
5.8532715
5.947876
5.656433
6.5444946
5.1498413
7.2891235
5.5999756
6.8344116
5.885315
5.2948
6.022644
5.2261353
7.2891235
5.7250977
7.2265625
7.356262
8.328247
6.303406
8.340454
7.25708
8.114624
7.221985
5.2459717
7.8674316
6.991577
7.8536987
7.0129395
8.909607
8.898926
6.613159
6.185913
7.437134
7.470703
7.8826904
8.013916
8.248901
8.43811
9.266663
8.563232
8.488464
8.023071
10.014343
8.444214
10.191345
9.651184
9.474182
10.127258
10.406494
10.072327
9.405518
9.931946
9.495544
9.584045
11.746216
11.746216
11.746216
10.592651
11.418152
9.402466
13.046265
10.30426
11.331177
8.987427
11.00769
10.256958
11.245728
10.848999
11.470032
11.506653
11.967468
11.354065
9.710693
12.385559
11.6744995
12.075806
13.812256
12.297058
14.572144
12.442017
14.198303
14.840698
14.375305
14.56604
12.216187
13.600159
13.017273
13.102722
12.223816
12.246704
13.7146
12.969971
13.127136
13.104248
11.965942
13.430786
14.413452
14.430237
14.091492
14.076233
13.719177
12.501526
12.672424
11.331177
13.3758545
13.378906
12.7456665
13.467407
12.094116
13.156128
12.828064
12.094116
12.442017
10.8428955
13.117981
13.2369995
11.941528
12.461853
11.955261
10.743713
10.928345
11.427307
12.168884
10.308838
10.368347
9.916687
9.489441
10.620117
9.571838
9.9823
8.422852
8.052063
9.210205
8.811951
8.526611
8.526611
8.526611
8.422852
8.43811
7.4417114
6.7199707
6.3705444
4.8797607
5.194092
6.9625854
5.140686
6.063843
5.9539795
4.4525146
3.3050537
3.95813
3.7078857
4.397583
3.62854
4.5074463
3.617859
3.0181885
3.8635254
2.3223877
3.1417847
2.8808594
2.9251099
3.2363892
2.4673462
0.7293701
2.331543
0.8300781
0.64697266
-0.045776367
1.4404297
0.12817383
0.6286621
0.89416504
1.3870239
-1.7990112
-0.72784424
-0.72021484
-1.1001587
-0.34942627
-2.3101807
-1.373291
-1.5380859
-1.4694214
-0.8621216
-0.8010864
-0.99334717
-1.7211914
-0.7034302
-0.2456665
-1.7242432
-0.440979
-0.23498535
-1.8157959
-1.6052246
-0.07324219
-1.4877319
-1.2161255
-0.49591064
-2.6229858
-0.27923584
-2.407837
-1.0223389
-0.84991455
-2.4108887
-3.515625
-3.1188965
-1.5914917
-3.0212402
-4.58374
-2.5863647
-3.3554077
-4.1900635
-3.9230347
-4.1488647
-2.7648926
-2.7648926
-2.7648926
-4.2266846
-4.962158
-3.9978027
-4.060364
-4.1519165
-4.876709
-4.7698975
-5.3100586
-5.670166
-4.6295166
-4.6325684
-5.899048
-3.9001465
-3.2409668
-3.8635254
-4.3441772
-5.4244995
-4.924011
-6.1935425
-5.682373
-5.5892944
-5.1208496
-4.6295166
-5.6030273
-6.173706
-6.5689087
-5.13916
-6.335449
-6.5582275
-6.2332153
-6.500244
-6.6345215
-6.277466
-4.281616
-5.076599
-6.236267
-6.2957764
-6.930542
-6.4193726
-5.4718018
-6.3796997
-5.9768677
-7.197571
-7.0007324
-4.7958374
-7.0861816
-3.8711548
-5.1849365
-4.736328
-3.6117554
-3.060913
-3.2150269
-4.5303345
-5.142212
-4.0039062
-2.456665
-4.7943115
-3.8467407
-4.740906
-4.533386
-3.5888672
-3.729248
-3.6834717
-3.6361694
-5.581665
-4.2373657
-3.5217285
-3.5217285
-5.215454
-4.3930054
-5.065918
-7.295227
-7.7041626
-7.1868896
-9.197998
-6.854248
-8.673096
-7.383728
-6.9473267
-6.9473267
-8.457947
-7.3272705
-8.2092285
-8.195496
-8.2092285
-8.425903
-8.480835
-5.924988
-7.61261
-8.265686
-7.91626
-7.2784424
-8.161926
-7.939148
-7.5027466
-7.1914673
-7.159424
-7.371521
-8.540344
-7.3257446
-8.798218
-8.195496
-8.21991
-7.2265625
-9.327698
-9.568787
-9.184265
-8.879089
-11.611938
-11.508179
-10.870361
-9.1796875
-10.560608
-9.246826
-9.3811035
-10.696411
-10.394287
-10.719299
-10.057068
-12.1032715
-10.795593
-11.192322
-11.151123
-11.978149
-10.916138
-12.498474
-13.265991
-13.204956
-12.762451
-13.94043
-14.263916
-13.116455
-12.973022
-13.70697
-14.682007
-14.944458
-15.333557
-15.582275
-14.414978
-15.318298
-16.20636
-17.160034
-14.778137
-16.975403
-15.553284
-15.878296
-16.378784
-17.649841
-17.372131
-17.384338
-16.74347
-16.867065
-17.762756
-18.821716
-18.21289
-17.318726
-19.68689
-18.780518
-18.84613
-18.84613
-19.60907
-20.040894
-19.665527
-18.818665
-18.946838
-19.584656
-19.940186
-19.732666
-20.480347
-19.454956
-21.432495
-20.97168
-19.728088
-21.253967
-21.104431
-20.967102
-21.868896
-22.921753
-24.258423
-24.028015
-24.47815
-25.706482
-25.564575
-23.666382
-25.073242
-24.261475
-26.57013
-27.546692
-28.18451
-27.294922
-26.672363
-26.756287
-28.956604
-27.401733
-28.787231
-31.407166
-31.192017
-32.54242
-30.548096
-30.93872
-30.969238
-31.887817
-31.246948
-29.797363
-31.61621
-30.01709
-28.909302
-28.135681
-30.488586
-30.314636
-30.88379
-28.15857
-27.89917
-30.036926
-30.00946
-30.950928
-30.825806
-30.33142
-30.126953
-30.305481
-31.604004
-30.096436
-32.362366
-31.491089
-33.003235
-33.6792
-32.26013
-35.21118
-34.924316
-34.529114
-36.532593
-36.080933
-36.16333
-35.690308
-36.984253
-36.47766
-36.82251
-35.74829
-39.08539
-39.08539
-35.95581
-34.820557
-35.59723
-36.323547
-35.70404
-37.31537
-37.242126
-36.524963
-37.85858
-36.842346
-38.417053
-37.324524
-37.582397
-40.090942
-38.598633
-38.565063
-39.674377
-38.42621
-38.771057
-39.341736
-37.887573
-37.843323
-39.689636
-38.88092
-39.22882
-38.883972
-38.668823
-39.85901
-38.134766
-39.434814
-37.316895
-36.254883
-38.104248
-37.254333
-36.00006
-36.557007
-35.995483
-37.876892
-36.341858
-36.390686
-36.314392
-35.754395
-36.801147
-33.62732
-36.260986
-34.73053
-34.106445
-33.621216
-33.93402
-33.95996
-34.716797
-35.154724
-33.89435
-35.35919
-34.840393
-34.353638
-33.724976
-32.76825
-32.31201
-32.28607
-32.139587
-31.462097
-30.13916
-30.9021
-30.43518
-28.915405
-29.650879
-30.348206
-28.916931
-29.594421
-29.15802
-28.408813
-30.934143
-31.359863
-28.450012
-30.125427
-27.04773
-29.162598
-27.452087
-27.452087
-27.601624
-28.23639
-27.003479
-28.263855
-26.768494
-27.44751
-26.106262
-26.715088
-25.759888
-26.6922
-26.745605
-24.435425
-26.863098
-24.76654
-25.860596
-24.394226
-25.19226
-24.772644
-24.794006
-23.504639
-24.429321
-23.765564
-23.710632
-22.064209
-23.01941
-22.099304
-21.157837
-20.671082
-20.49408
-19.725037
-19.29779
-20.08667
-21.409607
-19.348145
-21.118164
-21.255493
-19.89746
-18.170166
-18.170166
-19.058228
-19.091797
-19.070435
-19.618225
-19.509888
-18.188477
-19.720459
-18.115234
-19.000244
-18.746948
-17.713928
-20.465088
-19.216919
-17.555237
-19.644165
-18.969727
-19.151306
-17.430115
-18.225098
-16.932678
-18.12439
-18.893433
-17.359924
-17.390442
-18.023682
-16.57257
-16.95404
-16.471863
-14.706421
-15.693665
-18.986511
-17.69867
-16.600037
-16.029358
-16.752625
-17.427063
-17.42096
-16.468811
-15.342712
-14.242554
-14.242554
-14.134216
-14.92157
-15.211487
-15.989685
-16.444397
-14.224243
-13.685608
-12.562561
-13.630676
-12.869263
-14.564514
-12.719727
-14.39209
-15.34729
-15.960693
-16.015625
-15.060425
-15.040588
-15.927124
-15.0177
-15.626526
-17.294312
-17.166138
-16.600037
-16.407776
-15.667725
-16.86554
-17.304993
-16.738892
-15.571594
-15.306091
-17.211914
-15.846252
-15.092468
-18.115234
-15.524292
-16.392517
-15.106201
-15.470886
-14.276123
-15.040588
-14.222717
-13.212585
