2.7050934
2.5865784
2.4501038
2.3890533
2.5506592
2.8355713
2.7314148
2.5722046
2.4596863
2.3615265
2.1723785
1.6324768
0.8878937
0.34799194
0.25820923
0.6664276
1.276947
1.4936218
1.1464691
0.65086365
0.5012207
0.7502289
1.0315399
1.1548462
1.3894653
1.7881012
2.1496277
2.1376648
1.9293671
1.8467712
2.0071716
2.1651917
2.1999054
2.305252
2.422577
2.4944
2.5686188
2.6943054
2.6344604
2.557846
2.3495483
1.8850708
1.608551
1.197937
1.2506104
1.5774231
1.7462158
1.4984131
1.1404724
0.980072
1.158432
1.513977
1.86232
2.1161194
2.2908936
2.5315094
2.8630981
2.9888
2.8559265
2.581787
2.2214508
1.9976044
1.9006348
1.9904175
1.92099
1.5032043
1.3595428
1.7366333
2.1328735
1.9533081
1.4253845
0.95732117
0.8651428
1.4577026
2.0
1.4373627
0.747818
0.37911987
0.34561157
1.2506104
2.0215454
2.2633667
2.2561646
2.3112335
2.4692535
2.561432
2.4177856
2.1687927
2.1208954
2.2238464
2.3088531
2.348343
2.4273682
2.4357452
2.4931946
2.6584015
2.7098694
2.4848175
2.1197052
1.857544
1.9138031
1.9557037
1.7749329
1.5319214
1.2242737
1.024353
1.0530853
1.415802
1.731842
1.8467712
1.9173889
1.9174042
2.0
1.881485
1.5786133
1.3739014
1.3918762
1.3966522
1.3834839
1.2314453
1.0482941
1.0650635
1.0818176
0.91781616
0.7047272
0.48805237
0.233078
-0.07458496
-0.10331726
0.008010864
0.1468811
0.2845459
0.40426636
0.64727783
0.866333
1.221878
1.5043945
1.7102966
2.1819458
2.6560059
2.609314
2.2837067
2.0921783
2.2777252
2.727829
2.7816925
2.288498
1.7019196
1.4804535
1.6121368
1.881485
1.8635254
1.4541168
1.063858
1.2470245
1.4828491
1.1464539
0.58143616
0.35517883
0.31687927
0.36476135
0.46292114
0.40426636
0.30729675
0.5000305
1.0722351
1.4373627
1.4433441
1.3343964
1.7366333
2.0526733
2.0825958
2.1807556
2.4417267
2.2980804
1.7641754
1.4828491
1.3368073
1.094986
0.82922363
0.43777466
0.20793152
0.4617157
1.0111847
1.4924164
1.4122162
0.91781616
0.5514984
0.6017914
0.7574005
0.8878784
1.0087891
1.2601929
1.4816437
1.6324921
1.6767731
1.5450897
1.4529114
1.7569885
2.2717285
2.554245
2.3686981
2.0023956
1.9880219
2.2046967
2.2430115
1.7976837
0.8878937
0.07266235
0.00440979
0.98605347
2.075409
2.4405212
2.0155487
1.474472
1.2182922
1.2338562
1.4253845
1.308075
1.197937
1.4385529
1.3020782
1.0674591
0.8986664
0.9309845
0.80888367
0.5670624
0.62931824
0.8256378
1.0566864
1.3643341
1.5642548
1.3044739
1.5869904
1.9796448
2.0682373
1.9138031
1.6420593
1.6157227
1.7557831
2.02034
2.0167542
2.0191498
1.8072662
1.0387268
-0.094940186
-0.9364929
-0.6072998
0.99801636
2.6344604
3.4772186
3.3658905
2.8140259
2.2202606
1.4996033
0.9297943
0.82444763
0.91181946
1.0973816
1.5283356
1.8922577
2.087387
2.1580048
2.0706177
1.9473267
1.960495
1.9820404
1.9305573
1.8036804
1.8048706
1.8647308
1.7282562
1.7557831
1.9700623
2.1184998
1.7917023
1.4900208
1.1608276
0.87831116
1.2697601
2.1831512
2.5446777
2.3902435
2.0023956
1.628891
1.6061554
1.9389343
2.147232
1.9544983
1.5858002
1.52594
1.6480408
1.4804535
1.2817383
1.3810883
1.6564331
1.8826752
1.8898621
1.6827698
1.4996033
1.9293671
2.3878632
1.6037598
0.15048218
-0.9365082
-1.584137
-1.153183
0.2797699
1.6300964
2.5530548
3.00914
3.1336517
2.83078
2.209488
1.7498016
1.3858795
1.0183716
0.69036865
0.69395447
0.84957886
0.881897
0.92858887
0.94296265
0.9824524
1.2554016
1.7904968
2.1352692
2.1723785
1.8707123
1.3140564
0.7609863
0.58143616
1.0734406
1.6516418
1.9628906
1.4457397
0.75979614
0.687973
1.2003326
1.9149933
2.1616058
1.9592896
1.7581787
1.6624146
1.7031097
1.7641602
1.7342377
1.7354431
1.9437408
2.221466
2.3315887
2.1472473
1.9245758
1.8479614
1.7785339
1.6767731
1.7378235
1.8695068
2.09935
2.1532135
1.3044739
0.10139465
-0.5773773
-1.2046509
-1.1663513
0.10139465
1.6672058
3.2342072
3.9776
3.4927826
2.3531342
1.3595428
1.0279388
1.3308105
1.6312866
1.4600983
1.5008087
1.4636993
1.1967316
0.7765503
0.66882324
1.0339355
1.6671906
2.205902
2.5075684
2.4991913
2.3184204
2.2693481
2.281311
2.1616058
1.5462952
0.55270386
0.37193298
1.2051239
1.8012695
2.044281
1.6492462
1.0291443
1.2984924
2.1855469
2.9971771
3.2078705
2.6631927
2.0933685
1.9006348
2.046692
2.1675873
2.0263214
1.7917023
1.6264954
1.68396
1.8778839
2.0682373
2.0418854
1.8395844
1.8359833
1.9688721
1.9233856
1.8383789
1.5726318
0.98365784
0.28215027
-0.0075531006
-0.138031
-0.109313965
0.31567383
1.2099152
2.1675873
2.8475342
2.6895294
2.0526733
1.5534668
1.415802
1.7174835
1.984436
1.8300018
1.510376
1.2350464
1.0482941
1.0303497
1.1692047
1.3188477
1.4493256
1.5810089
1.826416
2.171173
2.3950348
2.5782013
2.265747
1.4481354
0.6772003
0.664032
1.6264954
2.332779
2.3136444
1.7390289
1.4038391
1.5402985
1.7845154
1.9497223
1.8611298
1.6181183
1.5834045
1.7917023
2.102951
2.320816
2.248993
1.9880219
1.7881165
1.7701416
1.850357
1.9185944
1.8790894
1.9221802
2.281311
2.609314
2.6835327
2.696701
3.206665
3.3575134
2.7026825
1.4301758
0.46650696
0.60417175
1.5821991
2.688324
3.387436
3.170761
2.6440277
2.4177856
2.4082031
2.4093933
2.328003
2.0957642
1.8048706
1.648056
1.6145325
1.553482
1.5367126
1.7031097
2.1197052
2.6631927
3.1049194
3.1887054
2.743393
2.3926392
2.1328735
2.9205627
3.0223236
2.5159454
1.52594
