-0.10948181
-0.14675903
-0.12651062
-0.08177185
-0.089767456
-0.17178345
-0.272995
-0.34329224
-0.37472534
-0.4386444
-0.5797882
-0.72358704
-0.7033539
-0.47805786
-0.195755
-0.035964966
-0.078048706
-0.28045654
-0.43437195
-0.46261597
-0.3837738
-0.28097534
-0.19894409
-0.09295654
-0.008804321
0.011444092
-0.04928589
-0.11479187
-0.12011719
-0.07965088
-0.025848389
0.017837524
0.08761597
0.17495728
0.26071167
0.32144165
0.33900452
0.31237793
0.26071167
0.20425415
0.12808228
0.06150818
0.09719849
0.21810913
0.33901978
0.35446167
0.2202301
0.06629944
0.027420044
0.10092163
0.1733551
0.19786072
0.200531
0.20585632
0.18295288
0.13821411
0.071624756
-0.073791504
-0.2618103
-0.3752594
-0.37472534
-0.31240845
-0.26127625
-0.26820374
-0.28790283
-0.18936157
-0.0024108887
0.08068848
0.0045166016
-0.13183594
-0.14994812
-0.07058716
-0.008804321
-0.064193726
-0.30548096
-0.5132141
-0.60269165
-0.49136353
-0.24848938
-0.04396057
-0.0098724365
-0.031707764
-0.0024108887
0.07110596
0.059387207
-0.031173706
-0.06365967
-0.03970337
0.021026611
0.14193726
0.27296448
0.36032104
0.38534546
0.3720398
0.3496704
0.30226135
0.23780823
0.2037201
0.21810913
0.2628479
0.26817322
0.1967926
0.101989746
0.017837524
-0.03970337
-0.03916931
0.010910034
0.04020691
0.029556274
0.009307861
-0.039154053
-0.12171936
-0.22293091
-0.29641724
-0.32092285
-0.31134033
-0.28471375
-0.24583435
-0.2341156
-0.24156189
-0.22239685
-0.19949341
-0.19735718
-0.28204346
-0.40774536
-0.44450378
-0.4098816
-0.33796692
-0.25753784
-0.19468689
-0.17126465
-0.12651062
-0.01838684
0.08015442
0.1797638
0.23994446
0.3097229
0.36723328
0.3182373
0.1648407
0.055648804
0.03753662
0.08068848
0.08761597
-0.0098724365
-0.10202026
-0.04875183
0.116378784
0.25273132
0.28733826
0.23994446
0.20265198
0.23194885
0.33848572
0.36192322
0.20851135
0.05404663
0.021026611
0.032211304
0.034347534
-0.006134033
-0.022659302
-0.009338379
0.03807068
0.10359192
0.052993774
-0.0040130615
0.016235352
0.086013794
0.137146
0.19573975
0.26071167
0.247406
0.11689758
-0.04875183
-0.15475464
-0.18403625
-0.22505188
-0.32624817
-0.37365723
-0.2852478
-0.09135437
0.0034484863
-0.08816528
-0.32359314
-0.5675354
-0.66500854
-0.6175995
-0.5025482
-0.35447693
-0.19363403
-0.04449463
0.040740967
0.095062256
0.12063599
0.11317444
0.14086914
0.24952698
0.34646606
0.34274292
0.29161072
0.28840637
0.3693695
0.46151733
0.4950714
0.44340515
0.32569885
0.28468323
0.4428711
0.7534027
0.9542084
0.854599
0.5488739
0.27775574
0.15205383
0.14886475
0.1493988
0.076431274
0.041809082
0.04499817
-0.046081543
-0.1126709
-0.16592407
-0.14622498
-0.14888
-0.2000122
-0.19522095
-0.20587158
-0.21812439
-0.20321655
-0.20533752
-0.24369812
-0.21812439
-0.11746216
-0.12704468
-0.20321655
-0.25860596
-0.24263
-0.20960999
-0.14569092
-0.0700531
-0.035964966
-0.08016968
-0.23623657
-0.47698975
-0.41200256
0.08761597
0.67085266
0.9499359
0.887619
0.5920105
0.25912476
-0.020523071
-0.21598816
-0.29429626
-0.25914
-0.14515686
-0.021057129
0.06843567
0.11103821
0.1025238
0.022628784
-0.06793213
-0.11000061
-0.10681152
-0.07644653
-0.029571533
0.020492554
0.07801819
0.14726257
0.22557068
0.2751007
0.29907227
0.32196045
0.24633789
-2.746582E-4
-0.19042969
-0.14408875
0.06790161
0.27668762
0.30758667
0.15046692
-0.017333984
-0.09083557
-0.0460968
0.055648804
0.08547974
0.032226562
-0.038101196
-0.08016968
-0.15422058
-0.24742126
-0.26553345
-0.19309998
-0.09295654
-0.033309937
-0.036499023
-0.021591187
0.03060913
0.034347534
-0.0050811768
-0.10307312
-0.4668579
-0.83332825
-0.72039795
-0.16326904
0.52223206
0.9872284
1.108139
0.9861603
0.71717834
0.34274292
0.020507812
-0.13929749
-0.2149353
-0.27404785
-0.2825775
-0.21014404
-0.108947754
-0.059936523
-0.0657959
-0.07484436
-0.006149292
0.15100098
0.28894043
0.3113098
0.22982788
0.101989746
-0.023727417
-0.068984985
0.06097412
0.2852173
0.33262634
0.1605835
-0.13183594
-0.30654907
-0.23144531
-0.014663696
0.1174469
0.12277222
0.08229065
0.08547974
0.13128662
0.18988037
0.22555542
0.19680786
0.14033508
0.09880066
0.057785034
-0.05088806
-0.24795532
-0.41041565
-0.43437195
-0.36354065
-0.3326416
-0.31452942
-0.24369812
-0.22612
-0.33691406
-0.47859192
-0.6421051
-0.90148926
-0.95262146
-0.52386475
0.26496887
0.9467468
1.1507416
0.8370209
0.21437073
-0.3203888
-0.47966003
-0.31878662
-0.07698059
0.034347534
0.013580322
-0.087631226
-0.18936157
-0.2799225
-0.20428467
-0.0072021484
0.20799255
0.40719604
0.5185089
0.5094452
0.44926453
0.35232544
0.2820282
0.2671051
0.1802826
0.0146484375
-0.045013428
0.111572266
0.42796326
0.664978
0.5552521
0.24633789
0.10412598
0.22450256
0.45033264
0.5089264
0.32995605
0.05885315
-0.10948181
-0.10786438
-0.040222168
-0.057800293
-0.17658997
-0.28578186
-0.34703064
-0.3763275
-0.38323975
-0.39974976
-0.43225098
-0.48976135
-0.52386475
-0.45248413
-0.3784485
-0.44822693
-0.57392883
-0.6474304
-0.6671448
-0.6362457
-0.58724976
-0.46792603
-0.17019653
0.19839478
0.43275452
0.46418762
0.24952698
-0.06365967
-0.17073059
-0.04396057
0.12435913
0.17016602
0.08175659
-0.03010559
-0.0657959
-0.03437805
0.027420044
0.08920288
0.15844727
0.2271576
0.28894043
0.34327698
0.39601135
0.3805542
0.21704102
-0.024246216
-0.17871094
-0.21705627
-0.068984985
0.22450256
0.36244202
0.16751099
-0.08869934
-0.15208435
-0.07325745
0.0061187744
0.007171631
-0.03277588
-0.022659302
0.06790161
0.19093323
0.25752258
0.21490479
0.09399414
-0.03916931
-0.13771057
-0.19628906
-0.21440125
-0.21279907
-0.19947815
-0.16912842
-0.15527344
-0.115859985
0.027420044
0.17230225
0.1648407
0.024765015
-0.3821869
-0.8285217
-0.8280029
-0.43330383
0.10838318
0.40185547
0.3054657
0.08387756
-0.08016968
-0.113204956
-0.025314331
0.03488159
0.0066375732
-0.045028687
-0.05407715
-0.029037476
-2.89917E-4
0.037002563
0.10731506
0.2351532
0.3874817
0.4743042
0.45352173
0.34646606
0.21810913
0.12435913
0.13768005
0.35020447
0.4705658
0.30758667
0.12915039
