-29.589844
-29.600525
-30.986023
-29.359436
-30.83191
-29.99878
-29.502869
-30.093384
-28.526306
-30.169678
-30.523682
-28.251648
-29.356384
-28.529358
-28.22876
-28.570557
-30.848694
-29.034424
-30.863953
-29.096985
-27.784729
-30.451965
-29.637146
-28.862
-30.34668
-30.589294
-31.088257
-29.478455
-31.066895
-30.247498
-31.835938
-30.088806
-29.718018
-30.999756
-30.79834
-31.118774
-31.750488
-32.32422
-32.421875
-30.15747
-31.677246
-29.43573
-31.263733
-30.029297
-31.547546
-29.432678
-31.25
-31.227112
-29.722595
-31.782532
-31.126404
-31.126404
-30.335999
-31.132507
-31.156921
-31.866455
-31.643677
-32.029724
-31.202698
-31.73523
-30.375671
-31.739807
-31.27594
-31.866455
-32.76825
-32.595825
-32.052612
-32.70111
-31.840515
-31.907654
-32.34558
-31.117249
-31.237793
-33.24585
-30.960083
-31.280518
-31.132507
-32.357788
-30.999756
-31.192017
-32.237244
-32.263184
-33.2489
-33.407593
-33.21991
-32.635498
-32.6828
-32.485962
-33.595276
-32.339478
-33.532715
-34.350586
-35.472107
-33.17871
-35.313416
-31.82373
-34.309387
-35.780334
-34.884644
-35.351562
-35.369873
-35.690308
-33.876038
-33.969116
-33.955383
-36.271667
-32.887268
-31.051636
-33.547974
-35.2005
-32.164
-33.761597
-33.468628
-32.626343
-32.582092
-31.781006
-33.387756
-31.877136
-30.79834
-31.466675
-31.48346
-30.471802
-31.259155
-29.997253
-30.581665
-30.17273
-30.17273
-30.17273
-29.444885
-30.685425
-29.864502
-29.91333
-30.821228
-31.352234
-31.770325
-33.25653
-31.658936
-33.148193
-34.658813
-36.141968
-35.931396
-36.131287
-35.699463
-36.68518
-35.412598
-36.639404
-37.28943
-37.38861
-38.2782
-38.183594
-38.417053
-38.16223
-39.12506
-37.426758
-38.323975
-38.183594
-36.997986
-36.853027
-37.67395
-37.631226
-34.890747
-37.82196
-36.21521
-36.065674
-38.931274
-37.586975
-37.8891
-36.994934
-37.701416
-38.406372
-37.841797
-39.904785
-37.44049
-39.396667
-37.68463
-39.727783
-38.479614
-39.06555
-39.076233
-36.987305
-37.506104
-37.867737
-38.406372
-38.275146
-37.261963
-38.763428
-37.808228
-39.546204
-40.130615
-38.40332
-38.209534
-38.40332
-40.52887
-41.75415
-40.76538
-41.430664
-41.98456
-42.42401
-41.97998
-41.36963
-42.225647
-42.225647
-42.730713
-41.897583
-42.781067
-43.72406
-44.99054
-42.24243
-42.36908
-43.06488
-43.53943
-45.191956
-43.670654
-43.554688
-44.340515
-42.790222
-42.863464
-41.56952
-42.201233
-43.496704
-41.767883
-42.274475
-42.321777
-45.19348
-42.033386
-42.207336
-41.358948
-42.237854
-40.550232
-39.709473
-42.4057
-40.37018
-42.059326
-42.697144
-41.589355
-41.641235
-41.334534
-41.15753
-42.079163
-42.018127
-40.8432
-40.490723
-39.95056
-41.175842
-39.752197
-39.378357
-38.635254
-39.276123
-40.61737
-41.389465
-40.86151
-41.49475
-41.506958
-39.86206
-39.190674
-41.194153
-39.093018
-41.340637
-39.666748
-41.12091
-40.35492
-40.03296
-40.4541
-40.538025
-39.709473
-39.64081
-39.57367
-38.911438
-40.52887
-39.86664
-38.165283
-39.137268
-37.564087
-37.516785
-37.043762
-35.365295
-35.365295
-36.802673
-34.506226
-34.329224
-35.142517
-33.857727
-34.16443
-33.081055
-32.9834
-35.279846
-35.202026
-35.108948
-34.498596
-34.573364
-33.05664
-34.60846
-33.692932
-32.562256
-34.555054
-34.83734
-35.26306
-33.97522
-35.125732
-37.486267
-36.2442
-35.93445
-35.916138
-36.53412
-37.5885
-36.8515
-35.369873
-37.73651
-37.77466
-38.153076
-37.48932
-37.028503
-37.516785
-37.332153
-37.43744
-38.224792
-36.965942
-38.505554
-36.83777
-37.080383
-35.3302
-33.950806
-36.279297
-34.622192
-36.540222
-34.762573
-35.073853
-36.753845
-33.694458
-35.176086
-34.718323
-33.53882
-34.43451
-33.502197
-32.46765
-32.795715
-30.97229
-30.995178
-31.599426
-32.963562
-31.29425
-30.674744
-33.34503
-32.907104
-30.227661
-32.08618
-30.880737
-30.062866
-31.54602
-32.51953
-30.93872
-30.93872
-30.26123
-31.295776
-32.191467
-32.183838
-32.743835
-32.676697
-33.17108
-33.625793
-34.96399
-35.253906
-33.024597
-32.756042
-30.433655
-31.712341
-33.659363
-32.42035
-32.38983
-34.646606
-34.16443
-32.624817
-34.950256
-33.784485
-33.854675
-33.47931
-34.109497
-35.002136
-33.33893
-32.904053
-33.059692
-34.1156
-32.859802
-33.53882
-34.14917
-32.559204
-34.07135
-32.925415
-32.821655
-32.785034
-32.196045
-31.889343
-32.904053
-32.170105
-30.767822
-30.804443
-30.090332
-29.951477
-29.776001
-30.386353
-31.161499
-29.727173
-29.356384
-31.16455
-29.31366
-31.178284
-30.577087
-30.508423
-27.56195
-27.664185
-28.564453
-29.315186
-29.762268
-29.52118
-29.24347
-28.892517
-29.60205
-30.760193
-27.323914
-28.495789
-28.91388
-28.24707
-27.320862
-27.91748
-28.695679
-28.695679
-28.695679
-28.831482
-28.96576
-29.13208
-29.977417
-28.051758
-27.989197
-28.701782
-28.979492
-29.910278
-26.924133
-26.86615
-29.006958
-26.475525
-27.378845
-28.157043
-25.932312
-27.516174
-27.966309
-27.339172
-28.23944
-28.366089
-24.342346
-24.520874
-25.238037
-23.602295
-24.523926
-24.415588
-23.118591
-26.94397
-25.10376
-25.053406
-24.911499
-25.360107
-24.847412
-25.827026
-25.718689
-24.545288
-27.12555
-25.790405
-25.299072
-26.04065
-25.370789
-26.11847
-26.42212
-26.641846
-26.786804
-26.473999
-28.126526
-26.727295
-27.391052
-26.573181
-27.532959
-27.919006
-25.823975
-25.700378
-26.257324
-27.256775
-26.756287
-27.783203
-27.938843
-27.48108
-27.467346
-27.496338
-27.922058
-29.302979
-28.909302
-30.122375
-27.928162
-29.574585
-30.322266
-29.559326
-28.656006
-29.989624
-29.351807
-29.351807
-30.419922
-30.845642
-29.21753
-31.011963
-31.158447
-30.05371
-31.91681
-31.5979
-30.995178
