-0.8998718
-1.2745667
-1.430191
-1.3200531
-1.1177368
-1.0758514
-1.1345062
-1.2458344
-1.1763916
-1.0135956
-0.7394562
-0.34561157
-0.031967163
0.29484558
0.5761719
0.4313202
0.012329102
0.24217224
0.9436798
1.3387146
1.0382385
0.98916626
1.4213257
2.0785217
2.2700653
1.6667175
0.98558044
0.22541809
-0.11697388
0.029083252
0.36068726
0.5246887
0.6563721
0.37504578
0.782074
0.6659546
0.035064697
-0.22111511
0.14759827
0.60369873
0.9915619
1.1998596
1.0849304
0.9185333
0.7126312
0.25654602
-0.5574951
-0.8005066
-0.45933533
-0.63890076
-0.70832825
-0.41145325
0.08773804
0.7760773
1.1016998
0.94966125
0.75572205
0.5354614
0.395401
0.35469055
0.30322266
0.063797
-0.20555115
-0.33244324
-0.16604614
0.11647034
0.31999207
0.3666687
0.46003723
0.5941162
0.60728455
0.48638916
0.47920227
1.0131073
1.5314484
1.2752686
1.0681763
1.5242767
1.9169159
1.9049377
1.8905792
1.9241028
1.5039215
0.98558044
0.6910858
0.89938354
1.5661621
1.8534698
1.7253876
1.7110138
1.6966553
1.5853271
1.59729
1.7984009
1.8786163
1.8474884
1.5194702
0.8371277
0.47680664
0.31878662
0.19787598
0.2361908
0.50193787
0.810791
0.9520569
1.1435852
1.3686523
1.2644958
0.7928467
0.30921936
0.14401245
0.36547852
0.55700684
0.60250854
0.5211029
0.4540558
0.64797974
1.1567535
1.786438
1.8235474
1.2058411
0.81677246
0.91374207
1.4967346
1.7349548
1.715805
1.8510742
1.8905792
1.8403015
1.7397461
1.5721588
1.5458221
1.5242615
1.3123779
1.10289
1.1364136
1.2118225
1.2788544
1.33992
1.3099823
1.3303375
1.5877228
1.7972107
1.7493134
1.4692078
1.2812653
0.9736023
0.5809479
0.8682556
1.2860413
1.2010498
1.20224
1.3327332
1.3327332
1.2872467
1.2668915
1.3674469
1.4799805
1.5410309
1.4141388
1.173523
1.0681763
1.0957031
0.96043396
0.6886902
0.31280518
0.06619263
0.21702576
0.7389679
1.1256409
1.2788544
1.6415863
1.7936249
1.9133301
2.0007172
1.588913
1.0430298
0.80122375
0.889801
1.1483765
1.4404755
1.4691925
1.4608154
1.3614655
1.0059204
0.6013031
0.6875
1.1627502
1.4440613
1.6499634
1.9456482
2.162323
2.316742
2.3610382
2.256897
1.8953705
1.4177246
0.88023376
0.7377777
0.7162323
0.9197235
1.1160583
0.95085144
1.4488525
2.0090942
2.0234528
1.9767761
2.2676697
2.423294
2.2545013
2.0330353
1.7792511
1.5218811
1.489563
1.6439819
1.7924194
1.7253876
1.4368744
0.99993896
0.7677002
1.1040802
1.3016052
1.126831
1.2190094
1.5960999
1.3913879
1.1531677
1.4237213
1.7852325
1.8031921
1.6152496
1.4165344
1.6020813
1.9073334
2.0078888
1.7816467
1.7122192
1.9755707
2.1671143
2.0294495
1.9707947
2.0809174
2.031845
1.7768555
1.5015259
1.4715881
1.1292267
0.5905304
0.21704102
0.33314514
0.8251648
0.98677063
1.0346527
1.2357635
1.4105377
1.4751892
1.5158844
1.6463776
1.6703186
1.3866119
0.98197937
0.6228485
0.20625305
0.14880371
0.4133606
0.55462646
0.39898682
0.43370056
0.8586731
1.470398
1.7409515
1.4859619
1.1842957
1.4823761
1.960022
2.4771576
3.1559143
3.3043518
2.0330353
1.0957031
1.2860413
1.3183594
1.3135834
0.8072052
0.850296
1.7505188
2.2269592
2.1335907
1.7385406
1.3686371
1.2441406
1.3387146
1.4560394
1.6164398
1.7122192
1.715805
1.7481232
1.6415863
1.4165344
1.226181
1.2166138
0.889801
0.34751892
-0.14450073
-0.27737427
0.21224976
0.6156616
0.3056183
0.023086548
-0.10139465
0.109298706
0.7174225
1.12323
1.1435852
0.647995
0.12007141
-0.13252258
-0.16246033
-0.16125488
-0.10858154
-0.16365051
-0.21871948
-0.17323303
0.03147888
0.138031
0.103302
0.13084412
0.24575806
0.49716187
0.6204529
0.60609436
1.2058411
2.2305603
2.0928955
0.9077606
0.592926
0.86346436
1.0370483
1.6703186
2.4520264
2.443634
2.1743011
1.8522644
1.257309
0.8359375
0.69348145
0.7281952
0.84552
0.8778229
0.8730469
0.83833313
0.7988281
0.71502686
0.6204529
0.5414429
0.6838989
0.727005
0.69706726
0.6910858
0.70425415
0.91734314
1.1292267
1.0406342
1.2082367
1.5075073
1.6272278
1.6056671
1.3686523
1.2309723
1.2381592
1.1771088
1.1842957
1.2561188
1.166336
0.90057373
0.7401581
0.6910858
0.7497406
0.9077606
1.0370483
1.3770294
1.7505188
1.5446167
1.375824
1.7816467
2.8279114
3.0457764
2.2138062
2.0402222
1.7301636
1.4033661
1.8618469
2.447235
2.4041443
2.0378265
1.5051117
0.7892456
0.31878662
0.4468689
0.73417664
1.0047302
1.2357635
1.126831
0.8945923
0.65756226
0.5510254
0.65278625
0.9125519
0.84191895
0.47799683
0.09133911
-0.33602905
-0.54551697
-0.24266052
0.12246704
0.23379517
0.7126312
1.1555634
1.4177246
1.6020813
1.4775848
1.1388092
0.8395233
0.63482666
0.553421
0.4827881
0.29484558
0.06739807
0.030288696
0.11886597
0.06858826
0.12963867
0.4648285
0.83114624
1.0957031
1.157959
1.1926727
1.7361603
2.4220886
1.9660034
1.3219604
1.4320984
1.4656067
1.4979248
1.8822021
2.3215332
2.2365417
1.7301788
1.43927
1.2920227
1.0466309
0.98916626
1.3063965
1.6487732
1.5948944
1.2297821
0.90296936
0.8155823
0.77967834
0.80122375
0.6659546
0.52589417
0.47801208
0.40496826
0.34153748
0.15238953
0.23738098
0.3092041
0.4923706
0.61686707
0.1894989
-0.34321594
-0.5754547
-0.22470093
0.5833435
1.0980988
1.1352081
0.9352875
0.72340393
0.46842957
0.3259735
0.36068726
0.21583557
-0.023590088
-0.041549683
-0.043945312
-0.1828003
-0.3946991
-0.3408203
-0.13491821
-0.312088
-0.6808014
-0.38630676
-0.07507324
0.22421265
0.36906433
0.49118042
0.46722412
0.10450745
0.6264496
1.2357635
1.0993042
0.33914185
-0.13372803
0.44328308
0.7138214
0.29484558
-0.47608948
-0.6412964
-0.21392822
-0.4174347
-1.3308258
-0.9872589
0.64559937
1.292038
0.017105103
-0.61016846
-0.4892578
-0.16246033
0.14759827
0.35710144
0.22181702
-0.18878174
-0.4569397
-0.91064453
-0.8651581
-0.62094116
-0.44377136
-0.5479126
-0.74664307
-1.0231628
-0.74424744
-0.17562866
-0.08343506
-0.267807
-0.31687927
-0.37313843
-0.34561157
-0.29533386
-0.30012512
-0.2833557
-0.485672
-0.6329193
-0.5227814
-0.32644653
-0.14808655
0.1320343
0.23258972
0.20146179
0.1787262
0.32836914
0.7641144
1.5326538
1.8534698
1.41893
1.1172485
1.126831
1.2309723
1.2668915
1.1603546
1.0777435
1.157959
1.2321777
1.1962585
1.1854858
1.3506927
1.4488525
1.4440613
1.6188354
1.7900238
1.8403015
1.7289734
1.5027161
1.3315277
1.2537231
1.0382538
0.9161377
0.84072876
1.0178986
1.2800598
1.3925934
1.423706
1.2573242
0.97120667
0.9245148
1.1926727
1.3937836
1.2225952
0.826355
0.46124268
0.35710144
0.5246887
0.53427124
0.17274475
-0.020004272
0.10569763
0.2589264
0.52708435
0.8251648
1.0011292
0.89219666
0.6838989
0.731781
0.8862152
1.2836609
1.4213257
0.8287506
0.24217224
0.07577515
0.27449036
1.0059204
1.5901031
1.5853119
1.3135834
1.2190094
1.1364136
1.1998596
1.4416656
1.26091
0.984375
1.118454
1.4692078
1.8031921
2.1216125
2.3562622
2.0952911
1.8079834
1.5793304
1.2429504
1.2010498
1.2297821
0.9077606
1.0071259
1.2238007
0.99754333
0.26971436
-0.36236572
-0.5419464
-0.23786926
-0.021194458
0.09611511
0.3343506
1.0657806
1.5039215
1.1172485
0.46484375
0.029083252
-0.07028198
-0.10978699
-0.10380554
-0.0846405
-8.392334E-4
0.12007141
0.142807
0.07577515
0.21104431
0.36787415
0.46003723
0.45645142
0.6228485
1.0597839
1.8618469
2.4891357
2.2317505
1.5709534
0.99635315
0.7677002
0.72102356
0.58932495
0.53067017
0.7377777
1.1854858
1.4177246
1.252533
0.9077606
0.7533417
0.92930603
1.1519775
1.1567535
1.039444
1.1148682
1.3578796
1.4093475
1.1435852
0.6671448
0.8934021
0.7281952
