8.330154
6.3022614
7.9159546
9.897156
10.2491
9.396774
8.692871
8.495346
8.759903
8.800613
8.276276
8.066788
8.230789
8.653366
9.117844
9.917496
10.471771
10.457397
10.174881
10.32692
10.432266
9.751114
8.823349
8.599503
9.861237
11.953781
12.486481
10.792587
8.898773
8.454651
8.969406
9.119034
8.755127
8.35051
7.8692627
7.913559
8.660553
9.087921
9.1010895
8.752731
9.175308
10.52803
11.073898
10.341278
9.295013
9.335709
10.62619
11.574295
11.148132
10.016861
9.690048
9.73555
9.413528
9.335709
9.377609
9.175293
9.114258
9.238754
9.423111
9.053192
8.340927
8.03566
8.307404
8.637802
8.769485
8.824554
9.090317
9.834915
10.662094
10.410706
9.763077
10.076721
11.051163
10.9122925
10.018066
9.949829
10.726746
11.486908
11.41748
10.386765
8.728775
7.9877777
8.7539215
9.5954895
9.947433
9.867233
9.012497
8.082352
8.224808
8.88681
9.490143
9.89476
10.192841
10.044403
9.664917
9.522461
9.885178
10.6549225
10.739914
10.255096
9.785828
9.53923
9.188477
8.779068
8.555206
8.524078
8.60788
8.88681
9.00531
8.629425
8.003342
7.756729
8.158966
8.5168915
8.476196
8.751526
9.9713745
11.410294
11.8771515
10.950607
10.038406
10.549576
11.5012665
11.445007
10.790192
10.84166
11.010452
10.040817
8.712021
7.8536987
7.5723877
8.060806
8.49176
8.395996
8.014114
7.707657
7.7663116
8.319382
8.721603
8.837723
9.06517
9.781036
10.392746
10.516052
10.2634735
10.027634
10.330505
11.011658
11.095444
10.177277
9.686462
9.626617
9.019684
8.336136
8.409164
8.98616
9.292618
9.345291
9.424301
9.273468
8.740753
8.145798
7.8848267
7.7746887
7.810608
8.51091
9.9318695
11.155304
10.988907
9.810959
9.187271
10.043198
12.01123
13.207138
12.688797
11.346848
10.751877
10.506485
9.679291
8.266708
7.246765
7.2563477
7.99736
8.980179
9.473389
9.405151
8.8880005
8.476196
8.524078
8.820969
8.865265
8.803009
8.871246
9.2196045
9.67569
10.049194
10.159317
10.380783
10.384369
10.597458
10.458603
9.684067
8.957428
8.357681
8.356476
8.735962
8.880814
9.095108
9.490143
9.527252
9.169327
8.8880005
8.676117
8.489365
8.225998
8.012924
8.173325
8.76709
9.648163
10.034821
9.534424
9.166931
9.606262
10.656113
10.90033
10.401138
10.343674
10.856033
11.160095
10.489716
9.159744
8.154175
7.9039764
8.197266
8.526474
8.639008
8.561188
8.283463
8.064392
8.260712
8.788635
9.265091
9.5954895
9.843277
9.868423
10.009689
10.532806
10.741119
10.207199
9.933075
10.08989
10.482544
10.176071
9.079529
7.9279327
7.731598
8.690475
9.413528
9.26149
8.755127
8.671326
8.968201
9.007706
8.498947
7.7734985
7.36409
7.530487
8.157761
8.890396
9.608658
9.880402
9.886383
10.076721
10.780609
11.326492
11.521622
11.468948
10.662109
10.404724
11.992081
12.54274
11.083481
9.020874
7.7531433
8.223602
9.464996
9.843292
9.078339
7.949478
7.3592987
7.4873962
7.763916
7.838135
7.4407043
7.056427
7.2431793
7.60231
7.589142
7.7064667
8.228394
8.580338
8.88681
9.4374695
10.0503845
9.897156
8.739563
8.812592
11.187622
12.69957
11.387543
9.374023
8.691681
9.1405945
9.939056
10.156937
9.571548
8.971802
8.829346
8.8461
8.656967
7.993759
7.5867615
8.167343
8.98497
9.259094
9.108276
8.995743
9.1848755
10.074326
11.231918
12.218338
11.778992
10.202423
10.058762
11.896317
13.482468
13.130524
10.72316
8.461838
7.4766083
8.324173
9.73555
10.125809
9.06517
7.755539
7.389221
7.695694
7.8836365
7.7699127
7.6154785
7.762726
8.3517
8.622253
8.692871
9.041229
9.703232
10.007294
9.099884
8.92511
10.805756
13.204742
13.379517
11.13855
9.358459
9.200439
10.761459
11.848419
11.3624115
9.51767
7.9422913
7.159378
7.214447
7.465851
7.402405
7.396408
7.99736
8.977783
9.55838
9.239944
8.554001
8.696472
10.058762
11.435425
11.557526
10.346069
8.507324
8.118256
11.060745
14.291718
14.924973
12.806107
9.946228
8.269104
8.208054
8.964615
9.052002
8.452255
7.99736
7.593933
7.320999
7.379654
7.52211
7.8800354
8.180511
8.07756
7.7854767
8.198471
8.946655
9.775055
10.620209
10.40712
9.486542
9.81575
11.561127
12.3823395
11.616196
10.381989
10.8129425
12.256638
12.802521
11.539581
9.269882
7.7268066
7.46344
7.8489227
8.124252
7.853714
7.4610443
7.6873016
8.421127
8.84491
8.549225
8.082352
8.241562
9.247131
10.44902
11.160095
10.751892
9.462601
9.407547
11.694
13.9673
13.957718
11.71196
9.7140045
8.836517
8.376846
8.026093
7.9231415
7.7459717
7.5245056
7.427536
7.7579346
8.263123
8.5911255
8.67012
8.652176
8.592316
8.609085
8.689285
8.74794
8.787445
8.593521
8.677307
9.459015
10.201218
9.874405
8.897583
8.787445
10.241913
11.69281
11.650909
10.84407
10.684845
11.117004
10.868011
10.034821
9.117844
8.187698
7.5795593
7.5233
7.8560944
8.187698
8.275085
8.315781
8.58873
9.233963
9.935455
10.217972
10.137772
10.195236
10.604645
11.383957
11.744278
11.983704
11.494095
11.000885
11.672455
12.654083
11.957367
10.330505
9.068756
8.275085
8.328949
9.192062
9.219589
8.890396
8.902359
9.025665
9.238754
8.17572
7.687317
8.732376
8.737167
8.600693
8.840118
9.108276
9.897156
10.539993
10.696823
10.925461
11.41748
11.63295
10.966171
9.790619
8.631821
8.56958
9.262695
9.937866
9.919891
9.522461
8.464218
7.6298523
7.4682465
7.5520325
7.8046265
8.180511
8.326553
8.218826
8.057205
7.899185
7.975815
8.4175415
9.581116
10.293396
10.392746
10.658508
10.927856
11.082291
11.114609
11.345642
11.776611
11.634155
11.644928
12.479309
12.879135
11.641327
9.530838
7.83934
6.9822083
6.7260284
6.7104645
7.147415
7.568802
7.921936
8.3385315
8.763504
9.108261
9.357269
9.684067
10.264664
10.700409
10.455002
9.797791
9.569153
10.23114
11.266632
11.242706
9.881592
8.340927
8.5516205
10.044403
10.414307
9.450638
8.820969
9.095093
9.362061
9.40036
9.256699
9.049606
8.60907
7.882431
7.5723877
7.755539
8.410355
9.195648
9.721176
10.46817
11.412689
12.178833
11.802933
10.541199
9.611053
9.606262
9.710403
9.880402
10.749496
11.957367
11.986099
10.126999
8.260712
8.126633
9.214813
9.933075
9.864838
8.864059
8.05722
7.91835
8.206848
8.271484
7.951874
7.783081
8.334946
8.988556
8.938278
8.66774
8.66774
8.741943
8.86525
9.273468
9.621826
9.678085
9.623016
9.571548
9.632599
10.246704
10.926666
10.809341
9.89476
8.814972
8.264313
8.448669
9.233963
9.503311
9.025665
8.488174
8.288254
8.582748
8.8880005
8.613861
8.047638
7.930313
8.5121155
9.323746
9.819351
9.962997
10.306564
11.1577
11.656891
11.37677
10.40712
9.2603
8.791031
10.049179
11.498886
11.721542
10.417892
8.731186
7.889618
8.397186
9.170517
9.232773
8.641403
8.270294
8.756317
8.975388
8.312195
7.7651215
7.8536987
8.257126
8.812576
9.523651
9.81575
8.899979
8.363663
9.821747
11.113419
