8.221222
10.425079
14.16481
16.420166
15.286499
12.746246
11.308533
11.2798
11.185242
10.118622
8.715622
7.8237762
7.7651215
8.148193
8.483383
8.354095
7.750763
7.0109406
6.7894745
7.297058
7.4167633
7.289871
7.348526
7.581955
8.090729
8.868851
9.67569
10.529221
11.496475
12.335648
12.989258
12.221924
10.03363
8.647385
10.40712
12.786957
12.567886
10.635773
8.938278
9.283051
10.013275
9.24234
7.331772
5.7420197
5.9586945
7.355713
7.9351044
7.9470825
8.23439
8.539642
9.351273
10.361633
10.834488
10.727936
10.976944
11.363602
12.223114
12.950958
12.385925
10.159317
8.283463
9.24234
11.502472
12.333252
11.212769
9.488953
8.2595215
7.5017548
6.890045
6.6434326
6.7368164
7.1689606
7.554428
7.609497
7.644211
7.9087677
8.50972
8.873627
8.956238
8.860458
8.690475
9.609848
11.691605
13.336426
13.714706
12.350006
11.132568
11.780197
12.834839
11.682037
9.475769
8.484573
9.050812
9.81456
9.387192
8.033264
6.9199677
6.4650726
6.87088
7.866867
8.565979
8.72998
8.752731
8.68689
8.762299
9.171707
9.888779
10.708786
11.142136
11.765823
12.134537
11.96933
12.005249
11.813721
11.131363
10.371201
9.824127
9.463806
9.073547
8.463028
7.62027
6.958267
6.7152557
6.8134155
7.0612183
7.324585
7.3389587
7.2276154
7.5520325
8.25354
8.84491
8.94545
8.849686
9.061584
9.642166
10.873993
12.344025
12.806107
11.284592
8.601898
7.862091
11.032013
14.217499
13.8871
10.50528
7.9243317
7.36409
8.203262
8.344513
7.465851
6.581192
6.7775116
8.327759
9.951019
10.341278
9.988129
9.41951
9.326141
9.602676
9.7187805
9.772659
10.597458
12.122559
13.246643
11.745483
8.82814
8.101501
10.372406
12.536758
12.116577
9.624222
7.692093
7.3030396
7.8836365
8.090729
7.4263306
6.487808
6.020935
6.439926
7.5903473
8.700058
8.6749115
8.185303
8.296631
8.830536
9.399155
10.583084
11.575485
11.928635
12.473312
12.851593
12.796539
12.569077
12.433807
11.752655
10.620209
9.564362
8.858063
8.072769
7.2395935
6.6518097
6.3178253
6.0532684
6.024536
6.787079
8.221222
9.615845
10.456207
10.809341
10.489731
9.967789
10.681259
11.807724
12.527176
12.186005
11.237915
11.02243
11.8328705
12.1692505
11.2438965
9.388382
7.762726
7.155792
7.68132
8.334946
8.288254
7.3628845
6.392044
6.5799866
7.657379
8.479782
8.666534
8.11467
7.323395
7.4957733
8.477402
9.300995
9.839691
10.845261
12.3272705
13.626129
13.408249
10.604645
8.29184
9.583511
12.151291
12.753433
11.014053
8.679703
7.9949646
8.236771
8.288254
7.70047
6.653015
5.9515076
6.2076874
7.3533173
8.949051
10.195236
10.585495
10.32692
9.809769
9.1250305
9.18129
10.227554
11.686829
12.934204
13.172424
12.515213
11.319305
10.489716
10.334106
10.115021
9.238754
7.9027863
6.811035
6.4614716
6.9439087
7.6513977
7.93869
7.672943
7.244385
7.0420685
7.2395935
7.656189
7.9195404
8.015305
8.405563
8.780258
9.40155
10.929062
12.3272705
12.697174
11.998062
10.506485
9.575134
10.968567
13.002426
13.690765
12.656479
10.355652
8.418732
7.273117
6.7296295
6.430359
6.1131134
5.9359436
6.4363403
7.2084656
7.846512
8.284668
9.266281
10.856033
11.902298
11.739502
11.0703125
11.345642
12.375153
12.344025
11.145737
10.03363
10.616608
11.838852
11.8328705
10.562744
9.226776
8.764694
8.788635
8.615067
7.6753387
6.4686584
7.111496
7.973419
8.366058
8.743149
8.901169
9.3979645
9.761887
9.764267
10.09108
10.834488
11.350433
11.588654
12.01123
11.579086
10.642944
9.949829
9.899551
10.135376
9.869614
9.26149
8.562393
8.154175
7.9674225
7.688507
7.2802887
7.1067047
7.155792
7.309021
7.7423706
8.428314
9.24115
9.936661
10.554367
11.258255
11.388748
11.35762
13.052719
15.017151
14.635284
11.993286
9.306976
7.5711823
7.0851593
8.301422
9.741531
10.015671
8.962219
7.4251404
6.4758453
6.3968353
7.092346
7.896805
8.324158
8.494156
8.563583
8.785049
9.1010895
9.481766
9.67569
9.597885
9.643372
9.584717
10.273041
12.831253
14.776535
13.27417
10.415497
9.447037
10.2491
11.465363
11.433044
10.217972
8.7934265
7.909973
7.608307
7.597519
7.5125275
7.2958527
7.288681
7.669342
8.348114
9.007706
9.690063
10.3975525
11.016449
11.447403
11.497681
11.302551
11.856812
12.590637
12.502045
11.364792
9.536835
8.118256
8.170929
9.226776
9.626617
9.030457
8.044052
6.9905853
6.352539
6.5009766
7.26474
8.040451
8.554001
8.861664
9.3033905
9.7582855
9.844482
9.300995
9.002914
9.409943
9.693649
9.111847
8.903564
9.948624
11.4857025
12.114197
11.769424
11.069122
10.492111
10.258682
10.216782
9.970184
9.133408
7.9865875
7.142624
6.9355316
7.166565
7.6801147
8.440277
9.024475
9.061584
9.345291
10.1844635
10.809341
10.337692
9.685272
9.642181
9.996506
10.585495
10.122208
9.293808
10.324524
11.658096
10.9314575
9.038834
7.3748627
7.83934
10.226349
11.77301
10.86441
8.504929
7.1246643
7.3186035
7.6585693
7.5328827
7.1761475
6.9307404
7.18692
7.660965
7.8369446
8.087128
8.287048
7.613083
6.723633
6.997772
8.60788
10.465775
10.076721
8.343323
11.574295
14.948929
13.220306
9.450638
10.092285
13.026382
14.058273
12.34642
9.372833
7.897995
7.6274567
7.5352783
6.7380066
5.6318817
5.236847
5.6546326
6.5548553
7.3437347
7.7459717
8.637802
9.940262
10.583099
9.615829
9.125015
11.032013
12.594223
12.333252
13.859558
16.251373
16.002365
12.4613495
8.3134
7.072006
8.331345
8.913132
8.012924
6.8014526
6.0496674
5.9479218
6.2519836
6.498581
6.8996124
7.3736725
7.435913
8.138611
8.8461
9.561966
11.192413
12.9952545
13.0347595
12.521194
14.331207
15.632462
13.969696
11.127777
10.077927
10.514862
10.118622
8.342117
6.2843018
5.447525
6.249588
7.4215546
7.7184296
7.3197937
7.3437347
8.15657
9.151367
9.632599
9.286636
8.8880005
9.451843
9.978561
9.858856
10.506485
11.047562
10.225159
11.360016
14.8064575
15.552261
12.328461
8.797012
7.5951385
7.9075775
7.7268066
6.9714355
6.4614716
6.3812714
6.2938843
6.2364197
6.4734497
7.123474
8.167343
8.78624
8.337326
7.578369
8.101501
9.158554
10.100662
11.389938
12.384735
12.482895
12.0351715
11.338455
10.826111
10.889542
11.6592865
11.620987
9.65773
7.802231
7.692093
8.791031
9.219589
8.563583
7.3976135
6.830185
7.2635345
8.108688
8.660553
8.723999
8.706039
9.091507
9.123825
8.723999
9.449448
11.298965
12.5451355
10.805756
8.9263
9.341705
11.212769
12.103409
11.298965
10.419098
9.843292
9.390778
8.896378
8.1649475
7.486191
7.209671
7.367691
7.6777344
8.070374
8.418732
8.424728
8.163757
7.9147644
8.33493
9.108261
9.225586
8.974197
9.32016
10.591476
11.412689
10.993698
10.7782135
11.843643
12.807312
12.087845
10.767456
10.207199
10.350861
9.97377
8.84729
7.862091
7.356903
7.312607
7.470627
7.626251
8.273895
7.191696
5.5720367
7.0420685
8.762299
9.00531
