0.71455383
-0.16482544
-0.840744
-0.8189087
-0.30810547
0.10787964
0.16114807
-0.011962891
-0.14457703
-0.17015076
-0.099853516
-0.07215881
-0.18240356
-0.37309265
-0.4598999
-0.34432983
-0.12487793
0.059951782
0.13398743
0.15795898
0.26075745
0.3086853
0.24743652
0.0929718
-0.10197449
-0.17814636
-0.12541199
-0.12808228
-0.29904175
-0.4487152
-0.3922577
-0.0476532
0.44024658
0.5292053
-0.1179657
-0.8178406
-0.809845
-0.32728577
0.13664246
0.17233276
0.040252686
0.12812805
0.47061157
0.82907104
0.71029663
0.11054993
-0.45191956
-0.69799805
-0.5994568
-0.19412231
0.03225708
0.14570618
0.035980225
-0.11529541
-0.055633545
0.2298584
0.12226868
0.11747742
0.2532959
0.4258728
0.2101593
-0.54086304
-1.1198425
-1.0612488
-0.48173523
0.17286682
0.43173218
0.42533875
0.4216156
0.35342407
0.29110718
0.20695496
0.03704834
-0.06362915
-0.081207275
-0.12487793
-0.2084961
-0.22128296
-0.027404785
0.28312683
0.5169525
0.31614685
-0.25697327
-0.8013153
-0.8908081
-0.36402893
0.12866211
0.021072388
-0.29638672
-0.19998169
0.14730835
0.27938843
0.108428955
-0.13233948
-0.17654419
0.033309937
0.27566528
0.36567688
0.20748901
-0.09239197
-0.287323
-0.24472046
-0.058303833
0.2144165
0.44877625
0.5126953
0.4328003
0.24423218
-0.015686035
-0.23139954
-0.21916199
-0.039657593
0.029586792
0.023727417
0.03437805
0.029052734
0.033859253
0.08338928
0.18032837
0.26661682
0.32254028
0.29910278
0.20162964
0.056747437
-0.15045166
-0.317688
-0.37895203
-0.33261108
-0.33900452
-0.45777893
-0.5339508
-0.3821411
-0.10197449
0.02532959
-0.072143555
-0.2479248
-0.35816956
-0.2361908
0.14144897
0.5366516
0.254364
-0.69851685
-1.3829651
-1.1608429
-0.20956421
0.4258728
0.43652344
0.15689087
0.062072754
0.25276184
0.42799377
0.31987
-0.16270447
-0.6750946
-0.6996002
-0.32621765
0.12919617
0.4716797
0.72361755
0.82640076
0.66874695
0.26661682
-0.22341919
-0.47695923
-0.19039917
0.31240845
0.31349182
-0.16268921
-0.53874207
-0.4556427
-0.0135650635
0.28205872
0.28845215
0.21974182
0.17500305
0.18139648
0.19630432
0.1510315
0.0024108887
-0.19093323
-0.26602173
-0.14831543
-0.022079468
-0.014099121
-0.022613525
0.0098724365
-0.039657593
-0.17175293
-0.34326172
-0.55044556
-0.61650085
-0.52223206
-0.4402008
-0.3741455
-0.25004578
-0.09611511
0.07752991
0.2612915
0.4248047
0.47114563
0.41734314
0.31454468
0.18086243
0.04663086
-0.11103821
-0.28733826
-0.397583
-0.32835388
-0.09931946
0.27140808
0.69325256
0.7315979
0.43545532
-0.005569458
-0.3033142
-0.28733826
-0.25697327
-0.35604858
-0.29318237
-0.036468506
0.3236084
0.5611572
0.5105591
0.23625183
-0.04019165
-0.0796051
0.13717651
0.3779297
0.35237122
0.08657837
-0.17068481
-0.2564392
-0.19784546
-0.050842285
0.0013580322
-0.036987305
-0.10092163
-0.05458069
-0.010360718
-0.13233948
-0.37734985
-0.44552612
0.07325745
0.40722656
-0.06788635
-0.7805481
-1.0862885
-0.6963959
-7.7819824E-4
0.26927185
0.22027588
0.24636841
0.38804626
0.5361328
0.48498535
0.09883118
-0.4316864
-0.7182312
-0.6463318
-0.2745514
0.09669495
0.33638
0.6458435
0.83226013
0.64105225
0.26394653
0.00881958
0.0024261475
0.053024292
0.039718628
-0.0284729
-0.07746887
-0.067352295
0.010406494
0.15049744
0.2532959
0.2064209
0.0460968
-0.107299805
-0.13020325
-0.0018463135
0.12120056
0.14624023
0.113220215
0.054092407
0.017333984
-0.06149292
-0.18666077
-0.21542358
-0.18772888
-0.34432983
-0.49505615
-0.44659424
-0.21170044
0.10255432
0.08338928
-0.44126892
-1.0569916
-1.2663116
-0.88601685
-0.08653259
0.52493286
0.7539673
0.80404663
0.781662
0.683136
0.50523376
0.2186737
-0.081207275
-0.23779297
-0.270813
-0.24739075
-0.16589355
0.023208618
0.29110718
0.49086
0.4578247
0.26075745
0.18778992
0.3944397
0.5638275
0.32893372
-0.14831543
-0.33847046
-0.21916199
-0.05670166
0.013076782
0.057281494
0.19949341
0.6426544
1.1965942
0.8834076
0.4839325
0.2101593
0.054092407
0.08924866
0.16221619
0.2724762
0.5569
0.6842041
0.55210876
0.2735443
0.031188965
-0.0284729
0.13238525
0.2698059
0.23518372
0.0184021
-0.28573608
-0.42208862
-0.31396484
-0.10517883
0.051956177
0.07060242
0.04397583
0.11427307
0.21334839
0.2532959
0.2186737
0.11161804
0.025863647
0.108947754
0.2575531
0.2453003
0.0024108887
-0.30703735
-0.5637665
-0.8716278
-0.7832184
-0.18559265
0.49404907
0.8599701
0.83174133
0.5845947
0.124923706
-0.33261108
-0.40611267
-0.1222229
0.32147217
0.6682129
0.76249695
0.5217438
0.1355896
-0.16749573
-0.31661987
-0.31610107
-0.2361908
-0.085998535
0.054626465
0.1510315
0.17126465
0.094573975
0.092437744
0.08604431
-0.2037201
-0.43380737
-0.10997009
0.4924469
0.6937866
0.40563965
-0.119018555
-0.42848206
-0.37734985
-0.13446045
0.12973022
0.3390503
0.399765
0.37846375
0.37153625
0.29803467
0.07220459
-0.1818695
-0.26390076
-0.21170044
-0.16215515
-0.16429138
-0.14938354
0.0050811768
0.18086243
0.12866211
0.035446167
0.036514282
0.13931274
0.3720703
0.4562378
0.26287842
-0.0034484863
-0.07002258
0.11534119
0.40457153
0.67300415
0.81895447
0.7742157
0.5670166
0.31028748
0.094573975
-0.08706665
-0.19519043
-0.12541199
0.13931274
0.51908875
0.72413635
0.5824585
0.2964325
0.20695496
0.19470215
-0.02368164
-0.40397644
-0.55578613
-0.31396484
0.08711243
0.2612915
0.15582275
-0.005569458
-0.022079468
0.13452148
0.41362
0.6762085
0.7092285
0.5297394
0.26501465
0.029052734
-0.16056824
-0.27934265
-0.35391235
-0.33847046
-0.19784546
0.04663086
0.25382996
0.29856873
0.1979065
0.016799927
0.0418396
0.18405151
0.11534119
0.07965088
0.31881714
0.6623535
0.74757385
0.3209381
-0.35391235
-0.51690674
-0.102508545
0.45037842
0.59150696
0.4658203
0.36727905
0.3582306
0.40350342
0.4232025
0.3321228
0.1675415
0.11907959
0.16007996
0.2655487
0.43971252
0.5611572
0.43278503
0.23358154
0.25968933
0.6863251
1.0932617
0.4881897
0.27459717
0.730011
1.0746155
0.13026428
-1.4106598
-2.2021484
-1.9624634
-1.1347504
-0.491333
-0.06681824
0.237854
0.5574341
0.84983826
0.93507385
0.77633667
0.47433472
0.18725586
-0.039657593
-0.26123047
-0.45404053
-0.41036987
0.008285522
0.4801941
0.6394501
0.5393219
0.26768494
-0.51530457
-1.1177063
-1.032486
-0.42955017
0.16487122
0.2341156
0.10787964
0.18777466
0.4343872
0.5851288
0.49884033
0.31188965
0.1361084
0.0072021484
-0.08811951
-0.15257263
-0.1264801
-0.17814636
-0.29745483
-0.31715393
-0.29638672
-0.25430298
-0.21809387
-0.29052734
-0.76989746
-1.0090485
-0.67030334
-0.11582947
0.10575867
0.03012085
0.011474609
0.21655273
0.5334625
0.66023254
0.42373657
0.006149292
-0.27668762
-0.3778839
-0.44873047
-0.53926086
-0.5893402
-0.44073486
0.0056152344
0.43492126
0.5063019
0.35502625
0.16061401
-0.024215698
-0.023147583
0.17126465
-0.059906006
-0.53341675
-0.4982605
0.14942932
0.83332825
0.9291992
0.5947113
0.3070984
0.30336
0.41522217
0.44078064
0.39178467
0.27938843
0.09616089
-0.14884949
-0.37734985
-0.4625702
-0.3144989
-0.0018463135
0.22187805
0.20855713
-0.017288208
-0.30545044
-0.41249084
-0.3587036
-0.30171204
-0.22981262
-0.23672485
-0.33952332
-0.40290833
-0.2830658
0.022125244
0.16647339
-0.041793823
-0.41409302
-0.6612396
-0.61650085
-0.31929016
-0.027404785
0.04611206
-0.05883789
-0.14085388
0.010940552
0.3086853
0.46635437
0.45996094
0.44984436
0.34651184
0.075927734
-0.24365234
-0.14138794
0.15795898
0.15689087
-0.18400574
-0.47322083
-0.33900452
0.0418396
0.4232025
0.65649414
0.6005707
0.41148376
0.28631592
0.26661682
0.3044281
0.30549622
0.272995
0.20429993
0.16700745
0.16168213
0.17926025
0.12387085
0.040237427
0.124938965
0.2889862
0.3513031
0.124938965
-0.23088074
-0.41516113
-0.48014832
-0.53393555
-0.5137024
-0.32408142
-0.12860107
-0.0710907
-0.051376343
0.06474304
0.26820374
0.42692566
0.43278503
0.2575531
-2.4414062E-4
-0.16696167
-0.188797
0.04663086
0.44664
0.23518372
0.10203552
0.1552887
0.1979065
