0.4645996
0.25421143
-0.27149963
-0.5127716
-0.35246277
-0.11703491
-0.09094238
-0.25445557
-0.4046631
-0.38813782
-0.21504211
-0.04032898
0.04170227
0.0113220215
-0.08773804
-0.19320679
-0.21025085
-0.090408325
0.06619263
0.12265015
0.13491821
0.20733643
0.21853638
-0.011566162
-0.4296875
-0.7876129
-0.7641907
-0.45791626
-0.27096558
-0.29760742
-0.34500122
-0.25978088
-0.10852051
-0.06430054
-0.1436615
-0.2635193
-0.32156372
-0.24220276
-0.07388306
0.07525635
0.0677948
-0.05152893
-0.07975769
-0.0062408447
-0.026489258
-0.23420715
-0.48667908
-0.5143738
-0.2917328
-0.09573364
-0.06430054
-0.060043335
0.011856079
0.06300354
0.0677948
0.07258606
0.052352905
-3.9672852E-4
-0.052581787
-0.062179565
-0.05418396
-0.086135864
-0.11224365
-0.03981018
0.108810425
0.21266174
0.19242859
0.0912323
0.024108887
0.05873108
0.017715454
-0.19160461
-0.35832214
-0.30291748
-0.22462463
-0.36470032
-0.5830841
-0.70292664
-0.6411438
-0.41583252
-0.19851685
-0.21662903
-0.47016907
-0.65818787
-0.6081238
-0.32635498
0.08377075
0.38790894
0.46247864
0.4550171
0.5002899
0.6148071
0.7612915
0.87739563
0.8747406
0.67819214
0.33410645
-0.020629883
-0.20225525
-0.1905365
-0.0925293
0.010803223
0.10827637
0.19509888
0.23130798
0.20414734
0.14608765
0.035308838
-0.09786987
-0.16177368
-0.1436615
-0.073898315
0.01133728
0.104019165
0.18177795
0.14183044
-0.021697998
-0.11543274
-0.034469604
0.06460571
-0.02116394
-0.22195435
-0.24594116
-0.036605835
0.108810425
0.019317627
-0.09094238
-0.030212402
0.08218384
0.09442139
0.020385742
-0.060043335
-0.062698364
0.0022735596
0.05342102
0.07418823
0.08963013
0.12106323
0.2238617
0.31706238
0.28723145
0.17059326
0.09176636
0.08377075
0.047027588
-0.02116394
-0.07336426
-0.0728302
0.027832031
0.21853638
0.2989502
0.28511047
0.29364014
0.25369263
0.10241699
-0.045135498
-0.0728302
-0.029144287
-0.020095825
-0.032348633
-0.008911133
0.008666992
-0.011566162
-0.024887085
-0.0259552
-0.07069397
-0.111709595
0.001739502
0.27764893
0.47473145
0.42092896
0.2403717
0.17059326
0.2600708
0.3660736
0.27871704
-0.017425537
-0.2331543
-0.16230774
0.0677948
0.17538452
0.02357483
-0.21611023
-0.31996155
-0.22569275
-0.050994873
0.099227905
0.1849823
0.2169342
0.2361145
0.28990173
0.35488892
0.35221863
0.21800232
0.0049438477
-0.20013428
-0.33914185
-0.42703247
-0.4174347
-0.30984497
-0.14419556
0.058746338
0.13917542
0.104019165
0.04170227
0.014526367
0.047546387
0.0677948
0.06460571
0.11413574
0.24090576
0.3804474
0.45661926
0.44171143
0.37672424
0.32559204
0.26860046
0.14822388
0.040634155
0.04914856
0.11679077
0.10774231
0.0038757324
-0.121292114
-0.22195435
-0.3327484
-0.4680481
-0.53941345
-0.48828125
-0.33753967
-0.19374084
-0.20118713
-0.33062744
-0.43554688
-0.4446106
-0.375885
-0.2565918
-0.09732056
0.01399231
0.04914856
0.120529175
0.2749939
0.38258362
0.39749146
0.40602112
0.38258362
0.2803192
0.20840454
0.18710327
1.373291E-4
-0.28482056
-0.3742981
-0.13833618
0.19989014
0.3261261
0.18603516
-0.027023315
-0.09945679
-0.07122803
-0.09466553
-0.18574524
-0.25978088
-0.2374115
-0.10531616
0.048095703
0.13171387
0.13224792
0.085372925
0.032104492
-0.0110321045
0.005996704
0.03691101
-0.041397095
-0.19213867
-0.28215027
-0.21504211
-0.097335815
-0.116500854
-0.3274231
-0.64753723
-0.5953369
-0.20439148
0.08004761
0.023040771
-0.19107056
-0.2736206
-0.11010742
0.12425232
0.17964172
0.014526367
-0.19000244
-0.2336731
-0.08668518
0.14501953
0.30641174
0.33091736
0.29629517
0.24249268
0.13757324
0.015594482
-0.011047363
0.028366089
0.047561646
0.07897949
0.17219543
0.2366333
0.06086731
-0.29013062
-0.35671997
-0.040863037
0.20414734
0.13491821
-0.050979614
-0.19746399
-0.25180054
-0.24327087
-0.24913025
-0.277359
-0.2294159
-0.054718018
0.16473389
0.23344421
0.108810425
-0.0025177002
0.023040771
0.09388733
0.07791138
-0.021697998
-0.10317993
-0.06855774
0.08483887
0.2877655
0.3788452
0.120529175
-0.32955933
-0.47335815
-0.14579773
0.37886047
0.6419678
0.5242615
0.18656921
-0.07974243
-0.07550049
0.085372925
0.14822388
0.033172607
-0.078689575
-0.055252075
0.028381348
0.056610107
0.0054626465
-0.05418396
-0.04458618
-0.005706787
0.010787964
0.047027588
0.11306763
0.12904358
-0.07815552
-0.40785217
-0.4765625
-0.13621521
0.32452393
0.42892456
0.13703918
-0.28961182
-0.44247437
-0.23208618
0.1109314
0.2669983
0.2131958
0.10455322
0.07258606
0.11306763
0.115737915
0.03477478
-0.041931152
-0.046188354
-0.01210022
-0.011566162
-0.061645508
-0.12501526
-0.12023926
-0.013168335
0.123184204
0.13650513
-0.17828369
-0.82437134
-1.1865692
-0.84088135
-0.069625854
0.5263977
0.59776306
0.25048828
-0.15911865
-0.3007965
-0.20811462
-0.0925293
0.001739502
0.08218384
0.118927
0.13171387
0.10295105
0.060333252
0.06300354
0.087509155
0.075790405
0.073654175
0.11520386
0.1700592
0.25474548
0.25527954
0.015060425
-0.27682495
-0.26882935
0.044891357
0.33996582
0.34475708
0.15994263
0.13917542
0.34529114
0.4598236
0.26167297
-0.076553345
-0.24487305
-0.16870117
0.016113281
0.115737915
0.06567383
-0.020629883
0.005996704
0.13703918
0.22598267
0.18177795
0.11732483
0.1423645
0.20361328
0.21427917
0.10774231
-0.23634338
-0.725296
-0.9244995
-0.63209534
-0.1005249
0.24888611
0.30215454
0.21746826
0.10934448
0.039031982
0.055007935
0.12585449
0.19456482
0.2446289
0.23983765
0.18070984
0.104019165
0.04862976
0.04170227
0.075790405
0.12532043
0.14501953
0.14129639
0.15461731
0.15834045
0.14768982
0.22865295
0.3996277
0.47631836
0.2707367
-0.1282196
-0.3950653
-0.36044312
-0.1942749
-0.10531616
-0.073349
0.007598877
0.08377075
0.061401367
0.0054779053
-0.025421143
-0.04460144
-0.038208008
0.034240723
0.10028076
0.03477478
-0.1436615
-0.3189087
-0.39453125
-0.35351562
-0.2731018
-0.30558777
-0.34925842
-0.2097168
-0.010513306
-0.023284912
-0.22090149
-0.38388062
-0.4019928
-0.36257935
-0.24060059
-0.06323242
0.035842896
0.001739502
-0.06643677
-0.03501892
0.05128479
0.08218384
-0.044067383
-0.27468872
-0.44673157
-0.47602844
-0.1005249
0.23077393
0.26327515
0.07897949
-0.22994995
-0.2336731
-0.030212402
0.15727234
0.23930359
0.17059326
0.12905884
0.3373108
0.7671509
1.1016388
1.1128235
0.74690247
0.16899109
-0.30345154
-0.45098877
-0.2720337
0.00920105
0.19136047
0.165802
0.012924194
-0.17881775
-0.3231659
-0.36683655
-0.31996155
-0.24487305
-0.18414307
-0.17456055
-0.23101807
-0.29333496
-0.25498962
-0.1628418
-0.13407898
-0.14100647
-0.16444397
-0.21609497
-0.2965393
-0.35458374
-0.34553528
-0.39134216
-0.546875
-0.6091919
-0.40731812
-0.104782104
0.08909607
0.14396667
0.13543701
0.12797546
0.08644104
0.049682617
0.02784729
-0.005722046
-0.043533325
-0.045669556
0.01878357
0.094955444
0.11199951
0.120529175
0.17112732
0.17326355
0.061935425
-0.08294678
-0.11917114
0.020385742
0.2211914
0.31440735
0.18070984
0.008132935
0.07525635
0.2526245
0.22705078
0.015060425
-0.09359741
-0.049926758
0.035842896
0.087509155
0.08963013
0.07418823
0.010803223
-0.06643677
-0.073898315
0.001739502
0.11520386
0.16207886
0.108810425
0.017715454
-0.024353027
-0.040878296
-0.08773804
-0.13354492
-0.10585022
-0.050979614
-0.07975769
-0.13728333
-0.060577393
0.13757324
0.23025513
0.064071655
-0.08508301
0.052886963
0.34849548
0.580719
0.55622864
0.35435486
0.18763733
0.18977356
0.30429077
0.3703308
0.31015015
0.2627411
0.29736328
0.2749939
0.11946106
-0.045135498
-0.16551208
-0.21929932
-0.18414307
-0.10372925
-0.020095825
0.024642944
-0.08081055
-0.2816162
-0.36257935
-0.18414307
0.115737915
0.33836365
0.35754395
0.21853638
0.10134888
0.11199951
0.14129639
0.0677948
-0.06802368
-0.17295837
-0.18840027
-0.09199524
0.023040771
0.050216675
0.026779175
0.034240723
0.07472229
0.07418823
6.866455E-4
-0.053649902
0.01133728
0.12852478
0.19935608
0.17433167
0.012924194
-0.26031494
-0.44940186
-0.41796875
-0.21611023
-0.025421143
0.020385742
-0.04460144
-0.054718018
0.033172607
0.07312012
-0.03288269
-0.20439148
-0.20439148
-0.011581421
0.09069824
0.01612854
-0.07548523
-0.057388306
0.0124053955
0.052886963
0.049682617
-0.012634277
-0.14579773
-0.106918335
0.07684326
