0.28684998
0.25808716
-0.24525452
-0.6713562
-0.77256775
-0.59039307
-0.39971924
-0.24365234
-0.09664917
0.07060242
0.20056152
0.13291931
0.0029449463
-0.06523132
-0.025802612
0.039718628
0.16488647
0.2809906
0.29963684
0.21653748
0.12173462
0.07220459
0.06739807
-0.005569458
-0.23406982
-0.49719238
-0.4817505
-0.102508545
0.254364
0.26501465
0.020004272
-0.18933105
-0.23088074
-0.13659668
0.035446167
0.094573975
0.0040130615
-0.114227295
-0.16642761
-0.21328735
-0.35710144
-0.5190277
-0.44873047
-0.158432
0.124938965
0.20909119
0.068481445
-0.044448853
-0.013031006
0.15156555
0.106292725
-0.10517883
-0.2079773
-0.22235107
-0.2079773
-0.16056824
-0.17814636
-0.2287445
-0.21809387
-0.030075073
0.23731995
0.35876465
0.2932434
0.17233276
0.071136475
-0.0061035156
-0.048721313
-0.12434387
-0.1973114
-0.11529541
0.036514282
0.0050811768
-0.24472046
-0.427948
-0.37521362
-0.3256836
-0.44180298
-0.58506775
-0.46736145
-0.1611023
0.07752991
0.031723022
-0.21968079
-0.37361145
-0.3768158
-0.24153137
-0.057769775
0.041305542
-0.12062073
-0.33847046
-0.37734985
-0.30278015
-0.24525452
-0.1696167
-0.046051025
0.108947754
0.2687378
0.37527466
0.53292847
0.67674255
0.64105225
0.4801941
0.33532715
0.19949341
0.030654907
-0.10197449
-0.20637512
-0.252182
-0.13233948
0.13452148
0.40882874
0.4567566
0.24371338
0.033309937
-0.050842285
-0.14619446
-0.34591675
-0.5270233
-0.44659424
-0.071624756
0.28045654
0.19949341
-0.16429138
-0.36509705
-0.266037
-0.14564514
-0.057769775
0.16275024
0.39816284
0.44717407
0.2975006
-0.017288208
-0.23832703
-0.21916199
-0.07746887
0.035980225
0.024795532
-0.1222229
-0.29159546
-0.35816956
-0.32089233
-0.27720642
-0.1973114
-0.048187256
0.1979065
0.41255188
0.39337158
0.19470215
0.010406494
0.003479004
-0.0135650635
-0.121154785
-0.12701416
-0.055099487
-0.053512573
-0.11689758
-0.16908264
-0.18667603
-0.16322327
-0.011428833
0.16487122
0.33372498
0.4066925
0.38006592
0.30070496
0.17286682
0.026931763
-0.076934814
0.04876709
0.36621094
0.57341003
0.33158875
-0.27827454
-0.7251587
-0.6436615
-0.18347168
0.2298584
0.45835876
0.5494385
0.5339966
0.37420654
0.09350586
-0.16801453
-0.46203613
-0.6452637
-0.56536865
-0.34751892
-0.19625854
-0.1850586
-0.21755981
-0.25376892
-0.32833862
-0.4364624
-0.46524048
-0.39546204
-0.26922607
-0.12541199
-0.039123535
-0.051376343
-0.2942505
-0.48387146
-0.491333
-0.42422485
-0.33312988
-0.36190796
-0.43115234
-0.39067078
-0.30543518
-0.1334076
0.14570618
0.5494385
0.8477173
1.0090942
1.0794067
1.1710205
1.1353302
0.8716736
0.6458435
0.5377197
0.42427063
0.4056244
0.34065247
0.048233032
-0.3853302
-0.5525818
-0.35124207
-0.30117798
-0.5259552
-0.6867981
-0.48814392
-0.058303833
0.23783875
0.27194214
0.14570618
0.038116455
0.038650513
0.07966614
0.10308838
0.0929718
0.06846619
-0.01889038
-0.1930542
-0.28733826
-0.252182
-0.19784546
-0.22021484
-0.14938354
0.0024108887
0.15635681
0.24317932
0.36462402
0.35237122
0.22772217
0.12812805
0.089782715
-0.031143188
-0.3065033
-0.47961426
-0.3533783
-0.08760071
0.07273865
0.12545776
0.2501068
0.41575623
0.5105591
0.46528625
0.2602234
-0.036468506
-0.2244873
-0.2644348
-0.22981262
-0.22288513
-0.25804138
-0.28733826
-0.2244873
-0.12008667
-0.027404785
0.2852478
0.90470886
0.86157227
0.7097626
0.7534332
0.8391876
0.85569763
0.46528625
-0.13978577
-0.46043396
-0.41355896
-0.1818695
0.02532959
0.12226868
0.101501465
0.047698975
0.006149292
-0.033798218
-0.14724731
-0.23139954
-0.14138794
-0.0050354004
0.05834961
0.10203552
0.1552887
0.21653748
0.31507874
0.51374817
0.6314697
0.33744812
-0.2479248
-0.5179596
-0.24632263
0.13238525
0.113220215
-0.17175293
-0.45352173
-0.45724487
-0.21916199
0.029067993
0.14624023
0.12226868
-0.011962891
-0.13926697
-0.2079773
-0.28733826
-0.32514954
-0.2883911
-0.1930542
-0.07321167
0.029586792
-0.022079468
-0.2644348
-0.47375488
-0.4364624
-0.1930542
-0.14671326
-0.3837433
-0.6639099
-0.6713562
-0.25590515
0.026931763
-0.062026978
-0.40292358
-0.71076965
-0.7150421
-0.39546204
-0.008239746
0.16647339
0.15209961
0.08392334
0.057296753
0.08818054
0.1164093
0.078063965
0.071136475
0.12812805
0.12705994
8.239746E-4
-0.10676575
0.025863647
0.10896301
-0.23353577
-0.7336731
-0.76724243
-0.27508545
-0.005569458
-0.102508545
-0.35603333
-0.44285583
-0.2665558
0.069000244
0.31826782
0.40615845
0.30336
0.092437744
-0.043380737
-0.1541748
-0.32940674
-0.49612427
-0.50997925
-0.24099731
0.10575867
0.13291931
-0.19039917
-0.4125061
-0.18507385
0.3267975
0.7049713
0.52493286
-0.23779297
-0.8705597
-0.95047
-0.49240112
-0.057235718
-0.055099487
-0.1696167
-0.16802979
-0.033798218
0.12120056
0.20004272
0.21760559
0.18778992
0.10522461
-0.003982544
-0.090789795
-0.104644775
-0.025817871
0.05355835
0.0040130615
-0.10890198
-0.17121887
-0.13020325
0.120147705
0.43972778
0.4700775
0.23039246
0.03012085
-0.029006958
-0.18240356
-0.6873474
-1.1938782
-1.3014679
-0.9685669
-0.34805298
0.18778992
0.39816284
0.32574463
0.14729309
0.038116455
-0.0061035156
-0.08706665
-0.1930542
-0.22660828
-0.14724731
-0.016220093
0.008270264
-0.19039917
-0.48919678
-0.51156616
-0.15045166
0.27140808
0.2778015
-0.19625854
-0.6186371
-0.56269836
-0.13287354
0.0844574
-0.044448853
-0.11262512
-0.032196045
0.052490234
0.1078949
0.12919617
0.07752991
-0.081207275
-0.205307
-0.14778137
0.010940552
0.15689087
0.22932434
0.22773743
0.19418335
0.23625183
0.31774902
0.38272095
0.36088562
0.19204712
0.025863647
0.017349243
0.10522461
0.058883667
-0.18133545
-0.32621765
-0.19572449
-0.0519104
-0.13713074
-0.33312988
-0.34165955
-0.16215515
0.08552551
0.30336
0.35395813
0.2495575
0.06474304
-0.10144043
-0.112091064
-0.022079468
0.02053833
-0.024215698
-0.02368164
0.10096741
0.24157715
0.27513123
0.1552887
-0.17707825
-0.2633667
-0.09185791
0.32839966
0.5036316
0.25115967
-0.053512573
-0.02368164
0.21601868
0.41841125
0.59098816
0.5025635
0.09136963
-0.1653595
-0.15310669
0.03491211
0.3443756
0.6415863
0.8961792
0.48979187
-0.2399292
-0.25483704
0.10469055
0.3955078
0.124923706
-0.55737305
-1.0276947
-1.0410156
-0.8071747
-0.55578613
-0.39653015
-0.3113098
-0.36616516
-0.43273926
-0.40769958
-0.25804138
-0.002380371
0.2144165
0.3166809
0.4146881
0.3635559
0.07006836
-0.052444458
-0.076416016
-0.072143555
-0.07267761
-0.057235718
-0.07002258
-0.121154785
-0.18612671
-0.17814636
-0.21276855
-0.23034668
-0.11582947
-0.08013916
-0.08972168
-0.07800293
-0.05670166
-0.08439636
-0.20744324
-0.31503296
-0.45829773
-0.6010437
-0.5232849
-0.16589355
0.26661682
0.4855194
0.41308594
0.17233276
-0.055099487
-0.22607422
-0.2953186
-0.29585266
-0.29159546
-0.24632263
-0.17973328
-0.17282104
-0.25057983
-0.3453827
-0.37149048
-0.2319336
0.026397705
0.21548462
0.19844055
0.01574707
-0.04711914
0.101501465
0.25222778
0.06741333
-0.3310089
-0.51530457
-0.40185547
-0.19358826
-0.05670166
-7.7819824E-4
-0.024215698
-0.08013916
-0.06362915
0.1084137
0.39604187
0.5478363
0.5190735
0.37580872
0.17819214
0.017868042
-0.14938354
-0.23886108
-0.14352417
0.2256012
0.7177429
0.95158386
0.7550354
0.3635559
-0.04711914
-0.4236908
-0.6916046
-0.56163025
0.004547119
0.46847534
0.45889282
0.1164093
-0.30010986
-0.48654175
-0.32302856
-0.095581055
0.08711243
0.11747742
0.07646179
-0.01889038
-0.16642761
-0.35498047
-0.509964
-0.5589752
-0.48547363
-0.32833862
-0.085998535
0.15368652
0.2809906
0.3156128
0.3401184
0.24957275
0.10736084
0.0844574
0.10682678
0.11961365
0.18032837
0.26234436
0.2794037
0.1829834
0.022659302
-0.15577698
-0.23353577
-0.10836792
0.113220215
0.28684998
0.35183716
0.38113403
0.46315002
0.52067566
0.40829468
0.14837646
-0.10624695
-0.17388916
-0.07800293
0.0024261475
-0.08920288
-0.16856384
-0.048187256
0.1829834
0.31240845
0.17126465
-0.27827454
-0.65805054
-0.5749512
-0.13180542
0.26234436
0.3209381
0.017333984
-0.3368683
-0.44924927
-0.2606964
-0.0013122559
0.106292725
0.11161804
0.1164093
0.15049744
0.18991089
0.19577026
0.108947754
0.0184021
0.11694336
0.383255
0.60217285
0.2879181
0.0098724365
-0.007171631
