-0.06855774
-0.22515869
-0.4376831
-0.43289185
-0.12236023
0.16740417
0.08377075
-0.20492554
-0.31144714
-0.16656494
-0.060043335
-0.12608337
-0.27308655
-0.3551178
-0.32369995
-0.20811462
-0.046722412
0.078445435
0.077926636
-0.019561768
-0.031280518
0.041168213
0.099746704
0.15515137
0.21853638
0.23132324
0.20735168
0.20095825
0.2446289
0.2531433
0.16473389
0.10987854
0.087509155
-0.08401489
-0.38601685
-0.563385
-0.42276
-0.24806213
-0.3039856
-0.5372772
-0.60972595
-0.40678406
-0.17456055
-0.1394043
-0.18734741
-0.049926758
0.2803192
0.52267456
0.46887207
0.2361145
0.03956604
6.713867E-4
0.17324829
0.35435486
0.27978516
0.0049438477
-0.2262268
-0.35992432
-0.22355652
0.097091675
0.21426392
-0.1005249
-0.5399475
-0.6193085
-0.33007812
0.015060425
0.19136047
0.2446289
0.27178955
0.2323761
0.13117981
0.053955078
0.08377075
0.18763733
0.27020264
0.3042755
0.36872864
0.517334
0.5919037
0.5088196
0.35914612
0.11148071
-0.11117554
-0.0962677
0.045425415
0.087509155
-0.08560181
-0.35992432
-0.46324158
-0.29119873
-0.11917114
-0.20385742
-0.42276
-0.4616394
-0.23101807
0.040100098
0.12106323
0.061935425
-0.00944519
-0.004119873
0.099746704
0.23716736
0.32240295
0.34477234
0.2989502
0.2403717
0.22651672
0.28511047
0.38204956
0.34370422
0.15248108
-0.033950806
-0.17881775
-0.23687744
-0.18095398
-0.11331177
-0.13568115
-0.2374115
-0.3162384
-0.2858734
-0.16549683
-0.045654297
0.029434204
0.09176636
0.16687012
0.23344421
0.27604675
0.27659607
0.2281189
0.19136047
0.21853638
0.2526245
0.28138733
0.28883362
0.27339172
0.17059326
0.022506714
0.038497925
0.22865295
0.3106842
0.0033416748
-0.6342163
-0.9756317
-0.708786
-0.22462463
-0.07015991
-0.28482056
-0.565506
-0.61717224
-0.46377563
-0.3109131
-0.24273682
-0.16390991
0.072052
0.40176392
0.60202026
0.5876465
0.4257202
0.23344421
0.14501953
0.12904358
0.042770386
-0.055786133
-0.018493652
0.20840454
0.32505798
-0.02381897
-0.62197876
-0.8829651
-0.5703125
-0.081344604
0.0912323
-0.097335815
-0.34127808
-0.3284912
-0.07069397
0.20095825
0.2957611
0.21160889
0.08909607
0.06991577
0.23078918
0.4438324
0.5104065
0.42785645
0.29948425
0.15940857
0.097091675
0.106674194
0.05128479
-0.095199585
-0.2682953
-0.40731812
-0.48295593
-0.45419312
-0.3785553
-0.35246277
-0.38388062
-0.36418152
-0.25231934
-0.10852051
0.051818848
0.2281189
0.32826233
0.29629517
0.22598267
0.21853638
0.27445984
0.33251953
0.36447144
0.31706238
0.16633606
0.10455322
0.22492981
0.374588
0.3426361
0.09283447
-0.23527527
-0.3977356
-0.29759216
-0.09625244
-0.033950806
-0.118637085
-0.22409058
-0.21876526
-0.08773804
0.060333252
0.09869385
0.01399231
-0.046722412
0.031570435
0.21054077
0.39483643
0.48431396
0.41401672
0.2877655
0.24516296
0.20733643
0.04914856
-0.13354492
-0.14472961
0.05821228
0.28245544
0.1423645
-0.3977356
-0.819046
-0.73435974
-0.39666748
-0.21662903
-0.36418152
-0.5900116
-0.63635254
-0.46749878
-0.18894958
0.049682617
0.14608765
0.080581665
-0.046188354
-0.104782104
-0.0051727295
0.23716736
0.48538208
0.58018494
0.42411804
0.12106323
-0.12023926
-0.22994995
-0.1750946
-0.0062408447
0.16952515
0.16419983
-0.001449585
-0.07548523
0.057144165
0.26167297
0.33091736
0.22705078
0.07418823
0.025177002
0.11679077
0.24143982
0.29682922
0.26113892
0.17645264
0.1343689
0.20256042
0.3650055
0.50401306
0.5269165
0.4081421
0.18710327
0.036895752
0.03956604
0.09867859
0.08216858
-0.0967865
-0.436615
-0.6826935
-0.6145172
-0.36683655
-0.12982178
-0.054718018
-0.11224365
-0.1905365
-0.20864868
-0.12609863
0.008666992
0.12371826
0.24942017
0.39642334
0.47898865
0.36128235
0.1700592
0.1737976
0.39109802
0.58924866
0.5876465
0.5391693
0.63505554
0.64730835
0.3772583
-0.074417114
-0.40252686
-0.41052246
-0.2640381
-0.21025085
-0.3039856
-0.36524963
-0.33221436
-0.23687744
-0.12289429
-0.14686584
-0.088272095
0.14929199
0.4172058
0.6195984
0.6483612
0.5269165
0.3788452
0.24143982
0.20202637
0.27871704
0.33624268
0.2361145
0.17059326
0.18763733
0.1700592
0.092300415
0.045959473
0.07206726
0.07418823
0.036361694
-0.021697998
-0.04725647
-0.024353027
-0.015838623
-0.053649902
-0.09838867
-0.10371399
-0.10798645
-0.15805054
-0.27894592
-0.3700409
-0.32955933
-0.1628418
0.06993103
0.13171387
-0.20332336
-0.5761566
-0.4733734
-0.01423645
0.35914612
0.39483643
0.14555359
-0.19160461
-0.2954712
-0.08454895
0.2169342
0.32826233
0.18231201
-0.0493927
-0.17988586
-0.10266113
0.09815979
0.26220703
0.31173706
0.2638092
0.2004242
0.19563293
0.2765808
0.40335083
0.48591614
0.39588928
0.05821228
-0.37322998
-0.41105652
0.06832886
0.42092896
0.23504639
-0.104782104
-0.16551208
0.12585449
0.49017334
0.6451721
0.5215912
0.2803192
0.11946106
0.08963013
0.13224792
0.17752075
0.22546387
0.28936768
0.33091736
0.32185364
0.31706238
0.3468933
0.36766052
0.32984924
0.20840454
-0.011566162
-0.15805054
-0.017959595
0.3692627
0.71281433
0.73625183
0.42625427
0.090164185
0.022506714
0.15620422
0.2755127
0.27871704
0.14982605
-0.07069397
-0.25019836
-0.2640381
-0.13780212
0.0049438477
0.040100098
0.032104492
0.07472229
0.14981079
0.18231201
0.2169342
0.39909363
0.5961609
0.5088196
0.16526794
-0.0925293
-0.13301086
-0.12023926
-0.14633179
-0.13728333
-0.057373047
0.043823242
0.17752075
0.32452393
0.36128235
0.2526245
0.108810425
0.03742981
0.03263855
0.059814453
0.1503601
0.27178955
0.2707367
0.118392944
-9.3078613E-4
0.04170227
0.10934448
0.08909607
0.108810425
0.24516296
0.4081421
0.36767578
-0.022766113
-0.34127808
-0.21185303
0.094955444
0.19509888
-0.037139893
-0.3939972
-0.453125
-0.14686584
0.21054077
0.3000183
0.15727234
0.042770386
0.059265137
0.09388733
0.08590698
0.04862976
0.05821228
0.1146698
0.1535492
0.18391418
0.24888611
0.27020264
0.19084167
0.060333252
0.0033416748
0.055007935
0.17219543
-0.09573364
-0.48667908
-0.4281006
-0.27575684
-0.43182373
-0.50053406
-0.1351471
0.4134674
0.65208435
0.3138733
-0.19586182
-0.45739746
-0.43927002
-0.30877686
-0.2459259
-0.25019836
-0.23368835
-0.12075806
0.06832886
0.17965698
0.20361328
0.29789734
0.40974426
0.24409485
-0.22994995
-0.4488678
-0.2997284
-0.3439331
-0.56604004
-0.3354187
0.35061646
0.8097534
0.49017334
-0.20118713
-0.5335541
-0.41371155
-0.13673401
0.075790405
0.15621948
0.14289856
0.14343262
0.19403076
0.30854797
0.44596863
0.48059082
0.4864502
0.4880371
0.29896545
0.055007935
0.021453857
0.020385742
-0.20758057
-0.33007812
-0.13354492
0.0022735596
-0.22143555
-0.530365
-0.49786377
-0.17402649
0.06567383
0.035308838
-0.09892273
-0.064834595
0.20095825
0.4795227
0.5487671
0.4465027
0.3692627
0.4129486
0.48431396
0.49710083
0.48005676
0.5775299
0.7122803
0.62013245
0.37991333
0.13597107
-0.34820557
-0.9175873
-0.8318329
-0.1793518
0.21000671
0.072052
-0.17668152
-0.20599365
-0.13035583
-0.11331177
-0.11117554
-0.07122803
-0.022766113
-9.1552734E-4
0.0028076172
0.02357483
0.11946106
0.2669983
0.2531433
0.010803223
-0.14526367
-0.078689575
-0.00730896
0.028381348
0.104019165
0.18656921
0.18870544
0.044891357
-0.21609497
-0.49095154
-0.5426178
-0.30665588
-0.12875366
-0.20651245
-0.30238342
-0.116500854
0.26113892
0.5194702
0.498703
0.33091736
0.2669983
0.34210205
0.38365173
0.31599426
0.2281189
0.2669983
0.32026672
0.14555359
-0.033416748
0.10774231
0.46247864
0.43692017
-0.042999268
-0.436615
-0.43447876
-0.2885437
-0.36418152
-0.56443787
-0.6230316
-0.45419312
-0.17402649
0.004928589
-0.007843018
-0.11756897
-0.18893433
-0.17668152
-0.09573364
0.044891357
0.17219543
0.22972107
0.22172546
0.21746826
0.26220703
0.2238617
0.008666992
-0.19480896
-0.1351471
0.06993103
0.05342102
-0.22834778
-0.42436218
-0.34288025
-0.213974
-0.25126648
-0.38974
-0.42489624
-0.33807373
-0.25605774
-0.19906616
-0.07548523
0.13650513
0.3857727
0.5737915
0.7080231
0.7282562
0.40655518
0.19615173
0.33145142
0.5242615
