-33.866882
-33.77838
-34.965515
-34.90448
-34.84192
-35.154724
-35.69336
-36.943054
-36.367798
-35.491943
-34.36737
-36.817932
-35.943604
-34.240723
-35.466003
-37.83264
-36.843872
-36.18164
-35.942078
-37.068176
-35.905457
-35.905457
-33.74176
-35.55298
-34.217834
-34.951782
-36.906433
-35.68268
-37.356567
-35.494995
-36.805725
-36.28235
-38.108826
-36.756897
-36.25641
-36.157227
-36.2442
-35.94513
-37.321472
-36.784363
-35.116577
-35.21881
-34.492493
-35.55603
-35.806274
-34.553528
-34.14154
-34.957886
-35.369873
-36.44409
-35.557556
-35.94513
-34.744263
-36.34796
-34.51996
-34.909058
-35.910034
-35.94513
-35.946655
-35.472107
-34.020996
-34.648132
-36.309814
-36.3739
-37.135315
-37.173462
-36.78589
-36.723328
-36.346436
-34.846497
-34.292603
-34.74579
-33.468628
-35.282898
-35.282898
-35.282898
-34.246826
-34.848022
-34.3338
-34.12018
-33.61969
-32.644653
-32.95746
-33.08258
-32.95746
-34.184265
-33.53424
-33.27179
-33.58307
-33.14514
-33.836365
-33.685303
-33.770752
-33.621216
-32.83081
-32.95746
-34.684753
-32.870483
-32.894897
-32.458496
-33.79364
-32.45697
-33.747864
-31.730652
-31.230164
-30.818176
-32.868958
-29.190063
-31.744385
-31.356812
-31.768799
-30.944824
-32.56836
-32.54547
-31.83136
-32.582092
-32.19452
-31.729126
-31.74591
-30.192566
-30.58014
-30.541992
-31.356812
-30.6427
-30.317688
-29.818726
-30.918884
-31.330872
-30.278015
-31.04248
-30.755615
-31.26831
-31.808472
-30.918884
-31.356812
-30.406189
-29.50592
-30.693054
-30.918884
-28.816223
-30.693054
-30.627441
-31.855774
-31.604004
-31.97937
-31.105042
-31.478882
-30.314636
-29.815674
-30.879211
-31.7276
-31.002808
-30.403137
-32.44171
-30.21698
-32.83081
-32.83081
-32.83081
-31.703186
-30.667114
-30.213928
-29.753113
-29.777527
-31.079102
-30.227661
-30.342102
-29.154968
-29.718018
-30.917358
-29.563904
-30.340576
-28.616333
-29.400635
-30.853271
-30.58014
-29.476929
-29.315186
-29.589844
-30.126953
-27.026367
-30.664062
-28.379822
-28.941345
-28.75061
-29.103088
-28.437805
-29.728699
-28.001404
-28.48053
-27.903748
-30.203247
-29.904175
-30.418396
-31.329346
-32.104492
-30.603027
-31.306458
-30.818176
-31.35376
-30.039978
-30.752563
-29.437256
-28.089905
-29.62799
-29.753113
-29.278564
-28.129578
-28.152466
-29.8172
-31.49414
-31.167603
-28.129578
-28.31726
-28.443909
-29.89502
-30.058289
-29.434204
-30.757141
-28.50647
-29.52118
-28.234863
-28.193665
-27.230835
-28.507996
-28.318787
-27.644348
-27.345276
-27.416992
-27.671814
-28.231812
-27.796936
-27.296448
-26.696777
-28.419495
-26.245117
-26.245117
-26.46637
-27.1698
-27.407837
-26.345825
-27.708435
-27.107239
-27.294922
-27.98462
-27.73285
-27.296448
-28.56903
-29.359436
-28.79486
-29.296875
-28.259277
-28.834534
-29.133606
-28.796387
-28.771973
-29.133606
-27.73285
-28.570557
-27.609253
-28.674316
-29.499817
-30.273438
-29.025269
-27.70996
-27.51007
-26.409912
-27.737427
-25.596619
-28.089905
-28.050232
-25.161743
-27.36206
-28.865051
-28.302002
-28.199768
-26.300049
-27.027893
-27.703857
-25.701904
-26.211548
-26.576233
-26.551819
-27.62909
-24.91455
-26.931763
-26.615906
-26.428223
-27.243042
-27.71759
-26.869202
-26.405334
-27.392578
-26.83258
-27.9068
-27.267456
-27.742004
-28.28064
-27.870178
-28.205872
-28.030396
-28.593445
-28.05481
-27.079773
-27.928162
-28.465271
-27.175903
-27.238464
-27.175903
-27.476501
-25.76294
-27.137756
-26.32904
-26.727295
-26.612854
-25.927734
-25.927734
-23.83728
-24.85199
-24.313354
-23.626709
-24.440002
-23.376465
-23.58551
-23.474121
-22.561646
-23.49701
-23.561096
-20.985413
-20.9198
-22.195435
-20.568848
-18.615723
-16.738892
-18.379211
-17.388916
-17.176819
-15.350342
-16.511536
-15.861511
-14.8498535
-12.310791
-12.973022
-12.0224
-12.87384
-9.9609375
-11.3845825
-8.882141
-8.709717
-8.969116
-9.634399
-7.244873
-6.3446045
-6.932068
-5.142212
-5.244446
-3.93219
-3.868103
-4.5181274
-2.168274
-2.041626
-2.8182983
-2.168274
-2.357483
-1.1047363
-1.071167
-0.46691895
0.14343262
-0.44403076
0.20599365
-0.34332275
-0.4196167
0.6790161
1.6540527
0.96588135
1.6296387
1.5426636
2.31781
2.4047852
2.9663086
3.3554077
4.194641
5.117798
4.5410156
6.0806274
6.642151
4.7042847
6.4178467
6.929016
6.70166
7.839966
9.951782
8.401489
8.679199
9.240723
10.3012085
10.3012085
10.3012085
10.403442
10.398865
12.086487
13.313293
12.023926
13.475037
12.461853
12.876892
14.686584
15.159607
14.596558
16.28418
16.670227
16.88385
15.408325
16.63208
16.282654
15.707397
16.218567
16.569519
16.720581
17.730713
17.09137
15.905762
18.444824
18.730164
17.131042
17.655945
17.218018
19.030762
18.817139
19.541931
17.739868
19.592285
18.904114
20.265198
19.940186
20.439148
19.33899
19.102478
19.726562
20.977783
21.50116
19.93866
21.022034
21.56372
21.90857
21.308899
21.220398
22.471619
21.031189
21.847534
21.6568
21.556091
21.369934
22.0932
21.57898
22.892761
22.340393
21.47522
20.700073
20.059204
20.159912
21.174622
21.11206
21.50879
20.533752
17.933655
19.972229
18.643188
20.46814
18.33191
18.206787
18.70575
17.930603
19.743347
18.293762
19.178772
19.178772
19.178772
18.179321
18.641663
17.515564
19.476318
17.803955
19.628906
19.715881
18.704224
18.554688
17.715454
18.46466
18.589783
17.23938
17.990112
18.588257
17.875671
16.926575
15.852356
16.799927
15.722656
15.696716
14.69574
14.5095825
15.856934
14.117432
14.508057
14.254761
14.6698
13.679504
14.155579
13.032532
11.8927
11.994934
12.904358
12.88147
11.993408
12.945557
12.59613
12.532043
13.783264
13.9328
12.721252
12.057495
11.582947
11.431885
12.532043
12.5946045
11.431885
13.633728
11.581421
12.207031
11.453247
11.994934
12.147522
12.020874
11.546326
12.120056
11.433411
10.20813
9.58252
11.433411
10.484314
11.280823
10.296631
11.546326
10.60791
11.457825
10.032654
8.796692
9.645081
9.817505
9.492493
8.244324
10.108948
9.170532
9.945679
6.3919067
8.908081
8.908081
8.908081
9.484863
8.132935
8.070374
8.2595825
9.484863
11.170959
10.26001
8.732605
9.606934
9.959412
9.7717285
9.295654
9.321594
8.447266
9.611511
8.94928
8.836365
7.9467773
8.010864
8.4487915
9.611511
8.535767
8.323669
7.159424
9.114075
7.637024
7.885742
8.551025
8.013916
9.112549
7.8460693
7.885742
6.123352
7.61261
8.9279175
8.425903
9.114075
7.61261
6.7871094
7.1762085
7.7148438
6.060791
7.675171
6.350708
7.0480347
7.775879
6.314087
6.100464
6.013489
5.949402
5.5389404
6.576538
5.7525635
5.6030273
5.000305
5.5389404
7.3013306
5.9890747
6.376648
6.677246
3.9657593
3.3111572
3.8772583
5.3878784
4.1519165
5.3512573
4.937744
5.3512573
5.001831
5.4138184
3.8116455
3.5995483
2.7374268
2.7511597
1.550293
4.0634155
3.189087
3.40271
2.1774292
2.1774292
1.9866943
2.5634766
3.9657593
2.4627686
3.9016724
3.340149
1.9638062
2.2399902
2.8015137
2.4642944
3.0639648
2.6504517
2.7786255
3.40271
1.3381958
4.0649414
0.7385254
2.2399902
4.501343
1.4480591
2.5650024
0.7385254
1.9378662
2.1133423
2.8015137
1.8615723
1.6525269
2.5268555
1.9393921
2.2781372
0.74005127
2.5894165
2.5878906
2.4887085
2.6916504
3.37677
1.638794
1.574707
2.4642944
1.8371582
2.2399902
