1624762571771
1624762571784
1624762571821
1624762571821
1624762571839
1624762571858
1624762571879
1624762571898
1624762571919
1624762571939
1624762571959
1624762571979
1624762571999
1624762572020
1624762572040
1624762572059
1624762572080
1624762572099
1624762572119
1624762572139
1624762572160
1624762572179
1624762572199
1624762572220
1624762572240
1624762572260
1624762572280
1624762572299
1624762572320
1624762572341
1624762572360
1624762572382
1624762572400
1624762572420
1624762572441
1624762572460
1624762572480
1624762572500
1624762572520
1624762572540
1624762572560
1624762572580
1624762572600
1624762572619
1624762572640
1624762572659
1624762572679
1624762572700
1624762572720
1624762572739
1624762572759
1624762572780
1624762572800
1624762572820
1624762572840
1624762572860
1624762572880
1624762572900
1624762572919
1624762572940
1624762572960
1624762572980
1624762573000
1624762573020
1624762573040
1624762573060
1624762573080
1624762573100
1624762573120
1624762573140
1624762573160
1624762573180
1624762573200
1624762573220
1624762573240
1624762573260
1624762573279
1624762573300
1624762573320
1624762573340
1624762573360
1624762573380
1624762573400
1624762573419
1624762573440
1624762573460
1624762573480
1624762573500
1624762573521
1624762573540
1624762573561
1624762573581
1624762573600
1624762573620
1624762573640
1624762573660
1624762573680
1624762573700
1624762573720
1624762573740
1624762573760
1624762573795
1624762573801
1624762573819
1624762573841
1624762573861
1624762573880
1624762573903
1624762573921
1624762573940
1624762573960
1624762573980
1624762574002
1624762574021
1624762574042
1624762574061
1624762574080
1624762574100
1624762574122
1624762574140
1624762574160
1624762574181
1624762574201
1624762574221
1624762574239
1624762574260
1624762574280
1624762574300
1624762574320
1624762574340
1624762574361
1624762574380
1624762574399
1624762574421
1624762574441
1624762574461
1624762574480
1624762574500
1624762574520
1624762574541
1624762574561
1624762574580
1624762574600
1624762574621
1624762574640
1624762574661
1624762574680
1624762574700
1624762574721
1624762574740
1624762574760
1624762574780
1624762574800
1624762574821
1624762574840
1624762574861
1624762574880
1624762574901
1624762574920
1624762574940
1624762574961
1624762574980
1624762575001
1624762575020
1624762575041
1624762575060
1624762575080
1624762575101
1624762575120
1624762575141
1624762575161
1624762575181
1624762575201
1624762575221
1624762575241
1624762575261
1624762575281
1624762575300
1624762575320
1624762575340
1624762575360
1624762575382
1624762575401
1624762575420
1624762575440
1624762575461
1624762575481
1624762575501
1624762575521
1624762575540
1624762575561
1624762575580
1624762575601
1624762575621
1624762575641
1624762575661
1624762575681
1624762575700
1624762575721
1624762575740
1624762575761
1624762575780
1624762575801
1624762575821
1624762575842
1624762575861
1624762575881
1624762575901
1624762575922
1624762575941
1624762575960
1624762575981
1624762576002
1624762576021
1624762576041
1624762576062
1624762576082
1624762576102
1624762576123
1624762576141
1624762576161
1624762576182
1624762576202
1624762576221
1624762576241
1624762576262
1624762576280
1624762576301
1624762576321
1624762576341
1624762576361
1624762576382
1624762576401
1624762576422
1624762576441
1624762576461
1624762576481
1624762576501
1624762576521
1624762576542
1624762576562
1624762576581
1624762576601
1624762576621
1624762576641
1624762576661
1624762576681
1624762576701
1624762576721
1624762576741
1624762576761
1624762576781
1624762576801
1624762576821
1624762576841
1624762576861
1624762576881
1624762576901
1624762576921
1624762576941
1624762576962
1624762576982
1624762577002
1624762577021
1624762577041
1624762577061
1624762577081
1624762577101
1624762577121
1624762577141
1624762577161
1624762577181
1624762577201
1624762577221
1624762577241
1624762577261
1624762577283
1624762577301
1624762577331
1624762577340
1624762577361
1624762577380
1624762577401
1624762577424
1624762577448
1624762577461
1624762577481
1624762577502
1624762577521
1624762577541
1624762577563
1624762577581
1624762577602
1624762577621
1624762577642
1624762577663
1624762577682
1624762577701
1624762577721
1624762577741
1624762577763
1624762577782
1624762577801
1624762577822
1624762577842
1624762577864
1624762577882
1624762577903
1624762577922
1624762577942
1624762577962
1624762577980
1624762578003
1624762578022
1624762578041
1624762578062
1624762578081
1624762578102
1624762578122
1624762578142
1624762578162
1624762578182
1624762578203
1624762578222
1624762578243
1624762578261
1624762578284
1624762578303
1624762578322
1624762578343
1624762578362
1624762578382
1624762578403
1624762578422
1624762578442
1624762578462
1624762578482
1624762578501
1624762578522
1624762578542
1624762578562
1624762578582
1624762578602
1624762578622
1624762578642
1624762578662
1624762578682
1624762578704
1624762578722
1624762578742
1624762578762
1624762578782
1624762578803
1624762578822
1624762578843
1624762578862
1624762578882
1624762578902
1624762578923
1624762578943
1624762578963
1624762578982
1624762579003
1624762579022
1624762579042
1624762579062
1624762579082
1624762579102
1624762579122
1624762579143
1624762579162
1624762579183
1624762579202
1624762579222
1624762579242
1624762579264
1624762579282
1624762579302
1624762579323
1624762579343
1624762579364
1624762579384
1624762579402
1624762579423
1624762579444
1624762579461
1624762579482
1624762579504
1624762579523
1624762579542
1624762579563
1624762579583
1624762579602
1624762579623
1624762579643
1624762579664
1624762579684
1624762579703
1624762579722
1624762579742
1624762579763
1624762579782
1624762579802
1624762579823
1624762579843
1624762579862
1624762579883
1624762579902
1624762579922
1624762579943
1624762579965
1624762579982
1624762580004
1624762580022
1624762580042
1624762580063
1624762580085
1624762580103
1624762580123
1624762580143
1624762580164
1624762580184
1624762580204
1624762580224
1624762580242
1624762580264
1624762580284
1624762580304
1624762580323
1624762580344
1624762580364
1624762580385
1624762580404
1624762580422
1624762580444
1624762580464
1624762580483
1624762580504
1624762580522
1624762580542
1624762580562
1624762580583
1624762580604
1624762580623
1624762580643
1624762580662
1624762580683
1624762580704
1624762580723
1624762580742
1624762580763
1624762580783
1624762580803
1624762580824
1624762580843
1624762580862
1624762580883
1624762580904
1624762580923
1624762580943
1624762580964
1624762580982
1624762581003
1624762581023
1624762581043
1624762581063
1624762581084
1624762581106
1624762581124
1624762581143
1624762581163
1624762581183
1624762581203
1624762581223
1624762581243
1624762581262
1624762581283
1624762581303
1624762581323
1624762581343
1624762581362
1624762581383
1624762581403
1624762581423
1624762581445
1624762581463
1624762581483
1624762581503
1624762581524
1624762581543
1624762581563
1624762581583
1624762581603
1624762581623
1624762581643
1624762581663
1624762581683
1624762581703
1624762581724
1624762581742
1624762581762
1624762581783
1624762581803
1624762581823
1624762581844
1624762581863
1624762581883
1624762581903
1624762581924
1624762581944
1624762581968
1624762581982
1624762582002
1624762582024
1624762582043
1624762582063
1624762582082
1624762582103
1624762582123
1624762582144
1624762582162
1624762582182
1624762582202
1624762582223
1624762582246
1624762582264
1624762582283
1624762582302
1624762582323
1624762582345
1624762582364
1624762582382
1624762582403
1624762582423
1624762582444
1624762582465
1624762582482
1624762582502
1624762582523
1624762582545
1624762582563
1624762582583
1624762582602
1624762582623
1624762582643
1624762582663
1624762582683
1624762582704
1624762582723
1624762582743
1624762582763
1624762582783
1624762582803
1624762582823
1624762582844
1624762582864
1624762582883
1624762582903
1624762582922
1624762582942
1624762582963
1624762582983
1624762583003
1624762583023
1624762583043
1624762583064
1624762583083
1624762583103
1624762583123
1624762583143
1624762583163
1624762583183
1624762583203
1624762583223
1624762583244
1624762583264
1624762583282
1624762583303
1624762583323
1624762583343
1624762583363
1624762583384
1624762583403
1624762583423
1624762583443
1624762583463
1624762583483
1624762583503
1624762583523
1624762583543
1624762583565
1624762583584
1624762583603
1624762583623
1624762583643
1624762583664
1624762583683
1624762583703
1624762583723
1624762583744
1624762583764
1624762583784
1624762583804
1624762583824
1624762583844
1624762583864
1624762583884
1624762583904
1624762583923
1624762583944
1624762583964
1624762583983
1624762584004
1624762584024
1624762584044
1624762584064
1624762584084
1624762584104
1624762584124
1624762584143
1624762584164
1624762584184
1624762584204
1624762584224
1624762584244
1624762584264
1624762584284
1624762584304
1624762584324
1624762584344
1624762584364
1624762584385
1624762584404
1624762584424
1624762584444
1624762584464
1624762584484
1624762584504
1624762584524
1624762584544
1624762584564
1624762584584
1624762584604
1624762584624
1624762584644
1624762584663
1624762584685
1624762584705
1624762584724
1624762584744
1624762584764
1624762584785
1624762584804
1624762584824
1624762584844
1624762584864
1624762584886
1624762584904
1624762584924
1624762584944
1624762584964
1624762584984
1624762585004
1624762585024
1624762585044
1624762585064
1624762585084
1624762585104
1624762585124
1624762585144
1624762585164
1624762585184
1624762585204
1624762585224
1624762585244
1624762585264
1624762585284
1624762585305
1624762585324
1624762585344
1624762585364
1624762585384
1624762585405
1624762585424
1624762585446
1624762585463
1624762585484
