-3.0091553
-2.3854675
-1.905426
-1.6097412
-1.0399323
-0.9118347
-1.3751221
-1.7258759
-1.4732819
-0.88549805
-0.877121
-1.0866241
-1.3164673
-1.4050446
-0.87472534
-0.15885925
-0.0738678
0.007537842
-0.48806763
-0.28814697
0.70425415
1.6272125
1.6487732
1.0514069
0.56539917
0.6204529
1.0945129
1.430893
1.5003204
1.3806152
1.1806946
1.1208496
1.173523
0.21702576
-0.12414551
0.29603577
0.9807892
1.3865967
1.3674469
0.9185333
0.4253235
0.16436768
0.09613037
0.14640808
0.5546112
1.1100616
1.2046356
1.0011292
1.276474
1.6116486
1.5589905
0.91134644
0.06858826
-0.17562866
0.14759827
0.53666687
0.79045105
0.97839355
0.9520569
0.78326416
0.6264496
0.46003723
0.4205475
0.4253235
0.32118225
0.14042664
-0.11097717
-0.15167236
0.07577515
0.3259735
0.395401
0.44088745
0.67552185
0.87783813
0.92211914
0.7928467
0.9520569
1.3542786
1.6236267
1.4919434
1.1878815
1.3746338
1.9037476
2.3059692
2.40773
2.344284
1.9444427
1.4021606
0.984375
0.5222931
0.27211
0.54623413
0.9125519
1.142395
1.296814
1.5015259
1.4931488
1.2393494
1.1711273
1.213028
0.6886902
-0.38032532
-0.16723633
0.020706177
-0.07147217
-0.45095825
-0.619751
-0.04273987
0.015914917
-0.97169495
-1.8982544
-1.8443756
-1.256607
-0.5682678
-0.22111511
-0.22470093
-0.28814697
-0.31806946
-0.22470093
-0.09780884
-0.014022827
-0.23309326
-0.47129822
-0.39588928
-0.2785797
-0.2977295
-0.46531677
-0.4964447
-0.25701904
0.07575989
0.31040955
0.039855957
-0.28935242
-0.051132202
1.0945129
2.1647186
1.9145203
1.2190094
0.8646698
1.0657806
1.7493286
2.217392
1.9456482
1.3746338
0.76530457
0.66116333
0.6276398
0.4420929
0.26730347
0.29005432
0.5402527
0.5917206
0.5402527
0.52349854
0.49476624
0.3965912
0.36187744
0.48518372
0.6372223
0.76890564
0.9484558
0.9532471
0.53785706
0.043441772
0.0925293
0.18232727
0.51272583
0.79403687
0.4205475
0.0063323975
-0.027175903
0.28286743
0.5474396
0.7018585
0.83833313
0.8072052
0.568985
0.37265015
0.24336243
0.026687622
-0.025985718
0.013519287
3.5095215E-4
-0.036758423
0.13563538
0.45046997
0.47201538
0.18470764
-0.030776978
-0.12055969
0.26132202
0.8179779
1.75531
2.2245789
1.8630524
1.5996857
1.8414917
2.703415
3.3977356
3.269638
2.6938324
2.0294495
1.1962738
0.7461548
0.6288452
0.68510437
0.8670502
0.9652252
1.0849304
1.2884369
1.4811707
1.473999
1.2848511
1.2201996
1.2501373
1.2142181
0.90896606
0.5833435
0.5390625
0.50434875
0.40377808
0.33555603
-0.228302
-1.0387268
-1.9066315
-2.3974457
-2.2717438
-1.6708069
-0.7813568
-0.012817383
0.26731873
0.3223877
0.11767578
-0.07267761
-0.017608643
0.10450745
-0.049926758
-0.42341614
-0.73347473
-0.8292389
-0.55989075
-0.26420593
-0.21871948
-0.2582245
-0.07505798
-0.0116119385
-0.53834534
-0.60298157
0.5989075
1.454834
1.8833923
1.0993042
-0.0020446777
-0.12535095
0.7066498
1.9492493
2.6423645
2.2114105
1.2489319
0.6623535
0.23858643
-0.0116119385
-0.08584595
-0.010421753
0.3056183
0.89938354
1.3040009
1.3782196
1.2692871
1.1651306
1.0993042
0.96043396
0.5941162
0.21583557
0.111694336
0.05781555
-0.07147217
-0.24505615
-0.54551697
-1.1476593
-1.2003479
-1.0926056
-1.2266846
-1.4241943
-1.1009827
-0.36357117
0.474411
0.771286
0.6264343
0.40498352
0.21583557
0.12365723
0.18112183
0.2876587
0.05781555
-0.5838318
-1.0135956
-0.99923706
-0.7645874
-0.3408203
0.09013367
0.121276855
-0.1313324
-0.15527344
-0.028381348
0.3092041
0.6946869
0.7964325
0.7892456
0.72579956
0.97958374
1.6008911
1.8798065
1.5158844
0.7401581
0.053024292
-1.1452789
-0.99324036
-0.034362793
0.15957642
0.042251587
-0.34202576
