0.6448822
1.0937958
1.6097412
1.6240997
1.4146118
1.0985718
1.2170868
1.7390289
2.052658
2.0622406
1.826416
1.6432648
1.3882751
1.0614624
1.3403931
1.9533081
2.087387
1.3822937
1.0375214
1.4397583
1.9114075
2.0406952
1.5247498
0.7214966
0.2953186
0.46411133
1.3679199
2.1747742
2.4920044
1.9664764
1.549881
1.3810883
1.1656189
1.8359985
2.2681427
2.0299225
1.9856262
2.055069
1.8874664
1.6995239
1.6899414
1.984436
2.5051727
2.8200073
2.8176117
2.7888794
2.7637482
2.7972717
2.7565613
2.5626373
2.269333
1.901825
1.4624939
1.2518158
1.6779785
2.324417
2.439331
1.8790894
1.4397583
1.2973022
1.3403931
1.4541168
1.7964935
2.2621613
2.5686188
2.5757904
2.5003815
2.4944
2.5326996
2.612915
2.6703796
2.636856
2.621292
2.7098694
2.5398865
2.193924
1.8407745
1.7581787
1.5750275
0.98365784
0.4940338
0.51319885
1.2625885
2.102951
2.2837067
1.7581787
1.2194824
1.0447083
0.9740753
1.1356964
1.4624939
1.8443756
2.3160248
2.712265
2.8690948
2.8355713
2.782898
2.7793121
2.9049988
2.9816132
3.1132965
3.1923065
2.7457886
2.6344604
2.466858
2.226242
2.4728546
2.6057281
2.260971
1.553482
0.9992218
0.8878937
1.0147858
1.0937805
1.0674591
1.0458984
1.094986
1.415802
1.7917023
2.0502777
1.9700623
1.7617798
1.7857208
1.8359985
1.8336029
1.9138031
2.0251312
2.1819458
2.3782806
2.5470734
2.5961456
2.5195312
2.2956848
2.2166748
2.250183
1.9700623
0.9896393
-0.31880188
-1.0334625
-0.55581665
0.52516174
1.2386322
1.1380768
0.6927643
0.5491028
0.8447876
1.3344116
1.6995239
1.9066315
1.9533081
1.9161987
1.9353485
1.9341583
1.9497223
1.8934479
1.8707123
1.9461212
2.0574493
2.2130737
2.4129944
2.5518494
2.343567
1.8790894
1.6504364
1.3451843
1.1632233
1.292511
1.2386322
0.9525299
0.5526886
0.08343506
-0.2361908
-0.2541504
0.1361084
0.6388855
1.0937958
1.4122162
1.4194031
1.3391876
1.3786926
1.3751068
1.3583527
1.5283356
1.8323975
2.0646362
2.1807556
2.0730133
1.7126923
1.3942566
1.3667297
1.534317
1.7019196
1.7725525
1.7138824
0.905838
-0.18591309
-0.39900208
0.33840942
0.9968262
1.2386322
0.9920349
0.58262634
0.38391113
0.53115845
0.90345764
1.3655243
1.6324768
1.7162781
1.8551483
2.068222
2.2621613
2.2358246
2.1173096
2.2286377
2.620102
2.9624634
2.9085846
2.3387756
1.8252106
2.0023956
2.221466
2.2561798
1.984436
1.1716003
0.3994751
0.49523926
0.8723297
0.83880615
0.6352997
0.7933197
1.1620178
1.3942719
1.5522766
1.8443756
2.2082977
2.3387756
2.2394104
2.083786
2.0646362
2.1651917
2.2992706
2.4333496
2.561432
2.5949554
2.4584808
2.384262
3.0630188
3.4640503
2.600937
2.2549744
1.8946533
0.95373535
-0.12606812
-0.7928467
-0.7653198
0.03315735
0.78134155
0.94415283
0.7238922
0.37672424
0.25820923
0.53115845
1.0566711
1.6157227
2.0981598
2.3663025
2.4884186
2.4477081
2.4046173
2.5111542
2.6452332
2.7781067
2.8415527
2.7565613
2.5865784
2.4537048
2.4776306
2.569809
2.5075684
2.3615265
2.0347137
1.6755829
1.6205139
1.6456451
1.4170074
1.213501
1.2422333
1.1991272
1.2302551
1.4421539
1.9640808
2.6033325
2.9971771
2.945694
2.549469
2.2513885
2.2166748
2.3567352
2.6224823
2.7900848
2.7661285
2.5997467
2.2825012
2.0419006
2.0047913
2.1891327
2.0742188
1.4972076
0.8795166
0.7059326
1.0866089
1.6360779
1.9736633
1.7378235
1.2781372
0.75141907
1.4457397
2.7254333
2.6320648
2.6165009
2.4872131
2.351944
