-0.048187256
-0.32461548
-0.41996765
-0.39279175
-0.1264801
0.34597778
0.62294006
0.51908875
0.15742493
-0.2484436
-0.40344238
-0.35656738
-0.3214264
-0.36776733
-0.43327332
-0.47695923
-0.39067078
-0.19784546
-0.1222229
-0.09185791
-0.004501343
-0.15789795
-0.20051575
-0.060424805
0.045562744
0.015213013
-0.3065033
-0.6867981
-0.7826843
-0.6532593
-0.36242676
-0.17228699
-0.25750732
-0.35551453
-0.48547363
-0.5627136
-0.4556427
-0.023147583
0.1590271
0.15049744
0.1552887
0.17658997
0.06367493
-0.14724731
-0.32089233
-0.38427734
-0.32621765
-0.19891357
-0.15098572
-0.20477295
-0.3880005
-0.38693237
-0.07267761
0.35289
0.47433472
0.22772217
-0.1818695
-0.4055786
-0.30969238
-0.036453247
0.23571777
0.40457153
0.42852783
0.35928345
0.2724762
0.17658997
0.03704834
-0.037002563
0.02053833
0.11161804
0.14889526
0.15582275
0.014144897
-0.22714233
-0.34965515
-0.23033142
-0.06416321
-0.15631104
-0.3352661
-0.41622925
-0.2084961
0.12545776
0.22453308
-0.0716095
-0.505188
-0.61650085
-0.35284424
0.0056152344
0.22825623
0.27352905
0.3113556
0.40403748
0.47914124
0.43013
0.28631592
0.26234436
0.37101746
0.42747498
0.4881897
0.94039917
1.1710205
0.5361328
-0.21916199
-0.44766235
-0.14619446
-0.025817871
-0.23246765
-0.30010986
-0.11315918
0.16914368
0.25915527
0.11854553
-0.095581055
-0.22927856
-0.18240356
0.08392334
0.42533875
0.5435791
0.35928345
0.059951782
-0.09025574
-0.048706055
0.039718628
0.05781555
-0.03326416
-0.09239197
-0.042312622
0.07060242
0.13772583
0.06793213
-0.07267761
-0.22607422
-0.29319763
-0.26708984
-0.3411255
-0.5424652
-0.60531616
-0.3171692
0.14303589
0.40615845
0.33372498
0.049835205
-0.19625854
-0.18240356
0.07220459
0.40296936
0.55104065
0.4993744
0.29696655
0.11534119
0.08657837
0.12812805
0.127594
0.096710205
0.12173462
0.15422058
0.12652588
0.11373901
0.16007996
0.2106781
0.20269775
0.16700745
0.2453003
0.4370575
0.46421814
0.23464966
-0.015151978
-0.07267761
-0.026870728
-0.11795044
-0.3075714
-0.31610107
-0.10197449
0.174469
0.41362
0.5190735
0.38539124
0.17926025
0.056228638
0.031723022
0.03918457
0.05569458
0.08125305
0.11747742
0.17340088
0.3044281
0.38113403
0.28631592
0.08178711
-0.10517883
-0.14352417
-0.17068481
-0.38320923
-0.50038147
-0.3219452
-0.03326416
0.19737244
0.26501465
0.127594
-0.08174133
-0.18666077
-0.15045166
0.06048584
0.29589844
0.3401184
0.2421112
0.15370178
0.15582275
0.1632843
0.104156494
0.050369263
0.07699585
0.16433716
0.27087402
0.3006897
0.23518372
0.16593933
0.20162964
0.4839325
0.8514404
0.8237457
0.38964844
0.08125305
0.30229187
0.7688904
0.8929901
0.4850006
-0.17175293
-0.5914612
-0.5675049
-0.24365234
0.15049744
0.4013672
0.42427063
0.28578186
0.10362244
-0.033798218
-0.048706055
-0.027404785
-0.011428833
0.07006836
0.18884277
0.2921753
0.41362
0.7097626
1.0831451
0.749176
-0.21916199
-0.92329407
-1.2354279
-1.1075897
-0.66763306
-0.30117798
-0.09931946
0.010406494
0.0050811768
-0.16163635
-0.31610107
-0.30117798
-0.09718323
0.20162964
0.44503784
0.42694092
0.16647339
-0.1376648
-0.25004578
-0.13606262
0.007736206
0.05355835
0.073791504
0.1361084
0.21388245
0.25541687
0.24050903
0.17393494
0.07859802
0.13612366
0.35395813
0.3912506
0.07485962
-0.1349945
-0.01461792
0.10043335
-0.05937195
-0.4055786
-0.73687744
-0.7240906
-0.3336792
0.17233276
0.57341003
0.7603607
0.69218445
0.35876465
-0.023147583
-0.19412231
-0.14033508
0.022659302
0.2341156
0.34223938
0.33319092
0.24583435
0.09883118
0.049301147
0.15689087
0.29431152
0.19364929
-0.00289917
0.0460968
0.24050903
0.21760559
-0.0284729
-0.2745514
-0.31556702
-0.1461792
0.25382996
0.89512634
1.0357361
0.40509033
-0.1568451
-0.37202454
-0.3230133
