1624764466746
1624764466747
1624764466763
1624764466789
1624764466803
1624764466821
1624764466841
1624764466861
1624764466882
1624764466901
1624764466922
1624764466941
1624764466963
1624764466982
1624764467002
1624764467022
1624764467045
1624764467062
1624764467082
1624764467102
1624764467122
1624764467142
1624764467164
1624764467182
1624764467202
1624764467222
1624764467242
1624764467262
1624764467282
1624764467302
1624764467322
1624764467342
1624764467361
1624764467382
1624764467402
1624764467422
1624764467442
1624764467463
1624764467482
1624764467502
1624764467523
1624764467543
1624764467564
1624764467584
1624764467604
1624764467624
1624764467644
1624764467662
1624764467682
1624764467704
1624764467723
1624764467743
1624764467763
1624764467783
1624764467804
1624764467823
1624764467843
1624764467864
1624764467884
1624764467902
1624764467923
1624764467942
1624764467962
1624764467982
1624764468002
1624764468023
1624764468042
1624764468062
1624764468083
1624764468103
1624764468123
1624764468144
1624764468163
1624764468183
1624764468202
1624764468222
1624764468242
1624764468262
1624764468283
1624764468303
1624764468322
1624764468342
1624764468362
1624764468382
1624764468402
1624764468422
1624764468442
1624764468462
1624764468482
1624764468502
1624764468522
1624764468542
1624764468562
1624764468582
1624764468602
1624764468624
1624764468644
1624764468663
1624764468683
1624764468716
1624764468722
1624764468742
1624764468772
1624764468784
1624764468803
1624764468823
1624764468842
1624764468862
1624764468883
1624764468902
1624764468923
1624764468943
1624764468962
1624764468985
1624764469004
1624764469022
1624764469043
1624764469063
1624764469085
1624764469105
1624764469123
1624764469143
1624764469164
1624764469183
1624764469204
1624764469223
1624764469242
1624764469263
1624764469284
1624764469305
1624764469325
1624764469345
1624764469365
1624764469384
1624764469405
1624764469426
1624764469444
1624764469464
1624764469483
1624764469503
1624764469523
1624764469545
1624764469564
1624764469583
1624764469603
1624764469625
1624764469645
1624764469665
1624764469684
1624764469704
1624764469724
1624764469745
1624764469765
1624764469784
1624764469804
1624764469824
1624764469845
1624764469864
1624764469885
1624764469904
1624764469923
1624764469945
1624764469964
1624764469985
1624764470004
1624764470025
1624764470045
1624764470065
1624764470084
1624764470104
1624764470124
1624764470144
1624764470164
1624764470184
1624764470204
1624764470226
1624764470245
1624764470272
1624764470284
1624764470304
1624764470326
1624764470346
1624764470365
1624764470384
1624764470405
1624764470425
1624764470447
1624764470463
1624764470484
1624764470504
1624764470524
1624764470545
1624764470568
1624764470583
1624764470605
1624764470625
1624764470646
1624764470665
1624764470685
1624764470706
1624764470724
1624764470744
1624764470765
1624764470784
1624764470805
1624764470824
1624764470844
1624764470865
1624764470884
1624764470913
1624764470923
1624764470945
1624764470964
1624764470985
1624764471004
1624764471025
1624764471044
1624764471065
1624764471084
1624764471104
1624764471126
1624764471145
1624764471166
1624764471186
1624764471204
1624764471224
1624764471244
1624764471264
1624764471284
1624764471305
1624764471325
1624764471345
1624764471365
1624764471385
1624764471405
1624764471426
1624764471444
1624764471465
1624764471485
1624764471504
1624764471524
1624764471545
1624764471564
1624764471584
1624764471605
1624764471625
1624764471662
1624764471664
1624764471683
1624764471703
1624764471725
1624764471745
1624764471763
1624764471783
1624764471803
1624764471824
1624764471844
1624764471864
1624764471883
1624764471903
1624764471924
1624764471944
1624764471964
1624764471984
1624764472004
1624764472025
1624764472045
1624764472064
1624764472084
1624764472104
1624764472124
1624764472145
1624764472166
1624764472184
1624764472204
1624764472224
1624764472246
1624764472265
1624764472283
1624764472304
1624764472325
1624764472345
1624764472364
1624764472383
1624764472405
1624764472424
1624764472445
1624764472465
1624764472484
1624764472504
1624764472524
1624764472544
1624764472564
1624764472585
1624764472604
1624764472624
1624764472644
1624764472664
1624764472685
1624764472705
1624764472724
1624764472745
1624764472765
1624764472785
1624764472805
1624764472825
1624764472845
1624764472865
1624764472885
1624764472906
1624764472924
1624764472945
1624764472965
1624764472986
1624764473005
1624764473024
1624764473051
1624764473064
1624764473084
1624764473104
1624764473124
1624764473146
