2.1137238
1.9796448
2.7026978
3.1132965
3.0426636
2.7086792
2.4596863
2.4955902
2.7936707
3.1372375
3.249771
3.107315
2.5542603
1.8635254
1.3212433
0.9046478
0.9597168
1.7366333
2.6907196
3.2581482
3.1360474
2.6236877
2.221466
2.0143585
1.5295258
0.8376007
0.4210205
0.48686218
0.8699341
1.4864349
2.0418854
2.0885773
1.6432495
1.2877197
1.355957
1.573822
1.7450104
1.6576233
1.3104553
0.8447876
0.67240906
0.8842926
1.2757416
1.4301758
0.84957886
0.21990967
0.569458
1.6336823
2.3722992
2.3483582
1.9808502
1.7557831
1.8778839
2.2286377
2.3950348
2.2765198
2.360321
2.320816
1.8407898
1.9401398
1.9281769
1.7641602
1.8874664
2.008377
2.1352692
2.3375702
2.4944
2.2298431
1.613327
1.0842133
0.8005066
0.4329834
0.10379028
0.28215027
0.98246765
1.8790894
2.1819458
2.1376648
2.0813904
2.0897675
2.0981598
1.8443756
1.5821991
1.5163574
1.5858002
1.7126923
1.8240204
1.7198792
1.5379181
1.6336823
1.9245758
1.8886566
1.5630493
1.2960968
0.9046478
0.4401703
0.45573425
0.97528076
1.2350464
1.3020782
1.1201172
0.71310425
0.9597168
1.60495
2.008377
2.118515
2.075409
2.3220062
2.1855469
2.0849915
2.1915283
2.186737
2.039505
1.8802795
1.7809296
1.6648102
1.60495
1.7162781
1.9521179
2.1711884
2.2789154
2.2825165
2.305252
1.8778839
1.1464539
1.0662537
1.1907501
1.466095
1.2757416
0.3922882
-0.123672485
0.43537903
1.4696808
2.0406952
1.8491516
1.5199585
1.518753
1.7150879
1.9820404
2.142456
1.7904968
1.2661743
1.0866089
1.3906708
1.8455658
2.004776
2.090973
2.0694275
1.668396
1.3056793
0.66282654
-0.15119934
-0.4923706
0.3252411
1.3415833
1.8479614
2.0107727
1.4253845
0.585022
0.41741943
1.2182922
2.0897675
2.2825012
2.0107727
1.6827545
1.5415039
1.5367126
1.5103912
1.387085
1.4277802
1.534317
1.5678406
1.534317
1.4636841
1.7533875
2.4417267
2.995987
3.2437897
3.4006042
3.3694763
2.9780273
2.343567
1.6205139
0.69395447
0.17919922
0.5108032
1.3451843
2.3136292
2.8906403
2.815216
2.446518
2.0670319
1.6887512
1.2841339
1.1500549
1.2039185
1.2673645
1.3739014
1.5798187
1.8276215
2.1448517
2.427353
2.5949554
2.6224823
2.5997467
2.3782806
1.8527527
0.9920349
0.35757446
0.71191406
1.6169281
2.1532288
2.0694275
1.7797241
1.7342377
2.090973
2.5901642
2.727829
2.3854523
1.8719025
1.6755829
1.9078217
2.2741241
2.3627167
2.1340637
2.032318
2.0825958
2.1580048
2.1687775
2.2166748
2.1244965
2.1580048
2.4608765
2.6871338
2.4357452
1.7426147
1.352356
1.4229889
1.6253052
1.2709656
0.2917328
-0.23979187
0.53474426
1.7354431
2.7936707
3.2473755
2.9828186
2.4752502
2.202301
2.0694275
2.0538635
2.0371094
1.8910522
1.8886566
2.1209106
2.407013
2.712265
2.9660492
3.0630188
2.604538
1.7749329
1.1871643
1.1296997
1.589386
2.3854675
2.767334
2.1951141
1.2889099
1.0171661
1.7761383
2.578186
2.7398071
2.5470734
2.3567352
2.2825165
2.3794708
2.5626373
2.6117096
2.5291138
2.4285583
2.5111542
2.660797
2.7350159
2.6859436
2.6907196
2.7182617
2.9636536
3.182724
2.9445038
2.6452332
2.4967957
2.597351
2.7003021
2.5207367
2.250183
1.7270508
1.3798981
1.7342377
2.6440277
3.4520721
3.703476
3.268921
2.688324
2.4297485
2.462082
2.4345398
2.2322235
1.9521027
1.8982391
2.17836
2.5674133
2.7649384
2.7721252
2.5805817
2.4046173
2.585373
2.7876892
3.0773773
3.5334778
3.5095367
3.1180878
3.3120117
3.8447266
2.4967957
0.8304291
1.0387115
1.9066315
2.0335083
1.6360779
1.1919556
0.7621918
1.0770264
1.7905121
2.197525
2.3351898
2.1640015
1.7677612
1.4816437
1.565445
1.7031097
1.6791687
1.7186737
1.5929718
1.2518158
0.87831116
0.07145691
-0.5175171
-0.26254272
0.5778351
1.1716003
0.8232422
0.2917328
0.32165527
1.0327301
1.7917023
1.8647156
1.3870697
1.0267487
0.9501343
1.039917
1.221878
1.2829285
1.221878
1.229065
1.3391876
1.4541168
1.5702362
1.6205139
1.6229095
1.3236389
0.75979614
0.16244507
-0.21704102
0.009216309
0.90704346
1.6468506
1.4253845
0.6281128
0.01638794
0.024765015
0.45214844
0.8986664
1.1392822
1.142868
1.1919556
1.4864349
1.7210693
1.7067108
1.415802
1.094986
0.73106384
0.3025055
-0.018325806
-0.008758545
0.18759155
0.54312134
0.7178955
0.82084656
0.77656555
0.025970459
-0.6156769
-0.37026978
0.35517883
0.9034424
0.82803345
0.5000305
0.38510132
0.85317993
1.2949066
1.3858795
1.2601929
1.0590668
0.8938751
0.9309845
1.3212433
1.6995239
1.7246552
1.5462952
1.4445343
1.4050446
1.4864349
1.5558777
1.4421387
1.0411224
0.6412811
0.33242798
0.18878174
0.3348236
0.57424927
0.55747986
0.29052734
0.063079834
-0.07218933
0.04032898
0.41503906
1.000412
1.4014435
1.5810089
1.6791687
1.8120422
1.9138031
1.9317627
1.7809296
1.513977
1.276947
1.2003326
1.0698395
0.95492554
1.0602722
1.055481
0.7047272
0.26420593
-0.24098206
-1.1471863
-1.4117584
-0.44688416
0.52397156
0.62571716
0.45333862
0.6376953
0.95851135
1.3379974
1.4158173
1.3882751
1.4301758
1.4720764
1.4373627
1.4301758
1.395462
1.3858795
1.3775024
1.2973022
1.2410278
1.2673645
1.3332062
1.3451843
1.1991425
0.822052
0.75141907
0.9237976
0.8292389
0.7250824
0.51797485
0.04272461
-0.011138916
0.30490112
0.48805237
0.5730438
0.9046478
1.3571472
1.4613037
1.5618591
1.692337
1.5630493
1.1620331
0.8591614
0.9333801
1.2589874
1.6169281
1.8192291
1.9592896
1.9892273
1.9341583
2.9899902
3.2270203
2.2597656
2.933731
3.131256
2.4165802
1.7498016
0.901062
0.031951904
-0.03388977
0.004425049
0.60058594
1.7138977
2.387848
2.5195465
2.5901642
2.6691742
2.6165009
2.5410767
2.2202606
1.9700623
1.8120422
1.6743774
1.6947327
1.9628754
2.1879425
2.1400604
2.1795654
2.3962402
2.328003
2.1161041
2.0011902
1.6073456
1.3176422
1.26857
1.134491
1.0375214
1.1955414
1.5355225
1.7689514
2.02034
1.9856262
1.7677612
1.7114868
1.7510071
1.7857208
1.7450104
1.6995239
1.6767731
1.5223541
1.5486908
1.8838806
1.9030304
1.9090118
1.8695068
1.7282562
1.9772491
2.0778046
1.4014435
0.32286072
-0.4588623
-0.5031433
0.4677124
1.5821991
2.3016663
2.4489136
2.4357452
2.5243225
2.6476288
2.67276
2.4465027
1.8754883
1.4206085
1.4098206
1.5977631
1.6636047
1.5774231
1.3631439
1.4493256
1.8790894
2.459671
2.933731
2.9708405
2.5566406
1.9868317
2.004776
2.289688
2.6308746
2.4896088
1.4852448
0.5179901
1.0506897
2.320816
3.1001282
3.2545624
2.8607178
2.423767
2.3136292
2.399826
2.4369354
2.1915283
1.965271
1.9233856
1.9341583
1.92099
1.9066162
1.9090118
2.265747
2.5650177
2.5997467
2.569809
2.6308594
2.2741241
1.692337
1.0315399
0.75141907
1.3798981
2.3064575
3.0630188
3.1647644
3.0450592
2.9756317
2.8236084
2.4225616
1.9042206
1.6719818
1.648056
1.7390289
1.944931
2.1460419
2.126892
2.0610504
2.545868
2.9828186
2.8044434
2.4141998
2.446518
2.1759644
1.5989685
1.2709656
1.4529114
2.3184204
2.9552765
2.5123444
1.9688721
1.9126129
1.8862762
1.5307312
1.3942566
1.6504364
2.047882
2.3088531
2.4058075
2.451294
2.5243225
2.4740448
2.233429
1.8707123
1.7510071
1.9976044
2.1795654
2.533905
3.1528015
3.6352386
4.003937
4.007538
3.605301
3.2904663
2.8990173
2.169983
1.7186737
2.0287323
2.7972717
3.5239105
3.8794403
3.778885
3.268921
2.5135498
1.8719025
1.5379181
1.3667297
1.4696808
1.8336029
2.1807556
2.4441223
2.6703644
2.6727753
2.5782013
2.6069183
2.6224976
2.612915
2.2166748
1.7150879
2.0622406
3.012741
3.340744
3.249771
3.2222443
2.533905
1.7677612
2.1843414
3.0690002
3.2737122
2.9480896
2.743393
2.7505798
2.815216
2.854721
2.913391
2.9995728
2.7254333
2.2106934
2.032318
2.399826
2.73143
2.8247986
2.581787
2.2789154
2.296875
2.7134705
3.035492
2.3160248
1.5199585
1.6624146
2.3818665
2.8990173
2.9600677
2.7637482
2.3639069
2.3806763
2.3244019
2.1831512
2.154419
1.8563385
