0.009841919
0.07748413
0.22129822
0.31504822
0.28894043
0.22236633
0.22875977
0.31344604
0.41464233
0.43275452
0.25538635
-0.03010559
-0.28204346
-0.5084076
-0.6218567
-0.48498535
-0.16113281
0.1882782
0.37895203
0.29800415
0.043411255
-0.15527344
-0.24635315
-0.3358307
-0.4386444
-0.43276978
-0.25593567
0.019973755
0.27296448
0.37843323
0.25645447
0.043930054
-0.08125305
-0.05886841
0.12275696
0.28468323
0.27296448
0.10305786
-0.07272339
-0.14889526
-0.042892456
0.13928223
0.095062256
-0.15261841
-0.30441284
-0.19735718
0.10891724
0.37416077
0.41784668
0.3486023
0.29214478
0.29959106
0.3651123
0.4109192
0.3848114
0.2947998
0.15792847
0.008773804
-0.115859985
-0.29429626
-0.465271
-0.5707245
-0.60269165
-0.6064148
-0.59576416
-0.62080383
-0.7166748
-0.8546295
-0.9297333
-0.9062958
-0.8690033
-0.72039795
-0.35768127
0.06364441
0.35499573
0.49613953
0.50520325
0.4519348
0.37364197
0.30386353
0.2505951
0.19839478
0.1499176
0.16163635
0.21543884
0.21704102
0.12915039
0.03060913
0.008773804
0.023162842
0.0018463135
-0.05833435
-0.12704468
-0.17817688
-0.18670654
-0.113204956
0.047668457
0.22236633
0.2740326
0.19786072
0.14512634
0.16644287
0.27563477
0.3731079
0.39387512
0.3320923
0.15844727
0.022628784
-0.040222168
-0.0977478
-0.17764282
-0.27671814
-0.3821869
-0.48710632
-0.56539917
-0.56700134
-0.4849701
-0.3672638
-0.2649994
-0.17178345
-0.09509277
-0.094558716
-0.18031311
-0.306015
-0.35342407
-0.21653748
-0.040771484
-0.07432556
-0.25860596
-0.2926941
-0.09829712
0.28468323
0.5131836
0.4428711
0.30651855
0.27189636
0.2932129
0.31451416
0.2974701
0.1962738
0.03327942
-0.051956177
0.0034484863
0.12063599
0.15844727
0.06790161
-0.10786438
-0.13771057
-0.14941406
-0.24795532
-0.28523254
-0.14941406
0.14247131
0.47109985
0.69747925
0.6207733
0.24952698
-0.035964966
-0.09190369
0.0050354004
0.16217041
0.21864319
0.11264038
-0.0423584
-0.13397217
-0.16699219
-0.21279907
-0.2772522
-0.29589844
-0.3134613
-0.39283752
-0.48657227
-0.5094757
-0.47857666
-0.4104004
-0.31134033
-0.27192688
-0.34754944
-0.45780945
-0.54356384
-0.6639404
-0.77420044
-0.74276733
-0.58618164
-0.31027222
0.11424255
0.46044922
0.5744324
0.5115814
0.35925293
0.18667603
0.02848816
-0.07644653
-0.0892334
-0.035964966
0.038604736
0.11103821
0.17868042
0.23408508
0.26657104
0.2974701
0.31237793
0.27189636
0.18188477
7.7819824E-4
-0.25167847
-0.38697815
-0.29962158
-0.011459351
0.35127258
0.5712433
0.5094452
0.33102417
0.26763916
0.25912476
0.23780823
0.16270447
0.015701294
-0.090286255
-0.066329956
0.06896973
0.19413757
0.19732666
0.10519409
0.0077056885
-0.090286255
-0.20907593
-0.31826782
-0.401886
-0.4141388
-0.36993408
-0.23304749
-0.09616089
-0.11639404
-0.24902344
-0.32199097
-0.2218628
-0.075912476
-0.13664246
-0.33477783
-0.3092041
0.053527832
0.5376892
0.774704
0.73049927
0.55152893
0.3789673
0.26817322
0.19999695
0.13926697
0.076431274
0.027954102
0.033813477
0.081222534
0.1302185
0.15844727
0.17390442
0.14886475
0.04499817
-0.10360718
-0.2026825
-0.20375061
-0.047683716
0.19680786
0.27882385
0.12489319
-0.0892334
-0.15048218
0.06896973
0.35073853
0.48069763
0.4828186
0.44607544
0.4631195
0.5174408
0.5307617
0.4940033
0.41412354
0.30226135
0.19360352
0.1217041
0.045532227
-0.071121216
-0.16326904
-0.1483612
-0.027450562
0.104660034
0.16696167
0.19520569
0.25006104
0.30918884
0.36138916
0.34646606
0.20851135
0.038604736
-0.017333984
0.08441162
0.3304901
0.5478058
0.54566956
0.35604858
0.16377258
0.083343506
0.1334076
0.21864319
0.25378418
0.2751007
0.33581543
0.46684265
0.62184143
0.6916199
0.6612549
0.5909424
0.5584564
0.582428
0.6415558
0.74487305
0.8269043
0.8647156
0.90786743
0.98669434
0.9861603
0.68096924
0.34913635
0.42156982
0.8471527
1.2221069
1.234909
1.1203918
1.1576691
1.4298401
1.7062836
1.8319855
1.7717896
1.5741882
1.3739166
1.2657928
1.206665
1.1384888
1.0335693
0.9888153
1.0064087
0.96698
0.7464752
0.51104736
0.4631195
0.6607208
0.9936218
1.2104034
1.1523438
0.9856262
0.99043274
1.2141266
1.4878998
1.5518188
1.410141
1.2679291
1.269516
1.3515472
1.3845673
1.333435
1.2460938
1.1949463
1.1949463
1.2301025
1.2849731
1.3089447
1.28656
1.2636566
1.2071991
1.109726
1.0729828
1.1928253
1.3893738
1.4655304
1.3382263
1.0756378
0.9025421
0.91052246
1.0484772
1.1592712
1.1725769
1.1086578
1.0293121
0.9904175
0.93556213
0.83436584
0.69641113
0.55101013
0.45619202
0.40878296
0.3890686
0.4258423
0.5275574
0.6277008
0.68629456
0.6612549
0.47535706
0.23834229
0.16270447
0.29586792
0.5153198
0.67562866
0.66604614
0.55259705
0.49028015
0.5478058
0.66604614
0.7022705
0.6841583
0.6665802
0.6932068
0.7981415
0.9249115
0.96858215
0.9089203
0.83862305
0.838089
0.8801727
0.9600525
1.0426178
1.0687256
1.0367584
0.995224
0.95899963
0.9621887
1.0580597
1.1651154
1.1928253
1.1576691
1.0815125
1.0016022
0.9829712
1.0426178
1.0740509
1.0463562
0.96325684
0.8604584
0.76405334
0.6719055
0.5808258
0.48495483
0.39653015
0.345932
0.32356262
0.31718445
0.2974701
0.26870728
0.24739075
0.20266724
0.027954102
-0.2618103
-0.3784485
-0.21705627
0.10093689
0.3571167
0.42903137
0.36032104
0.29319763
0.3027954
0.34274292
0.345932
0.31079102
0.30226135
0.33262634
0.36138916
0.3443451
0.3224945
0.32836914
0.3496704
0.3805542
0.40878296
0.43754578
0.48069763
0.5227661
0.55101013
0.58935547
0.59840393
0.5350189
0.46577454
0.4386139
0.44021606
0.48921204
0.55792236
0.60054016
0.6266327
0.6143799
0.60372925
0.6122589
0.5675049
0.48388672
0.37150574
0.22662354
0.08280945
-2.746582E-4
-0.0098724365
0.01890564
0.011444092
-0.090286255
-0.20800781
-0.26286316
-0.24581909
-0.18989563
-0.18936157
-0.32199097
-0.1211853
-0.013595581
-0.1361084
-0.35554504
-0.43544006
-0.43917847
-0.38963318
-0.17285156
0.19467163
0.5078583
0.6207733
0.62823486
0.64100647
0.60372925
0.48921204
0.34487915
0.2351532
0.16537476
0.12702942
0.12382507
0.16163635
0.2436676
0.30493164
0.30065918
0.2713623
0.2793579
0.2947998
0.24208069
0.17230225
0.12649536
0.095062256
0.043411255
0.0018463135
-0.003479004
0.055648804
0.17282104
0.22450256
0.1456604
-0.024780273
-0.18989563
-0.22984314
-0.179245
-0.122787476
-0.111068726
-0.16966248
-0.25221252
-0.32305908
-0.3784485
-0.37524414
-0.3864441
-0.481781
-0.5345154
-0.47964478
-0.37579346
-0.24848938
-0.28097534
-0.5520935
-0.81147766
-0.72839355
-0.2926941
0.17655945
0.38215637
0.40133667
0.3954773
0.37948608
0.35125732
0.3209076
0.26391602
0.13661194
0.024765015
0.04446411
0.15045166
0.21438599
0.18988037
0.13768005
0.13500977
0.20851135
0.31663513
0.38108826
0.36351013
0.26498413
0.17230225
0.21864319
0.38269043
0.49186707
0.3347473
-0.13183594
-0.5105438
-0.53131104
-0.21121216
0.05406189
0.059906006
-0.0695343
-0.18243408
-0.18777466
-0.11160278
-0.068984985
-0.09030151
-0.12599182
-0.21760559
-0.33796692
-0.41999817
-0.4764557
-0.52279663
-0.52812195
-0.44929504
-0.32785034
-0.21173096
-0.15527344
-0.13450623
-0.20588684
-0.401886
-0.36247253
-0.03703308
0.33688354
0.5643158
0.5643158
0.47377014
0.36618042
0.22608948
0.07215881
-0.01838684
-0.031707764
-0.017318726
0.020492554
0.0705719
0.13075256
0.17337036
0.2271576
0.29800415
0.31770325
0.3113098
0.3581848
0.3262329
0.21810913
0.12809753
0.19946289
0.52223206
0.76031494
0.64100647
0.30758667
-0.0029449463
-0.19789124
-0.32678223
-0.3763275
-0.30334473
-0.15527344
-0.031173706
0.06097412
0.13873291
0.17176819
0.111572266
-0.020523071
-0.17817688
-0.306015
-0.35821533
-0.34169006
-0.26660156
-0.13983154
-0.008270264
0.048736572
-0.010940552
-0.12438965
-0.2218628
-0.2783203
-0.38058472
-0.4620819
-0.41360474
-0.21705627
0.06790161
0.3262329
0.41731262
0.30812073
0.069503784
-0.15208435
-0.25753784
-0.26446533
-0.20800781
-0.08869934
0.076431274
0.22450256
0.27989197
0.25378418
0.19467163
0.14886475
0.15472412
0.1328888
0.0135650635
-0.08177185
-0.12704468
-0.09828186
0.010910034
0.09880066
0.07536316
-0.08656311
-0.34596252
-0.5052185
-0.44343567
-0.1361084
0.13926697
0.20585632
0.21064758
0.26817322
0.32730103
0.3416748
0.33476257
0.22290039
-0.031707764
-0.31987
-0.46687317
-0.4807129
-0.46099854
-0.46047974
-0.5174713
-0.50361633
-0.2857666
-0.023727417
0.027420044
-0.14994812
-0.3017578
-0.2841797
-0.07218933
0.09347534
0.092926025
-2.746582E-4
-0.094558716
-0.11959839
-0.07644653
-0.009338379
0.01890564
0.047668457
0.043411255
