0.15834045
0.23291016
0.075790405
-0.08666992
-0.090408325
0.0113220215
0.15034485
0.25901794
0.29310608
0.2712555
0.23609924
0.13864136
-0.109054565
-0.5154419
-0.9575348
-1.0917511
-0.7998657
-0.46591187
-0.39027405
-0.45684814
-0.43022156
-0.27149963
-0.1436615
-0.1585846
-0.24113464
-0.21450806
-0.024353027
0.23451233
0.4038849
0.37246704
0.17645264
0.0065307617
-0.057907104
-0.05204773
-0.042999268
0.012390137
0.068862915
-0.02381897
-0.1793518
-0.10159302
0.19296265
0.23876953
-0.17774963
-0.6177063
-0.65553284
-0.39666748
-0.21237183
-0.24913025
-0.30877686
-0.17402649
0.0912323
0.29203796
0.36979675
0.35488892
0.26913452
0.16526794
0.22546387
0.51893616
0.72239685
0.6259918
0.46087646
0.14183044
-0.2682953
-0.49786377
-0.44140625
-0.20225525
0.077926636
0.2446289
0.16313171
-0.1862793
-0.6480713
-0.865921
-0.6411438
-0.22515869
-0.07495117
-0.18788147
-0.2581787
-0.1282196
0.050750732
0.08963013
0.044891357
0.07897949
0.14929199
0.14875793
0.11999512
0.15248108
0.23078918
0.28137207
0.28085327
0.28778076
0.31333923
0.2627411
0.08590698
-0.0962677
-0.12715149
0.021987915
0.20307922
0.19563293
-0.038742065
-0.37216187
-0.5181122
-0.4653778
-0.41584778
-0.44940186
-0.49467468
-0.45526123
-0.2762909
-0.0493927
0.14875793
0.23930359
0.21640015
0.13917542
0.0715332
0.014526367
-0.037139893
0.0065460205
0.15089417
0.23344421
0.16952515
0.118927
0.25634766
0.43051147
0.40016174
0.16526794
-0.04032898
0.008666992
0.036361694
-0.3812256
-0.92077637
-0.9133148
-0.40625
0.0715332
0.10028076
-0.1750946
-0.26617432
0.042770386
0.4795227
0.7037506
0.5594177
0.21054077
0.045959473
0.15673828
0.32717896
0.37193298
0.30108643
0.27871704
0.35914612
0.40655518
0.22013855
-0.13194275
-0.46751404
-0.6635132
-0.63475037
-0.31730652
0.039031982
0.024642944
-0.43501282
-0.755661
-0.61717224
-0.22727966
0.029434204
-0.01210022
-0.16816711
-0.20172119
-0.073898315
0.088027954
0.17059326
0.16740417
0.20947266
0.3383789
0.38258362
0.27871704
0.15142822
0.13117981
0.20574951
0.36712646
0.6084137
0.85076904
0.9178772
0.6249237
-0.055786133
-0.8744354
-1.3245087
-1.074707
-0.3439331
0.3650055
0.611084
0.36660767
-0.021697998
-0.22782898
-0.17402649
-0.022216797
0.06619263
0.078445435
0.029434204
-0.049926758
-0.09892273
-0.05683899
0.05342102
0.16473389
0.27339172
0.39749146
0.5018921
0.53704834
0.45129395
0.20521545
-0.099990845
-0.25231934
-0.18095398
-0.10266113
-0.24380493
-0.57510376
-0.8280945
-0.722641
-0.32209778
-0.014770508
-0.07815552
-0.34339905
-0.42063904
-0.19213867
0.16366577
0.4230652
0.4741974
0.4161377
0.42999268
0.550354
0.63238525
0.5471649
0.30055237
0.04170227
-0.1713562
-0.29174805
-0.28961182
-0.21611023
-0.10266113
-0.0051879883
-9.1552734E-4
-0.15644836
-0.5612488
-0.9793701
-1.0315704
-0.6198425
0.009735107
0.5114746
0.64782715
0.4672699
0.26327515
0.23025513
0.3772583
0.5322418
0.52479553
0.3426361
0.17219543
0.17645264
0.3218689
0.45394897
0.5002899
0.43637085
0.17112732
-0.22303772
-0.4270172
-0.19532776
0.28190613
0.44171143
0.018249512
-0.66085815
-0.9862976
-0.7364807
-0.2954712
-0.07974243
-0.1394043
-0.25924683
-0.2805481
-0.13621521
0.11148071
0.30215454
0.31707764
0.24676514
0.2238617
0.24090576
0.24835205
0.30429077
0.34529114
0.22918701
0.031036377
-0.052581787
0.041168213
0.20947266
0.28564453
0.28138733
0.20681763
0.064071655
-0.079208374
-0.18786621
-0.30184937
-0.2965393
-0.10371399
0.13970947
0.19509888
0.073654175
-0.09945679
-0.16177368
-0.06750488
0.06300354
0.09655762
0.024108887
-0.034469604
0.01878357
0.11680603
0.20147705
0.26167297
0.3000183
0.28457642
0.23025513
0.2568817
0.40974426
0.6387787
0.6542206
0.40602112
0.18070984
0.03477478
-0.29759216
-0.8291626
-1.0193176
-0.7045288
-0.48135376
-0.70825195
-0.84355164
-0.6480713
-0.26989746
0.04170227
0.25209045
0.374588
0.4315796
0.37405396
0.1972351
0.042770386
0.021972656
0.14982605
0.27818298
0.2515564
0.2238617
0.2803192
0.18977356
0.036895752
0.061935425
0.18656921
0.21800232
0.031570435
-0.2725525
-0.45951843
-0.38601685
-0.13140869
0.16845703
0.34796143
0.33996582
0.22492981
0.14982605
0.22546387
0.3895111
0.5018921
0.5072174
0.45288086
0.35914612
0.24356079
0.2323761
0.37353516
0.500824
0.51361084
0.3980255
0.16047668
0.043823242
0.3564911
0.7809906
0.7176056
0.18656921
-0.3620453
-0.49093628
-0.1713562
0.28085327
0.47206116
0.34103394
0.113601685
0.011856079
0.117874146
0.25527954
0.2446289
0.11627197
-0.017440796
-0.07548523
-0.036071777
0.015594482
-0.017425537
-0.0770874
-0.053115845
0.038497925
0.049682617
-0.12556458
-0.30186462
-0.19960022
0.12852478
0.32398987
0.24302673
0.01612854
-0.13354492
-0.07922363
0.14501953
0.38471985
0.4480896
0.34210205
0.17910767
0.06939697
0.1146698
0.3500824
0.59776306
0.613739
0.3703308
0.14875793
0.12797546
0.294693
0.53811646
0.72665405
0.7256012
0.48165894
0.17538452
0.11946106
0.3815155
0.58976746
0.46887207
0.15621948
-0.05204773
0.03744507
0.31547546
0.5583496
0.57273865
0.3996277
0.20788574
0.1301117
0.18070984
0.26487732
0.27445984
0.20254517
0.1466217
0.17112732
0.19989014
0.1769867
0.1301117
0.08004761
0.011856079
-0.019561768
-0.14898682
-0.5
-0.67204285
-0.3466034
0.13171387
0.3026886
0.15994263
-0.04460144
-0.12609863
-0.037139893
0.16526794
0.32505798
0.3042755
0.14929199
0.018249512
0.01878357
0.1301117
0.25634766
0.31015015
0.26753235
0.20840454
0.23504639
0.33358765
0.41560364
0.43052673
0.36235046
0.23876953
0.11627197
0.059265137
0.043823242
-0.025421143
-0.16870117
-0.260849
-0.19958496
-0.05632019
0.097091675
0.27392578
0.4230652
0.44010925
0.30801392
0.18710327
0.15196228
0.11785889
0.033172607
-0.0067749023
0.05342102
0.18391418
0.3181305
0.34423828
0.24409485
0.108810425
0.07258606
0.13330078
0.2872467
0.2872467
0.264328
0.23184204
0.06513977
-0.22143555
-0.45951843
-0.6438141
-0.6667175
-0.5042572
-0.16444397
0.14450073
0.16899109
-0.04725647
-0.19639587
-0.116500854
0.10241699
0.25901794
0.24409485
0.13864136
0.09442139
0.16419983
0.2515564
0.29522705
0.30055237
0.29203796
0.2558136
0.25901794
0.30908203
0.32452393
0.23504639
0.029434204
-0.2331543
-0.3812256
-0.35404968
-0.260849
-0.21769714
-0.2539215
-0.36097717
-0.48135376
-0.5287628
-0.47549438
-0.4089203
-0.40838623
-0.42170715
-0.3561859
-0.20439148
-0.031814575
0.1423645
0.3058777
0.38471985
0.33145142
0.23504639
0.25901794
0.40655518
0.41827393
0.28245544
0.13543701
-0.13140869
-0.49360657
-0.5980072
-0.34233093
-0.06802368
-0.076553345
-0.23262024
-0.22729492
-0.036071777
0.17112732
0.26646423
0.2669983
0.23770142
0.23184204
0.28671265
0.39216614
0.46513367
0.44543457
0.36447144
0.32666016
0.36714172
0.40016174
0.32240295
0.18017578
0.009735107
-0.08081055
0.08430481
0.4273224
0.47898865
-0.088272095
-0.75405884
-0.7625885
-0.25338745
0.08963013
-0.081344604
-0.50053406
-0.7098541
-0.53408813
-0.13619995
0.19882202
0.3069458
0.26594543
0.31600952
0.4837799
0.5871124
0.5253296
0.3900299
0.21372986
-0.03074646
-0.15219116
-0.0051879883
0.28778076
0.4118805
0.15887451
-0.38069153
-0.9069214
-0.88668823
-0.38334656
0.041168213
0.020385742
-0.24433899
-0.3189087
-0.14047241
0.050216675
0.08377075
0.040100098
0.08909607
0.22439575
0.33891296
0.3346405
0.21746826
0.088027954
0.13757324
0.3607483
0.48805237
0.3980255
0.2323761
-0.033416748
-0.44779968
-0.8664551
-0.9159851
-0.58787537
-0.23687744
0.008132935
0.10987854
0.019851685
-0.16976929
-0.36418152
-0.51651
-0.5452728
-0.40571594
-0.10317993
0.19882202
0.37779236
0.46513367
0.5221405
0.5167999
0.44329834
0.4081421
0.49443054
0.6062927
0.5903015
0.55888367
0.6686096
0.8347931
0.83958435
0.5684662
0.21800232
-0.062698364
-0.40678406
-0.7402191
-0.81744385
-0.582016
-0.31144714
-0.22409058
-0.31944275
-0.49253845
-0.6544647
-0.65979004
-0.4573822
-0.16177368
0.06300354
0.14875793
0.118927
0.07312012
0.13064575
0.2792511
0.38897705
0.4081421
0.45980835
0.5950928
0.5753937
0.43318176
0.52319336
0.81614685
0.8768616
0.48805237
-0.18788147
-0.92663574
-1.4177246
-1.2451477
-0.65979004
-0.3082428
-0.34713745
-0.3812256
-0.13354492
0.21746826
0.4241333
0.36021423
0.16047668
0.015060425
-0.011566162
0.015594482
0.031036377
0.036895752
0.017715454
-0.02116394
-0.05418396
-0.066970825
0.025177002
0.21800232
0.22651672
-0.08187866
-0.4105072
-0.5596466
-0.55166626
-0.50372314
-0.44459534
-0.3822937
-0.33914185
-0.23475647
-0.15698242
-0.20918274
-0.11437988
0.13650513
0.34103394
