-35.472107
-34.82666
-35.391235
-34.739685
-36.538696
-35.762024
-35.836792
-36.18622
-36.1557
-37.368774
-34.202576
-37.65564
-36.239624
-37.994385
-34.00421
-35.472107
-34.005737
-35.469055
-34.20868
-32.850647
-33.67157
-35.983276
-35.231018
-32.69043
-32.644653
-32.733154
-31.672668
-32.720947
-32.13501
-32.71942
-31.321716
-30.253601
-29.792786
-28.974915
-29.049683
-28.167725
-26.959229
-28.048706
-26.18866
-26.519775
-25.741577
-25.881958
-23.164368
-24.012756
-24.429321
-22.035217
-25.141907
-24.272156
-23.576355
-25.056458
-24.234009
-24.960327
-26.062012
-24.720764
-25.88501
-23.596191
-23.675537
-22.172546
-23.67096
-21.305847
-21.4859
-22.45636
-22.277832
-23.666382
-23.448181
-23.448181
-23.448181
-25.813293
-26.359558
-24.84436
-25.759888
-25.045776
-25.761414
-25.584412
-24.223328
-25.17395
-25.338745
-25.37384
-24.290466
-25.065613
-24.177551
-24.205017
-25.196838
-25.14038
-24.853516
-25.189209
-23.802185
-24.28894
-24.476624
-25.660706
-25.289917
-24.867249
-24.49646
-23.773193
-23.802185
-23.731995
-24.061584
-25.308228
-24.134827
-22.662354
-22.808838
-22.377014
-21.409607
-22.792053
-24.324036
-23.67096
-24.143982
-24.8703
-24.879456
-24.409485
-24.172974
-24.281311
-25.061035
-24.853516
-24.578857
-24.172974
-25.764465
-26.786804
-26.368713
-26.420593
-27.041626
-28.26538
-24.162292
-27.11792
-26.242065
-26.568604
-27.960205
-26.739502
-26.365662
-26.50299
-25.697327
-27.230835
-27.297974
-28.779602
-26.7807
-27.949524
-27.061462
-27.174377
-27.003479
-28.964233
-28.723145
-27.966309
-28.533936
-28.103638
-28.103638
-28.103638
-28.067017
-28.749084
-30.186462
-29.408264
-28.523254
-28.309631
-28.256226
-29.812622
-28.575134
-28.515625
-27.522278
-27.583313
-26.428223
-28.016663
-26.10321
-25.939941
-27.139282
-25.915527
-26.571655
-26.70288
-26.3031
-27.575684
-26.339722
-26.704407
-28.852844
-28.083801
-27.862549
-29.50592
-27.957153
-28.778076
-27.56195
-29.467773
-28.53241
-28.112793
-27.0401
-28.837585
-27.838135
-28.55072
-28.691101
-27.420044
-29.754639
-29.656982
-31.506348
-30.882263
-30.371094
-29.55017
-30.284119
-31.044006
-30.274963
-32.23877
-30.119324
-31.678772
-32.36084
-29.423523
-31.588745
-32.366943
-31.715393
-31.526184
-32.572937
-33.366394
-32.83844
-33.02307
-31.562805
-32.328796
-33.024597
-33.659363
-32.373047
-31.022644
-30.969238
-31.002808
-29.173279
-30.975342
-31.05011
-31.724548
-30.89447
-30.125427
-30.17273
-30.17273
-30.17273
-29.594421
-28.796387
-28.62854
-28.735352
-30.262756
-31.150818
-30.012512
-29.51355
-30.915833
-31.826782
-30.128479
-32.540894
-31.680298
-32.09839
-29.396057
-29.83551
-29.129028
-29.541016
-30.717468
-30.677795
-32.34558
-32.870483
-32.055664
-31.277466
-32.043457
-32.019043
-30.839539
-31.343079
-32.36084
-31.280518
-31.53534
-30.407715
-31.936646
-30.885315
-30.433655
-30.717468
-29.940796
-31.208801
-29.919434
-32.136536
-29.36554
-27.91748
-27.24762
-25.92926
-28.579712
-29.156494
-28.997803
-28.981018
-29.197693
-30.015564
-30.093384
-29.9057
-29.24347
-28.657532
-28.259277
-27.894592
-27.876282
-28.35846
-27.79541
-30.389404
-28.390503
-29.937744
-28.359985
-27.810669
-28.450012
-28.80249
-28.76892
-29.69513
-29.241943
-28.823853
-28.363037
-26.533508
-28.018188
-28.140259
-28.4729
-29.310608
-28.489685
-28.489685
-28.489685
-28.321838
-27.670288
-25.930786
-29.118347
-26.506042
-28.431702
-27.479553
-27.241516
-25.750732
-27.648926
-27.192688
-26.686096
-26.470947
-25.231934
-26.062012
-25.42572
-26.031494
-26.153564
-26.133728
-24.468994
-23.764038
-24.525452
-25.013733
-25.036621
-24.641418
-24.676514
-25.77362
-22.393799
-23.591614
-24.125671
-26.049805
-24.861145
-24.397278
-21.78955
-23.638916
-23.2193
-23.431396
-23.428345
-21.400452
-22.634888
-20.487976
-21.730042
-22.10083
-21.6156
-21.626282
-20.532227
-21.307373
-21.29364
-20.149231
-19.325256
-19.969177
-19.999695
-20.30487
-19.056702
-20.69397
-19.981384
-20.751953
-19.72351
-20.007324
-19.767761
-19.276428
-20.40863
-19.047546
-18.6203
-18.145752
-20.527649
-18.719482
-17.256165
-17.721558
-18.94989
-18.019104
-17.182922
-18.104553
-18.391418
-16.773987
-16.514587
-14.772034
-14.772034
-14.772034
-15.625
-15.267944
-17.118835
-15.54718
-16.235352
-14.047241
-13.848877
-15.208435
-15.1901245
-14.474487
-13.60321
-13.764954
-13.023376
-13.871765
-14.935303
-13.189697
-13.13324
-12.992859
-14.355469
-13.659668
-12.779236
-14.151001
-13.058472
-12.866211
-12.141418
-14.306641
-12.475586
-13.009644
-11.743164
-10.662842
-11.69281
-13.331604
-11.985779
-11.857605
-11.309814
-11.166382
-12.649536
-11.734009
-12.825012
-11.065674
-11.6622925
-12.297058
-11.973572
-11.474609
-11.141968
-9.458923
-10.3515625
-11.811829
-13.034058
-12.600708
-11.782837
-11.024475
-10.08606
-10.466003
-9.135437
-8.477783
-10.00824
-8.668518
-9.284973
-8.425903
-7.408142
-8.67157
-9.695435
-9.024048
-7.055664
-8.325195
-8.3984375
-9.649658
-10.144043
-8.979797
-9.950256
-9.680176
-8.929443
-8.630371
-9.101868
-8.178711
-9.814453
-9.814453
-9.814453
-9.803772
-9.700012
-9.234619
-6.918335
-6.604004
-6.5963745
-8.201599
-6.7459106
-9.277344
-7.084656
-5.0720215
-5.4855347
-5.9921265
-5.3237915
-4.5455933
-5.1101685
-4.6539307
-2.7786255
-4.3167114
-3.5079956
-4.48761
-2.9800415
-3.7490845
-3.2150269
-4.7790527
-4.043579
-3.048706
-2.4536133
-0.9338379
-2.041626
-1.9317627
-0.9246826
-0.87127686
0.051879883
-1.8753052
0.10223389
-0.6851196
-0.61798096
-0.2029419
-0.541687
0.21057129
0.8682251
2.3025513
1.3000488
0.86517334
1.751709
0.6561279
1.5457153
-0.15106201
-0.58898926
-0.2822876
-0.6500244
-0.9460449
-0.79956055
-1.8692017
-1.0864258
-0.8117676
-1.4404297
-0.7904053
-0.02746582
-0.23803711
-0.13427734
-0.25482178
0.41503906
-0.090026855
0.6240845
1.2237549
0.7797241
1.2374878
1.423645
1.210022
-0.21209717
1.9058228
1.7562866
0.40130615
0.66833496
1.9012451
1.9012451
1.9012451
-1.133728
1.1016846
1.7333984
-0.12054443
1.4007568
-0.3463745
0.38604736
1.2588501
0.9338379
1.1611938
0.47607422
0.12512207
-0.41809082
-0.1739502
-0.28686523
1.9256592
0.61187744
0.2456665
0.90789795
1.6281128
0.91400146
1.3839722
-0.5081177
1.5991211
-0.25024414
-0.32196045
1.2954712
-0.96588135
0.8331299
0.21362305
0.08087158
0.9536743
1.7623901
0.46081543
-0.70648193
0.11138916
0.23651123
1.2512207
0.37078857
-0.692749
-0.69732666
2.0324707
2.0004272
0.022888184
1.8554688
1.9500732
1.8157959
0.88500977
1.1932373
0.7171631
0.92163086
0.15258789
0.48217773
1.0070801
0.4486084
0.72631836
0.34179688
1.2069702
0.3555298
-0.2746582
0.3265381
-1.4007568
0.91552734
0.15258789
-0.45166016
-1.4190674
1.197815
1.6204834
-0.5950928
-0.6378174
-0.033569336
0.8377075
-1.499939
-0.8834839
-0.5584717
-1.6647339
-0.6713867
-0.6713867
-0.6713867
-2.822876
-0.038146973
-0.84228516
-2.230835
-1.3000488
-0.58135986
-1.3931274
0.36468506
-0.8453369
-0.090026855
-1.9561768
-0.9124756
-0.091552734
-1.5823364
-1.2664795
-2.2979736
-1.210022
-1.6235352
0.6240845
0.048828125
0.12664795
-0.6149292
0.3036499
-0.12054443
-0.9475708
-1.4907837
-1.6036987
-3.2409668
-0.81329346
-2.4291992
-2.9464722
-2.1606445
-2.191162
-1.2832642
-2.319336
-1.5106201
-1.4419556
-1.9897461
-1.2207031
-2.0874023
-2.531433
-3.0578613
-0.6668091
-2.5024414
-0.49591064
-2.1743774
-1.7089844
-1.0665894
-1.2207031
-1.020813
-2.3529053
-0.80718994
-0.9567261
-2.8427124
-2.2033691
-2.2323608
-4.043579
-2.911377
-3.326416
-3.604126
-5.8181763
-4.4418335
-3.09906
-3.8909912
-3.7445068
-3.8970947
-2.909851
-3.540039
-3.62854
-4.092407
-2.8121948
-4.0527344
-3.100586
-3.7506104
-3.0685425
-1.6082764
-2.4154663
-2.4154663
-2.4154663
-3.1478882
-2.8701782
-3.7765503
-3.7948608
-4.5318604
-4.4937134
-4.710388
-3.3340454
-3.1967163
-2.5741577
-3.1860352
-4.862976
-3.1723022
-3.1356812
-3.7582397
-4.8202515
-4.133606
-4.702759
-4.1030884
-4.551697
-3.2043457
-5.1208496
-3.8864136
-4.5959473
-4.875183
-5.1834106
-6.196594
-4.88739
-6.085205
-5.49469
-5.595398
-6.1904907
-7.067871
-4.9194336
-6.945801
-6.828308
-7.5653076
-6.1584473
