2.41539
2.478836
2.5674286
2.5865784
2.6260834
2.4429169
2.0778046
1.7485962
1.4756622
1.5127716
2.052658
2.5434723
2.3794708
1.6145325
1.1105499
1.2087097
1.4924164
1.4613037
1.0877991
0.5622711
0.7047272
1.2206726
1.6025543
1.8096466
1.7557831
1.4732666
1.316452
1.2266693
1.0195618
0.822052
0.5586853
0.62931824
1.0506897
1.3894653
1.1009674
0.6305084
0.41264343
0.5000305
0.62571716
0.450943
8.239746E-4
-0.32357788
0.029556274
0.65444946
0.9644928
0.7442322
0.48565674
0.8040924
1.2949066
1.7498016
1.9987946
2.1675873
2.343567
2.4213715
2.1999054
1.9808502
2.004776
2.023941
1.7797241
1.7509918
2.2920837
2.3471527
2.4177856
2.4489136
2.193924
2.0347137
1.76297
1.5438995
1.6492462
1.8132477
1.7964935
1.6707916
1.5870056
1.470871
1.2577972
1.2554016
1.4792633
1.7438049
1.8515472
1.84198
1.8850708
1.9066162
1.8551483
1.8252258
1.822815
1.7845154
1.7246552
1.7665558
1.6911469
1.415802
1.2984924
1.5379181
2.0
2.1352692
1.549881
0.71910095
0.091812134
0.2953186
1.1620178
1.8790894
2.0814056
1.6803589
1.2182922
1.0854034
1.4888306
2.0382996
2.4740448
2.7230377
2.7158508
2.5506592
2.3615265
2.1340637
1.9748535
1.9580994
2.1053314
2.2310333
2.1484375
2.1436462
2.0706177
1.8120422
1.5391083
1.1261139
0.8112793
0.86872864
1.1141357
1.2039185
1.1704102
1.0075989
0.44854736
0.017593384
0.18759155
0.7334595
1.276947
1.7917023
2.1604004
2.1975098
1.9461212
1.6755829
1.4289856
1.3403931
1.5977783
1.9796448
2.1508331
2.0071716
1.7282562
1.5319214
1.4996033
1.5127716
1.3763123
1.0447083
0.59939575
0.10977173
0.28814697
1.1632233
1.881485
1.925766
1.2841339
0.6448822
0.4102478
0.6712189
1.1512451
1.5798187
1.9856262
2.2705383
2.2465973
2.051468
1.7833099
1.6205139
1.6097412
1.786911
1.9796448
2.0802002
1.9820404
1.9221802
2.0227356
1.9688721
1.5594635
1.0770264
0.75260925
0.6580353
0.7657776
0.866333
0.40187073
-0.085357666
-0.0015716553
0.28575134
0.19836426
-0.15718079
-0.29605103
0.051101685
0.50361633
0.866333
1.0375214
0.921402
0.70832825
1.1069641
1.7605743
1.1644135
0.7645874
1.4960175
2.0251312
1.7928925
1.2158966
1.2781372
1.9533081
2.2346344
2.597351
2.1771698
1.5546722
1.6420593
2.2980804
2.506363
1.5462952
-0.7641144
-0.42892456
-0.0015563965
-1.5146942
-0.56181335
0.3348236
1.0997772
1.4289856
1.5929871
1.8000793
1.7940979
1.5534668
1.2254639
1.0363312
1.063858
1.3595428
1.6803741
1.8156433
1.7833252
1.7545929
1.6660004
1.7509918
2.0658417
2.4405365
2.6069183
2.4800262
2.17836
1.8862762
1.7653656
1.9185944
1.9233856
1.7246552
1.6696014
1.9509125
2.3591309
2.5326996
2.4991913
2.5003815
2.5722046
2.5171356
2.186737
1.8383942
1.6025543
1.6672058
1.9161987
2.0778046
2.367508
2.186737
2.0371094
2.0586548
2.209488
2.332779
2.2597656
2.047882
1.8539429
2.0023956
2.1759644
2.329193
2.6943054
2.7888947
2.2873077
1.5151672
0.60536194
0.27856445
1.035141
2.3232117
2.956482
2.8834534
2.7421875
2.6631927
2.7074738
2.6021423
2.2429962
1.6061554
1.2122955
1.2901154
1.5331268
1.5858002
1.3978577
1.3930664
1.8312073
2.3818665
2.7876892
2.964859
2.7242432
2.1927185
1.707901
1.4349518
1.4660797
1.7761383
2.147232
2.2980652
2.2406158
1.9987946
1.5845947
1.5486908
1.984436
2.3579254
2.3351746
2.1017456
2.052658
2.2142792
2.3938446
2.549469
2.6033325
2.3064423
1.9293671
1.8204346
1.949707
2.0885773
2.0981598
2.083786
2.2166595
2.3854523
2.2298431
1.6229095
1.0901947
0.88908386
0.648468
0.2546234
0.4210205
1.2865143
2.202301
2.7481842
2.7409973
2.3184204
1.9616852
1.9748535
2.2944794
2.4105988
2.1604004
1.8312073
1.7031097
1.6229095
1.5762177
1.6971283
1.8300018
1.881485
2.0682373
2.3220215
2.6500244
2.8415527
2.501587
1.5391083
1.0506897
1.5079803
1.9138031
2.154419
1.9940033
1.6911469
1.8695068
2.5075684
3.0390778
2.8846436
2.3806763
2.011963
1.9425354
2.0969543
2.2848969
2.265747
2.0382996
1.8240204
1.7426147
1.692337
1.6540375
1.5415039
1.7031097
2.0011902
2.1532288
2.4129944
2.554245
2.367508
1.9592896
1.4134216
0.9680939
0.62571716
0.48086548
0.99324036
1.865921
2.4848175
2.4979858
2.1556091
2.0430908
2.1053467
2.0586548
1.818039
1.4253845
1.0770264
0.9992218
1.2948914
1.7485962
1.8276062
1.6648102
1.7976837
2.0861816
2.138855
1.6540375
0.72387695
0.316864
0.4401703
0.5790405
0.97528076
1.2877197
1.3092651
1.3978577
1.5977631
1.9030304
1.8312073
1.4648895
1.4720764
1.6719971
1.8838806
1.8144531
1.5929718
1.3882751
1.3356018
1.6025543
1.8395844
1.881485
1.8563385
1.9437256
2.2753296
2.4477081
2.5111542
2.2394104
1.7186737
1.2865295
1.134491
1.0231628
0.86872864
1.0698547
1.6624146
2.2202606
2.2477875
1.9664764
1.9832306
2.1915283
2.4297485
2.7062836
2.4429169
1.5462952
1.9245758
2.0766144
2.1520233
1.668396
1.1620178
