0.13026428
-0.050842285
-0.20690918
-0.2314148
-0.19091797
-0.1349945
-0.18986511
-0.3533783
-0.2718811
-0.07853699
-0.16003418
-0.42741394
-0.53074646
-0.36723328
-0.15097046
-0.17654419
-0.41355896
-0.6063843
-0.6250305
-0.40930176
-0.0034332275
0.40615845
0.4658203
0.2889862
0.014678955
-0.23406982
-0.3171692
-0.23246765
0.062088013
0.2932434
0.4700775
0.6612854
0.6394501
0.3635559
0.06581116
-0.04498291
0.09989929
0.23997498
0.073791504
-0.3576355
-0.62661743
-0.5749512
-0.2979889
-0.10836792
-0.1776123
-0.32461548
-0.28785706
-0.0050354004
0.30496216
0.45303345
0.38378906
0.09083557
-0.22714233
-0.39865112
-0.35125732
-0.1930542
-0.15203857
-0.1845398
-0.18293762
-0.03540039
0.24264526
0.20695496
0.004547119
-0.026351929
0.062088013
-0.095047
-0.39279175
-0.3187561
-0.050308228
-0.00982666
-0.16322327
-0.5909271
-0.90571594
-0.7592468
-0.22981262
0.33958435
0.65649414
0.6378479
0.4152069
0.1712799
-0.04498291
-0.19465637
-0.28094482
-0.28041077
-0.16589355
-0.039123535
-0.06416321
-0.2511139
-0.3352661
-0.14938354
0.21121216
0.4290619
0.28364563
-0.12168884
-0.5424652
-0.5621643
-0.2244873
0.15795898
0.24850464
0.03492737
-0.23353577
-0.35017395
-0.20477295
0.14730835
0.43226624
0.4732666
0.3321228
0.0695343
-0.20370483
-0.37467957
-0.3778839
-0.26283264
-0.12008667
0.02053833
0.1398468
0.19258118
0.18778992
0.19258118
0.25808716
0.27513123
0.13238525
-0.08280945
-0.17068481
-0.13447571
-0.24099731
-0.6298218
-1.0713654
-1.1166382
-0.7166443
-0.01675415
0.6351929
0.9968567
1.0399933
0.8296051
0.43173218
-0.051376343
-0.4556427
-0.6362152
-0.53767395
-0.2836151
-0.024749756
0.11427307
0.1121521
0.045043945
0.033859253
0.07911682
0.11480713
0.094573975
-0.16802979
-0.5680237
-0.6585846
-0.17601013
0.3720703
0.39390564
-0.027404785
-0.44233704
-0.4982605
-0.24525452
0.099365234
0.30975342
0.36727905
0.35609436
0.26661682
0.075927734
-0.19465637
-0.3768158
-0.36616516
-0.2399292
-0.06681824
0.12812805
0.28045654
0.3635559
0.35609436
0.284729
0.21495056
0.17553711
0.073272705
-0.05404663
-0.069488525
0.040771484
0.007217407
-0.15896606
-0.28573608
-0.21542358
0.033325195
0.33052063
0.42533875
0.29910278
0.17233276
0.16807556
0.2532959
0.31082153
0.34277344
0.43066406
0.49723816
0.53186035
0.5505066
0.2921753
-0.15203857
-0.20584106
-0.008239746
0.101486206
0.14356995
0.05834961
0.12705994
0.30336
0.25701904
0.08604431
-0.009292603
-0.100372314
-0.18133545
-0.021026611
0.2889862
0.7470398
0.80670166
-0.63194275
-0.5951996
0.6405182
1.1752777
0.63093567
-0.30438232
-0.713974
-0.49293518
0.038650513
0.45089722
0.48339844
0.2698059
0.122802734
0.13664246
0.17074585
0.10736084
-0.07588196
-0.17654419
-0.07800293
0.13772583
0.33106995
0.2698059
0.040252686
-0.2010498
-0.3421936
-0.35816956
-0.39544678
-0.45085144
-0.44125366
-0.34432983
-0.24897766
-0.38693237
-0.58773804
-0.5046387
-0.16375732
0.18565369
0.32893372
0.20162964
0.0018920898
-0.024215698
0.04397583
0.01361084
-0.19252014
-0.51690674
-0.53874207
-0.25964355
0.10682678
0.37580872
0.47966003
0.4104309
0.221344
0.041305542
-0.037521362
-0.016220093
-0.032196045
-0.04232788
0.17340088
0.3513031
-0.037002563
-0.54193115
-0.5493927
-0.119018555
0.24157715
0.15263367
0.033325195
0.09403992
0.21495056
0.20695496
0.062088013
-0.08439636
-0.20211792
-0.2596283
-0.22660828
-0.12062073
-0.041259766
0.047164917
0.12173462
0.13717651
0.07699585
0.0029449463
-0.085998535
-0.17175293
-0.19039917
-0.2319336
-0.31610107
-0.33473206
-0.25909424
-0.08973694
-0.032196045
-0.28627014
-0.6378021
-0.61117554
-0.19572449
0.28364563
0.4109497
0.2687378
0.054626465
-0.123809814
-0.21276855
-0.19038391
-0.11315918
-0.095581055
-0.16696167
-0.26602173
-0.21542358
-0.040725708
0.111083984
0.20162964
0.25276184
0.2655487
0.17658997
-0.052444458
-0.26815796
-0.23300171
-0.06576538
-0.003967285
0.1121521
0.39285278
0.6826019
0.7640991
0.6250763
0.34384155
0.050369263
-0.1456604
-0.23939514
-0.18612671
-0.034866333
0.09669495
0.10096741
0.016281128
-0.037002563
-0.043380737
0.008270264
0.11694336
0.17713928
0.09883118
-0.010360718
0.01361084
0.097229004
-0.066833496
-0.44392395
-0.61650085
-0.3741455
-0.026870728
-0.158432
-0.59625244
-0.5573883
-0.04711914
0.4205475
0.51216125
0.41680908
0.41574097
0.4524994
0.41841125
0.25968933
0.014144897
-0.26815796
-0.46524048
-0.45777893
-0.21328735
0.1872406
0.48605347
0.58992004
0.46154785
0.22666931
0.05781555
-0.10676575
-0.25057983
-0.26283264
-0.1184845
0.0887146
0.07273865
-0.16696167
-0.30970764
-0.15045166
0.12652588
0.17553711
0.06367493
-0.04925537
-0.062026978
0.020004272
0.08178711
-0.014633179
-0.18614197
-0.29745483
-0.31503296
-0.18826294
-0.05404663
0.07539368
0.19630432
0.24424744
0.2421112
0.11375427
-0.088134766
-0.15789795
-0.102508545
0.021072388
0.07167053
-0.20637512
-0.5286102
-0.4002533
-7.7819824E-4
0.34651184
0.44184875
0.3401184
0.3076172
0.37260437
0.38113403
0.1824646
-0.15631104
-0.48014832
-0.7235565
-0.80451965
-0.64686584
-0.28466797
0.122802734
0.39764404
0.4232025
0.27619934
0.12068176
-0.0018463135
-0.15310669
-0.30278015
-0.26176453
-0.10144043
-0.0034484863
0.09989929
0.27566528
0.43598938
0.44291687
0.3166809
0.25595093
0.3267975
0.4455719
0.52919006
0.45515442
0.30656433
0.4967041
1.0756836
0.7481079
-0.029541016
-0.2606964
-0.12434387
0.09724426
