-2.932541
-2.6117249
-2.2729492
-1.6767883
-1.1249237
-0.82444763
-0.60058594
-0.5467224
-0.56347656
-0.58503723
-0.4928589
-0.43778992
-0.50961304
-0.6161499
-0.56707764
-0.38032532
-0.20913696
-0.27139282
-0.31089783
-0.188797
-0.25941467
-0.35159302
-0.16365051
0.2290039
0.55700684
0.82276917
0.98677063
0.76530457
0.18231201
-0.07745361
0.33554077
0.8574829
1.0693665
1.0933228
1.1280365
1.1591492
1.1938629
1.2501373
1.063385
0.8155823
0.850296
1.0597992
1.371048
1.7086182
1.7960052
1.5541992
1.3135834
1.2800598
1.2118225
1.10289
1.1412048
1.2345734
1.2070312
1.2980194
1.4057617
1.138794
0.83114624
0.60728455
0.27211
0.0745697
0.019500732
0.0745697
0.08894348
0.09132385
0.055419922
0.15238953
0.36068726
0.34631348
0.049423218
-0.20075989
-0.2570343
-0.23547363
-0.1708374
-0.055908203
0.03387451
0.14161682
0.13323975
0.049438477
0.0745697
0.25294495
0.5031433
0.67433167
0.85150146
0.98677063
1.0298615
0.9951477
1.1328125
1.2453461
1.2094269
1.1675262
1.2166138
1.4476624
1.7301636
2.0378265
2.138382
2.047409
1.7936096
1.2309875
0.5725708
0.3379364
0.58454895
0.9484558
1.1447906
1.3171692
1.4907532
1.6870728
1.7876282
1.7182007
1.6032715
1.276474
0.885025
0.6228485
0.51750183
0.37625122
0.17514038
-0.054718018
0.13323975
0.52827454
0.6707306
0.62882996
0.5354614
0.6156769
0.90415955
1.1172485
1.1280365
1.039444
1.0334625
1.2118225
1.2034454
0.8443146
0.46124268
0.27209473
0.25653076
0.2577362
0.2469635
0.3834381
0.43371582
0.42292786
0.39300537
0.45166016
0.6623535
0.8048096
0.8790283
0.86346436
0.8179779
0.9077606
0.9939575
1.142395
1.4979248
1.5901184
1.2812653
0.731781
0.5007477
0.7569275
1.2872467
1.7996063
1.9372711
1.7601013
1.6631317
1.7337646
1.6631317
1.4404755
1.36026
1.5075073
1.6870728
1.7301788
1.5901184
1.3482971
1.087326
0.96162415
1.0382385
1.2046356
1.2525177
1.1208496
1.0298615
1.0980988
1.2692871
1.375824
1.2872467
1.3842163
1.3662567
1.083725
0.8934021
0.72221375
0.7784729
0.91374207
0.9987335
1.1471863
1.5015259
1.6188354
1.276474
0.78445435
0.5641937
0.5989075
0.6120758
0.60728455
0.5474396
0.5869446
0.7533417
0.8682556
0.86346436
0.6587677
0.3307495
0.32478333
0.42173767
0.44807434
0.6875
0.81318665
0.613266
0.6599579
1.0609894
1.6415863
2.0976868
1.8426971
1.1244354
0.6384125
0.72940063
1.0729675
1.3435059
1.5805359
1.7134094
1.6870728
1.6451721
1.6272278
1.5003204
1.1866913
0.68629456
0.47920227
0.93289185
1.6763
1.9061432
1.9671936
1.7517242
1.5709534
1.6774902
1.8331299
1.7588959
1.2309723
0.68989563
0.42652893
0.78685
1.0298615
1.0921173
1.0190887
0.57496643
0.24336243
0.21104431
0.19189453
0.21464539
0.34153748
0.5079346
0.62524414
0.7425537
0.82037354
0.69706726
0.45526123
0.26971436
0.021896362
-0.11816406
-0.06309509
0.15238953
0.3738556
0.55940247
0.66474915
0.6372223
0.56300354
0.5582123
0.61805725
0.6839142
0.7533417
0.7198181
0.68629456
0.8167877
1.0681763
1.3040009
1.3459015
1.3207703
1.5937042
1.8774109
1.8522797
1.7852325
1.7517242
1.77565
1.8546753
1.8618469
1.9181213
2.1192322
2.225769
1.7912292
1.2621002
1.1711273
1.3459015
1.4428711
1.4883575
1.5290527
1.5685577
1.7002411
1.7792511
1.6332092
1.5254669
1.5924988
1.6858826
1.7840424
1.5422211
1.1675262
0.94966125
0.79164124
0.5809479
0.2074585
0.27809143
0.64320374
0.45526123
0.06738281
-0.07865906
0.049438477
0.3846283
0.8479004
1.0370483
0.9484558
0.8359375
0.67552185
0.46003723
0.3056183
0.16795349
-0.045135498
-0.23069763
-0.054718018
0.20387268
0.12246704
0.029083252
0.11886597
0.24575806
0.38941956
0.5043335
0.52948
0.5869293
0.6587677
0.67910767
0.7353821
0.9592438
1.1507721
1.3243561
1.549408
1.6308136
1.3076019
0.64320374
0.16795349
0.22181702
0.83833313
1.5075073
1.7828369
1.6930695
1.5948944
1.3040009
0.91734314
0.72940063
0.6779175
0.7533417
0.95803833
1.2238007
1.3183746
1.33992
1.4213257
1.3782196
1.217804
1.0837402
1.1699371
1.3231506
1.426117
1.473999
0.95684814
0.3152008
-0.018798828
-0.07746887
0.15119934
0.16436768
-0.10977173
-0.40785217
-0.32167053
0.019500732
0.32357788
0.5414429
0.45765686
0.20985413
0.23498535
0.5211029
0.3666687
-0.18640137
-0.59220886
-0.71791077
-0.6652374
-0.5742645
-0.47010803
-0.31806946
-0.09780884
0.74256897
1.4775848
0.7533264
-0.33125305
-0.72628784
-0.36236572
0.5007477
1.0921173
0.9125519
0.94966125
1.7169952
2.1491547
1.8115692
1.213028
0.67671204
0.42533875
0.65397644
1.178299
1.4560394
1.5039215
1.7170105
1.9719849
2.074936
1.9061432
1.7062378
1.5877075
1.5865173
1.5984955
1.6212311
1.7505188
1.8127747
1.7265778
1.6487579
1.51828
1.4021606
1.2944336
1.2513275
1.2704773
1.2621002
1.0909119
0.7246094
0.4121704
0.2936554
0.28167725
0.23977661
0.18470764
0.395401
0.67552185
0.85987854
0.9245148
0.96881104
1.0382538
0.88261414
0.434906
0.1787262
0.044647217
-0.12774658
-0.24624634
-0.25942993
-0.16723633
-0.0020446777
0.07098389
0.011123657
3.5095215E-4
0.20985413
0.316391
0.36906433
0.40975952
0.47920227
0.54504395
0.35829163
0.7174225
0.8969879
0.92211914
1.5003204
1.6858673
1.0178986
1.0226898
0.9915619
0.9221344
1.1962585
1.6559448
2.1671143
2.359848
2.2221832
1.7385559
1.0909271
0.71144104
0.5031433
0.31159973
0.21343994
0.2828827
0.46603394
0.48876953
0.47799683
0.51750183
0.4995575
0.3774414
0.3152008
0.34751892
0.32118225
0.2361908
0.31878662
0.46842957
0.5067291
0.41815186
-0.047531128
-0.38630676
-0.27378845
0.19308472
0.6515808
0.8479004
0.95803833
1.0358429
1.1783142
1.1723175
0.850296
0.47680664
0.31759644
0.20147705
0.12246704
0.14640808
0.19787598
0.17034912
0.24456787
0.39779663
0.5546112
0.66355896
0.8036194
1.1675415
1.727768
2.1970367
2.3897705
2.778839
3.3833618
3.3773804
2.6950378
1.9875488
2.0186615
2.2712555
2.3574524
2.5669403
2.4568176
2.1024628
1.6834869
1.2680817
0.89100647
0.58573914
0.40138245
0.46124268
0.5833435
0.6946869
0.73417664
0.6024933
0.5187073
0.64559937
0.6767273
0.62882996
0.53785706
0.6503906
0.87065125
1.2848511
1.6774902
1.5757446
1.1914825
0.51512146
-0.028381348
-0.13851929
0.18351746
0.62405396
0.6875
0.6372223
0.54862976
0.6156769
0.73417664
0.5821533
0.34272766
0.3056183
0.32237244
0.25534058
0.1499939
0.06619263
0.08415222
0.09611511
-0.020004272
-0.17802429
-0.039154053
0.4073639
0.6683502
0.56658936
0.43850708
0.6001129
1.1196442
1.7349548
2.1407776
1.8079834
1.2429504
1.2297821
1.5386353
1.8522797
1.3806152
-0.04273987
-0.17202759
0.276886
