29.252625
28.601074
28.75061
28.75061
28.75061
26.837158
26.261902
26.235962
26.298523
25.54779
24.009705
24.543762
25.671387
25.45929
26.14746
24.345398
25.398254
25.85907
24.320984
24.07074
24.29657
24.882507
25.358582
24.821472
25.735474
23.468018
25.759888
25.032043
24.797058
25.712585
23.7854
25.398254
25.776672
25.460815
24.884033
25.299072
25.175476
25.79956
26.750183
27.49939
24.6109
24.85962
25.022888
25.109863
25.733948
25.671387
26.557922
26.1734
26.022339
26.083374
26.521301
27.246094
26.921082
27.244568
27.334595
26.731873
28.645325
27.93274
27.767944
28.707886
27.581787
28.492737
26.229858
28.93219
26.142883
27.893066
26.394653
28.08075
26.80664
28.205872
28.105164
27.079773
28.042603
28.430176
28.619385
28.431702
29.029846
27.954102
28.968811
27.827454
27.827454
27.827454
28.427124
28.340149
27.740479
27.80304
29.20227
27.66571
27.82898
28.656006
27.967834
28.530884
29.30603
29.928589
29.9057
28.871155
29.093933
30.847168
29.446411
30.245972
30.885315
30.032349
30.612183
30.574036
30.348206
32.04956
30.91278
31.987
30.8609
31.860352
31.83899
31.774902
32.588196
31.739807
33.877563
33.625793
33.17566
32.051086
32.839966
33.68988
33.024597
32.862854
34.025574
33.584595
32.463074
32.737732
32.70111
32.398987
33.714294
32.635498
31.297302
32.936096
33.499146
33.27484
33.174133
33.43506
34.96399
34.376526
34.399414
34.526062
34.210205
34.851074
33.711243
34.336853
33.299255
34.12323
33.86078
32.899475
33.462524
35.191345
34.628296
32.52716
35.191345
34.353638
34.08966
34.353638
36.880493
36.880493
36.880493
36.668396
36.769104
35.006714
33.56781
36.57074
37.48474
36.357117
36.605835
37.30774
36.29608
37.069702
36.958313
37.04834
37.071228
37.71057
36.984253
38.66272
38.08441
37.77466
38.085938
38.812256
37.071228
38.275146
38.89923
38.08441
37.771606
39.66217
40.161133
35.69641
39.208984
38.397217
38.735962
37.860107
38.049316
38.735962
37.773132
38.02185
38.52234
39.372253
38.39569
38.07068
38.546753
38.420105
39.93225
41.37268
40.097046
39.494324
39.60724
40.556335
40.68451
41.65802
40.245056
41.15753
39.55841
40.272522
40.724182
40.937805
40.786743
40.185547
41.059875
40.80963
40.849304
40.975952
41.41388
39.749146
40.748596
40.975952
40.975952
40.99884
41.497803
41.560364
40.274048
40.097046
41.93573
40.724182
40.68451
40.68451
40.1474
40.849304
40.875244
41.722107
41.600037
41.911316
41.99829
43.200684
42.411804
42.16156
42.411804
44.111633
44.096375
43.406677
41.807556
42.182922
42.65747
41.896057
39.982605
42.056274
41.896057
40.992737
40.542603
42.30652
42.63153
41.644287
41.578674
41.66565
41.241455
43.19458
40.890503
40.76538
39.474487
39.949036
40.826416
40.61432
40.013123
39.413452
39.701843
39.62555
39.476013
39.726257
38.43994
39.16626
39.61792
39.105225
39.22882
40.083313
39.64386
40.330505
38.545227
40.52124
40.307617
39.08081
40.019226
39.768982
39.89563
38.642883
41.685486
39.956665
39.483643
40.43274
39.18457
41.18347
39.056396
41.20941
40.644836
39.920044
40.019226
40.646362
41.622925
42.260742
41.6214
42.460632
43.322754
41.896057
41.896057
42.15851
42.09442
41.18347
42.556763
41.018677
41.68396
40.844727
40.830994
40.740967
42.05475
40.078735
40.766907
41.493225
41.731262
40.138245
41.989136
41.352844
40.353394
39.102173
40.290833
40.315247
39.816284
38.500977
38.565063
40.01465
38.82599
38.526917
38.812256
37.712097
39.09912
38.101196
38.789368
40.078735
40.205383
38.790894
39.45465
39.916992
39.98108
40.393066
39.855957
39.083862
39.920044
40.245056
38.606262
39.16931
39.393616
40.393066
38.441467
37.34131
38.528442
38.33008
38.378906
38.417053
37.63275
39.105225
38.29193
38.22937
40.846252
40.182495
39.982605
40.18097
40.67993
41.581726
41.305542
39.49585
40.76996
40.60211
39.58893
39.91394
38.21411
38.12561
38.00049
38.87787
37.113953
37.049866
38.250732
38.250732
38.250732
38.6261
38.77411
38.586426
38.974
37.52594
36.584473
36.77368
37.399292
36.624146
36.712646
37.272644
37.150574
36.013794
35.588074
35.73761
36.839294
36.878967
36.016846
36.05652
35.131836
34.368896
35.842896
34.806824
35.879517
34.36737
34.71527
33.354187
33.428955
33.927917
31.689453
32.82776
33.16803
33.20465
32.36847
32.63855
31.913757
32.51648
30.976868
32.165527
33.164978
32.951355
33.540344
33.164978
33.70514
34.8938
32.954407
33.70514
34.86786
33.64258
31.640625
32.26471
31.211853
30.563354
31.347656
30.911255
29.708862
29.02069
29.393005
28.858948
30.20935
29.582214
30.207825
29.394531
29.667664
29.73175
30.644226
29.769897
30.018616
29.629517
29.794312
30.143738
28.227234
29.01764
28.62854
28.456116
28.327942
28.416443
26.716614
26.716614
28.504944
28.414917
27.729797
29.830933
28.521729
29.745483
28.54309
28.48053
28.044128
29.293823
27.832031
29.083252
29.833984
31.098938
29.72107
31.414795
30.911255
29.182434
31.373596
30.647278
29.048157
31.825256
30.847168
30.34668
29.02069
30.412292
29.72107
29.685974
28.521729
29.396057
28.919983
29.498291
28.787231
27.235413
27.586365
25.733948
24.63379
25.796509
25.108337
24.531555
23.382568
23.905945
23.11554
22.180176
22.428894
23.716736
22.17865
22.154236
23.303223
22.492981
22.590637
23.017883
21.990967
22.953796
21.740723
21.57898
20.263672
21.388245
20.76416
20.202637
21.203613
22.88208
24.1333
23.406982
24.067688
25.732422
24.008179
22.59674
24.1745
25.698853
24.736023
26.087952
25.637817
26.1734
26.1734
26.1734
27.210999
27.18811
26.42517
26.585388
28.437805
26.322937
27.397156
26.210022
27.459717
26.171875
26.14746
27.05841
26.519775
26.583862
25.546265
26.107788
25.570679
25.665283
25.44403
25.317383
24.502563
24.604797
23.6557
23.74115
23.379517
23.614502
23.077393
24.177551
23.049927
24.864197
23.527527
22.550964
23.114014
22.23816
23.46344
24.176025
23.46344
23.976135
23.564148
23.901367
24.497986
24.06311
24.624634
23.374939
23.651123
24.153137
24.736023
24.102783
24.276733
26.41449
26.515198
24.813843
26.579285
