1.6851501
1.9233856
1.984436
2.166397
2.320816
2.1640015
1.9940033
1.8168335
1.5810089
1.4840393
1.5618591
1.4433441
1.0171661
0.6448822
0.3312378
0.30010986
0.96450806
1.9413452
2.4034119
2.126892
1.6767731
1.4648895
1.5223541
1.7258606
1.7354431
1.4265747
1.2829285
1.3822937
1.6719971
1.7162781
1.6396637
1.4912262
1.5953674
2.17836
2.248993
1.5415039
0.7454376
-0.37625122
-0.8862152
-0.93530273
-0.54385376
-0.30801392
-0.19070435
0.04751587
0.22947693
0.48086548
0.37672424
0.20913696
0.39109802
1.0123901
1.3906708
1.0171661
0.49523926
0.47369385
1.015976
1.7785339
1.8551483
1.1177368
0.78134155
1.0770264
1.3284149
1.371521
0.9788666
0.46411133
0.04272461
-0.7473602
-0.67793274
0.6532593
2.7445984
3.701065
2.5123596
1.2087097
0.82084656
1.0219574
1.5858002
1.9868317
1.850357
1.5630493
1.4301758
1.6037445
1.7521973
1.7210693
1.5271301
1.292511
1.3571472
1.7126923
1.7581787
1.4086304
1.2266693
1.5271454
1.7090912
2.131668
2.7469788
2.1484375
1.1967468
1.1775818
1.8096619
2.51474
2.2202606
1.4517212
1.1380768
1.4194031
1.9760437
2.569809
2.7852936
2.4560852
1.9245758
1.5283356
1.3930664
1.6217194
1.565445
1.6540375
2.0849915
2.1556244
1.9796448
2.1436462
2.2310333
1.944931
1.3978577
1.2146912
1.4541168
1.810852
1.8084564
1.431366
0.8878937
0.62332153
0.99324036
1.6396637
2.2693481
2.5195312
2.0059814
1.3200378
0.995636
1.1991272
1.7581787
1.8898621
1.4361572
0.98365784
0.877121
0.8483734
1.098587
1.6300964
1.6360779
1.2673645
1.2984924
1.7390289
2.0107727
1.9125977
1.6743927
1.510376
1.5678406
1.731842
1.9377441
2.1831512
2.1221008
1.5762177
1.26857
1.5917816
2.0107727
1.8383789
1.173996
1.2554016
2.0897675
2.6715698
2.719452
2.5159454
2.3459473
2.0825958
1.6037598
1.2122955
1.2721558
1.6181183
2.051468
2.4189758
2.640442
2.6188965
2.3974304
2.1292877
1.9150085
1.6552277
1.3703156
1.0997772
0.9668884
1.0267487
1.3008881
1.4864349
1.5307312
1.5043945
1.1392822
0.8986664
1.2362366
1.4074249
1.2745514
1.4421387
1.4768677
1.0255585
0.8759155
1.4325714
2.1568146
2.4812317
2.6033325
2.775711
2.9385223
2.8990173
2.4058075
1.5977631
0.9704895
0.74902344
0.9704895
1.1416779
1.4205933
1.7689514
1.7749481
1.6468506
1.7198639
1.7066956
1.2649841
0.92977905
1.1895599
1.7605743
2.169983
2.3303986
2.3220215
1.9928131
1.6468506
1.5522766
1.6073456
1.628891
1.6899414
1.747406
1.6887512
1.6947327
1.9473267
2.102951
1.9509125
1.6312866
1.466095
1.5355225
1.5295258
1.6803741
1.7378235
1.2865295
0.8699341
1.0052032
1.5666351
1.7174683
1.2494049
0.7178955
0.6137543
1.0626678
1.7617645
2.2837067
2.3950348
2.2142792
1.9628906
1.652832
1.5486908
1.7761383
1.7749329
1.6372681
1.6899414
1.7330322
1.4924164
1.6396637
2.1855469
2.2226562
1.6037445
1.0866089
0.90704346
1.1656189
1.6887512
2.202301
2.2837067
1.9640808
1.7665558
1.8228302
1.9748535
2.0658264
1.881485
1.6264954
1.5043945
1.3822937
1.5319214
1.7904968
2.186737
2.5506592
2.233429
1.8742981
1.8096619
1.6097412
1.3547516
1.2577972
1.3535614
1.1692047
0.8447876
0.92619324
1.2996979
1.6348724
1.8946533
1.925766
1.8647308
2.0191498
2.289688
2.3351898
2.3303986
2.0802002
1.8300018
1.8551483
2.0813904
2.4369354
2.7625427
2.767334
2.7685394
2.7086792
3.9428864
4.360672
1.9197845
-0.16557312
0.3527832
1.8455658
2.7661438
3.2198486
3.7166443
4.0530243
3.763321
2.9672546
2.3160248
2.055069
2.1975098
2.3663025
2.2011108
1.9664764
1.8898621
1.9928131
2.0849915
2.2286377
2.4776459
2.755371
3.1252594
3.261734
3.486786
3.6663666
2.5674133
1.3332062
1.4170074
2.660797
3.4293365
3.048645
2.5793915
2.5554504
2.8559113
3.083374
3.0187225
2.7014923
2.2274475
1.7055054
1.4481354
1.8527527
2.7457886
2.6177063
0.81007385
-0.32478333
-0.5534363
-0.6946869
0.7837372
3.5502472
5.609253
5.5410156
3.708252
1.9221802
1.5726318
1.9904175
1.8527527
1.2589874
0.87831116
1.7414246
2.8631134
3.2880707
2.9361267
1.6540375
0.8747101
0.63290405
0.46292114
0.61135864
1.0231628
1.4529114
2.013153
2.762558
3.0091553
2.4812317
1.6624146
1.0016174
0.7861328
0.980072
1.2805328
1.6612091
2.0143585
2.2322235
2.173584
1.644455
1.3691254
1.4960175
1.4529114
1.4445496
1.6205139
1.5462952
1.118927
0.70951843
0.6748047
1.0351257
1.4050446
1.1608276
0.5946045
0.27975464
0.45213318
0.83880615
1.0710449
1.2960968
1.565445
1.76297
1.8599396
1.8850708
2.0885773
2.344757
2.411789
2.2118835
2.0191498
1.9377441
1.8288116
1.7342377
1.7845154
1.7797241
1.4253845
1.2194824
1.4840393
1.7641602
1.9461212
1.9976044
1.5798187
1.261383
1.2482147
1.431366
1.4481354
1.0039978
0.7178955
0.69395447
0.7849426
1.0339355
1.4014435
1.8072662
2.1113281
2.0454865
1.7773285
1.5175629
1.2829285
1.0686493
0.9884491
1.2206879
1.5079956
1.4493256
1.1835632
1.1380768
1.3966522
1.8347931
1.865921
1.2937012
0.6891632
0.6376953
0.956131
1.4337616
1.5786133
1.3487701
1.2973022
1.5032043
1.6719818
1.7665558
2.2358246
2.727829
2.8032532
2.6093292
2.4022217
2.25737
2.131668
2.0670319
2.1520233
2.281311
2.2681427
2.0454865
1.7569885
1.7174835
1.518753
1.2051239
1.1105499
1.2829285
1.5869904
1.4684753
1.1225281
1.0279541
0.96569824
0.9022522
1.1273041
1.6432495
2.052658
2.3220215
2.3854675
2.264557
2.205902
2.2286377
2.2286377
2.17836
2.0969543
2.0143585
1.8862762
1.6971283
1.6336823
1.5522766
1.3679199
1.0890045
0.8483887
0.8016968
1.134491
1.3942566
1.560669
1.2194824
0.65444946
0.3539734
0.53593445
1.039917
1.6013641
2.2633514
2.8966217
3.2401886
3.1109009
2.6859436
2.2035065
1.9030304
1.9724579
2.2956848
2.6141052
2.5985413
2.4405365
2.289688
2.1915283
1.8731079
1.4589081
1.2841187
1.3415833
1.3846893
1.1751862
1.1560364
1.2015228
1.0339355
0.91423035
1.0818176
1.3894806
1.7665558
1.9580994
1.8144379
1.6240997
1.86232
2.312439
2.4931946
2.3495483
2.1101227
2.0562592
2.2789154
2.2765198
2.0825958
1.7126923
1.5845947
1.4409485
1.2625885
1.0854034
1.2098999
1.4720764
1.767746
1.9161987
1.771347
1.4445343
1.3056793
1.6097412
2.2477875
2.839157
3.1276703
2.9217682
2.5243225
2.2705383
2.2298431
2.3076477
2.4692535
2.5602417
2.565033
2.509964
2.554245
2.5602417
2.5638275
2.2142792
1.5965729
1.1285095
0.9489441
1.1716003
1.5427094
1.747406
1.6791687
1.4876404
1.4972076
1.731842
1.9221802
1.9963989
2.0143585
1.989212
1.9078217
1.8527527
1.9545135
2.197525
2.2944794
2.1161041
1.9389496
2.1580048
2.423767
2.3818665
2.2310333
2.1735687
2.2226562
2.169983
1.7150879
1.1751862
0.90704346
1.2805328
1.5929871
1.5403137
1.2326508
1.2051239
1.3739014
1.5977631
1.9676666
2.4357452
2.7864838
2.8044434
2.518341
2.2621613
2.087387
1.9820404
2.0562592
2.3028564
2.5746002
2.8116302
3.0534515
3.1264648
2.8738708
2.4453125
2.3686981
1.8946533
1.5115814
1.5211487
1.6097412
1.7976837
1.8467712
1.3284149
