-0.3203888
-0.24263
-0.13130188
-0.06739807
-0.05833435
-0.059402466
-0.04396057
0.03753662
0.10519409
0.12063599
0.11903381
0.05406189
-0.17817688
-0.5180054
-0.6170654
-0.39230347
-0.053009033
0.16856384
0.13449097
-0.06047058
-0.24156189
-0.25434875
-0.11904907
0.015701294
0.020492554
-0.061538696
0.0013122559
0.10838318
0.12223816
0.06576538
-0.016799927
-0.07484436
-0.021057129
0.06311035
0.010375977
-0.14408875
-0.19789124
-0.14622498
0.029022217
0.1414032
0.14779663
0.15098572
0.30651855
0.35339355
0.05618286
-0.36514282
-0.51426697
-0.3986969
-0.16912842
0.04286194
0.1179657
0.10145569
0.101989746
0.21543884
0.39227295
0.32730103
-0.024780273
-0.38111877
-0.4610138
-0.29908752
-0.16645813
-0.2383728
-0.3214569
-0.44343567
-0.72732544
-0.6671295
-0.08230591
0.7331543
1.2418213
0.96165466
0.38269043
0.05671692
0.15525818
0.54460144
0.79067993
0.695343
0.4306183
0.23887634
0.16590881
0.17602539
0.1493988
0.031143188
-0.14675903
-0.25222778
-0.22930908
-0.18882751
-0.23623657
-0.3203888
-0.32466125
-0.17817688
0.0748291
0.23408508
0.08760071
-0.16487122
-0.25914
-0.0700531
0.21704102
0.2617798
0.10305786
-0.046081543
-0.009338379
0.19360352
0.38482666
0.41038513
0.25912476
0.017837524
-0.20161438
-0.32572937
-0.31826782
-0.20214844
-0.10307312
-0.18510437
-0.3257141
-0.25753784
-0.066329956
-0.013061523
-0.16273499
-0.38591003
-0.4029541
-0.24263
-0.10095215
-0.06365967
-0.14675903
-0.29962158
-0.37046814
-0.24209595
0.062576294
0.33422852
0.359787
0.14300537
-0.1483612
-0.31773376
-0.26286316
-0.071121216
0.07215881
0.07003784
-0.010406494
-0.05833435
0.059387207
0.25112915
0.3874817
0.41357422
0.3347473
0.2601776
0.27722168
0.35871887
0.35179138
0.20159912
0.0045166016
-0.09136963
-0.0849762
-0.041290283
-0.03916931
-0.11213684
-0.25967407
-0.4429016
-0.5062866
-0.38430786
-0.30441284
-0.3837738
-0.38909912
-0.2111969
0.024230957
0.18881226
0.19839478
0.04499817
-0.17817688
-0.35235596
-0.44981384
-0.46366882
-0.29322815
0.043930054
0.29959106
0.37043762
0.3571167
0.2979889
0.18348694
0.045532227
-0.0700531
-0.11746216
-0.12332153
-0.10734558
-0.04928589
0.038604736
0.16165161
0.2601776
0.21276855
0.047668457
-0.03277588
0.007171631
0.08068848
0.13449097
0.088150024
-0.062072754
-0.19735718
-0.24423218
-0.1749878
-0.020523071
0.08015442
0.07696533
0.060440063
0.07801819
0.071624756
-0.0055999756
-0.1515503
-0.3203888
-0.43171692
-0.42425537
-0.26553345
-0.08709717
-0.07644653
-0.12332153
-0.120651245
-0.14302063
-0.2346344
-0.33103943
-0.40242004
-0.39868164
-0.25595093
-0.0040130615
0.21278381
0.22769165
0.11050415
0.03807068
0.05671692
0.118499756
0.18295288
0.21916199
0.24420166
0.2932129
0.329422
0.3331604
0.33369446
0.34274292
0.3139801
0.24633789
0.19732666
0.20425415
0.22982788
0.13235474
-0.08177185
-0.21653748
-0.22451782
-0.07165527
0.07322693
0.034347534
-0.06312561
-0.05621338
0.07322693
0.2628479
0.38108826
0.32569885
0.11691284
-0.14942932
-0.37419128
-0.4940338
-0.47431946
-0.38963318
-0.30122375
-0.25434875
-0.23197937
-0.12757874
0.024765015
0.13981628
0.1770935
0.07003784
-0.17710876
-0.34275818
-0.2926941
-0.029571533
0.28575134
0.41677856
0.37043762
0.2836151
0.26391602
0.3406067
0.4039917
0.36990356
0.27882385
0.19467163
0.1605835
0.16430664
0.21437073
0.2905426
0.35551453
0.4205017
0.40771484
0.25112915
0.086013794
0.008239746
-0.022125244
-0.0700531
-0.24102783
-0.46580505
-0.5861664
-0.48817444
-0.21972656
-0.006668091
0.039138794
-0.004547119
-0.06526184
-0.07644653
-0.087631226
-0.21066284
-0.4002838
-0.5329132
-0.5925751
-0.5851135
-0.4610138
-0.2548828
-0.12704468
-0.08018494
0.08387756
0.40985107
0.37683105
-0.33477783
-0.9020233
-0.9142761
-0.575531
0.083343506
0.6607208
0.8327637
0.7368927
0.5158386
0.22290039
-0.020523071
-0.1366272
-0.1281128
-0.035964966
0.062576294
0.11424255
0.1493988
0.20690918
0.25752258
0.24047852
0.19093323
0.18934631
0.24259949
0.27243042
0.3017273
0.26124573
-0.10360718
-0.53131104
-0.6532898
-0.38111877
-0.015197754
0.11956787
0.08015442
0.05885315
0.16590881
0.30119324
0.32888794
0.21490479
-0.025848389
-0.26872253
-0.41893005
-0.4498291
-0.34223938
-0.3017578
-0.3795166
-0.5174713
-0.753952
-0.6676636
0.07749939
0.9376831
1.5315704
1.541687
0.80506897
-0.15101624
-0.6751251
-0.7033539
-0.43704224
-0.23091125
-0.12971497
0.046066284
0.33953857
0.6031952
0.5296936
0.1770935
-0.22291565
-0.43385315
-0.37205505
-0.2383728
-0.13183594
0.024230957
0.28094482
0.549942
0.6926727
0.6607208
0.43595886
0.14779663
-0.015197754
-0.012008667
0.13075256
0.30012512
0.38375854
0.3608551
0.27722168
0.15312195
0.0050354004
-0.12757874
-0.15208435
-0.108932495
-0.17605591
-0.28204346
-0.33850098
-0.4152069
-0.44395447
-0.33103943
-0.18830872
-0.15901184
-0.23464966
-0.33796692
-0.37153625
-0.28204346
-0.1600647
-0.12225342
-0.18138123
-0.26766968
-0.33477783
-0.35021973
-0.32092285
-0.28736877
-0.2618103
-0.2799225
-0.3560791
-0.4104004
-0.3986969
-0.3640747
-0.31985474
-0.272995
-0.21972656
-0.08230591
0.14407349
0.34646606
0.42210388
0.38215637
0.33421326
0.35072327
0.4471283
0.5440674
0.57922363
0.52915955
0.42796326
0.35127258
0.30651855
0.30812073
0.3651123
0.42103577
0.41410828
0.3262329
0.17869568
0.018371582
-0.117996216
-0.2069397
-0.21546936
-0.15740967
-0.11906433
-0.17552185
-0.2964325
-0.39656067
-0.40029907
-0.32624817
-0.30015564
-0.36087036
-0.4253235
-0.39762878
-0.23944092
-0.028518677
0.03807068
-0.04182434
-0.13609314
-0.21174622
-0.22612
-0.1638031
-0.021591187
0.13821411
0.20904541
0.14619446
-0.010406494
-0.120651245
-0.14408875
-0.122787476
-0.0849762
-0.0029449463
0.10305786
0.1568451
0.12756348
0.06790161
0.035949707
0.03327942
0.0705719
0.18774414
0.31770325
0.38269043
0.37097168
0.28735352
0.19786072
0.1493988
0.14353943
0.19786072
0.30651855
0.37416077
0.36831665
0.30812073
0.184021
0.0476532
-0.036499023
-0.089767456
-0.14888
-0.16859436
-0.17764282
-0.22770691
-0.2740631
-0.25541687
-0.22877502
-0.2607422
-0.29216003
-0.24902344
-0.12864685
-0.0040130615
0.037002563
-0.120666504
-0.40881348
-0.5840454
-0.561676
-0.34542847
-0.019454956
0.27349854
0.43382263
0.41731262
0.266037
0.016235352
-0.23890686
-0.3752594
-0.3368988
-0.18617249
-0.043426514
0.048202515
0.106781006
0.092941284
0.023162842
-0.06526184
-0.15208435
-0.12651062
0.06311035
0.26763916
0.36831665
0.4151764
0.46098328
0.4705658
0.4316864
0.40133667
0.41677856
0.4354248
0.37522888
0.2271576
0.0940094
0.053527832
0.06843567
0.07748413
0.008239746
-0.1254425
-0.23570251
-0.28204346
-0.31773376
-0.39389038
-0.4807129
-0.49189758
-0.45088196
-0.39762878
-0.31826782
-0.2218628
-0.16752625
-0.14515686
-0.19468689
-0.37365723
-0.59150696
-0.70495605
-0.62771606
-0.34703064
-0.0466156
0.0748291
0.030090332
-0.09188843
-0.21440125
-0.25595093
-0.20535278
-0.12545776
-0.043426514
0.046066284
0.14086914
0.23408508
0.3017273
0.31237793
0.23143005
0.08015442
-0.03703308
0.015701294
0.25645447
0.54141235
0.73475647
0.77256775
0.66978455
0.52223206
0.4151764
0.33528137
0.24473572
0.15046692
0.047668457
-0.033843994
-0.06686401
-0.06739807
-0.05886841
-0.06845093
-0.120651245
-0.19309998
-0.22079468
-0.20747375
-0.22772217
-0.32731628
-0.4072113
-0.35128784
-0.29696655
-0.37898254
-0.5217285
-0.5398407
-0.4114685
-0.25221252
-0.17018127
-0.2111969
-0.2841797
-0.25009155
-0.16699219
-0.06526184
0.08760071
0.19892883
0.17337036
0.032226562
-0.115859985
-0.18031311
-0.16326904
-0.10467529
-0.009338379
0.12542725
0.25912476
0.35606384
0.40026855
0.3539276
0.2271576
0.08761597
0.0013122559
0.014633179
0.041275024
0.19573975
0.34487915
0.3539276
0.23674011
0.099868774
