-13.684082
-13.433838
-13.48877
-14.268494
-14.268494
-14.268494
-11.831665
-12.521362
-13.064575
-12.973022
-11.805725
-12.228394
-12.4053955
-11.6622925
-10.908508
-11.671448
-12.310791
-11.3220215
-10.397339
-11.495972
-11.759949
-11.955261
-10.063171
-11.598206
-12.32605
-11.105347
-10.574341
-11.540222
-11.178589
-11.174011
-9.97467
-9.916687
-10.287476
-12.611389
-11.166382
-9.022522
-10.153198
-9.571838
-10.073853
-9.744263
-8.49762
-8.590698
-9.909058
-8.68988
-10.482788
-9.611511
-8.586121
-9.422302
-8.662415
-8.914185
-11.457825
-10.559082
-9.243774
-8.781433
-8.453369
-8.743286
-9.577942
-8.51593
-7.5912476
-9.790039
-8.984375
-9.790039
-9.254456
-8.842468
-8.16803
-8.692932
-8.152771
-9.283447
-7.7423096
-6.916809
-8.813477
-7.5942993
-8.026123
-8.874512
-9.332275
-9.660339
-9.625244
-9.625244
-8.61969
-9.405518
-7.0907593
-9.8098755
-8.607483
-8.383179
-8.753967
-9.480286
-8.642578
-8.779907
-8.909607
-8.38623
-7.722473
-8.052063
-9.588623
-8.677673
-9.135437
-9.329224
-8.999634
-7.688904
-8.175659
-8.636475
-8.557129
-7.8842163
-9.692383
-8.847046
-8.41217
-8.901978
-8.755493
-8.572388
-9.291077
-10.420227
-9.216309
-7.9193115
-8.995056
-7.572937
-6.954956
-9.062195
-9.698486
-8.880615
-9.092712
-8.483887
-9.181213
-9.643555
-8.345032
-10.65979
-8.6380005
-8.69751
-9.906006
-10.021973
-8.43811
-9.013367
-8.256531
-10.031128
-8.303833
-9.046936
-8.987427
-8.334351
-8.27179
-7.73468
-8.102417
-9.336853
-9.172058
-8.64563
-8.644104
-7.3028564
-6.5597534
-7.8704834
-8.180237
-8.711243
-8.636475
-8.966064
-7.748413
-7.748413
-7.748413
-8.470154
-9.640503
-9.472656
-9.29718
-7.6690674
-7.8720093
-6.138611
-7.444763
-7.055664
-7.0602417
-8.395386
-8.866882
-9.004211
-7.4264526
-7.2662354
-6.439209
-8.154297
-7.498169
-9.857178
-8.242798
-7.1273804
-7.727051
-7.6934814
-8.38623
-7.940674
-8.03833
-6.5216064
-9.150696
-7.104492
-6.9595337
-6.6329956
-7.6919556
-6.7352295
-7.044983
-7.633972
-5.531311
-9.603882
-8.125305
-7.852173
-7.8079224
-8.285522
-7.7667236
-7.142639
-7.2738647
-5.683899
-6.9473267
-7.2784424
-6.958008
-6.907654
-6.9732666
-7.7041626
-6.97937
-8.137512
-8.34198
-9.494019
-8.050537
-7.487488
-9.585571
-9.140015
-11.860657
-11.1831665
-10.760498
-10.890198
-11.042786
-10.083008
-11.010742
-11.753845
-10.975647
-10.313416
-9.967041
-10.639954
-11.050415
-11.050415
-11.050415
-12.016296
-11.958313
-12.013245
-11.013794
-11.828613
-13.934326
-14.8880005
-13.15155
-13.6657715
-14.578247
-14.381409
-15.107727
-14.894104
-13.768005
-14.797974
-14.382935
-13.467407
-12.527466
-12.541199
-13.961792
-14.506531
-12.924194
-13.529968
-13.786316
-15.673828
-14.529419
-15.235901
-16.021729
-14.730835
-14.303589
-17.858887
-17.552185
-16.76941
-17.69867
-19.903564
-18.203735
-18.737793
-18.496704
-19.75708
-19.090271
-18.699646
-18.10913
-18.777466
-17.4057
-18.005371
-18.112183
-19.80896
-19.746399
-20.50476
-21.136475
-20.837402
-20.230103
-20.526123
-22.12677
-22.729492
-22.753906
-22.644043
-22.610474
-23.339844
-23.979187
-24.89624
-25.932312
-26.016235
-25.665283
-25.624084
-24.188232
-23.287964
-24.409485
-23.28949
-23.091125
-23.953247
-24.86267
-25.120544
-25.120544
-25.541687
-25.341797
-24.751282
-25.219727
-26.667786
-25.848389
-24.911499
-28.26233
-28.460693
-27.449036
-26.924133
-27.975464
-28.710938
-28.970337
-29.212952
-29.570007
-26.99585
-27.584839
-26.849365
-28.49884
-26.603699
-30.236816
-29.240417
-28.80249
-29.977417
-29.629517
-29.356384
-30.667114
-30.903625
-31.304932
-30.218506
-30.218506
-31.259155
-31.436157
-30.36499
-31.407166
-31.312561
-32.518005
-32.087708
-31.706238
-31.750488
-31.645203
-29.064941
-30.052185
-30.871582
-29.57611
-28.512573
-29.53949
-29.919434
-29.489136
-31.304932
-31.687927
-31.394958
-31.64215
-31.77185
-31.956482
-30.810547
-31.9458
-30.300903
-31.323242
-30.371094
-31.648254
-29.17633
-29.850769
-30.714417
-30.923462
-30.343628
-31.65741
-30.148315
-28.67279
-28.22876
-28.92456
-28.062439
-28.062439
-28.062439
-27.961731
-29.177856
-30.33142
-29.559326
-28.721619
-29.310608
-29.293823
-28.607178
-28.227234
-30.570984
-29.884338
-29.949951
-29.55017
-30.332947
-30.674744
-29.73175
-29.29535
-29.377747
-28.170776
-28.408813
-29.325867
-29.325867
-29.107666
-29.542542
-27.738953
-28.76587
-28.79486
-28.997803
-29.951477
-28.437805
-28.012085
-27.513123
-27.609253
-27.142334
-29.13208
-27.497864
-26.850891
-26.269531
-26.330566
-25.932312
-28.544617
-26.138306
-27.963257
-27.067566
-26.945496
-26.416016
-24.864197
-24.519348
-26.817322
-25.543213
-24.832153
-25.357056
-24.485779
-25.117493
-23.678589
-22.972107
-23.400879
-23.899841
-23.904419
-24.937439
-25.079346
-25.436401
-25.828552
-26.623535
-24.656677
-25.302124
-25.022888
-26.571655
-27.82898
-25.761414
-24.7818
-26.895142
-26.895142
-26.895142
-26.577759
-27.482605
-27.062988
-27.153015
-28.813171
-27.51007
-25.946045
-26.805115
-25.141907
-26.365662
-26.800537
-25.273132
-25.854492
-24.487305
-24.758911
-25.765991
-24.684143
-24.91455
-24.417114
-25.894165
-23.884583
-25.692749
-24.765015
-25.115967
-25.134277
-22.485352
-24.093628
-22.439575
-24.769592
-25.628662
-25.411987
-25.64392
-27.102661
-23.458862
-24.59259
-26.048279
-25.556946
-25.489807
-25.752258
-26.257324
-26.223755
-26.065063
-26.390076
-26.7807
-26.835632
-28.173828
-28.553772
-28.837585
-29.15039
-28.222656
-29.646301
-29.168701
-27.745056
-29.80194
-28.466797
-29.672241
-29.730225
-30.297852
-28.929138
-28.416443
-28.465271
-28.196716
-27.690125
-28.205872
-28.108215
-28.439331
-28.120422
-26.898193
-29.208374
-28.392029
-28.970337
-29.450989
-30.166626
-28.598022
-28.598022
-28.598022
-25.982666
-27.105713
-27.467346
-28.115845
-26.747131
-25.854492
-28.222656
-27.868652
-27.993774
-28.785706
-28.288269
-28.588867
-27.822876
-28.460693
-29.231262
-27.75116
-29.034424
-27.679443
-29.293823
-27.989197
-27.748108
-29.672241
-28.337097
-28.93982
-29.885864
-30.516052
-29.82483
-30.845642
-31.208801
-30.645752
-31.34613
-32.878113
-31.477356
-31.407166
-30.439758
-31.439209
-31.565857
-32.14569
-31.130981
-32.16858
-31.13556
-30.671692
-30.038452
-30.770874
-28.723145
-29.386902
-28.364563
-29.100037
-28.234863
-28.30658
-28.4729
-27.915955
-26.893616
-27.740479
-25.424194
-25.585938
-26.211548
-27.233887
-27.049255
-27.961731
-27.308655
-26.593018
-26.731873
-27.346802
-26.141357
-28.489685
-27.914429
-27.558899
-27.5177
-27.784729
-27.784729
-27.784729
-28.068542
-28.65448
-28.427124
-28.741455
-30.187988
-30.500793
-29.522705
-28.335571
-29.80194
-30.186462
-29.530334
-31.266785
-31.134033
-30.696106
-31.256104
-30.622864
-30.393982
-30.604553
-28.640747
-31.156921
-31.347656
-30.854797
-30.818176
-30.596924
-27.830505
-30.387878
-29.15802
-28.997803
-28.230286
-27.122498
-27.003479
-26.86615
-27.122498
-27.043152
-26.829529
-26.753235
-26.779175
-26.06659
-27.062988
-27.027893
-25.764465
-28.100586
-26.829529
-27.301025
-26.171875
-26.898193
-25.567627
-26.260376
-25.888062
-26.83258
-26.289368
-28.919983
-28.904724
-28.009033
-29.434204
-27.494812
-29.464722
-28.216553
-28.955078
-26.968384
-28.955078
