1.9378662
3.1417847
3.1234741
1.6967773
1.6967773
1.6967773
3.414917
2.6779175
1.7868042
2.4765015
2.4536133
-0.59051514
1.8478394
2.5024414
0.86517334
0.41046143
1.1154175
0.72631836
0.982666
1.8936157
0.73394775
-0.45013428
0.021362305
1.1947632
0.9048462
0.90026855
0.4638672
0.45013428
0.7736206
0.010681152
0.35705566
0.67749023
1.2207031
-0.30975342
-0.85601807
-0.29907227
-0.009155273
0.68969727
-0.69885254
-1.1505127
-2.7770996
-1.3839722
-0.8483887
-0.5477905
-2.4154663
-2.0751953
-3.112793
-3.0334473
-1.9683838
-2.4597168
-0.84991455
-1.9302368
-2.0080566
-0.12054443
-0.11444092
-0.5661011
-0.79345703
-1.5640259
-1.2069702
0.82092285
0.8804321
-2.1362305
-0.022888184
-2.029419
-1.6036987
0.21514893
-1.6983032
-1.2573242
0.27008057
-0.5279541
-0.48980713
-3.300476
-1.2496948
-3.2104492
-2.34375
-2.3498535
-2.0324707
-2.0324707
-2.923584
-2.468872
-1.6571045
-1.3305664
-1.2893677
-2.2354126
-0.8804321
-1.6296387
-1.6067505
-2.8762817
-2.5619507
-1.7776489
-2.4795532
-2.4337769
-1.7669678
-2.178955
-0.9048462
-2.8015137
-2.5924683
-2.5680542
-3.340149
-2.8289795
-3.364563
-3.0929565
-2.5665283
-4.071045
-3.7750244
-4.0893555
-3.4317017
-3.7277222
-2.5878906
-3.0090332
-2.9205322
-3.1051636
-3.3569336
-3.6514282
-2.6855469
-4.043579
-4.760742
-4.4403076
-1.8600464
-3.239441
-5.7128906
-4.7424316
-2.4276733
-5.9432983
-5.380249
-4.1763306
-3.6560059
-5.529785
-5.2124023
-2.9556274
-5.355835
-3.6987305
-6.4422607
-3.8330078
-4.8828125
-4.412842
-5.2612305
-3.453064
-3.2150269
-4.13208
-4.434204
-3.8528442
-4.159546
-6.010437
-5.003357
-5.6884766
-5.5358887
-4.5394897
-5.685425
-5.2337646
-4.475403
-4.475403
-4.475403
-5.987549
-5.505371
-5.706787
-4.4769287
-5.723572
-5.381775
-5.982971
-6.364441
-4.9087524
-7.1029663
-6.826782
-7.0343018
-4.788208
-7.171631
-6.303406
-7.255554
-7.6141357
-7.7545166
-5.6793213
-7.949829
-8.450317
-8.596802
-8.279419
-7.998657
-9.533691
-8.03833
-9.066772
-8.555603
-9.765625
-9.057617
-9.152222
-8.584595
-10.256958
-10.15625
-9.329224
-10.166931
-9.417725
-9.339905
-9.197998
-10.612488
-10.258484
-11.668396
-12.278748
-11.659241
-12.307739
-11.653137
-10.896301
-13.285828
-11.845398
-10.232544
-13.175964
-12.428284
-13.931274
-13.589478
-13.20343
-13.595581
-13.002014
-12.927246
-14.463806
-13.6779785
-14.015198
-15.301514
-15.1397705
-16.619873
-15.791321
-15.844727
-17.00592
-15.933228
-17.294312
-17.687988
-17.453003
-15.753174
-15.753174
-15.753174
-16.17279
-16.91742
-16.630554
-15.740967
-17.23175
-18.893433
-17.526245
-18.484497
-17.990112
-18.086243
-16.647339
-17.39502
-17.118835
-19.094849
-20.759583
-20.265198
-20.626831
-19.906616
-20.574951
-20.991516
-21.424866
-20.29419
-19.778442
-19.60907
-20.742798
-19.856262
-21.157837
-20.703125
-20.225525
-21.20819
-21.86737
-21.257019
-20.947266
-21.607971
-21.774292
-21.879578
-21.340942
-22.128296
-22.03064
-20.53833
-21.786499
-22.918701
-24.105835
-21.665955
-22.117615
-23.220825
-22.506714
-20.39795
-25.437927
-23.402405
-21.672058
-22.593689
-21.824646
-22.302246
-21.990967
-20.368958
-21.19751
-20.32013
-20.306396
-20.26062
-22.297668
-19.935608
-21.03424
-21.836853
-22.587585
-21.961975
-23.347473
-21.77887
-23.040771
-23.280334
-22.340393
-22.894287
-22.315979
-22.315979
-22.402954
-21.72699
-22.554016
-20.362854
-22.62268
-22.607422
-20.61615
-21.31195
-22.038269
-20.074463
-19.747925
-20.147705
-19.978333
-18.537903
-17.75055
-19.802856
-20.178223
-19.351196
-20.587158
-22.406006
-22.138977
-20.635986
-20.100403
-20.109558
-18.559265
-18.598938
-18.86444
-18.89038
-19.171143
-19.14978
-17.771912
-17.771912
-17.60559
-18.530273
-17.515564
-16.89148
-17.623901
-16.900635
-15.789795
-15.357971
-17.36145
-16.867065
-18.46466
-18.380737
-18.395996
-18.580627
-19.810486
-18.56842
-19.30542
-17.78717
-19.14978
-18.869019
-19.180298
-17.32483
-17.010498
-16.815186
-16.641235
-15.841675
-16.471863
-16.452026
-17.36145
-17.5766
-19.464111
-19.076538
-17.678833
-16.827393
-18.780518
-19.007874
-18.255615
-21.084595
-19.60907
-19.125366
-20.217896
-20.217896
-20.217896
-19.06128
-16.453552
-18.771362
-16.479492
-17.016602
-15.52887
-15.625
-14.430237
-16.651917
-15.737915
-14.797974
-15.484619
-15.454102
-15.762329
-16.537476
-15.615845
-18.582153
-16.723633
-17.904663
-17.219543
-16.400146
-16.400146
-16.531372
-16.97998
-16.69159
-18.865967
-17.39502
-16.394043
-16.397095
-16.156006
-17.645264
-18.502808
-17.971802
-16.847229
-16.381836
-18.139648
-16.447449
-16.81366
-15.306091
-17.826843
-17.562866
-17.027283
-17.523193
-17.027283
-16.78009
-17.063904
-17.521667
-17.50946
-17.044067
-17.030334
-16.4917
-17.530823
-17.03949
-17.707825
-18.351746
-17.70935
-19.27948
-17.762756
-16.998291
-17.64679
-15.449524
-17.094421
-18.499756
-16.21399
-15.667725
-14.553833
-15.888977
-15.888977
-16.30249
-16.899109
-16.270447
-16.40625
-16.40625
-16.40625
-14.668274
-16.036987
-15.492249
-15.522766
-16.169739
-17.575073
-16.703796
-17.440796
-17.558289
-17.095947
-18.510437
-16.938782
-17.63916
-17.393494
-17.585754
-17.303467
-18.832397
-16.25824
-17.469788
-16.888428
-17.552185
-20.440674
-20.388794
-19.638062
-19.744873
-20.454407
-19.657898
-18.908691
-19.625854
-19.296265
-19.122314
-20.32013
-20.289612
-19.599915
-19.107056
-19.535828
-18.865967
-18.179321
-17.346191
-18.278503
-17.401123
-16.482544
-16.793823
-15.79895
-15.258789
-14.424133
-15.159607
-16.020203
-15.815735
-15.104675
-18.02063
-15.263367
-15.864563
-15.779114
-17.375183
-16.906738
-16.16211
-15.686035
-16.404724
-16.593933
-17.680359
-16.065979
-15.846252
-15.19928
-16.035461
-15.2786255
-17.362976
-17.674255
-18.029785
-17.555237
-18.713379
-17.495728
-16.152954
-16.197205
-16.197205
-16.197205
-18.188477
-19.526672
-20.002747
-18.431091
-18.18695
-17.63916
-18.061829
-16.212463
-17.219543
-18.247986
-19.714355
-18.180847
-18.183899
-18.444824
-17.373657
-17.601013
-16.645813
-18.13507
-15.864563
-17.982483
-15.100098
-16.906738
-14.579773
-17.37976
-16.877747
-18.817139
-18.38684
-18.365479
-18.537903
-18.096924
-17.50946
-16.944885
-15.924072
-16.000366
-19.302368
-16.116333
-16.259766
-16.757202
-16.217041
-16.101074
-15.148926
-17.236328
-16.059875
-15.283203
-17.204285
-15.132141
-15.458679
-14.375305
-15.77301
-16.203308
-16.15448
-14.9002075
-18.437195
-16.627502
-16.52832
-16.989136
-16.732788
-15.74707
-16.195679
-16.444397
-15.8203125
-17.164612
-17.97638
-15.374756
-15.844727
-17.126465
-15.205383
-16.46576
-14.562988
-15.112305
-15.112305
-15.112305
-16.886902
-15.910339
-14.610291
-13.694763
-15.95459
-15.090942
-16.706848
-17.33551
-15.779114
-15.345764
-15.180969
-14.529419
-15.454102
-15.463257
-16.818237
-15.336609
-14.494324
-15.890503
-14.581299
-14.950562
-17.204285
-16.534424
-16.827393
-17.416382
-16.65802
-15.716553
-17.248535
-16.633606
-16.53595
-16.473389
-18.16864
-16.899109
-16.473389
-17.417908
-16.479492
-16.964722
-19.520569
-16.02478
-16.558838
-16.54663
-17.608643
-17.256165
-16.479492
-17.347717
-16.925049
-17.674255
-17.541504
-17.514038
-15.405273
-16.021729
-15.130615
-14.31427
-14.103699
-14.16626
-13.667297
-14.660645
-14.9002075
-12.908936
-14.326477
-14.334106
-14.326477
