1624763536874
1624763536877
1624763536913
1624763536923
1624763536936
1624763536955
1624763536976
1624763536996
1624763537016
1624763537038
1624763537058
1624763537076
1624763537096
1624763537116
1624763537136
1624763537156
1624763537176
1624763537196
1624763537216
1624763537237
1624763537257
1624763537277
1624763537297
1624763537318
1624763537337
1624763537358
1624763537378
1624763537398
1624763537418
1624763537436
1624763537458
1624763537476
1624763537496
1624763537516
1624763537536
1624763537556
1624763537576
1624763537597
1624763537617
1624763537635
1624763537657
1624763537677
1624763537697
1624763537717
1624763537737
1624763537757
1624763537776
1624763537797
1624763537817
1624763537837
1624763537856
1624763537875
1624763537896
1624763537917
1624763537937
1624763537957
1624763537977
1624763537996
1624763538016
1624763538037
1624763538056
1624763538077
1624763538096
1624763538118
1624763538135
1624763538157
1624763538177
1624763538197
1624763538216
1624763538237
1624763538257
1624763538277
1624763538296
1624763538316
1624763538336
1624763538356
1624763538377
1624763538396
1624763538417
1624763538437
1624763538456
1624763538477
1624763538497
1624763538517
1624763538537
1624763538555
1624763538575
1624763538596
1624763538617
1624763538637
1624763538657
1624763538676
1624763538696
1624763538716
1624763538736
1624763538755
1624763538776
1624763538796
1624763538816
1624763538836
1624763538855
1624763538883
1624763538895
1624763538917
1624763538936
1624763538956
1624763538977
1624763538997
1624763539016
1624763539036
1624763539056
1624763539076
1624763539098
1624763539117
1624763539137
1624763539157
1624763539177
1624763539198
1624763539218
1624763539236
1624763539257
1624763539277
1624763539297
1624763539317
1624763539337
1624763539357
1624763539377
1624763539397
1624763539417
1624763539438
1624763539457
1624763539476
1624763539499
1624763539517
1624763539537
1624763539557
1624763539578
1624763539598
1624763539617
1624763539637
1624763539657
1624763539677
1624763539697
1624763539717
1624763539737
1624763539757
1624763539778
1624763539797
1624763539817
1624763539837
1624763539857
1624763539876
1624763539897
1624763539917
1624763539937
1624763539958
1624763539978
1624763539998
1624763540017
1624763540037
1624763540058
1624763540077
1624763540097
1624763540117
1624763540139
1624763540157
1624763540177
1624763540198
1624763540219
1624763540238
1624763540259
1624763540277
1624763540297
1624763540317
1624763540337
1624763540358
1624763540377
1624763540397
1624763540417
1624763540437
1624763540457
1624763540478
1624763540496
1624763540517
1624763540537
1624763540557
1624763540577
1624763540597
1624763540618
1624763540638
1624763540658
1624763540678
1624763540698
1624763540718
1624763540738
1624763540758
1624763540778
1624763540797
1624763540818
1624763540839
1624763540858
1624763540877
1624763540897
1624763540917
1624763540938
1624763540959
1624763540977
1624763540998
1624763541018
1624763541038
1624763541059
1624763541079
1624763541099
1624763541117
1624763541137
1624763541159
1624763541179
1624763541198
1624763541218
1624763541238
1624763541257
1624763541278
1624763541298
1624763541318
1624763541338
1624763541358
1624763541378
1624763541398
1624763541418
1624763541438
1624763541459
1624763541477
1624763541497
1624763541518
1624763541538
1624763541559
1624763541579
1624763541598
1624763541618
1624763541638
1624763541659
1624763541679
1624763541699
1624763541717
1624763541738
1624763541758
1624763541779
1624763541799
1624763541818
1624763541838
1624763541858
1624763541878
1624763541901
1624763541919
1624763541938
1624763541959
1624763541979
1624763541998
1624763542018
1624763542039
1624763542058
1624763542079
1624763542099
1624763542118
1624763542138
1624763542158
1624763542178
1624763542199
1624763542218
1624763542238
1624763542258
1624763542279
1624763542299
1624763542318
1624763542338
1624763542358
1624763542378
1624763542401
1624763542418
1624763542437
1624763542458
1624763542478
1624763542498
1624763542519
1624763542538
1624763542558
1624763542578
1624763542599
1624763542619
1624763542638
1624763542659
1624763542679
1624763542699
1624763542719
1624763542738
1624763542759
1624763542778
1624763542800
1624763542820
1624763542838
1624763542860
1624763542878
1624763542900
1624763542920
1624763542939
1624763542959
1624763542979
1624763542999
1624763543019
1624763543037
1624763543059
1624763543079
1624763543099
1624763543119
1624763543139
1624763543159
1624763543179
1624763543199
1624763543218
1624763543238
1624763543258
1624763543278
1624763543299
1624763543320
1624763543338
1624763543359
1624763543379
1624763543399
1624763543420
1624763543439
1624763543459
1624763543479
1624763543499
1624763543522
1624763543539
1624763543559
1624763543579
1624763543598
1624763543618
1624763543639
1624763543659
1624763543679
1624763543700
1624763543719
1624763543739
1624763543758
1624763543779
1624763543799
1624763543819
1624763543839
1624763543859
1624763543881
1624763543899
1624763543919
1624763543939
1624763543959
1624763543979
1624763543999
1624763544019
1624763544039
1624763544059
1624763544079
1624763544099
1624763544119
1624763544140
1624763544159
1624763544180
1624763544200
1624763544219
1624763544239
1624763544259
1624763544280
1624763544300
1624763544319
1624763544339
1624763544365
1624763544379
1624763544399
1624763544420
1624763544447
1624763544461
1624763544479
1624763544498
1624763544519
1624763544539
1624763544559
1624763544580
1624763544598
1624763544619
1624763544639
1624763544658
1624763544680
1624763544699
1624763544718
1624763544740
1624763544759
1624763544780
1624763544799
1624763544819
1624763544841
1624763544860
1624763544882
1624763544900
1624763544918
1624763544940
1624763544959
1624763544980
1624763545000
1624763545020
1624763545040
1624763545060
1624763545080
1624763545100
1624763545120
1624763545139
1624763545160
1624763545179
1624763545199
1624763545220
1624763545240
1624763545260
1624763545280
1624763545299
1624763545320
1624763545340
1624763545360
1624763545380
1624763545399
1624763545420
1624763545441
1624763545460
1624763545479
1624763545500
1624763545520
1624763545540
1624763545560
1624763545580
1624763545600
1624763545620
1624763545641
1624763545660
1624763545680
1624763545700
1624763545721
1624763545740
1624763545761
1624763545780
1624763545800
1624763545820
1624763545841
1624763545861
1624763545880
1624763545900
1624763545919
1624763545940
1624763545959
1624763545980
1624763546000
1624763546021
1624763546040
1624763546060
1624763546081
1624763546100
1624763546120
1624763546140
1624763546160
1624763546181
1624763546201
1624763546220
1624763546240
1624763546260
1624763546279
1624763546300
1624763546320
1624763546341
1624763546361
1624763546381
1624763546402
1624763546419
1624763546441
1624763546460
1624763546480
1624763546500
1624763546523
1624763546542
1624763546559
1624763546580
1624763546601
1624763546619
1624763546640
1624763546661
1624763546681
1624763546701
1624763546720
1624763546741
1624763546760
1624763546780
1624763546801
1624763546820
1624763546840
1624763546861
1624763546881
1624763546900
1624763546919
1624763546940
1624763546960
1624763546980
1624763547001
1624763547028
1624763547042
1624763547059
1624763547079
1624763547099
1624763547120
1624763547140
1624763547161
1624763547181
1624763547201
1624763547221
1624763547239
1624763547262
1624763547281
1624763547301
1624763547320
1624763547341
1624763547361
1624763547380
1624763547400
1624763547420
1624763547441
1624763547460
1624763547481
1624763547502
1624763547522
1624763547540
1624763547561
1624763547582
1624763547601
1624763547622
1624763547640
1624763547662
1624763547682
1624763547702
1624763547721
1624763547741
1624763547762
1624763547781
1624763547801
1624763547822
1624763547841
1624763547862
1624763547881
1624763547902
1624763547921
1624763547941
1624763547961
1624763547980
1624763548001
1624763548020
1624763548040
1624763548061
1624763548080
1624763548101
1624763548121
1624763548141
1624763548162
1624763548181
1624763548202
1624763548222
1624763548241
1624763548262
1624763548281
1624763548301
1624763548322
1624763548342
1624763548361
1624763548380
1624763548401
1624763548421
1624763548442
1624763548461
1624763548482
1624763548502
1624763548521
1624763548542
1624763548563
1624763548582
1624763548602
1624763548622
1624763548642
1624763548661
1624763548682
1624763548701
1624763548722
1624763548741
1624763548761
1624763548781
1624763548801
1624763548822
1624763548842
1624763548862
1624763548881
1624763548901
1624763548921
1624763548941
1624763548961
1624763548981
1624763549001
1624763549021
1624763549042
1624763549062
1624763549082
1624763549102
1624763549122
1624763549142
1624763549162
1624763549182
1624763549202
1624763549222
1624763549242
1624763549262
1624763549282
1624763549302
1624763549322
1624763549342
1624763549361
1624763549380
1624763549402
1624763549421
1624763549442
1624763549461
1624763549482
1624763549502
1624763549522
1624763549542
1624763549562
1624763549583
1624763549601
1624763549621
1624763549641
1624763549662
1624763549682
1624763549701
1624763549722
1624763549741
1624763549761
1624763549781
1624763549802
1624763549821
1624763549842
1624763549861
1624763549881
1624763549902
1624763549920
1624763549940
1624763549961
1624763549982
1624763550001
1624763550021
