-1.7294617
-1.6887512
-1.4684906
-1.2661743
-1.0890045
-1.0267639
-0.8986664
-0.777771
-0.91064453
-1.0423279
-1.0291595
-0.86994934
-0.6149597
-0.32286072
-0.33363342
-0.4677124
-0.40905762
-0.36357117
-0.33125305
-0.1421051
0.047027588
0.12605286
0.15478516
0.11886597
0.1212616
0.035064697
-0.021194458
0.14041138
0.2876587
0.1894989
0.07337952
0.13444519
0.23498535
0.29125977
0.28886414
0.21104431
0.13323975
0.025497437
-0.014007568
-0.043945312
0.03627014
0.11288452
0.07098389
0.059005737
0.06260681
0.017105103
0.03627014
0.053024292
0.018310547
-0.0068359375
-0.028381348
-0.07626343
-0.07507324
-0.033172607
-0.029571533
-0.031967163
-0.035568237
0.011123657
0.11167908
0.14401245
0.11288452
0.09013367
0.116485596
0.15478516
0.12365723
0.047042847
0.051818848
0.054214478
0.036254883
0.07575989
0.13323975
0.13442993
0.12486267
0.12844849
0.14640808
0.16555786
0.15359497
0.11767578
0.12007141
0.12844849
0.15119934
0.1212616
0.08175659
0.10569763
0.12246704
0.098526
0.13563538
0.20506287
0.25653076
0.16795349
0.11886597
0.053024292
-0.051116943
-0.10139465
-0.08824158
-0.049926758
0.06021118
0.18232727
0.21583557
0.24456787
0.3451233
0.34033203
0.21224976
0.18231201
0.20626831
0.23977661
0.20985413
0.13682556
0.09851074
0.045837402
-0.017608643
-0.06428528
-0.021194458
0.007537842
0.11288452
0.31040955
0.42652893
0.37864685
0.28048706
0.2361908
0.16795349
0.030273438
-0.060699463
-0.0044403076
0.15359497
0.2182312
0.15597534
0.20985413
0.38822937
0.34631348
0.1607666
0.1715393
0.26731873
0.3343506
0.35710144
0.32118225
0.34033203
0.35949707
0.33314514
0.27809143
0.20864868
0.14880371
0.11407471
0.14880371
0.18830872
0.19668579
0.19668579
0.21104431
0.21464539
0.17991638
0.14401245
0.17991638
0.25653076
0.25534058
0.23498535
0.32836914
0.34033203
0.25175476
0.16555786
0.11528015
0.17034912
0.14759827
0.11886597
0.13084412
0.15119934
0.11288452
0.13922119
0.16914368
0.16914368
0.18470764
0.2002716
0.23379517
0.19789124
0.16436768
0.17991638
0.17274475
0.13922119
0.19908142
0.2577362
0.26971436
0.34632874
0.30322266
0.19787598
0.2876587
0.2972412
0.2577362
0.2649231
0.30322266
0.355896
0.39779663
0.36906433
0.32237244
0.26252747
0.19548035
0.2182312
0.25294495
0.30082703
0.3271637
0.23498535
0.14401245
0.11288452
0.14880371
0.18232727
0.15478516
0.0925293
-0.020004272
-0.022384644
0.15597534
0.2541504
0.1667633
0.1212616
0.2290039
0.27211
0.16795349
0.111694336
0.20385742
0.2972412
0.21464539
0.09371948
0.03866577
0.08294678
0.17034912
0.13204956
0.08654785
0.15119934
0.25534058
0.23498535
0.23500061
0.27211
0.32237244
0.4169464
0.42773438
0.3056183
0.15119934
0.10331726
0.13323975
0.23139954
0.28286743
0.23858643
0.29603577
0.32357788
0.20385742
0.014709473
0.030273438
0.20147705
0.29244995
0.22781372
0.22660828
0.20387268
0.16436768
0.09492493
0.19189453
0.29603577
0.3092041
0.35112
0.26731873
0.20985413
0.24816895
0.22421265
0.07817078
0.08415222
0.20147705
0.06977844
-0.12414551
-0.14450073
-0.014022827
-0.018798828
-0.11695862
-0.039154053
0.059005737
-0.052322388
-0.1026001
0.030288696
0.11767578
0.03387451
0.06858826
0.25294495
0.2876587
0.019500732
-0.20196533
-0.12774658
0.019500732
0.09732056
0.1667633
0.21583557
0.25534058
0.30203247
0.2828827
0.21702576
0.11767578
-0.027175903
-0.041549683
0.019500732
0.12246704
0.14759827
0.20147705
0.355896
0.49716187
0.53427124
0.49954224
0.31878662
0.22302246
0.24217224
0.26013184
0.29844666
0.311615
0.051834106
-0.30610657
-0.69636536
-0.28814697
0.29963684
0.23139954
-0.08345032
-0.0846405
-0.12055969
-0.12893677
-0.21632385
-0.48088074
-0.92141724
-1.4469452
-1.474472
-0.9776764
-0.7993164
-0.77656555
-0.6700287
-0.38272095
-0.20794678
-0.08943176
0.29005432
0.5019531
0.44807434
0.4169464
0.6336212
1.134018
1.8390961
2.0162811
1.9360657
2.098877
1.9707947
1.8031921
1.8678436
1.8426971
1.7169952
1.3351288
0.8072052
0.4528656
0.46961975
0.7102356
0.85269165
0.9532623
1.0155029
1.0202942
0.8467102
0.5833435
0.5007477
0.37025452
0.03866577
-0.10739136
0.0039367676
0.10092163
-0.23547363
-0.76937866
-0.4497528
0.5390625
1.0226898
0.68270874
0.33314514
0.24098206
0.10571289
-0.2869568
-0.5838318
-0.5838318
-0.4784851
-0.61016846
-0.5934143
-0.24147034
0.053024292
0.18591309
0.20266724
0.27330017
0.26013184
0.18112183
0.18351746
-0.11456299
-0.46292114
-1.2075195
-1.1153564
-0.5287628
0.12965393
0.8275604
0.97120667
1.1328125
1.9037476
2.2161865
2.395752
2.4220886
1.8391113
1.1555634
0.48518372
-0.10139465
-0.10739136
0.12246704
0.24935913
0.2864685
0.395401
0.43370056
0.58813477
0.93170166
0.95684814
0.32836914
-0.36357117
-0.54911804
-0.21751404
0.4815979
1.0430298
0.9544525
-0.06309509
-1.1919556
-1.6013641
-1.5953827
-1.2206879
-0.16723633
0.6551819
0.6491852
0.48638916
0.40856934
0.27330017
0.18112183
0.1559906
0.12844849
0.030273438
0.12844849
0.40737915
0.69348145
1.2058411
1.3937836
0.8826294
0.31280518
0.029083252
0.13442993
0.34991455
0.7030487
1.4177246
1.7852325
1.7433319
1.2034454
0.5127106
0.6886902
1.6822815
2.5358124
2.0641632
1.0502167
0.3223877
0.09492493
-0.15646362
0.012329102
0.6312256
0.5007477
0.11528015
0.3259735
0.41215515
0.5546112
0.7198181
0.9472656
1.1292267
1.3423157
1.2621002
1.2321777
1.3279419
0.61447144
-0.10499573
-0.3599701
-0.6532593
-0.7322693
0.49116516
1.4931488
1.5362396
1.3542786
1.3255463
1.1388092
0.91015625
0.984375
1.0585938
0.90057373
0.5941162
0.46244812
0.5761719
0.8048096
1.1639404
1.2202148
0.7581177
0.4935608
0.8000183
1.6056671
2.2975922
2.2066193
1.904953
1.9767761
2.3610382
2.866211
3.261261
3.1690826
2.514267
1.849884
1.5242615
1.3303375
0.9592438
0.67074585
0.6791229
1.008316
1.4955444
1.8594666
1.7636871
1.6356049
1.7840424
1.6200409
1.410553
1.4967346
1.3925934
1.2644958
1.173523
1.221405
1.0609894
0.23858643
-0.43299866
-0.54312134
0.06738281
1.1483765
1.7876282
1.8283386
1.4955444
1.078949
0.53904724
0.138031
0.19309998
0.52708435
0.59532166
0.38941956
0.23379517
0.30082703
0.6408081
0.93888855
1.1352081
1.1148529
0.8934021
1.0023346
1.6212311
2.4735718
2.9895172
2.5801086
2.0019073
1.968399
2.0797272
2.3347015
2.4424438
2.1204224
1.7948151
1.4177246
1.1124573
0.8730469
0.65397644
0.45645142
0.34991455
0.67433167
0.87783813
0.82037354
0.8874054
0.94247437
0.8251648
0.9041748
1.2190094
1.1459808
1.0059204
0.93888855
0.6372223
0.17274475
-0.11456299
-0.1995697
-0.024780273
0.46484375
1.0131073
1.1352081
1.1256256
1.1172485
0.9855652
0.90057373
0.6264496
0.34632874
0.34272766
0.474411
0.4863739
0.32357788
0.26013184
0.4923706
0.96881104
1.3147736
1.2788696
1.2333679
1.3387146
2.067749
2.9715729
3.4994812
3.2995758
2.8195343
2.5801086
2.4424438
2.2269592
1.889389
1.5505981
1.3375244
1.1639404
0.8754425
0.62405396
0.72340393
1.1447906
1.4344788
1.4165344
1.557785
1.6667175
1.6547546
1.5278625
1.221405
1.1232452
1.4907532
1.8833923
2.1970367
2.234146
1.6774902
0.8981781
0.24456787
0.19189453
0.3056183
0.5977173
1.0897217
1.1998596
0.9520569
0.7820587
0.73657227
0.75213623
0.7677002
0.7880554
0.8586731
0.78685
0.76171875
0.7677002
0.4815979
0.29244995
0.19429016
0.513916
0.8790283
0.7748871
0.5222931
0.85987854
1.3518829
1.5075073
1.470398
1.2908325
1.1016998
1.1854858
1.509903
1.7756653
1.7325592
1.470398
1.2597046
1.1280212
1.0921173
1.1376038
1.2836609
1.3878021
1.5027161
1.5506134
1.4177246
1.166336
0.7760773
0.64678955
1.1747131
1.549408
1.478775
1.3040009
0.8179779
0.15957642
0.024291992
0.38941956
0.7126312
1.0119171
1.1950684
1.33992
1.4847565
1.806778
1.8774109
1.6044769
1.265686
0.98558044
0.76651
0.6491852
0.6300354
0.652771
0.6108856
0.7305908
0.9628296
1.0681763
1.1471863
1.4512482
1.7397461
1.5721436
1.7828369
2.3370972
3.0350037
3.3342896
3.2073975
2.9919128
2.7560883
2.4017487
2.0809174
2.0414124
1.8606567
1.2968292
0.94007874
0.8239746
0.6228485
0.48997498
0.89819336
1.5302582
1.770874
1.6822815
1.4955444
1.008316
0.53427124
0.58573914
0.9113617
0.89938354
0.73179626
0.42053223
0.18231201
-0.0020446777
-0.3982849
-0.75860596
-0.42222595
0.3044281
0.6695404
0.8036194
0.99035645
1.3171692
1.4871674
0.4169464
-0.045135498
0.38223267
0.42773438
0.21583557
0.14880371
0.142807
0.18591309
0.41815186
0.71144104
0.6419983
0.2876587
0.080566406
0.8275604
2.2078094
3.0625458
3.1259918
2.7417145
2.2557068
1.9624023
1.9384613
2.0964813
1.8881836
1.3758392
0.9412842
0.6994629
0.5809479
0.474411
0.6192627
0.8143921
0.8838196
0.75453186
0.75453186
0.8718567
0.67910767
0.5067291
0.6013031
0.7533417
0.76649475
1.1040802
1.3542786
1.1124573
0.6024933
0.08773804
-0.10739136
0.017105103
0.37145996
0.7964325
0.9305115
0.88742065
0.7485504
0.5582123
0.37864685
0.37504578
0.46722412
0.5414429
0.5187073
0.5222931
0.67552185
0.75453186
0.72340393
0.7856598
0.98677063
1.2549133
1.3351288
1.4488525
1.6308136
1.6212311
1.6391907
1.767273
2.1204224
2.2545013
2.0138855
1.6619263
1.3925934
1.3423004
1.2752686
1.1842957
1.0502167
0.90657043
0.8275604
0.8443146
0.92930603
1.0801392
1.087326
0.9532471
0.66355896
0.5905304
0.90057373
1.1950684
1.3363342
1.5230713
1.7648926
1.4033661
0.46722412
-0.20555115
-0.21990967
0.3056183
0.8395233
1.2010498
1.4488525
1.6104584
1.7145996
1.5721588
1.3638611
1.1555634
0.8574829
0.40977478
0.17274475
0.395401
0.8754425
1.3351288
1.5278625
1.573349
1.6858826
1.6990509
1.6846771
2.0629578
2.438858
2.6663055
2.9392395
2.9931183
3.0996552
3.39534
3.568924
3.4456177
2.8374786
2.0928955
1.6212311
1.3973694
1.2106323
1.173523
1.2345734
1.3375244
1.6248322
2.2461243
2.5861053
2.3658295
2.1252136
1.8343201
1.7481232
2.0533905
2.1635284
2.2676697
2.2916107
2.0174713
1.6475677
1.2633057
0.9628296
0.9855652
1.2668915
1.4919434
1.7050323
1.9085388
1.9121246
2.039032
2.1324005
1.9121246
1.5829315
1.375824
1.0897217
0.9161377
1.1064758
1.36026
1.3482971
1.3518829
1.2872467
1.0143127
0.9185333
1.1447906
1.3291321
1.375824
1.3435059
1.5601807
2.0737457
2.6100311
2.5214539
2.0653534
1.8379059
1.7050323
1.9552307
2.3622437
2.3718262
1.7768555
1.3351288
1.4428711
1.4991302
1.3782196
1.458435
1.5374451
1.3195648
1.0645752
0.94247437
1.0454254
1.0406342
0.82995605
0.82395935
0.7138214
0.5366516
0.65397644
0.67910767
0.9257202
1.3889923
1.3794098
1.0454254
0.69348145
0.7377777
1.0119171
0.9436798
0.54623413
0.27928162
0.37025452
0.5211029
0.40498352
0.07936096
0.027877808
0.1787262
0.27809143
0.45645142
0.42771912
0.19787598
0.5079346
1.652359
2.3526611
2.6100311
2.9212952
3.1559143
3.2660522
2.9979095
2.7764435
2.4807587
1.6954651
1.3566742
1.8917694
2.2820282
1.9073334
1.415329
1.1998596
1.1651306
1.0202789
0.8371277
0.6838989
0.56300354
0.4360962
0.013519287
-0.40068054
-0.53234863
0.25054932
1.5697632
2.553772
2.9763489
2.6220093
1.7385559
1.2046356
1.2992096
1.0717621
0.7700958
0.66833496
0.74256897
0.8670654
0.91973877
0.9329071
1.0585938
1.0119171
0.8048096
0.47322083
0.20985413
0.20387268
0.30801392
0.07337952
-0.2103424
-0.046340942
0.30801392
0.97120667
1.1136627
0.6156616
0.21704102
0.42053223
0.95803833
1.5134888
2.0138855
1.786438
1.0669708
0.4025879
-0.17202759
0.13442993
0.47920227
0.48876953
-0.1026001
-0.8687439
-0.56707764
0.22183228
0.53904724
0.34632874
0.17752075
0.0745697
0.14401245
0.2984314
0.37025452
0.86946106
1.2106323
0.57377625
-0.27378845
-0.6772156
-0.7562256
-0.3360443
0.24935913
0.6671448
0.69229126
0.40377808
0.27209473
0.23019409
0.19189453
0.09732056
0.10090637
0.19070435
0.22779846
0.20985413
0.10090637
-0.028381348
-0.08224487
-0.16725159
-0.08703613
0.22062683
0.5977173
1.0214844
1.7457275
2.1647186
1.9959259
2.1252136
2.390976
2.411316
2.612442
2.8949432
2.6447449
1.9827576
1.0059204
0.41215515
0.4827881
0.6264496
0.6671448
0.79403687
0.96762085
1.0430298
1.142395
1.1459961
0.83833313
0.355896
-0.018798828
-0.011627197
0.46961975
0.9915619
1.5901031
1.6930542
0.7952423
-0.15766907
-0.67601013
-0.70832825
-0.09541321
0.7413635
1.0526123
1.0813446
1.2740784
1.5685577
1.6535492
1.3028107
0.6982727
0.14042664
-0.06907654
0.044647217
0.13323975
0.16435242
0.14161682
0.2577362
0.5617981
0.56658936
0.37625122
0.3487091
0.7700958
1.7038422
2.1970367
2.1599274
2.0545807
1.9671936
1.8917694
1.7888336
1.4500427
0.92930603
0.51631165
0.49595642
0.7880554
0.9700165
0.9544525
0.7389679
0.66474915
0.85627747
1.1196442
1.0885315
0.7784729
0.7497406
0.75453186
0.7641144
0.5390625
0.4456787
0.4061737
0.6695404
0.9759979
0.5893402
-0.2510376
-0.59220886
-0.2833557
0.31999207
0.8239746
0.9352875
0.76649475
0.80960083
0.94966125
0.93530273
0.79164124
0.70783997
0.35949707
-0.11695862
-0.43060303
-0.46652222
-0.07028198
0.2876587
0.2182312
0.13084412
0.32357788
0.66593933
1.1256409
1.7696686
2.0797272
1.7205963
0.9747925
0.4887848
0.28167725
0.5821533
1.2872467
1.6978455
1.7026367
1.1376038
0.72940063
0.6408081
0.5941162
0.7198181
0.7305908
0.75213623
0.9987335
1.3016052
1.3255463
1.1328125
0.8395233
0.692276
0.6563721
0.7964325
0.9340973
1.0454254
0.96762085
0.79403687
0.26252747
0.23139954
0.5402527
0.652771
0.9736023
0.83833313
0.22062683
-0.058303833
0.48518372
1.1783142
1.4967346
1.2704926
0.7210083
0.19309998
-0.16004944
-0.29891968
-0.1816101
0.13922119
0.6886902
1.2034454
1.1795044
0.75213623
0.36906433
-0.041549683
-0.3300476
-0.17681885
0.88142395
1.8043823
1.9875488
3.6024323
3.9663544
2.3526611
1.4261017
0.9161377
1.083725
2.2245636
2.6459503
1.988739
1.1328125
0.41215515
0.3965912
0.6372223
0.46484375
0.17034912
0.3439331
0.7700958
0.95803833
1.0358429
0.97720337
1.0298615
1.1136627
0.94847107
0.81199646
0.7688904
0.5402527
0.1320343
0.22062683
0.53785706
0.7102356
0.7198181
0.9652252
1.5841217
2.2114105
2.244934
1.7636871
1.1591492
0.6779175
0.26371765
-0.0044403076
0.29005432
1.0597839
1.4871674
0.9807739
0.22302246
0.66116333
1.2297821
1.1567535
2.0725403
2.1455688
1.4404755
1.7816467
2.4041443
2.7740479
3.0577545
3.1044464
2.9296722
2.5705261
1.9372711
1.2644958
0.83354187
0.850296
1.1124725
1.4416656
1.652359
1.6200409
1.691864
1.8007965
1.6798859
1.8594513
2.0641632
1.865448
1.6320038
1.2501221
1.2166138
1.9600067
2.0821228
1.7948151
1.26091
0.78685
1.4404755
2.22937
1.9516296
1.1220398
0.35708618
0.037460327
0.3666687
0.98677063
1.5146942
1.4656067
1.0178986
0.7377777
0.66474915
0.66116333
0.8371277
0.7581177
0.5641937
0.60369873
0.984375
1.8331146
3.0074768
3.676651
2.648346
1.4620209
0.77967834
0.4241333
0.84791565
1.6810913
1.9899445
1.7924194
1.3722382
1.0155029
0.95085144
1.1627502
1.1316223
1.0310669
1.0406342
1.2381592
1.6403809
1.8414917
1.7720642
1.4644165
1.3698425
1.2968292
1.1519623
1.0933075
0.8251648
0.8143921
1.6200409
1.7493134
1.5422211
1.2190094
1.1160583
1.628418
2.0509949
1.3447113
0.3379364
-0.46891785
-0.62094116
0.07336426
0.8275604
1.3219604
1.6176453
1.9863434
2.194641
1.9851532
1.7684784
1.9432526
1.7900238
1.3123779
1.3423157
1.3171692
1.4476624
2.0330353
2.0964813
1.5565948
1.2034454
1.26091
1.9049377
2.3299103
2.0222626
1.4751892
1.1376038
1.2238007
1.2776642
0.8179779
0.22302246
0.0745697
0.22660828
0.15597534
0.21942139
0.84191895
1.2621002
1.557785
1.806778
1.5853119
1.4991302
2.0569763
2.368225
2.3813934
2.3071747
2.1814728
2.3969574
2.2736511
1.7541046
1.0286713
0.4025879
-0.022399902
0.019500732
0.47680664
0.9831848
1.2477417
1.1004944
0.5905304
0.18470764
0.23738098
0.41455078
0.70783997
1.039444
1.0059204
0.7054596
0.57496643
1.3518829
2.177887
1.6595459
0.94007874
0.71383667
1.0885162
1.7529144
1.8331146
1.336319
1.0023346
0.9544525
1.1854858
1.3111877
1.2058411
1.1100616
1.3566742
1.7565002
2.1323853
2.2832336
1.806778
0.9640198
-0.036758423
-0.8603668
-1.0770416
-1.2350616
-1.2745667
-0.5287628
0.91015625
2.2796326
2.624405
2.0330353
1.4596252
1.1567535
0.7413635
0.27449036
0.039855957
-0.06309509
-0.07028198
0.042251587
0.6408081
1.4596252
1.8881836
1.533844
0.22421265
-1.1740112
-1.3751221
-0.861557
-0.42462158
0.051834106
0.93888855
2.2796326
3.0062866
3.1858368
2.5549774
1.8055878
1.9157257
1.9779663
1.3602753
0.7078552
0.28167725
0.15957642
0.15718079
0.3199768
0.5617981
0.8766327
1.5709534
2.7860107
3.6239777
3.027832
1.9444427
1.3686523
0.6994629
0.18231201
0.048233032
-0.12174988
0.14880371
0.7126312
1.0155029
1.3351288
1.5446167
1.434494
1.5326538
1.5601807
0.97958374
0.3918152
0.18112183
0.3726654
0.6444092
1.2130127
1.7720642
1.5913086
0.8323517
0.2649231
0.74375916
1.4033661
0.9903717
0.28048706
1.0250702
2.7141876
3.3438568
2.996704
2.5429993
2.1575317
2.1455688
2.2042236
2.2006378
1.925293
1.5601807
1.1483765
0.8766327
1.1088715
1.4129486
1.4668121
1.4464569
1.5948944
1.4715881
1.1986542
1.1495819
1.2345734
1.9660034
2.8410797
2.3239288
0.70544434
0.25294495
0.7389679
1.4284973
2.414917
2.2784424
0.9628296
-0.0020446777
-0.08345032
-0.06428528
-0.19117737
-0.30490112
-0.23786926
0.23738098
1.0753479
1.7493286
1.8271332
1.6032715
0.8562927
-0.26420593
-0.44258118
-0.23428345
-0.81248474
-1.3140717
-0.66882324
0.9065552
1.9133301
2.0881042
1.8343201
1.4165192
1.5948944
1.9420624
1.5757446
0.96762085
0.771286
0.747345
0.6108856
0.35231018
0.109298706
0.16555786
0.021896362
-0.22351074
-0.26062012
0.017120361
-0.008026123
-0.22828674
-0.27020264
-0.45335388
-1.6767883
-2.8846588
-3.0606384
-3.327591
-3.5801697
-2.8427582
-1.4792633
-0.86276245
-0.7107239
-0.12654114
0.08654785
0.43849182
0.86586
0.48399353
-0.16485596
-0.21990967
-0.16365051
-0.3192749
-0.20555115
-0.07267761
-0.25463867
-0.5144043
-0.188797
1.4165192
2.4185028
1.3674469
-0.15287781
-0.6796112
0.048233032
0.8802185
1.0454254
0.90296936
0.80960083
0.76649475
0.8443146
0.8287506
0.4061737
-0.016403198
-0.13491821
0.0039367676
0.33674622
0.33555603
0.07817078
-0.1708374
-0.188797
-0.11576843
-0.15885925
-0.18998718
0.15119934
-0.15168762
-1.0375366
-0.9585266
-0.63890076
-0.35517883
0.23858643
0.9664154
1.4129486
1.3506927
1.1016846
0.87184143
0.57736206
0.3379364
0.23858643
0.12965393
0.07217407
-0.06788635
-0.25942993
-0.3013153
-0.028381348
0.39421082
0.82395935
1.0166931
1.4165344
1.5458069
1.4907532
1.8702393
2.2772522
2.5118713
2.3646393
1.8343201
1.2896423
1.0047302
1.0119171
1.217804
1.2381592
1.3411102
1.3746338
1.3698425
1.5829315
1.8139648
1.8965759
1.8486786
1.5913086
1.1280212
0.73657227
0.48997498
0.19189453
0.3008423
-0.010421753
-0.20794678
-0.005630493
3.5095215E-4
-0.029571533
0.23020935
0.53067017
0.6898804
0.79403687
0.9329071
1.1962585
1.1567535
0.94247437
0.84552
0.7090454
0.6611481
0.77368164
0.79763794
0.7246094
0.68510437
0.7210083
0.99754333
1.3471069
1.2872467
1.3650513
2.2736511
2.790802
2.5322266
2.3454742
2.4484253
2.6866608
2.9739532
3.1547241
3.1882324
3.3211212
3.4779358
3.2720337
2.5896912
1.8343201
1.5158844
1.5505981
1.7529144
1.9300842
1.9073486
1.968399
2.1240234
2.2592926
2.1371918
1.7122192
1.320755
1.0621948
0.9652252
0.7593231
0.7174225
0.9759979
0.8646698
0.39300537
-0.11816406
-0.24147034
0.6875
1.478775
1.2381592
0.91973877
1.1914825
1.8989563
2.4053345
2.4412537
2.1683044
1.7277832
1.2908325
1.1902771
1.1459808
1.2549286
1.2405548
0.82276917
0.34751892
0.37625122
0.4313202
0.39300537
0.40737915
0.47322083
0.8323364
1.1531677
1.691864
2.9500122
2.8949432
2.4795532
2.4316711
2.2664795
2.3706207
2.6148376
2.6423645
2.3730164
2.0114899
1.7038269
1.0047302
0.29244995
0.43730164
-0.0116119385
0.24815369
0.3343506
0.4636383
0.9700165
1.1603546
0.93170166
0.37864685
0.059005737
0.039855957
-0.13372803
-0.32885742
0.23258972
1.2513275
0.8479004
0.28886414
0.032669067
0.19908142
0.8467102
0.9233246
0.142807
-0.68559265
-1.0088043
-0.78015137
-0.28575134
-0.14329529
-0.06788635
0.0745697
0.48518372
0.7497406
0.747345
0.8862152
0.6839142
0.26252747
0.039855957
0.13563538
0.47680664
2.0868988
1.8929749
0.35350037
-0.09661865
-0.21273804
0.592926
1.6930695
2.0270538
1.7134094
1.1950684
1.0346527
1.0957031
0.9927521
0.84550476
0.45884705
0.06738281
0.2876587
0.62405396
0.7174225
0.7892456
0.7377777
0.8036041
0.9939575
0.92811584
0.6635437
0.16197205
-0.17202759
-0.07626343
0.007537842
0.33195496
0.97839355
1.5027161
1.6236267
1.3818054
1.0143127
1.0741577
1.43927
1.3961792
0.9185333
0.29244995
-0.07865906
-0.154068
-0.029571533
0.4756012
0.92092896
0.889801
0.6731262
0.74017334
0.9412842
0.91015625
0.5103302
0.4205475
0.9724121
1.3925781
1.6619263
1.8558655
1.7421417
1.3063965
1.0226746
0.83354187
0.9233246
1.59729
1.8391113
1.6236267
1.2249908
0.7234192
0.83473206
1.1687317
1.3746338
1.1292267
0.63720703
0.3738556
0.5067291
0.75094604
1.0813446
1.0035248
0.68510437
0.29125977
0.45046997
0.85987854
1.0358429
1.3111877
1.3865967
1.4249115
1.4464569
1.355484
1.1986542
1.142395
1.0131073
0.85150146
0.60728455
0.3439331
0.29484558
0.3882141
0.39421082
0.45526123
0.6408081
0.74017334
0.5869446
0.49595642
0.5007477
0.2361908
0.38223267
1.0382385
1.2058411
1.1615448
1.7912292
3.0709229
3.7221375
3.5234222
2.8949432
2.6615143
2.9272766
2.8949432
2.3921661
1.9624176
1.5075073
1.0885162
0.7353821
0.6599579
0.8826294
1.1531677
1.2238007
1.0095062
1.0538177
1.2776642
1.3901978
1.5063171
1.2058411
0.8395233
0.6013031
0.48518372
0.76890564
1.5122986
2.234146
2.3981476
2.1970367
1.5649719
1.2692871
1.4739838
0.9915619
0.19189453
-0.24864197
-0.3994751
-0.2223053
0.30801392
0.83833313
0.96881104
0.9736023
0.87783813
0.5617981
0.28167725
0.29244995
0.6228485
-0.3204651
-0.6448822
-0.32525635
-0.045135498
0.99635315
1.9624023
2.3167572
2.0761414
1.2309723
0.9161377
1.2070465
1.5518036
1.3506927
1.1627502
1.008316
1.1364136
1.3913879
1.2453461
0.8826294
0.73657227
1.02388
1.1962585
1.1555634
1.1232452
1.1256409
0.69706726
0.06021118
0.0925293
0.6048889
1.0957031
2.1407776
2.7465057
2.1910553
1.2800598
0.59173584
0.474411
0.647995
0.5761566
0.29484558
0.07217407
0.017105103
0.13442993
0.31878662
0.5917206
0.850296
0.8323364
0.62882996
0.47561646
0.93769836
1.2752686
1.3267517
1.7337646
2.7477112
2.7093964
1.6846771
1.2489319
0.9460602
0.87065125
1.5518036
1.8786163
1.533844
0.9664154
0.5103302
0.4935608
0.6994629
0.4540558
0.042251587
0.25294495
0.94847107
1.2716827
1.28125
1.0418396
0.69467163
0.76530457
1.2752686
1.5086975
1.3710327
1.6272278
1.9516296
1.964798
1.6942596
1.173523
1.5362396
1.7876282
1.2692871
0.38941956
-0.446167
-0.743042
-0.5682678
-0.24624634
0.007537842
0.43371582
1.0621796
1.4895477
1.2345734
0.54862976
0.029083252
0.0015411377
0.4827881
0.97958374
0.91734314
0.8754425
1.4883575
2.3299103
2.086914
1.707428
1.3818054
0.9879761
1.3530731
1.9827576
1.8283234
1.2716827
0.83354187
0.84191895
1.2537231
1.1926727
0.6443939
0.37864685
0.72579956
1.2800598
1.4835663
1.4907532
1.6356049
1.6511688
1.3674469
1.0729675
0.9340973
1.0131073
1.1328125
1.063385
1.3985748
1.7828369
1.5158844
1.1376038
0.8467102
0.84191895
1.0466309
0.79045105
0.14880371
-0.30610657
-0.40426636
-0.26660156
-0.060699463
0.3918152
0.9747925
1.5111084
1.5960999
1.0095215
0.6515808
0.76171875
0.7581177
0.37983704
-0.1026001
-0.2223053
0.29005432
0.99754333
1.1495667
1.3243561
1.5757446
1.7840424
1.470398
0.90896606
0.6013031
0.60728455
0.68270874
0.49716187
0.29244995
0.27330017
0.24815369
0.19308472
0.12486267
0.17993164
0.4169464
0.5977173
0.8323517
1.0562134
1.1950684
1.3650513
1.1280212
0.46722412
0.021896362
-0.1995697
-0.28097534
0.35949707
1.1399994
1.0609894
0.6838989
0.24456787
0.13563538
0.15837097
-0.22590637
-0.8065033
-1.1512604
-1.1608429
-0.87353516
-0.36834717
0.29484558
0.75572205
0.69706726
0.5031433
0.29844666
-0.07266235
-0.564682
-1.9509277
-2.1747742
-0.70832825
0.080566406
0.098526
0.2074585
0.4600525
1.2633057
1.3770294
1.1507721
0.8957977
0.9520569
1.3482971
1.6583405
1.5086975
1.0645752
0.731781
0.40138245
0.10809326
0.31878662
0.5079193
0.50553894
0.46723938
0.33674622
0.35110474
0.46124268
0.7760773
0.90896606
0.23738098
-0.6700287
-1.1081696
-1.0279541
-0.4174347
0.118881226
0.16795349
0.15718079
0.12007141
0.12724304
0.24456787
0.2864685
0.039855957
-0.10379028
-0.048736572
-0.12414551
-0.23069763
-0.1828003
0.048233032
0.13922119
0.03147888
-0.18519592
-0.22828674
0.21463013
0.84191895
1.0729675
1.0885162
1.2297821
1.4991302
1.9384613
2.3538666
2.7967834
2.8626251
2.40654
1.5482025
1.1603546
1.1376038
1.0885315
1.1687317
1.26091
1.173523
1.1878815
1.3698425
1.2680969
0.7533417
0.26013184
0.06858826
0.13084412
0.18591309
0.007537842
-0.0044403076
0.2864685
0.69348145
0.4995575
0.19787598
0.07217407
-0.36117554
-0.3695526
0.24577332
0.7688904
1.0011292
0.9436798
0.74017334
0.6958771
0.66474915
0.5187073
0.35949707
0.42294312
0.31878662
0.11528015
-0.17681885
-0.07267761
0.47680664
0.6024933
0.36068726
0.37265015
0.84191895
1.6236267
1.6930695
0.9879761
0.5917206
0.692276
1.2333679
1.7062225
1.8426971
1.9827576
2.0701447
1.691864
0.98197937
0.46961975
0.16555786
0.14520264
0.44448853
0.7533417
1.1483765
1.4464569
1.3255463
0.9807892
0.806015
0.81199646
0.7976227
0.8610687
1.0502167
1.3411102
1.4332886
1.0526123
0.6228485
0.41215515
0.28527832
0.0925293
0.11647034
0.311615
0.60609436
0.9089508
1.2201996
1.1902771
1.0035248
0.68629456
0.43011475
0.4061737
0.46124268
0.46124268
0.44448853
0.31399536
0.06977844
-0.025985718
0.2361908
0.57736206
0.66355896
0.66474915
0.91015625
1.2369537
1.2357635
1.2501373
1.4033508
1.5613861
1.6942596
1.9013519
1.9025574
1.8247375
1.5769348
1.0729675
0.592926
0.34272766
0.29244995
0.45526123
0.6468048
0.81199646
1.0262756
0.43011475
0.33076477
0.62405396
0.42053223
0.22062683
0.013519287
0.053024292
-0.048721313
0.37026978
1.1076813
1.5853271
1.1316223
0.30082703
-0.33483887
-0.49525452
-0.39588928
-0.21751404
-0.08345032
0.21942139
0.52948
0.810791
0.9161377
1.078949
0.9736023
0.6875
0.52589417
0.434906
0.53067017
0.75453186
0.98677063
1.0466309
0.7581177
0.6120758
0.8670502
1.3195648
1.889389
2.7213745
3.261261
2.6758728
2.0857086
1.8845978
1.8678436
2.1431732
2.5525818
2.806366
2.6291962
2.107254
1.3542786
0.87184143
0.7892456
0.99754333
1.10289
1.3530884
1.7361603
1.8091736
1.8438873
1.9109344
1.6619415
1.4273071
1.2393646
1.166336
1.1819
1.252533
1.33992
1.6391907
1.5266571
0.5797577
-0.20315552
-0.5431366
-0.53115845
0.17991638
0.8467102
1.1459808
1.2070465
1.2333679
1.3794098
1.5458069
1.4117432
1.2273865
1.0274658
0.9484558
1.0071259
1.1040802
1.1136627
0.9185333
0.54981995
0.4935608
1.0047302
1.5218811
1.8534698
2.3155518
2.9224854
3.0769043
2.5250397
1.9564209
1.7840424
1.889389
2.210205
2.6136322
2.6064453
2.4017487
1.904953
1.2657013
0.93170166
0.8826294
0.98558044
1.10289
1.2489319
1.5661774
1.8223419
1.8642426
1.7612915
1.6463776
1.5434265
1.4081421
1.2154236
0.94487
0.88500977
1.0298615
1.6810913
1.9336853
1.2369537
0.15837097
-0.27856445
-0.047531128
0.5582123
1.0059204
0.9771881
0.75094604
0.5474243
0.63243103
0.7700958
0.55581665
0.21464539
0.23500061
0.45526123
0.56539917
0.6192627
0.46124268
0.44807434
0.6779175
0.6551666
0.6276398
0.6994629
0.82037354
1.1040802
1.5853119
2.4029388
2.881775
2.2592926
1.3255463
0.9807892
1.118454
1.4081573
1.5278625
1.2716827
1.0885315
1.0753632
1.0430298
0.9724121
0.70544434
0.52948
0.5761719
0.72579956
0.9616394
1.10289
1.02388
0.9257202
0.82276917
0.60728455
0.52589417
0.75213623
1.0334625
0.85150146
0.49116516
0.34991455
0.15238953
0.3331604
0.021896362
-0.33244324
-0.23188782
-0.8759308
-0.7969208
-0.4270172
-0.061904907
0.16674805
0.2936554
-0.1828003
-1.0411224
-1.2458344
-0.85557556
-0.5467224
-0.5862274
-0.6365051
-0.5826416
-0.30610657
0.009933472
-0.033172607
-0.24864197
-0.1421051
0.08894348
0.4923706
1.2094269
1.6607361
1.5362396
1.0502167
0.79164124
0.9245148
1.4560394
2.16951
2.5346222
2.1276093
1.4692078
0.889801
0.49116516
0.27449036
0.07696533
-0.008026123
0.18830872
0.23858643
0.14042664
-0.008026123
-0.033172607
-0.29891968
-0.28216553
0.22062683
0.93888855
1.4081573
1.7648926
1.6355896
1.2824554
0.276886
0.13682556
0.11647034
0.044647217
0.27330017
0.63482666
0.8359375
0.76171875
0.8742523
1.0609894
1.2249908
1.1124573
0.65756226
0.22541809
-0.16725159
-0.6520691
-0.5766449
-0.020004272
0.38104248
0.49116516
0.46124268
0.61686707
1.0669708
1.6978455
2.2940063
2.0976868
1.4009705
1.1962585
1.2800598
1.399765
1.8534698
2.1324005
1.8977661
1.3159637
0.7641144
0.4756012
0.49716187
0.75094604
0.91973877
0.9233246
0.83114624
0.69348145
0.5725708
0.2864685
-0.23667908
-0.62454224
-0.51200867
0.14161682
0.8323517
1.0729523
0.9951477
0.91973877
0.55940247
0.19548035
-0.028381348
-0.11216736
0.18830872
0.6671448
0.8694458
1.0274658
1.2070312
1.3411102
1.315979
1.0059204
0.53067017
0.07936096
-0.23666382
-0.49404907
-0.4210205
-0.17800903
-0.17562866
-0.33364868
-0.31448364
-0.13491821
0.23738098
0.5606079
0.8934021
1.6954498
2.5717316
2.830307
2.4256897
1.8043823
1.5434113
1.7517242
2.0581665
1.9360657
1.197464
0.33674622
-0.08584595
-8.392334E-4
0.18591309
0.27090454
0.46961975
0.69229126
0.8371277
0.8538971
0.74017334
0.5366516
0.2002716
-0.08105469
-0.06668091
0.2469635
0.5031433
0.75813293
1.0466156
0.9185333
0.10092163
-0.5036316
-0.6233368
-0.5467224
-0.12055969
0.3451233
0.5187073
0.65397644
0.7569275
0.7904358
0.85868835
0.7856598
0.5438385
0.43011475
0.276886
0.0410614
-0.09661865
0.10090637
0.2541504
0.45526123
0.9831848
1.3447113
1.2297821
1.4452667
2.0258484
2.4173126
2.222168
1.7289734
1.4967346
1.5398407
1.8798065
2.1826782
1.9528351
1.6008911
1.2513275
1.0717621
0.88142395
0.66593933
0.61447144
0.727005
1.063385
1.3734436
1.3626556
1.1555634
0.92092896
0.6839142
0.4995575
0.49954224
0.5785675
0.60728455
0.42892456
0.44448853
0.69706726
0.87783813
0.8670654
0.5510254
0.22181702
0.12246704
0.3918152
1.0131073
1.4009705
1.2800598
1.0741577
0.94966125
0.68629456
0.5725708
0.5905304
0.59532166
0.5043335
0.26971436
0.21343994
0.38104248
0.5869446
0.67433167
0.6180725
0.6384125
0.50193787
0.38941956
0.64320374
1.1280212
1.7289734
2.0138855
1.9396667
1.7792511
1.6487579
1.7577057
2.0737305
1.8834076
1.3686523
0.9915619
0.7413635
0.64559937
0.68510437
0.67193604
0.6886902
0.9137573
1.1124573
1.2513275
1.1507721
0.7497406
0.3918152
0.048233032
-0.08105469
0.020706177
0.37506104
0.51989746
0.46484375
0.35829163
0.18710327
-0.21990967
-0.83522034
-1.1273193
-0.95254517
-0.2689972
0.41575623
0.7784729
0.8155823
0.72102356
0.6587677
0.6731262
0.6815033
0.54862976
0.3918152
0.22781372
0.03627014
-0.193573
-0.4641266
-0.4784851
-0.14689636
0.2242279
0.4935608
0.6180725
0.6192627
0.9987488
1.8738251
2.6495514
2.8135529
2.332306
2.0162811
2.0473938
2.4197083
2.751297
2.411316
1.8211517
1.1902771
0.6216583
0.42294312
0.45526123
0.55223083
0.75572205
0.94607544
1.0921173
1.2489319
1.2884369
1.0885162
0.79045105
0.52948
0.46961975
0.513916
0.4528656
0.27330017
0.0410614
0.037460327
0.22302246
0.2589264
0.06619263
-0.1828003
-0.22949219
0.17393494
0.99035645
1.5218658
1.5015259
1.3327332
1.2046509
1.0837402
0.91015625
0.7102356
0.5617981
0.34872437
0.07815552
-0.14329529
-0.15885925
-0.024780273
0.042251587
0.21942139
0.4169464
0.26971436
0.17034912
0.31999207
0.70425415
0.72340393
0.77130127
1.2082367
1.4668121
1.0059204
0.4409027
0.39300537
0.7892456
1.6439819
2.4340668
2.5513916
1.9157257
1.1483765
0.56539917
0.030273438
-0.4677124
-0.23786926
0.28286743
0.42053223
0.16795349
0.10450745
0.09971619
-0.2175293
-0.56108093
-0.4964447
0.07815552
0.11528015
-0.69277954
-1.0961914
0.036254883
0.4313202
-0.49046326
-0.8938751
-0.7526245
-1.0291595
-1.2422485
-1.4421539
-1.2518158
-0.9094391
-0.48207092
0.019500732
0.23139954
-0.08224487
-0.43060303
-0.3767395
-0.053512573
0.24337769
0.36427307
0.5905304
0.7353821
0.6982727
0.51989746
0.3379364
0.32357788
0.19068909
0.063797
0.19787598
0.39779663
0.5893402
0.62405396
0.5426483
0.48997498
0.4756012
0.42892456
0.355896
0.390625
0.49116516
0.45884705
0.44688416
0.4923706
0.43849182
0.2864685
0.31159973
0.42652893
0.4241333
0.3152008
0.32476807
0.43251038
0.45526123
0.45884705
0.42294312
0.39060974
0.45046997
0.52349854
0.48997498
0.4456787
0.43371582
0.45046997
0.41096497
0.34033203
0.35350037
0.36787415
0.37265015
0.355896
0.34391785
0.31159973
0.31040955
0.29125977
0.32955933
0.4313202
0.5390625
0.5893402
0.51750183
0.49595642
0.5354614
0.5977173
0.63482666
0.59413147
0.42652893
0.37026978
0.45884705
0.52589417
0.5582123
0.568985
0.5761566
0.6096802
0.62405396
0.5438385
0.44088745
0.34033203
0.31159973
0.37983704
0.5103302
0.5761566
0.5222931
0.49116516
0.46722412
0.46603394
0.52349854
0.51750183
0.4468689
0.38702393
0.39300537
0.434906
0.46124268
0.4456787
0.45526123
0.46124268
0.45526123
0.48638916
0.5031433
0.49954224
0.4756012
0.4827881
0.44807434
0.35231018
0.3307495
0.4169464
0.54862976
0.5474396
0.4133606
0.35829163
0.43371582
0.51750183
0.5546112
0.58813477
0.61686707
0.6659546
0.77368164
0.78326416
0.6803131
0.6312256
0.6803131
0.73298645
0.7281952
0.6384125
0.6192627
0.6408081
0.63960266
0.5677948
0.48039246
0.5318756
0.71144104
0.76530457
0.7066498
0.7210083
0.727005
0.68629456
0.7353821
0.7641144
0.7677002
0.747345
0.7174225
0.70425415
0.79164124
0.7700958
0.70066833
0.7641144
0.7461548
0.59651184
0.5067291
0.5833435
0.72340393
0.74494934
0.6910858
0.6515808
0.63960266
0.63482666
0.70425415
0.75213623
0.71502686
0.68510437
0.6886902
0.67193604
0.6048889
0.553421
0.5354614
0.5713806
0.6575775
0.7246094
0.72340393
0.67193604
0.61447144
0.5809479
0.53904724
0.49595642
0.64559937
0.84910583
0.87783813
0.7186279
0.60728455
0.68748474
0.81318665
0.79403687
0.7401581
0.68748474
0.647995
0.6563721
0.7353821
0.78326416
0.7605133
0.7305908
0.76530457
0.74494934
0.6156616
0.50193787
0.50553894
0.6228485
0.7485504
0.76890564
0.7174225
0.65037537
0.731781
0.7353821
0.6659546
0.7066498
0.7497406
0.6563721
0.60609436
0.61686707
0.6671448
0.74375916
0.77249146
0.8167877
0.7856598
0.69348145
0.61686707
0.61686707
0.6336212
0.6192627
0.61447144
0.60609436
0.5905304
0.6096802
0.6156769
0.6491852
0.66355896
0.64201355
0.6803131
0.7401581
0.7641144
0.76290894
0.6994629
0.6001129
0.6563721
0.8275604
0.8036041
0.6982727
0.65756226
0.75213623
0.8670654
0.86586
0.7820587
0.7377777
0.727005
0.69467163
0.7449646
0.7497406
0.6875
0.7641144
0.8407135
0.84191895
0.7353821
0.71621704
0.72579956
0.7497406
0.7641144
0.71621704
0.6946869
0.7473602
0.82395935
0.83833313
0.7305908
0.6491852
0.76649475
0.82395935
0.7126312
0.61087036
0.67433167
0.8479004
0.92811584
0.850296
0.7485504
0.7377777
0.7569275
0.72940063
0.70066833
0.7461548
0.8359375
0.8778229
0.8323517
0.75094604
0.70306396
0.6946869
0.7066498
0.72698975
0.7533264
0.76530457
0.7820587
0.7856598
0.8048096
0.7377777
0.727005
0.826355
0.9305115
0.8538971
0.7497406
0.8275604
0.9376831
1.00354
0.9664154
0.861084
0.7174225
0.70425415
0.77130127
0.84310913
0.84191895
0.8467102
0.8969879
0.8718567
0.78326416
0.7126312
0.7126312
0.7497406
0.79164124
0.7856598
0.69706726
0.70425415
0.81318665
0.806015
0.7006531
0.6563721
0.6671448
0.6444092
0.6120758
0.6695404
1.0526123
1.1136627
0.36068726
-0.5946045
0.0697937
0.48638916
0.27090454
0.20506287
-0.047531128
-0.23428345
