2.1819458
2.2070923
2.4058075
2.324417
2.3004608
2.3339844
2.3962402
2.466858
2.3543396
2.1807556
2.1364594
2.2310333
2.4321442
2.5267181
2.4357452
2.193924
1.9245758
1.9221802
2.0610504
2.0861816
2.0394897
2.1903381
2.3639069
2.344757
2.229828
2.1376648
2.147232
2.154419
2.147232
2.0969543
1.9940033
1.9628906
1.9832306
2.0419006
2.162796
2.1879425
2.1005402
2.0179443
1.944931
1.8635254
1.8336029
1.8587341
1.865921
1.8850708
1.9329529
2.039505
2.0849915
2.0347137
1.9461212
1.9233856
1.980835
1.9557037
1.8730927
1.7857056
1.7462006
1.8132477
1.8683167
1.8359833
1.8012695
1.8192291
1.8144379
1.7988739
1.8132477
1.8204346
1.8084564
1.771347
1.7653656
1.8192291
1.8599396
1.9006348
1.9269714
1.9233856
1.8731079
1.9114075
2.0
1.9772491
1.9078217
1.8695068
1.8599396
1.8970337
1.944931
1.92099
1.9042206
1.8599243
1.8204346
1.8730927
1.9341583
1.9940186
2.0766144
2.0981598
2.0179596
1.9221802
1.857544
1.7797241
1.7773285
1.8407745
1.9078064
1.9353485
1.9748535
2.035904
2.1508331
2.1879425
2.0885773
1.9557037
1.9078217
1.9066162
1.9233856
1.9341431
1.8731079
1.8168335
1.8120422
1.881485
1.9090118
1.9724579
2.09935
2.2513885
2.3495483
2.305252
2.217865
2.147232
2.0251312
1.9425354
1.8778839
1.9090118
1.9952087
2.0622406
2.0382996
2.0538635
2.1532288
2.1975098
2.047882
1.9138031
1.9868164
2.1089325
2.1125183
2.0957642
2.1005402
2.130478
2.1640015
2.1592102
2.092163
2.031128
2.004776
2.0454865
2.1017456
2.0778046
2.008377
1.9868317
1.9916077
1.9616852
1.9485168
2.0
2.0299225
2.011963
2.039505
2.1065369
2.1460419
2.094574
1.9987946
1.9724579
2.0035858
2.0371094
2.0095673
1.9580994
1.9353485
1.9114075
1.9138031
1.9257812
1.9473114
1.9341583
1.9305573
1.9616852
1.9928131
1.9904175
1.9772491
1.9676666
1.9485168
1.9221802
1.944931
2.007187
1.9904175
1.9305573
1.8970337
1.9269714
1.9748535
1.944931
1.936554
1.9856262
2.0658417
2.1208954
2.1460419
2.1412506
2.1041412
2.0526733
2.0299225
2.0778046
2.1831512
2.241806
2.2226562
2.197525
2.2226562
2.2765198
2.3244019
2.3184204
2.2561798
2.2322235
2.2394104
2.304062
2.3531342
2.312439
2.3100433
2.41539
2.4884033
2.4297485
2.3471527
2.3411713
2.4082031
2.3531342
2.2513885
2.2621613
2.2346191
2.2274475
2.2621613
2.2477875
2.2202606
2.2705383
2.33638
2.3244019
2.3220215
2.3495483
2.3734894
2.3686981
2.3483582
2.3567352
2.3651123
2.3806763
2.4201813
2.446518
2.4596863
2.4979858
2.4692535
2.3902435
2.2837067
2.1807556
2.1807556
2.2118835
2.289688
2.3746796
2.3327942
2.193924
2.1316833
2.1831512
2.2705383
2.3579254
2.351944
2.3100433
2.3375854
2.3782806
2.3399658
2.17836
2.1161194
2.2190704
2.233429
2.1568146
2.166397
2.2920837
2.3112335
2.2705383
2.281311
2.3016663
2.209488
2.0969543
2.123291
2.2370148
2.2908936
2.320816
2.423767
2.466858
2.289688
2.1352692
2.1616058
2.384262
2.6021423
2.6907196
2.7469788
2.7290192
2.6595917
2.6081238
2.5362854
2.387848
2.2250519
2.2274475
2.4979858
2.6308594
2.5746002
2.5746002
2.7003021
2.7266388
2.7026978
2.65242
2.5590363
2.6296692
2.8271942
2.8678894
2.633255
2.2920837
2.035904
1.8216248
1.9904175
2.3495483
2.9265442
2.9708405
2.8654938
2.9864044
3.06781
3.0307007
3.0139465
2.980423
2.7218475
2.4596863
2.660797
2.8822632
2.9792175
2.9421082
2.957672
3.0211182
3.0534363
3.0450745
2.9049988
2.8331757
2.8140259
2.5769958
2.3339844
2.3746796
2.4261627
2.2298431
1.5678406
0.8878784
0.5287628
0.4222107
0.37553406
0.4689026
0.66163635
0.6604309
0.5443268
0.5335541
0.76338196
1.1285095
1.4337616
1.6384735
1.826416
1.8922577
1.8946533
1.8934479
1.936554
1.9724579
2.1173096
2.2442017
2.0466766
1.5929718
0.9788666
0.5335388
0.21032715
0.6472626
1.3595428
1.4900208
1.5163727
1.400238
0.8364105
0.39707947
0.4605255
0.69755554
0.67959595
0.6281128
0.822052
1.1883545
1.5750275
1.857544
1.965271
1.9090118
1.7462006
1.6456604
1.6169128
1.4253845
1.3451843
1.3487701
1.3176422
1.2817383
1.4409485
1.7043152
1.9365387
1.1955414
0.277359
-0.054244995
0.17680359
0.6341095
0.921402
0.9597168
0.8196564
0.94654846
1.3427887
1.6827698
2.0023804
2.0574493
1.7426147
1.510376
1.589386
1.9185944
2.090973
2.059845
2.0263367
1.925766
1.9030304
2.1244965
2.4477081
2.1568146
1.3200378
0.8651428
0.59220886
0.4389801
0.40545654
0.4150238
0.63409424
0.8076782
0.71910095
0.6532593
0.8878937
1.2757568
1.7150879
2.1508331
2.3232117
2.241806
2.2358246
2.351944
2.549469
2.3806763
1.9078217
1.3439789
0.93696594
0.9561157
1.1512451
1.2506104
1.439743
1.332016
0.5670624
-0.24098206
-0.59173584
-0.36549377
0.30490112
1.1153412
1.470871
1.332016
1.2853241
1.7222595
2.0335083
2.15802
2.2920837
2.3567352
2.4046173
2.2848969
2.1244965
2.0933685
2.4357452
2.6057281
2.4896088
2.226242
2.1891327
2.2310333
2.0718231
2.0107727
1.8802795
1.569046
1.5223541
1.5127716
1.2817383
1.4517212
1.573822
1.2278595
0.9226074
1.0961761
1.6803741
2.272934
2.628479
2.7254333
2.6356506
2.3004608
1.9269714
1.9078217
1.9760437
1.8611298
1.4600983
0.9896393
0.8483887
1.0698547
1.2661743
1.4205933
1.158432
0.58981323
0.38391113
0.7322693
1.2948914
1.5175629
1.4253845
1.2230835
1.158432
1.4062347
1.6755829
1.7833252
1.9592896
2.3962402
2.8188019
2.8726807
2.719452
2.7409973
2.758957
2.8032532
2.6224823
2.1592102
2.0718231
2.3722992
2.5039673
2.3411713
1.984436
1.4589081
0.99324036
1.1201324
1.4636993
1.6013641
1.6827545
1.5367126
1.5438995
1.6959381
1.7893066
1.9257812
2.138855
2.3651123
2.5291138
2.490799
2.312439
2.3411713
2.3627167
2.2322388
2.011963
1.8886566
1.8994293
1.9880219
2.126892
2.241806
2.2046967
1.8790894
1.3834839
0.7322693
0.5215759
0.80529785
1.1440735
1.4181976
1.6540375
1.9724579
2.2585602
2.5386963
2.7936707
3.0330963
3.1396332
2.8966217
2.5877686
2.5111542
2.6272736
2.7003021
2.5159454
2.296875
2.2142792
2.5291138
2.7661438
2.7098694
2.57341
2.4572906
2.0813904
1.865921
1.6947327
1.1751862
0.7562103
0.58262634
0.46769714
0.6305084
1.0866089
1.6827698
2.197525
2.5530548
2.7254333
2.7026978
2.585373
2.4333496
2.305252
2.250183
2.3172302
2.3710938
2.2525787
1.9138031
1.6097412
1.608551
1.8898621
1.9796448
1.549881
0.9669037
0.49165344
0.3587799
0.54193115
0.7765503
1.0447083
1.4181976
1.807251
2.1053467
2.2908936
2.5135498
2.7074738
2.7721252
2.624878
2.3734894
2.2717285
2.2202606
2.0849915
1.9030304
1.8383942
1.9904175
2.1999054
2.3136444
2.5207367
2.4764404
2.031128
1.5319214
1.4337616
1.6372681
1.5678406
1.1117401
0.8052826
0.7059326
0.66882324
0.881897
1.3906708
1.9317627
2.3088531
2.423767
2.486023
2.5410767
2.3890533
2.162796
2.0610504
2.2142792
2.561432
2.715866
2.3471527
1.8742981
1.5941772
1.644455
1.5438995
1.0052032
0.5335541
0.37313843
0.47129822
0.84239197
1.3092651
1.6743774
1.9880219
2.2717285
2.5518646
2.8235931
3.0079498
3.098938
3.091751
2.9672546
2.7074738
2.5207367
2.463272
2.5398865
2.4740448
2.304062
2.4644623
2.7469788
2.5829926
2.2956848
2.1651917
2.0347137
2.0143585
2.162796
1.9963989
1.5558624
1.2781372
1.1931458
1.2422333
1.5821991
2.0263214
2.2944794
2.4596863
2.7086792
2.8834534
2.6344604
2.2944794
2.2058868
2.1675873
2.0981598
2.2190704
2.4584808
2.427353
2.0885773
1.6253052
1.4960175
1.7545929
1.7414246
0.9788666
0.14329529
-0.42175293
-0.6001129
-0.44329834
-0.16557312
0.22589111
0.881897
1.3236389
1.4241943
1.5199585
1.9149933
2.542282
3.0079498
2.806839
2.3459625
2.2872925
2.4429321
2.367508
2.1137238
1.8838806
1.7306519
1.8886719
2.1963196
2.478836
2.703888
2.7170563
2.5554504
2.3100433
1.9796448
1.7414246
1.6875458
1.5582733
1.6217041
1.7737427
1.9916077
2.791275
2.9049988
2.7709198
2.6907196
2.6907196
2.6224823
2.3459625
2.2046967
2.3818665
2.4776459
2.2430115
1.9485168
1.84198
1.9042358
2.2669525
2.5530548
1.9377441
0.97766113
0.43418884
0.32763672
0.69395447
1.2158966
1.628891
1.8539429
1.905426
2.1508331
2.4740448
2.7960663
2.9708405
2.767334
2.233429
1.7593689
1.8192291
2.075409
2.3890533
2.501587
2.4046173
2.4034271
2.743393
2.949295
2.9002075
2.5985413
1.9497223
1.3332062
1.2518005
1.4948273
1.4122162
1.134491
1.055481
1.0866089
1.3224335
1.7102966
2.0167542
2.0897827
2.209488
2.4201813
2.3699036
2.2980804
2.4920044
2.5674286
2.3483582
2.1640015
2.0586548
2.015564
1.9066162
1.8144379
1.8347931
1.747406
1.2829285
0.8938751
0.687973
0.62213135
0.6053772
0.65444946
0.91542053
1.391861
1.9269714
2.384262
2.5805817
2.7302246
2.877472
2.8559265
2.636856
2.4800262
2.3627167
2.3734894
2.4345398
2.5051727
2.4764404
2.3938446
2.5506592
2.6667786
2.7134705
2.5434723
1.9437256
1.3810883
1.1596375
1.3966522
1.6911316
1.5858002
1.5032043
1.7749481
2.1651917
2.499176
2.758957
3.1575928
3.5789642
3.5346832
3.1109009
2.6955109
2.296875
2.1975098
2.4824219
2.628479
2.25737
1.707901
1.3356018
1.2949066
1.8060608
2.0646362
1.3427887
0.56108093
0.60775757
1.1404724
1.4732666
1.2518005
1.0387268
1.0626678
1.4337616
1.8096466
2.15802
2.509964
2.7793121
2.9816132
3.2114716
3.2006836
3.0007782
2.696701
2.4058228
2.3591309
2.4453125
2.3507385
2.23703
2.3172302
2.5554504
2.580597
1.8898621
1.3822937
1.470871
1.648056
1.4505157
1.34758
1.3942566
1.6001587
1.9030304
2.1161041
2.1951294
2.1903381
2.3387756
2.4261627
2.2298431
2.0670319
1.9521179
2.1017456
2.1807556
2.186737
2.1113281
2.0251312
1.8850708
1.7414246
1.6899414
1.731842
1.9281616
1.6420593
1.1751862
0.945343
0.7897339
0.55747986
0.21511841
0.06668091
0.60417175
1.4780579
1.965271
2.0490723
1.9580994
1.9580994
2.0406952
2.0969696
2.272934
2.3327942
2.344757
2.296875
2.0945587
2.1053467
2.226242
2.1675873
1.6169128
1.3547516
1.494812
1.3643341
1.094986
0.866333
0.881897
0.7657776
0.23905945
-0.03868103
0.3312378
0.9788666
1.4074249
1.400238
1.213501
1.2206726
1.4409485
1.5474854
1.415802
1.2661743
1.4648895
1.652832
1.3583527
0.70233154
0.06907654
0.28096008
0.79571533
1.2757416
1.2111053
0.27856445
-0.4409027
-0.81918335
-0.592926
0.010406494
0.39109802
0.5586853
0.984848
1.5642548
1.984436
2.0251312
1.7246552
1.5067902
1.4780579
1.6588135
1.9281769
2.1376648
2.1807556
2.0418854
1.6827545
1.1237183
0.6065674
0.6161499
1.2242737
1.8982391
1.1404724
-0.114089966
-0.7162323
-0.18711853
0.47010803
0.75260925
0.8519745
0.97647095
1.213501
1.4170074
1.4409485
1.3607483
1.4517212
1.6767731
1.9341583
1.8132477
1.5247498
1.4301758
1.4134216
1.4050446
1.3703156
1.1859589
0.984848
0.5443268
0.76338196
1.0267487
0.39707947
-0.29844666
-0.13084412
0.6376953
1.3236389
1.4589081
1.1368866
0.58262634
1.1955414
2.0622406
2.1963196
1.9173889
1.2805328
1.1117401
1.2781525
1.6205139
1.9245758
2.1173096
2.233429
2.3686981
2.3351746
2.209488
2.0167542
1.6971283
1.3583527
1.1069489
0.62571716
0.12413025
0.13252258
0.81607056
1.4636993
1.3739166
0.8687439
0.624527
0.64486694
0.8364105
1.0890045
1.2841339
1.5642548
1.8204346
1.9066162
1.8288116
1.6803741
1.5774231
1.2889099
1.1069489
1.3236389
1.6552277
1.6360779
1.455307
1.2673645
1.34758
1.6300812
1.1320953
0.36714172
0.29652405
0.86395264
1.2745514
1.0674591
0.5778351
0.27975464
0.5395355
1.1153412
1.6312866
2.039505
2.248993
2.1951141
2.059845
1.9293671
1.9293671
2.0275269
2.0107727
1.9557037
2.130478
2.4034271
2.6775513
2.57341
2.2992706
1.723465
0.7980957
0.29052734
0.6053772
1.2039185
1.3667297
1.0016174
0.7107239
0.7969055
1.1752014
1.5151672
1.6935425
1.7952881
1.818039
1.9090118
2.1065369
2.210678
2.131668
1.9724579
1.7126923
1.4984131
1.4577026
1.221878
0.77175903
0.6999512
0.9333801
1.2601776
1.0363312
0.35038757
-0.15480042
-0.2972412
-0.114089966
0.24743652
0.4964447
0.66163635
1.0626678
1.6588287
2.202301
2.5626373
2.743393
2.5626373
2.4321442
2.4608765
2.2837067
2.1209106
2.241806
2.4297485
2.5889587
2.641632
2.284912
1.9916229
1.8096619
1.6121368
1.0662537
0.411438
0.18997192
0.67359924
1.3212433
1.5127716
1.197937
0.73106384
0.7454376
1.1632233
1.5199585
1.5905762
1.4876404
1.4840393
1.5151672
1.4852448
1.3200378
1.2099152
1.371521
1.5043945
1.5139618
1.4720764
1.4493256
1.6372681
1.7797241
1.7126923
1.3535614
0.44615173
-0.6767273
-1.3207703
-0.62405396
0.4030609
0.84599304
0.4437561
0.35757446
0.6412811
1.0075989
1.3786926
1.6205139
1.668396
1.7617645
1.8898621
2.0430908
1.9533081
1.6324921
1.5151672
1.6264954
1.8240204
2.0227356
2.2872925
2.4345398
2.1089325
1.8048706
2.0311127
1.6959229
0.83522034
0.48565674
0.49882507
0.6352997
0.2833557
0.15765381
0.5910034
1.355957
1.886261
2.059845
1.9102173
1.6995239
1.6193085
1.6624146
1.7306519
1.8168335
1.8683167
1.8742981
1.881485
1.7198792
1.450531
1.3499603
1.6468506
2.423767
2.8954315
3.0366821
3.122879
2.4572906
1.7426147
0.6352997
-0.43971252
-0.14163208
1.332016
3.0366821
4.0865326
3.6495972
2.7146606
2.210678
2.3806763
2.7110748
2.600937
1.9664764
1.411026
1.257782
1.4828491
1.8132477
1.94133
1.6779785
1.3212433
1.411026
1.7761383
1.4876404
0.89508057
0.71191406
0.8926697
1.2147064
1.2350464
0.8232422
0.94654846
1.9987946
2.9002075
3.1875153
2.9217682
2.3639069
1.8671265
1.6085358
1.5355225
1.4936218
1.2901154
0.98724365
0.78015137
0.72628784
0.9142151
1.9221802
2.9277496
2.087387
0.99443054
0.5946045
0.20195007
1.0028076
2.7685394
3.8471222
3.9189453
3.7453766
3.5011597
2.9313354
2.186737
1.7055054
1.4361572
1.142868
1.0063934
1.2254639
1.4577026
1.4373627
1.2518158
1.4229889
1.9509125
2.4381256
2.6165009
2.039505
1.3128662
1.1273041
1.2601776
1.5821991
1.3463745
0.84239197
1.0147858
1.9676819
3.3467407
3.81839
2.6548157
1.431366
0.822052
0.9824524
1.7677612
2.3567352
2.202301
1.6983185
1.2565918
1.1129456
1.2853241
1.4912262
1.490036
1.4541168
1.3775024
1.5570679
1.7138824
1.7785339
1.7689514
1.5941772
1.0722351
0.5012207
0.7681732
1.7521973
2.683548
3.2258148
3.0726013
2.5087585
2.044281
1.8096466
1.6887512
1.4768677
1.1404724
0.866333
0.79211426
0.98724365
1.2673645
1.2984924
1.2541962
1.292511
1.4565125
1.3463745
0.866333
0.60058594
1.0842133
1.5917816
2.008377
1.5965729
1.1727905
1.391861
2.1256866
2.9756317
3.2126617
2.1951294
1.2003326
1.1117401
1.7940826
2.530304
2.67276
2.272934
1.9688721
1.7689514
1.7055054
1.7114868
1.5774231
1.4517212
1.6037445
1.6300812
1.7426147
2.0107727
1.8958435
1.4696808
1.1464539
1.0327454
1.4888306
2.1951141
2.7721252
2.8283844
2.2765198
2.1161041
2.3315887
2.367508
1.9509125
1.376297
1.0028076
1.1416779
1.4433441
1.4852448
1.5079803
1.8323975
1.7330475
0.7621918
0.30010986
0.79571533
1.6264954
2.205902
2.2190704
1.8707123
2.0838013
2.6153107
2.9026031
2.7505798
2.281311
1.6217041
1.2984924
1.747406
2.2717438
2.5123596
2.533905
2.1328735
1.6492462
1.6971283
2.17836
2.6763458
2.9924011
2.9696503
2.775711
2.0227356
1.5810089
1.8323975
2.281311
1.9090118
0.585022
0.01878357
0.9202118
2.2130737
2.8846588
2.657196
2.0131683
1.8611298
2.2549744
2.5315094
2.3579254
1.8527527
1.5223541
1.7019196
2.0215454
2.142456
1.7462158
0.60298157
-0.41577148
-0.55822754
-0.41577148
-0.16796875
0.16603088
0.5048218
1.529541
2.0849915
1.9880219
1.8910522
1.905426
2.0263214
1.9880219
1.6121368
1.1763916
1.0016174
1.0183716
1.0530853
1.1931458
1.628891
1.9688721
1.6827545
0.97528076
0.5550995
0.22947693
0.27856445
0.6855774
0.74542236
0.38630676
0.30969238
0.99082947
1.1452637
1.1332855
1.6959381
2.5482635
2.9911957
2.6703796
1.6743774
0.8124695
0.58262634
0.8651428
1.253006
1.4936218
1.5606537
2.1077423
3.0390778
3.411377
2.8810577
2.0885773
1.6001587
1.2494202
0.65444946
0.19955444
0.7358551
1.6696014
2.1328735
1.8443604
1.1333008
0.8747101
1.2637787
1.8802795
2.2789154
2.1795654
1.7725525
1.549881
1.6779785
2.0921783
2.5279083
2.6536102
2.2777252
1.4864349
1.1500549
1.4565125
1.7210693
2.1999054
2.4920044
1.9664764
1.4589081
1.7426147
1.3751068
0.53474426
0.7214813
1.6648102
2.250183
2.4189758
2.3722992
2.166397
1.8611298
1.7330322
1.6827545
1.5032043
1.2709656
1.3679199
1.6157227
1.9353485
2.264557
1.9976044
2.0586548
2.9265442
2.6619873
1.4361572
0.9094391
1.4924316
2.4321442
3.5550232
3.6531982
2.565033
1.5486908
1.6013489
2.4058075
2.870285
2.4764404
1.6636047
1.1285095
1.2625732
1.9269714
2.4501038
2.633255
2.430954
1.8312073
1.549881
1.8635254
2.3256073
2.3256073
1.5223541
0.90823364
1.1955414
2.4165802
2.5267181
1.84198
1.7294464
2.399826
3.0342865
3.198288
3.119278
2.9480896
2.8439484
2.7326202
2.4285583
2.2861023
2.233429
2.0574493
1.8862762
1.9389343
2.2274475
2.4189758
2.5195312
2.897812
2.8607178
1.9377441
1.1859589
1.094986
1.6755829
2.0658264
2.2142792
3.0163422
3.4460907
2.7793121
1.7797241
1.0698395
0.94773865
1.4565125
1.9892273
1.9497223
1.7964783
1.9533081
2.1747742
2.2669373
2.1053467
1.6408691
0.9094391
0.69755554
1.1117401
1.7126923
0.921402
-1.0167084
-2.0821228
-1.4309082
0.2402649
1.5031891
1.6600189
1.2937012
1.2661743
1.6025543
1.7833252
1.6492462
1.3691254
1.0698395
0.901062
1.118927
1.4241943
1.3379974
1.173996
1.1249084
1.0219574
1.2242737
1.8551483
2.0155487
1.273346
0.901062
0.9621124
1.4026337
1.989212
2.1879425
2.1412506
2.0011902
1.7641602
1.6109314
1.7270508
1.8742981
2.0945587
2.269333
2.3710938
2.2442017
1.8683167
1.2015228
0.52516174
0.4832611
0.8938751
1.1081543
1.5019989
1.8707123
1.8156433
1.3092651
0.60417175
0.2450409
0.31687927
0.44735718
0.37193298
0.22470093
0.35038757
0.7609863
1.0698395
1.197937
1.4050293
1.5546722
1.5666504
1.4876251
1.6217194
1.8719025
2.173584
2.3890533
2.1340637
1.7330475
1.6827545
1.9042206
1.8886566
1.6420593
1.3846893
1.253006
1.2087097
1.3511658
1.68396
1.8934479
1.7438202
1.4756622
1.4217987
1.6791687
2.17836
2.5207367
2.5746002
2.4896088
2.4656677
2.6691742
2.7206573
2.557846
2.0981598
1.5438995
1.2817383
1.0423126
0.57066345
0.20074463
0.22109985
0.68917847
0.7909241
-0.098526
-0.9879761
-0.94847107
-0.09375
0.60417175
0.960907
1.2697601
1.4972076
1.76297
1.8707123
1.7509918
1.6624146
1.7306519
1.9377441
2.1244965
2.1173096
2.0418854
2.1448517
2.4261627
2.7469788
2.8607178
2.549469
2.0107727
1.9066162
2.0143585
1.3906708
0.6772003
0.70951843
0.5048065
-0.4420929
-0.7198334
-0.10211182
0.3348236
0.28215027
0.036743164
-0.04824829
0.28694153
0.782547
0.95851135
0.56108093
0.10858154
0.1468811
0.47129822
0.727478
1.0039978
1.2889099
1.4361572
1.5199585
1.6001587
1.8300018
2.1651917
2.462082
2.604538
2.4141846
2.1256866
1.9760437
1.3439789
1.3631439
1.2063141
0.6197357
0.62571716
1.7964783
2.964859
2.9864044
2.2825012
1.7593689
1.229065
1.8060608
1.960495
0.9381714
0.5191803
0.5072174
0.9668884
1.6731873
2.0382996
2.166397
2.1951294
2.07901
1.9616852
2.2310333
2.565033
2.502777
2.5111542
2.6452332
2.5686188
1.5594635
0.708313
1.42659
2.533905
2.8403625
2.028717
1.2996979
1.3403931
1.7737427
2.3651123
2.6416473
2.169983
1.6731873
1.6396637
1.9640808
2.09935
1.7498016
1.3152618
1.3846893
1.3846893
1.1452637
1.0937958
0.8304291
0.72268677
-0.3403473
-1.8522797
-1.6212463
0.13490295
1.9568939
2.9073944
2.3722992
1.5546722
1.2709503
1.5810089
1.8276062
1.4648895
0.82803345
0.569458
0.7897186
1.1452637
1.2949066
1.1883698
1.0471039
1.1907501
1.52594
1.7007141
1.5474854
1.1093597
0.61135864
0.1253357
0.08343506
0.45213318
0.74902344
1.0961914
1.3894806
1.1093445
0.73106384
0.8735199
1.3775024
1.8084564
1.6636047
1.2661743
1.2422333
1.6061554
1.989212
2.0035858
1.7091064
1.4050446
1.3200378
1.3655243
1.2781372
1.0686493
0.6927643
0.41264343
0.7047272
1.3810883
1.6456451
1.5211487
1.2913055
0.82803345
0.32165527
0.15765381
0.7609863
1.4648895
1.9868317
1.7928925
1.2003326
0.8112793
0.79571533
1.0387268
1.1296997
0.8914795
0.45454407
0.11456299
0.09301758
0.41262817
0.8005066
0.9740753
0.7167053
0.25341797
0.05709839
0.26898193
0.5263672
0.43537903
0.4210205
0.6017761
0.6173401
0.88549805
1.3691254
1.68396
1.8228302
1.8994293
1.9389343
1.8072662
1.6516418
1.5965729
1.5690308
1.3751068
1.0435028
0.8256378
0.95732117
1.0267487
0.9501343
0.9680939
1.197937
1.470871
1.5570679
1.3679352
0.8304291
0.42341614
0.66522217
0.7861328
0.8878937
1.2889099
1.7438202
2.367508
2.57341
1.9664764
1.3547668
0.9309845
0.8232422
0.97647095
1.1153412
1.2565918
1.2350464
1.0255585
0.79211426
0.88908386
1.2111053
1.2649689
1.0997772
0.687973
0.1073761
-0.25654602
0.11695862
0.6700134
1.0854034
1.589386
1.3176422
1.0052032
1.0542908
1.2673645
1.8120575
1.7677612
1.0483093
0.6927643
0.9704895
1.5953827
2.304062
2.6236877
2.343567
2.1448364
2.0778046
1.6037598
1.0602722
0.73825073
1.4122162
1.7545929
1.6324768
1.5762177
1.6468506
2.083786
2.2250519
1.1895599
0.2737732
0.27496338
0.984848
1.7665558
2.126892
1.9533081
1.723465
1.7114868
1.8156433
1.8443756
1.6229095
1.1703949
0.72029114
0.8304291
1.3260345
1.4960175
1.1763916
0.71191406
0.44256592
0.5766449
0.8196564
1.5415039
1.9545135
1.7689514
1.3547516
0.7466278
0.5383301
0.9896393
1.5211487
1.8850708
1.9856262
1.8276062
1.6863556
1.7821198
1.9485168
1.747406
1.4098206
0.9669037
0.42700195
0.48088074
0.95732117
1.3212433
2.107727
2.6464386
2.0287323
1.4325714
1.0806274
0.019989014
-0.51272583
0.28215027
1.4062347
2.2011108
2.2861023
1.925766
1.8036652
2.134079
2.3543396
1.8731079
1.2099152
0.9118347
1.0315399
1.1404724
1.1009674
1.0075989
1.019577
1.1057587
1.3296204
1.7019196
1.7665558
1.5450897
1.8742981
2.1448517
1.6097412
1.3451843
1.7150879
2.3064575
2.3136292
1.5690308
0.8747101
0.9190216
1.4541168
2.015564
2.0263367
1.6300964
1.5845947
1.7246552
1.6695862
1.360733
1.2338562
1.450531
1.6815643
1.8491516
2.0861816
1.9269714
1.4170074
1.3499756
1.5534668
0.7849426
-0.4492798
-0.30444336
0.7107239
1.7126923
2.0682373
1.6504364
1.3236389
1.4457397
1.8371887
1.865921
1.2625732
0.88908386
0.9896393
1.4038391
1.7617798
1.8336029
1.7928925
1.8060608
1.8096619
1.707901
1.7306519
1.8132477
1.6887512
1.7414246
1.6396637
1.549881
1.4541168
0.956131
0.79571533
1.4445496
2.2765198
2.609314
2.1460419
1.6300964
1.5546722
1.8898621
2.2082825
2.4022217
2.7134705
2.7577667
2.2825165
1.7749329
1.897049
2.0646362
2.0933685
1.9832306
2.0562592
2.1927185
2.384262
2.5841827
3.1300507
3.438919
3.0702057
2.5051727
2.245407
2.0347137
2.1436462
2.5506592
2.9708405
3.0666199
2.75177
2.3818665
2.193924
2.1436462
2.0861816
1.9509125
1.8192291
1.9485168
2.260971
2.5291138
2.75177
2.8439484
2.7445831
2.688324
2.5075684
2.384262
2.648819
2.7721252
2.918167
2.9457092
2.344757
1.7438202
2.1592102
2.8571167
2.9923859
2.5530548
2.047882
1.9197845
2.2190704
2.691925
3.0498505
3.0869598
3.0378876
3.1013184
3.2569427
3.3239899
2.696701
2.173584
2.3339844
2.6021423
2.964859
2.5350952
1.7258606
1.5953827
1.7366333
1.9365387
2.1173096
2.1496277
2.4105988
2.8726807
3.292862
3.3108215
3.1683655
2.918167
2.4118042
2.2465973
2.4201813
2.6344604
2.5446777
2.423767
2.4129944
2.3339844
2.1436462
1.944931
1.7354431
1.4876404
1.1644287
0.9968262
1.5008087
2.0418854
2.1376648
1.8790894
1.6109314
1.4577026
1.5379181
1.7581787
1.9736633
2.2190552
2.387848
2.4417267
2.375885
2.1197052
1.8240204
1.6061554
1.5223541
1.3499756
0.84599304
0.3132782
0.04751587
0.11695862
0.5095978
0.6748047
0.3455963
0.25701904
0.59458923
0.984848
1.1093445
0.8148651
0.3240509
-0.044662476
0.17800903
0.7334595
1.229065
1.4936218
1.6025543
1.7509918
1.8048706
1.9269714
1.810852
1.5235443
1.510376
1.7545929
1.9161987
1.7677612
1.5570679
1.4421539
1.4840546
1.8766937
1.8742981
1.0291443
0.44256592
0.7621918
1.3487701
1.4816437
1.2589874
1.0231628
0.77656555
0.63290405
0.73825073
1.1045685
1.3966522
1.5606537
1.5379181
1.5235443
1.6276855
1.3906708
1.229065
1.3391876
1.42659
1.3068695
1.1021729
0.9130249
0.7610016
0.7717743
0.6855774
0.08822632
-0.37626648
-0.08656311
0.65444946
1.2158966
1.118927
0.6125641
0.37911987
0.45932007
0.5778351
0.8124695
1.1261139
1.466095
1.7581787
2.011963
2.3148346
2.3746948
2.2944794
2.3555298
2.3890533
2.2789154
2.173584
2.1903381
1.9772491
1.7845154
1.6731873
1.26857
0.8196564
0.8256378
1.2494202
1.6672058
1.5391083
1.1201324
1.173996
1.5379181
1.7354431
1.8204346
2.0143585
2.2669525
2.4381256
2.57341
2.7218475
2.720642
2.600937
2.664383
2.7541656
2.6667786
2.5350952
2.3220215
2.2070923
2.304062
2.5518646
2.530304
1.644455
0.76937866
0.61494446
1.2111053
1.9150085
1.8707123
1.3427887
1.0039978
0.9633026
1.2601776
1.4229889
1.5618591
1.8216248
2.0275269
2.1077423
2.02034
2.0969543
2.063446
1.8599396
1.9904175
2.0718231
2.0742188
1.9042206
2.008377
2.2370148
2.5326996
2.533905
1.9281616
0.9716797
0.2953186
0.40664673
1.0614624
1.5019989
1.5151672
1.2158966
1.1273041
1.2482147
1.3775024
1.4984131
1.6492462
1.7366333
1.7761383
1.8587341
2.011963
2.1831512
2.083786
1.6863556
1.26857
0.921402
0.94773865
1.1931458
1.6097412
1.7964783
1.6803589
1.3296204
0.5371399
-0.18113708
-0.14163208
0.44735718
1.1560364
1.4194031
1.1368866
0.65205383
0.3491974
0.5383301
1.1009674
1.5079956
1.7198639
1.707901
1.5762177
1.4636841
1.6516418
2.0071716
2.2908936
2.41539
2.470459
2.3651123
2.264557
2.328003
2.289688
1.7701569
1.0866089
0.66882324
0.26419067
0.041534424
0.39826965
1.0303497
1.3427887
1.0925903
0.83761597
0.980072
1.395462
1.7677612
1.9485168
1.786911
1.6109314
1.6552277
1.9030304
2.0562592
1.9557037
1.6612244
1.3092651
1.1967316
1.4493256
1.7150879
1.6264954
1.4648895
1.3930664
1.371521
0.78134155
-0.18113708
-0.7940521
-0.5211029
0.18159485
0.7897186
0.89746094
0.7178955
0.60058594
0.6125488
0.89746094
1.173996
1.3679199
1.4277802
1.3308105
1.3224335
1.371521
1.3810883
1.3619385
1.4481354
1.6815643
1.9245758
2.0574493
1.9485168
1.6779785
1.6372681
1.6073456
1.5594635
0.9166107
0.14329529
-0.092544556
0.42460632
1.2027283
1.4445496
0.921402
0.47608948
0.39826965
0.68318176
1.1165314
1.4672852
1.6396637
1.7342377
1.9592896
2.0466766
1.9700623
2.0299225
2.0825958
1.9473267
1.7653656
1.6803741
1.8312073
2.1460419
2.217865
1.9880219
1.7833252
1.8156433
1.5391083
0.6987457
-0.075790405
0.16723633
1.0435028
1.652832
1.6755829
1.5929871
1.7881012
2.1903229
2.4764404
2.5757904
2.3555298
2.1005554
2.059845
2.217865
2.4453125
2.4812317
2.3303833
2.3196259
2.4692535
2.7242432
2.8750763
2.6907196
2.588974
2.4177856
2.0682373
1.9976044
1.8383942
1.5558624
1.6253052
1.8240204
2.1077423
1.0710449
0.6963501
1.1883545
1.6061401
1.8563385
1.8886566
1.7557831
1.6887512
1.9090118
2.1340637
2.1460419
1.9221802
1.7055054
1.7007141
1.6037598
1.4565125
1.3822937
1.1775818
0.9237976
0.81126404
0.8076782
1.1249237
0.80288696
-0.082977295
-0.8730469
-0.91734314
-0.18711853
0.62931824
1.0806274
1.1608276
1.1895599
1.2039185
1.355957
1.5438995
1.6420593
1.6193085
1.3679199
1.1009674
1.142868
1.1799774
1.1356964
1.1476593
1.2278595
1.4062347
1.6827698
1.9401398
1.8132477
1.2984924
0.89985657
0.8471832
0.47010803
0.47846985
0.60058594
0.34320068
-0.049453735
-0.14401245
0.04512024
0.29052734
0.77056885
1.3583527
1.7342377
1.7115021
1.411026
1.0267487
0.8112793
0.76338196
0.7861328
0.9381714
0.97528076
0.743042
0.5503082
0.50242615
0.5778351
0.72029114
0.945343
0.4677124
-0.41098022
-0.940094
-0.46484375
0.35636902
0.74902344
0.6987457
0.6424866
0.7969055
1.1117401
1.4086304
1.7557831
2.023941
1.9712677
1.5355225
1.2206726
1.2182922
1.2470093
1.2302551
1.2781372
1.4014435
1.7162781
2.0813904
2.1915283
2.0023956
1.5642548
1.0219727
0.4174347
-0.094940186
-0.13804626
0.012802124
0.06906128
0.08822632
0.16365051
0.50720215
1.0195618
1.4385529
1.7725525
1.897049
1.7402344
1.5391083
1.3978577
1.2984924
1.312851
1.3463745
1.1320953
0.8842926
0.7957001
0.921402
1.1225281
1.3116608
1.5594635
1.944931
1.7485962
0.79211426
-0.31880188
-0.6851196
0.06907654
0.99324036
1.213501
0.99801636
0.81726074
0.9561157
1.3703156
1.7294464
1.9185944
1.9353485
1.9090118
1.8551483
1.7294464
1.6300964
1.6217041
1.76297
1.8563385
1.8096619
1.7019196
1.8539429
1.9544983
1.9544983
1.7282562
1.2087097
0.5095978
0.40545654
0.8304291
0.80049133
0.5048218
0.42939758
0.4796753
0.6891632
1.0315399
1.3679199
1.6719971
1.8695068
1.850357
1.7342377
1.6264954
1.5391083
1.5019989
1.5666504
1.7354431
1.8563385
1.8216248
1.5941772
1.2937012
1.1692047
1.3798981
1.1380768
0.5108032
-0.073394775
0.084625244
0.7765503
1.2087097
1.3356018
1.2829285
1.3379974
1.5762177
1.7773285
1.8455658
1.905426
1.9987946
1.9999847
2.0071716
1.9030304
1.8216248
1.802475
1.905426
2.1017456
2.245407
2.2370148
2.055069
1.9700623
1.8060608
1.771347
1.747406
1.60495
1.3511658
1.1021729
1.0016174
0.87831116
0.85076904
1.0171661
1.0722351
1.0626678
1.1536407
1.316452
1.4852448
1.6791687
1.8958435
1.944931
1.8671112
1.9078217
2.0574493
2.3016663
2.4177856
2.3890533
2.202301
1.9149933
1.7797241
1.9329529
2.0562592
2.1807556
1.9868317
1.5402985
0.9537201
0.85676575
1.2158966
1.4732666
1.4624939
1.3487701
1.510376
1.989212
2.3782806
2.6859283
2.9768372
3.1156921
2.9983826
2.8092346
2.6440277
2.4524994
2.2932892
2.1376648
2.288498
2.5350952
2.6069183
2.6296692
2.7745209
2.8044434
2.644043
2.3579254
1.6612091
1.0710449
0.78492737
1.0518951
1.3463745
1.3547668
1.2254639
1.2386322
1.3379974
1.5367126
1.8072662
2.131668
2.3471527
2.3507538
2.209488
2.0802002
1.944931
1.7665558
1.7450104
1.9221802
2.1496277
2.2322235
1.9796448
1.5379028
1.4517212
1.5067902
1.6348877
1.2913055
0.7574005
0.40187073
0.6748047
1.2326508
1.6552277
1.7390289
1.4768677
1.1273041
0.9585266
1.2314606
1.7557831
2.1592102
2.4381256
2.5267181
2.391449
2.2872925
2.3507385
2.463272
2.59375
2.6536102
2.6416473
2.5003815
2.17836
1.850357
1.9030304
1.9521027
1.8826752
1.5702362
1.0375214
0.42939758
0.2618103
0.43777466
0.64367676
0.9202118
1.0914001
1.2122955
1.3595428
1.6588135
2.0
2.2154694
2.126892
1.9161987
1.8695068
1.9425354
2.0538635
2.1496277
2.3267975
2.5470734
2.561432
2.4764404
2.396225
2.383072
2.3555298
2.1999054
2.4082031
2.5793915
1.8563385
0.3300476
-0.7186279
-0.63124084
0.26898193
1.3667297
1.8946533
1.0734406
0.2833557
0.08224487
0.14927673
0.06427002
-0.08177185
0.09899902
0.66882324
0.9669037
1.0171661
0.9704895
0.87112427
0.782547
0.5227661
0.64486694
0.84957886
1.0818176
0.9118347
0.9633026
1.3284302
1.8012695
1.3966522
1.2829285
1.4241791
1.4134064
1.4014435
1.2937012
1.4014435
1.5570679
1.7593842
1.6947327
1.387085
1.0099945
0.98365784
1.1380768
1.3990479
1.6240997
1.6360779
1.6815643
1.7833099
1.8671112
1.9365387
1.9341583
1.7761383
1.6264954
1.6755829
1.7725372
1.8120422
1.8407745
1.8371887
1.7366333
1.6264954
1.5331268
1.6109314
1.7545929
1.7928925
1.8084564
1.8336029
1.8874664
1.9090118
1.8850708
1.8443756
1.8120422
1.8754883
1.944931
1.8886719
1.8240204
1.86232
1.8826752
1.8216248
1.7940979
1.8096619
1.8443756
1.9305573
2.0011902
2.007187
1.9880219
1.9580994
1.9353485
1.8671112
1.8527527
1.9281616
1.9772491
1.9568939
1.8958435
1.8599243
1.8168335
1.8288116
1.9030304
1.9425354
1.9880219
1.9305573
1.901825
1.905426
1.9221802
1.9940033
2.0023956
1.8731079
1.7258606
1.6815643
1.7797241
1.9066162
1.9521027
1.9329529
1.9149933
1.8802795
1.8623352
1.8359833
1.7450104
1.6552277
1.5941772
1.6624146
1.8000793
1.8491516
1.8359985
1.7893066
1.76297
1.8012848
1.8539581
1.8946533
1.8611298
1.7701416
1.6899414
1.7150879
1.8096619
1.8467712
1.8168335
1.8036652
1.7904968
1.8347931
1.8144531
1.7174835
1.7162781
1.7138824
1.7019196
1.6947327
1.7007141
1.7509918
1.7976837
1.7462158
1.6205139
1.5426941
1.5702362
1.5989685
1.5714264
1.5438995
1.558258
1.6492462
1.7438202
1.8000793
1.771347
1.6851501
1.6624146
1.7282562
1.7641602
1.6648102
1.5917816
1.589386
1.6037598
1.5774078
1.5594635
1.60495
1.6779785
1.6947327
1.6779785
1.6432648
1.6456451
1.6360779
1.6360779
1.6707916
1.6911469
1.6911469
1.6899414
1.6588135
1.6157227
1.6169128
1.6420593
1.7067108
1.7126923
1.5702362
1.4445343
1.553482
1.7677612
1.8515472
1.7785339
1.6935272
1.7090912
1.7545929
1.8252106
1.8766937
1.7976837
1.7282562
1.7498016
1.8072662
1.8096619
1.7749329
1.7150879
1.7162781
1.7665558
1.8168335
1.8443756
1.8168335
1.7569885
1.6995239
1.6372681
1.6253052
1.7282562
1.8754883
1.9329529
1.8000793
1.6707916
1.7198792
1.8551483
1.8587341
1.7952881
1.7426147
1.68396
1.68396
1.76297
1.8491669
1.8312073
1.7797241
1.7857208
1.7665558
1.723465
1.6336823
1.6157227
1.6576233
1.731842
1.7773285
1.7857208
1.7761383
1.7509918
1.7126923
1.7043152
1.7306519
1.7438049
1.6935272
1.5690308
1.534317
1.6169281
1.731842
1.7952881
1.7917023
1.7533875
1.668396
1.6360779
1.6624146
1.6552277
1.644455
1.6588135
1.6911469
1.7414246
1.7402191
1.7282562
1.7210693
1.7462158
1.7378235
1.7246552
1.771347
1.8192291
1.7845154
1.6935272
1.6109314
1.6600189
1.7928925
1.8228302
1.7306519
1.6636047
1.7426147
1.8730927
1.9102173
1.8323975
1.7545929
1.7294464
1.7294464
1.731842
1.7498016
1.723465
1.7426147
1.8347931
1.8671112
1.7988739
1.7366333
1.7102966
1.7498016
1.7450104
1.7354279
1.7486115
1.8072662
1.881485
1.8563385
1.747406
1.6911469
1.8096466
1.8647156
1.7545929
1.5810089
1.6600189
1.9126129
2.0107727
1.9030304
1.7593842
1.692337
1.6947327
1.7090912
1.7055054
1.7150879
1.7988739
1.850357
1.818039
1.7414246
1.7031097
1.692337
1.6887512
1.6899414
1.7282562
1.7174835
1.747406
1.7893066
1.7737427
1.7019196
1.6899414
1.7928925
1.850357
1.7809296
1.6731873
1.723465
1.897049
1.960495
1.9257812
1.8407898
1.7581787
1.7282562
1.7857056
1.8647156
1.9257812
1.9580994
1.9928131
1.9999847
1.9832306
1.9832306
1.9664764
1.9341583
2.0023804
2.035904
2.035904
2.063446
2.154419
2.2406158
2.1759644
2.0490723
2.031128
2.07901
2.0730133
2.068222
2.202301
2.0275269
1.3631287
2.008377
2.3256073
2.2046967
1.9856262
1.7809296
1.8563385
1.9401398
