8.022491
8.3936
9.728363
10.203613
9.798996
8.792236
8.285858
8.707245
9.33931
9.530838
9.503311
9.308182
8.982574
8.74675
8.682098
9.317764
10.028839
9.998917
9.6002655
9.377609
9.277054
9.092697
9.053192
9.208817
9.281845
9.1250305
9.192062
9.376419
9.503311
9.538025
9.494934
9.590698
9.743927
9.684067
9.3979645
9.128616
9.147766
9.196854
9.091507
8.938278
9.052002
9.311768
9.55838
9.605072
9.372833
9.152557
9.384796
9.722382
9.743927
9.607452
9.436279
9.372818
9.527252
9.664917
9.567947
9.366837
9.3033905
9.318954
9.409927
9.443451
9.390778
9.356064
9.314163
9.254303
9.28064
9.413528
9.579926
9.55957
9.310577
9.186081
9.403946
9.681686
9.625412
9.481766
9.541611
9.705612
9.640976
9.4769745
9.425507
9.360855
9.216003
9.133408
9.241135
9.444656
9.49733
9.528442
9.548798
9.454224
9.273468
9.237549
9.412323
9.459015
9.431488
9.3979645
9.468597
9.536835
9.494934
9.459015
9.619431
9.5559845
9.308182
9.171707
9.293823
9.582321
9.708008
9.455429
9.047211
8.958633
9.113052
9.3022
9.33931
9.352478
9.456619
9.391983
9.287827
9.375214
9.4769745
9.395569
9.271072
9.212418
9.328537
9.606262
9.672104
9.611053
9.606262
9.620621
9.545212
9.206421
8.977783
9.040039
9.3022
9.514084
9.449432
9.335724
9.351273
9.442261
9.518875
9.432678
9.217194
9.189667
9.360855
9.5164795
9.469788
9.32254
9.227982
9.24353
9.333313
9.426697
9.478165
9.469788
9.412323
9.41951
9.387192
9.441055
9.522461
9.365646
9.16214
9.384796
9.700821
9.7295685
9.544006
9.281845
9.190857
9.327332
9.425491
9.32016
9.229172
9.157349
9.192062
9.292618
9.378815
9.412323
9.390778
9.424301
9.576324
9.672104
9.664917
9.699631
9.607452
9.406342
9.2986145
9.380005
9.615829
9.534439
9.297409
9.380005
9.67569
9.699631
9.5559845
9.389587
9.336914
9.338104
9.3776245
9.490143
9.612244
9.566757
9.291428
9.18129
9.293823
9.192062
8.957428
8.941864
9.074753
9.111862
9.073547
9.109467
9.2603
9.351288
9.239944
9.237549
9.344086
9.289032
9.200439
9.3979645
9.687668
9.668503
9.399155
9.251923
9.283035
9.369232
9.372818
9.350082
9.243546
9.233963
9.323746
9.395569
9.317764
9.190872
9.150162
9.22319
9.448242
9.474579
9.237549
9.138199
9.2638855
9.370438
9.310577
9.236359
9.213608
9.304596
9.356064
9.40155
9.496124
9.662521
9.681686
9.30101
8.98497
9.1058655
9.326141
9.381195
9.275864
9.226776
9.256714
9.279449
9.280655
9.309372
9.279449
9.291428
9.305786
9.333328
9.5164795
9.5559845
9.268677
9.0855255
9.067566
9.22319
9.283035
9.239944
9.153763
9.329727
9.514084
9.625412
9.55838
9.287827
9.074753
8.999329
9.055588
9.054398
9.0855255
9.403946
9.597885
9.403946
9.127411
9.001724
8.964615
9.087921
9.183685
9.139389
9.2243805
9.415924
9.406342
9.174103
9.096298
8.980179
8.8329315
8.836517
8.980179
9.035248
9.172913
9.520065
9.442261
9.0065155
8.466629
8.294235
8.962219
9.97496
10.840469
10.699219
9.274673
8.791031
8.856873
9.047211
9.114258
9.253113
9.524857
9.925888
10.140167
10.275436
9.790604
9.000519
8.931091
9.196854
8.922714
8.406769
8.172134
8.0859375
7.9075775
7.956665
8.303818
8.968201
9.778641
10.137772
10.07074
10.106644
10.445419
11.263046
12.402695
13.299316
13.262207
12.106995
10.562744
9.915115
10.069534
10.111435
9.579926
8.852081
8.2990265
7.862091
7.463455
7.1007233
7.1569977
7.42395
7.720825
7.8249664
7.8333435
7.6238556
8.191284
9.716385
10.98053
11.431839
11.227142
10.378387
10.403519
12.414658
13.165237
11.630554
10.334106
10.635757
11.211578
10.808151
9.783432
8.877228
8.263123
7.723221
7.307831
6.988205
6.79068
6.8289795
6.957077
7.3341675
7.988983
8.710831
9.542816
9.737946
9.346497
9.431473
10.500504
12.068695
11.988495
10.656113
10.166504
11.898712
14.407837
14.97525
12.514023
9.396774
8.202057
9.409943
10.3185425
9.388397
7.340149
5.7420197
5.5552673
6.4327393
7.178543
7.4167633
7.621475
8.494156
9.284241
9.692444
9.977356
9.988129
9.819351
10.024048
10.551971
10.52803
10.470566
11.174454
11.623383
11.194809
10.665695
10.876389
11.424652
11.443802
10.569931
9.239944
7.95665
6.8397675
6.123886
6.023346
6.316635
6.77153
7.095932
7.4574585
8.206848
8.739563
8.871246
9.394379
10.875183
12.341629
12.856384
12.112991
11.503662
11.617386
12.654083
13.41185
12.625351
10.566345
8.497742
7.99736
9.456619
10.772247
9.95462
7.5592194
5.850952
5.5744324
6.0772095
6.885254
6.989395
7.0576324
7.4287415
8.823364
10.05397
10.653732
10.525635
10.257477
10.955383
11.782593
11.722733
11.266632
11.13736
10.642944
9.53923
8.720413
9.227982
11.042786
12.091446
11.186432
9.053207
7.0336914
6.2627563
6.45549
6.699692
6.5644226
6.3860626
6.8289795
7.925537
9.171722
10.279022
10.871597
10.775818
10.8572235
11.541977
12.000458
11.858002
11.970535
12.314102
12.101013
11.122986
9.644562
8.618652
8.279877
8.364868
8.673721
8.659348
8.2200165
7.518509
6.687729
6.1286774
6.289093
7.1486053
8.306213
9.407532
10.167694
10.3185425
10.13179
10.251495
10.7854
10.905121
9.81575
8.782654
9.614639
11.838852
12.889908
11.555145
9.455429
8.604294
9.353668
10.708786
11.042786
9.845688
7.9985504
6.7703247
6.3226166
6.4614716
6.8361664
7.1773376
7.411972
7.692093
8.229584
8.856873
9.619431
10.471756
10.94223
11.095459
11.307343
11.725128
12.112991
11.808929
11.014053
10.386765
10.177277
10.591476
10.414307
9.210022
8.387604
8.3517
8.557602
8.028488
7.0492554
6.0137634
5.475067
6.090378
7.5508423
8.695267
9.165726
9.380005
9.804977
10.202423
10.490921
10.750687
10.956589
10.428665
9.903137
10.793777
11.874771
11.205582
9.698441
8.955032
9.703232
11.304947
12.249466
11.650909
9.663727
7.352127
5.8760986
5.138687
5.111145
5.4654846
5.9359436
6.653015
7.76033
8.806595
9.511688
9.681671
9.810959
10.563934
11.620972
12.686401
12.764206
12.333252
12.358398
12.475708
12.201584
11.648514
11.225937
10.585495
9.613434
8.744354
8.154175
7.6537933
7.110306
6.4770355
5.8868713
5.683365
5.837784
6.624283
7.7268066
8.838913
9.757095
9.957016
9.534439
9.4219055
10.080307
10.830887
10.630981
10.044403
10.348465
11.569504
11.9513855
10.589081
8.90715
8.349304
9.448242
11.235519
11.879562
10.70639
8.816177
7.349716
6.608719
6.471054
6.574005
6.6745605
6.9858093
7.7699127
8.861664
9.810974
10.3077545
10.557953
11.255859
12.250656
12.545151
11.953766
11.519226
11.720337
11.787369
11.1098175
10.314941
9.444656
8.629425
8.129028
7.8644714
7.954254
7.933914
7.468231
6.7380066
6.0568542
6.067627
6.8684845
8.099106
9.341705
10.039612
10.154526
10.003693
10.007294
10.225159
10.544785
10.684845
10.217972
9.891174
10.414307
11.091858
10.688431
9.741531
9.1010895
9.692459
10.80336
11.551544
10.799774
9.108276
7.546051
6.459091
5.652237
5.2164917
5.443939
6.4123993
7.4095764
8.237976
8.831741
9.10228
9.229172
9.858841
11.102631
12.038773
12.253052
11.600632
11.309738
12.019608
12.463745
12.553513
12.339233
11.69281
10.744705
9.63739
8.594711
7.992569
7.877655
7.5364685
6.7894897
6.0185547
5.9108124
6.37648
7.2790985
8.461838
9.542816
10.080307
10.036026
9.682877
9.712799
10.386765
10.829697
10.2491
9.839691
10.466965
10.993698
10.476547
9.412323
8.53006
9.266281
10.958984
11.571899
10.671677
8.964615
7.439514
6.225647
5.629486
6.0496674
6.694916
7.2431793
7.985382
8.625839
8.656967
8.49176
8.777863
9.795395
10.800964
11.163681
11.010468
10.830902
11.416275
12.517609
13.119751
12.851593
11.346848
9.192062
7.6035156
7.592743
8.586334
8.78624
7.969818
6.9151764
6.261566
6.356125
7.257553
8.694077
9.663712
9.787018
9.4614105
9.548798
10.116226
10.583099
10.690826
10.613022
10.076721
9.775055
11.106232
12.749847
12.594223
10.944626
9.488953
9.374023
10.240723
10.817734
10.110245
8.358887
6.6853333
5.7408295
5.782715
6.4291534
7.190506
7.525696
7.9267273
8.695267
9.180084
9.41951
9.740341
10.371216
11.212769
11.727524
11.527603
11.0655365
10.925461
10.872787
10.744705
10.809341
11.184036
11.255859
10.385574
9.10228
8.205658
7.8884125
7.6621704
7.159378
6.644638
6.4566803
6.734421
7.5747833
8.583939
9.18129
9.217209
9.168121
9.292618
9.520065
10.076721
10.620209
10.1449585
9.65654
10.197632
11.1493225
10.949402
10.002502
9.5164795
10.016861
10.854843
10.964966
9.89595
8.368454
7.3197937
6.897217
6.9881897
7.070801
6.784683
7.340149
8.72998
9.585907
9.153763
7.5951233
7.0145416
8.320572
10.2108
11.185242
10.32692
9.7343445
11.318115
13.642883
14.234253
12.929413
10.788986
9.761887
9.907928
10.063553
9.451843
8.374435
7.209671
6.3022614
5.7839203
5.612732
5.7922974
6.6853333
7.9710236
8.8484955
9.056793
9.65654
10.232346
10.536407
11.005676
11.12059
9.915115
8.860458
10.117416
11.95018
11.630554
9.742737
8.9670105
9.506897
10.316132
10.420288
9.542816
8.306213
7.5927277
7.6346283
7.6466064
7.0492554
7.012146
7.2036743
7.8213806
8.601883
9.328537
8.981369
8.394791
8.716812
9.594284
10.526825
11.127777
10.54599
9.24234
9.030457
10.793777
13.226288
14.325226
13.085037
10.695618
9.038834
8.666534
9.178894
8.987366
7.6621704
6.3273926
6.2005157
6.8601074
7.28389
7.408386
7.755539
8.191284
8.898773
9.901947
10.7052
10.84166
10.640564
10.772232
10.517258
10.439438
10.878769
11.160095
10.717163
9.778641
9.820541
10.769836
11.07869
10.203613
8.820969
7.830963
7.410782
7.332962
7.4526825
7.7567444
8.027283
7.8165894
7.704071
8.024887
8.324158
8.770691
9.873215
11.346848
12.597809
12.846817
11.5755005
10.375992
10.32811
11.848434
13.605774
13.798508
12.376343
10.439438
8.515701
7.3940125
7.506546
7.9422913
7.76033
7.269516
7.2240295
7.4431
7.5795593
7.4957733
7.404785
7.467041
7.933914
9.00412
10.062363
10.907501
11.735901
10.988907
10.059967
12.193192
15.0195465
15.480438
13.251434
10.86322
9.492538
8.792236
8.265503
7.807022
7.537674
7.5436554
7.866867
8.35051
8.611465
8.281067
8.03447
7.941101
7.7292023
7.716034
8.241562
9.132202
10.346069
11.564713
12.002853
11.071518
10.222763
10.64415
11.709564
12.291367
11.412689
10.0659485
9.326141
9.216003
9.496124
9.360855
7.85968
6.6578064
7.044464
7.834549
7.750763
7.3533173
8.01532
9.18129
9.365646
8.92392
8.5563965
8.448654
8.82576
9.469788
10.455002
11.085876
11.313324
12.078278
13.507614
13.356781
11.172058
8.88681
8.240372
9.189667
10.200027
10.40831
9.706818
8.558792
7.6274567
7.123474
6.9247437
6.9079895
7.0468597
7.241989
7.5664062
8.518097
9.737946
10.253891
10.098267
10.338882
11.314529
12.412262
11.734711
10.501694
11.154114
12.948563
13.261017
11.51683
9.4614105
8.909546
9.493729
9.881592
9.593094
8.515701
7.1306458
6.0053864
5.6067505
6.155014
7.00856
7.720825
8.49295
9.41951
9.883987
9.619431
9.014893
8.709625
8.874832
9.305786
9.362045
9.919891
11.867584
13.871536
13.322067
10.857239
9.605057
10.174881
11.112213
11.362396
10.756668
9.508102
8.084747
6.9307404
6.340561
6.261551
6.3812714
6.515335
6.8828583
7.4969635
8.385208
9.649353
10.432251
10.641754
11.130173
11.909485
12.123764
11.77301
11.977722
12.372757
12.229111
11.591049
11.166077
10.8524475
10.311356
9.662521
9.153763
8.545624
7.6310425
6.759552
6.1813507
6.2759247
6.85054
7.367676
8.136215
8.763504
9.08313
9.283051
9.348892
9.474579
9.642166
9.664917
9.376419
9.333313
10.237137
11.714355
12.595428
11.452194
9.463806
8.782654
9.054398
9.414719
9.570343
9.172913
8.340927
7.668152
7.637024
7.954254
8.048828
7.834549
7.8764496
8.367264
9.7140045
10.875183
10.670486
10.028839
9.965393
10.58429
10.717178
10.143753
9.597885
9.462601
10.896744
12.859985
12.16806
10.095871
8.666534
9.172913
10.30896
10.202408
8.9670105
7.8525085
7.3832397
7.4371185
7.42395
7.0983276
6.941513
7.329376
8.11348
8.603088
8.336136
7.7495575
7.42395
7.2276154
7.336548
8.066788
8.956238
9.425507
8.740753
9.785828
12.595428
13.298126
13.086227
13.745834
13.883499
12.855194
11.605408
10.359238
9.262695
8.357681
7.352127
6.2866974
5.652237
5.6354675
6.2519836
7.250366
7.7938538
7.9075775
8.288254
8.823349
9.18129
8.764694
8.0464325
8.4570465
10.092285
11.883148
11.774216
9.810959
10.523239
13.547119
15.3954315
13.684784
10.07193
7.379654
6.876877
8.091934
9.109467
8.847305
7.830963
6.819412
6.2639465
6.605133
7.841736
8.866455
8.515701
7.984192
8.4175415
9.704422
10.366409
10.25029
10.507675
11.682037
12.845612
12.085449
10.6549225
11.599442
13.988846
14.373108
12.132141
8.816177
6.320221
5.015381
4.8011017
4.956726
4.7532043
4.538925
5.24881
6.9307404
8.993347
10.488525
11.27742
11.435425
10.6944275
10.543594
12.136932
12.549927
13.379517
15.847946
16.482407
13.537537
9.925888
8.478592
8.118271
7.483795
6.641037
5.890457
5.443939
5.7659607
6.694916
7.226425
7.015732
6.776306
7.553238
8.779068
9.629013
9.569153
8.969406
8.9670105
10.2287445
11.824493
12.630142
11.788574
10.737518
12.132141
14.195953
13.632111
10.202423
6.268738
3.8984833
4.778351
7.5759735
9.870819
10.585495
9.391983
7.507736
7.0827637
8.018906
8.994537
9.036438
8.41156
8.501343
9.646957
10.687241
10.46698
9.966583
10.771042
12.153687
12.276993
11.21756
11.598236
13.057495
12.846817
10.587891
8.151779
6.933136
7.1833344
8.312195
8.816177
8.167343
7.250366
7.0504456
7.4215546
7.668152
7.7136383
7.7962494
7.9782104
8.230789
8.271484
8.761108
9.924698
10.851242
11.673645
12.442184
12.5798645
11.794556
10.693222
11.660477
13.295731
12.895889
10.156921
7.5173187
6.727234
7.5675964
8.089539
7.629837
6.5787964
5.6630096
6.035309
7.4179535
8.874832
10.003693
10.532822
10.602249
10.720764
10.884766
10.842865
11.076294
10.903915
9.55838
8.476196
8.628235
10.668091
12.296143
11.728729
9.752304
8.020096
7.2156525
7.561615
8.13382
7.886017
6.953476
6.3812714
6.9223633
7.951874
8.637802
8.811386
8.972992
9.612244
10.196442
11.093063
12.931808
13.976883
13.726685
12.474518
10.76265
9.822937
10.119812
10.130585
9.401566
8.751526
8.513306
8.437897
8.368454
7.944687
7.0671997
6.400421
6.491394
7.071991
7.85849
8.416336
8.275085
8.170944
8.755127
9.283051
9.206436
9.405151
10.709991
12.502045
12.932999
10.793777
9.709213
11.125381
12.904282
12.748642
10.213196
7.4323273
6.257965
6.7942657
7.6873016
7.9123535
7.4143677
6.747574
6.739197
7.664566
8.5168915
8.375641
7.4299316
6.972641
7.9865875
10.306564
12.594223
12.979691
11.860397
11.662888
12.03038
11.898712
12.832443
13.086227
11.897507
9.763077
7.988983
7.6394196
7.6118927
7.6358337
7.475418
7.202484
7.162979
7.8010406
8.343323
7.9794006
7.459854
7.7292023
8.585129
10.05278
11.41748
12.251846
12.743851
12.954544
12.373962
12.197983
14.097778
14.953705
12.828857
9.311783
6.356125
5.3146515
6.5368958
8.209244
8.823349
8.118271
6.965454
6.3333893
6.3824615
6.439926
6.9067993
8.252335
9.358459
9.807373
9.708008
10.043198
11.874771
14.183975
14.370728
12.045959
9.602676
9.643372
11.763443
12.754639
11.383957
8.700058
6.621887
6.048477
6.3118286
6.61351
6.6458282
6.5560455
6.747589
7.1653748
7.376068
7.5963287
8.504929
10.156921
11.130173
10.391556
8.988556
9.548798
11.1888275
11.993286
13.140106
14.185165
13.67041
11.643723
9.703232
9.041229
9.029266
8.777863
8.25473
7.664566
7.728012
8.441483
8.697662
7.9746094
7.143814
6.8361664
6.759552
6.8720856
7.094742
7.894409
10.80455
13.616547
14.561066
13.6392975
11.140945
8.773071
8.731186
11.571899
13.204742
11.934616
8.850891
6.5835876
6.348938
7.166565
7.8632812
8.087143
7.791458
7.246765
6.8888397
6.8828583
7.5125275
8.361282
8.837723
9.007706
9.245926
10.270645
12.521194
14.227066
13.375931
12.184814
12.830048
13.2526245
12.164459
10.791397
9.654144
8.586334
8.073975
7.791458
7.569992
7.3940125
7.0624237
7.0779877
7.3616943
7.8213806
7.9087677
7.6801147
7.546051
7.408386
7.6166687
7.70047
9.49852
11.271423
11.21875
10.3293
10.07312
10.42627
10.48613
10.455002
10.490921
11.558731
12.294952
11.35881
9.951019
9.183685
9.273468
9.277054
8.486969
7.5173187
7.431122
8.416336
9.551193
10.494507
11.741882
12.370361
11.904694
12.012436
13.577042
14.370728
13.289734
10.923065
8.1601715
6.5871735
6.9594727
8.022491
8.836517
8.994537
8.419937
7.6849213
7.5245056
7.923126
8.410355
8.161362
7.878845
8.231995
8.661743
9.213608
9.708008
9.955811
10.05397
9.741531
10.301773
12.338043
12.864777
11.640137
10.787796
10.561539
10.862015
11.6197815
11.757446
10.737518
9.212418
7.8800354
6.886444
6.105942
5.7839203
5.90123
6.7104797
8.613861
10.598663
11.576691
11.4414215
11.1888275
11.292969
11.284592
11.285782
11.227142
11.489304
12.163269
12.20636
10.926666
9.121429
8.3385315
8.919128
9.300995
8.5408325
7.2862854
6.8804626
7.2958527
8.0464325
8.519287
8.042847
7.0743866
6.7703247
7.641815
8.943069
9.542816
9.3022
9.238754
9.322556
11.433044
14.905823
16.592545
15.127289
12.464935
10.609436
9.696045
9.188477
8.373245
7.3533173
6.463867
6.234024
6.615906
6.984604
6.969055
6.893631
7.0384827
7.4850006
8.070374
8.7934265
9.828918
10.960175
11.466553
11.603027
12.184814
12.26741
12.1297455
12.731888
13.395081
12.883926
11.17926
9.351273
8.218826
8.240372
8.8880005
9.192062
8.498932
7.063614
6.083191
6.055664
6.366913
6.8289795
7.4215546
7.9722137
8.287048
8.579147
8.623444
8.136215
7.7878723
8.015305
8.775467
9.621826
9.918701
9.639786
10.17009
12.849213
14.454514
13.644089
12.645706
12.274597
11.458176
9.828918
8.303818
7.7687073
8.227203
8.671326
8.678497
8.442673
8.106293
7.696884
7.486191
7.672943
7.941086
7.467041
6.4925995
6.4052124
7.3150177
7.6801147
7.6789246
8.474991
9.63858
10.708786
11.334869
11.106216
9.881592
10.841675
13.39389
14.100174
11.891525
9.2638855
8.653366
9.532043
10.008484
9.960602
9.214813
6.461487
5.9946136
8.477386
8.977783
7.2671204
6.083191
6.2866974
7.194107
7.6944885
8.033264
8.545624
9.676895
11.017639
11.958557
12.12616
10.670486
10.506485
13.149673
14.355164
12.020813
8.459442
7.0827637
8.03447
8.755112
7.9482727
6.7487793
5.9239807
5.7683563
6.487808
7.3820496
8.106293
8.455841
8.618652
9.323746
9.919907
10.330505
11.085876
11.787369
12.038773
11.750275
10.469376
11.775406
15.52713
16.402206
12.895889
8.138611
5.1913605
5.7934875
8.416336
10.274246
10.234741
8.504929
7.5352783
7.9243317
8.448669
8.549225
8.03447
7.3772583
7.489792
8.631821
9.57634
9.335709
8.676117
8.60907
9.049606
10.214386
11.943008
12.563095
12.157288
11.665283
11.258255
11.664078
12.810898
12.846817
10.914688
8.37085
7.5161133
8.3385315
8.743149
7.6944885
6.234024
5.446335
5.889267
7.4407043
8.594711
8.441483
8.064392
8.546829
9.3405
10.227554
11.458176
12.478104
12.60141
12.189606
11.39473
10.384369
10.514862
12.102219
13.11377
11.903488
9.304596
7.312622
7.0576324
8.241562
8.959824
8.86525
8.196075
7.451477
7.039673
7.218048
7.645401
8.03447
8.056015
7.6190796
7.4107666
7.8632812
8.8089905
10.107849
11.19841
12.195587
13.178406
12.862381
12.627747
13.488464
13.685974
12.357193
10.52803
8.867645
7.5472565
6.9618683
7.486191
7.9554596
7.546051
6.704483
6.265152
6.735611
7.5161133
7.7579346
7.894409
8.58992
9.26149
9.560776
9.936661
10.765045
11.458176
12.4218445
13.083832
13.282562
14.027145
13.968491
11.923843
9.016083
6.517746
5.3888702
6.351349
7.9375
8.785049
8.617462
7.957855
7.7459717
7.324585
6.715271
6.4339447
7.465851
8.8329315
9.462601
9.661331
9.32254
9.831314
11.943008
13.675201
13.877518
12.861176
11.227142
10.056366
10.771042
11.585068
10.80217
8.72879
6.7535706
6.37648
7.8237762
8.895187
8.723999
7.817795
6.782303
6.703293
7.451477
7.8536987
7.7579346
8.397186
9.766678
10.988907
11.355225
10.950607
10.88118
11.128967
11.21875
10.259872
10.238327
12.595428
13.617737
12.848007
10.706406
8.646179
7.5568237
7.36409
7.7734985
8.090729
8.054825
7.253952
6.6422424
7.0265045
8.445068
9.607452
9.147766
8.209244
8.471405
9.34169
10.395157
11.399521
11.502472
10.271851
9.682877
10.894333
12.713928
13.662033
12.809708
10.652527
8.502533
6.9953766
6.336975
6.340561
6.438736
6.311844
5.9395447
6.0137634
7.119873
8.993347
10.413101
11.298965
12.340439
12.171646
10.688431
10.031235
10.741119
10.286209
10.911102
14.590988
16.582962
14.624512
10.812927
7.8094025
6.5967407
6.431549
6.246002
5.7922974
5.701309
6.032913
6.0185547
5.957489
6.6578064
7.9267273
8.764694
9.364441
9.891174
10.165314
11.140945
12.1644745
12.627747
12.30452
11.521622
12.257828
13.702744
12.832443
10.117416
7.6873016
7.6059113
9.135803
9.960602
9.189667
7.2036743
5.7180786
5.48584
6.656601
8.184097
9.054398
9.2243805
9.055588
8.911942
9.368042
10.9517975
12.704361
12.729492
11.7778015
11.258255
10.338882
10.05159
12.34642
14.4305725
13.17482
10.109039
7.562805
7.068405
8.051224
8.316986
7.6741486
6.799057
6.344162
6.5632324
7.0468597
7.7339935
8.364868
8.4223175
8.084747
7.9662323
8.321777
9.08313
9.97258
10.681259
11.576691
11.899902
11.6592865
11.425858
10.964966
11.716751
13.374741
13.674011
11.389938
8.458237
7.4048004
8.07637
8.782654
8.367264
7.1258698
6.1921234
6.448303
7.189316
8.005737
9.107071
10.097076
10.197632
10.044403
9.917511
9.937851
10.024048
10.356842
10.982925
11.389938
10.268265
8.789841
8.658157
9.658936
11.015244
12.0303955
11.680832
9.820541
7.7854767
6.7547607
6.732025
7.1306458
7.142624
6.8014526
6.663788
6.9630585
7.811798
8.502533
8.454651
7.9027863
7.944687
8.880814
9.899551
10.5998535
10.899124
10.949402
11.368393
11.527603
10.695618
10.875183
12.322479
12.819275
11.35881
9.052002
7.6944885
7.5987244
7.9638367
8.045242
7.5125275
6.957077
6.9474945
7.7064667
8.400772
8.257126
7.332962
6.996582
7.874054
9.213608
9.376419
10.452606
11.324097
11.73111
12.687592
13.684784
13.9206085
13.60817
13.2131195
12.848007
12.01123
10.894348
9.889969
8.902359
7.846527
7.830963
8.069183
7.3784637
6.597946
6.8481293
7.558029
8.211639
8.327759
8.027283
8.428314
9.830124
10.636963
10.884766
11.583878
12.10701
11.291779
9.978561
9.449432
9.937851
10.688446
10.905106
10.494507
9.4769745
8.327759
7.2204437
6.503372
6.3345795
6.2124786
6.2759247
7.024124
8.376846
9.57634
10.002502
10.470566
11.835266
13.57225
13.796112
12.154892
10.851242
11.571899
13.098206
12.7426605
10.550766
8.546829
7.980591
8.5959015
9.443451
9.500916
8.574356
7.3257904
6.783493
7.079178
7.6873016
8.093124
8.328949
8.628235
9.012497
9.272263
9.174103
9.024475
9.214813
9.712799
10.246704
10.559158
10.305374
10.172485
11.932236
14.215088
13.532745
10.62738
8.554016
8.646179
9.708008
10.578308
10.587875
9.511688
8.236771
7.2479706
6.7212524
6.5644226
6.527313
6.3154297
6.408798
7.411972
8.822159
9.943848
10.325714
10.7339325
11.654495
12.528381
12.265015
11.701187
12.537964
13.518387
13.189178
11.519226
9.47937
8.732376
9.154953
9.905533
10.07074
9.285431
7.8848267
6.807434
6.360916
6.7284393
7.490982
8.109879
8.294235
8.372055
8.648575
8.873627
9.230362
9.67569
10.119812
10.609436
10.384384
9.856445
10.519653
12.128555
12.517609
10.818924
8.722794
7.992569
8.623444
9.441055
9.623016
9.351273
8.877228
8.309799
7.7375793
7.465851
7.54126
7.7902527
8.09671
8.239166
8.102707
7.9470825
8.342117
9.207626
10.031235
10.312546
10.180862
9.5954895
8.952637
9.642166
11.745468
13.486069
12.943787
10.280228
8.399582
8.366058
9.548798
10.252686
9.740341
8.57077
7.9231415
8.026077
8.285858
8.361267
8.266708
8.301422
7.1055145
7.763916
9.767868
10.346069
10.086288
9.290222
8.561188
8.971802
10.397537
11.31572
11.246292
11.601837
12.735474
12.801331
10.970947
8.86525
7.8489227
7.968628
8.522888
9.00293
9.266281
9.384796
9.311768
8.5516205
7.93631
7.659775
7.560425
7.5173187
7.747162
8.423523
9.038834
9.711609
10.399933
10.827301
11.067917
11.365997
11.077499
10.647736
11.626968
13.1688385
13.284958
11.282196
8.7539215
7.1258698
7.194107
8.968201
10.58429
10.6549225
8.891586
6.9439087
5.964676
6.459076
8.145798
9.502106
9.723572
8.990952
8.334946
8.469009
9.029251
9.457825
9.776245
9.996521
10.21199
10.1844635
9.725967
9.946243
11.923843
13.083832
11.452194
9.132217
8.337326
9.062775
10.098267
10.207199
9.395569
8.248749
7.526886
7.6166687
8.003342
7.992569
7.6274567
7.3808594
7.431122
7.906372
8.76709
9.49852
9.578735
9.412323
9.897156
10.829697
11.212769
10.730347
10.741119
12.308121
13.713516
12.976105
10.428665
8.083542
7.1917114
7.953064
9.290222
9.959396
9.334518
8.047638
7.428726
7.7339935
8.439087
8.877228
8.921524
8.8880005
9.136993
9.607452
9.751114
9.22319
8.587524
8.482178
9.198044
10.148544
10.480133
9.819351
9.929474
11.858002
13.824844
13.105392
10.386765
8.945465
9.14418
10.213196
10.732742
10.462189
9.48056
8.205643
7.162979
6.7056885
6.807434
7.0516357
7.4885864
7.992569
8.382828
9.055588
9.761887
10.040802
10.031235
9.763077
9.697235
10.324524
10.876389
10.6944275
10.451416
11.131363
12.049545
11.94899
10.648926
9.028061
8.105087
8.435501
9.193253
9.146576
8.266708
7.3904266
7.2156525
7.905182
8.5959015
8.660553
8.453445
8.575562
9.025665
9.312973
9.225586
8.882019
8.777863
9.10228
9.7690735
10.171295
9.834915
9.153748
9.73555
11.886734
12.336853
11.203186
9.291428
7.3461304
9.047211
11.308533
11.788574
10.138962
8.533661
7.9111633
7.3389435
6.87088
7.115097
7.7256165
7.9662323
7.7507477
7.549637
8.251144
9.587112
10.093475
10.092285
10.398743
11.374374
11.549149
10.135376
9.255508
10.475357
12.28418
12.763016
11.744278
9.978561
8.722794
8.436691
8.797012
9.1848755
8.801804
7.5831604
6.6075287
6.4100037
7.4251404
8.8078
9.542816
9.7547
9.994125
10.190445
10.015671
9.857651
10.000107
10.601044
10.894333
10.279037
10.343674
11.701187
11.884338
11.066727
9.977356
9.425491
10.021652
11.233124
11.568314
10.743515
9.169312
7.688507
6.6913147
6.2831116
6.2759247
6.481827
6.7092743
7.1952972
7.9913635
9.057999
10.2287445
11.021225
11.209183
11.648514
12.158478
11.522827
10.207199
10.243118
12.175232
13.580627
12.752243
10.561554
9.362045
9.297409
9.239944
9.077148
8.343323
7.158188
6.2029114
6.0293274
6.7415924
7.786667
8.452255
8.999329
9.723572
9.995316
9.719986
9.037643
8.775467
9.4769745
10.217972
10.056366
9.300995
9.441055
11.795761
13.736252
13.324463
11.840042
11.379166
11.496475
11.028412
9.929474
8.86525
7.7579346
6.6937103
5.9634857
5.779129
6.024536
6.3788757
7.0301056
7.9327087
8.60788
8.920319
9.274658
10.034821
11.10144
12.033981
12.197983
11.512039
10.64534
10.524445
11.73111
13.170029
13.428604
12.016022
9.523666
8.040451
8.261917
8.722809
8.443878
7.586746
6.740402
6.6386414
7.182129
7.6861115
8.07756
8.550415
9.341705
10.109039
10.100662
9.326141
9.038834
9.688858
10.445435
10.506485
9.639786
9.207626
10.948212
13.2478485
13.001236
10.550781
9.022079
9.548798
10.792587
11.249878
10.543594
9.107071
7.8405457
7.04805
6.6470337
6.577591
6.629074
6.815811
7.2994385
8.011719
8.938278
9.503311
9.661331
10.182068
11.103836
11.982498
11.998062
10.94342
10.134186
10.960175
12.44458
12.46254
10.929062
9.256714
8.41156
8.331345
8.540848
8.871246
8.841309
8.242752
7.5484467
7.292267
7.5592194
8.170929
8.952637
9.505707
9.646957
9.536819
9.267487
8.84729
8.549225
9.013687
9.948624
10.5603485
10.075516
9.704422
10.574722
12.194397
12.375153
11.04039
9.848068
9.6792755
10.317337
10.591476
9.731949
8.52887
7.881241
7.7962494
7.9039764
7.8369446
7.854904
7.999756
8.121857
8.269104
8.522873
8.738358
8.745544
8.8089905
9.550003
10.632172
11.271423
10.958984
10.174881
9.709213
10.256287
11.806534
12.3871155
10.890747
9.200439
8.698853
9.492538
10.153336
9.709213
8.476196
7.3904266
6.5883636
6.404007
6.8804626
7.7064514
8.215225
8.647385
9.243546
9.935455
10.188049
9.605072
8.853287
8.909546
9.767868
10.261078
9.731964
9.0460205
9.127411
10.6549225
12.04834
11.565918
9.977356
9.133408
9.570343
10.52803
10.859619
10.093475
8.592316
7.257553
6.55365
6.332184
6.5799866
7.02771
7.6944885
8.337341
9.210022
9.994125
10.338882
10.256287
10.460983
10.917084
11.310928
11.290588
11.285797
11.491684
12.049545
12.549927
12.084259
10.718369
9.309372
8.154175
7.744766
8.384018
9.328537
9.4614105
8.306213
6.9858093
6.5524597
7.103119
7.83815
8.447464
9.117844
9.719986
9.764282
9.16214
8.484573
8.610275
9.248322
9.685272
9.953415
9.633789
8.915527
8.897568
10.427475
12.340439
12.6409
11.51564
10.557953
10.683655
11.144531
10.744705
9.520065
8.287048
7.3186035
6.755966
6.9427185
7.7483673
8.346909
8.242767
7.99736
8.214035
8.706039
9.172913
9.453033
9.366837
9.248322
9.645767
10.209595
10.445419
10.161713
9.3381195
8.70723
10.2634735
13.346008
14.528732
12.625351
9.824127
7.633438
7.2467804
8.492966
10.347275
11.506058
10.948212
9.569153
8.57196
8.606689
9.226776
8.879623
7.980591
7.925522
8.995743
9.97496
9.8133545
9.633789
10.069534
11.000885
10.380783
8.158966
8.623444
9.873215
9.91272
9.299805
9.097488
9.314163
9.451843
8.933487
8.702454
8.922714
9.230377
9.751114
10.374802
10.31015
9.985733
9.681671
9.494934
9.524857
9.643372
9.632599
9.505707
9.229172
8.94426
9.052002
9.427887
9.356064
9.251923
9.238754
9.237549
9.208832
9.168121
9.3824005
9.725967
9.800186
9.626602
9.487747
9.366837
9.281845
9.255508
9.218399
9.237549
9.353668
9.541626
9.597885
9.53923
9.447037
9.363251
9.384796
9.40036
9.445847
9.484146
9.569153
9.583511
9.526062
9.372818
9.287827
9.244736
9.265091
9.205231
9.28064
9.453033
9.487747
9.32135
9.116638
9.0507965
9.248322
9.508102
9.561966
9.499725
9.328537
9.154953
9.249527
9.449448
9.639786
9.47937
9.129822
9.024475
9.206436
9.451828
9.538025
9.539215
9.462601
9.347687
9.267487
9.333313
9.453033
9.468582
9.386002
9.395569
9.561966
9.757095
9.679291
9.451828
9.357254
9.384796
9.389587
9.277054
9.283051
9.3428955
9.147766
9.014893
9.277054
9.658936
9.775055
9.658936
9.414719
9.389587
9.515274
9.538025
9.424301
9.364441
9.363251
9.389587
9.411133
9.43866
9.550003
9.588303
9.464996
9.289032
9.3824005
9.581116
9.5954895
9.363251
9.122635
9.117844
9.250717
9.354874
9.442261
9.370438
9.157349
9.171722
9.512878
9.843292
9.878006
9.723572
9.5607605
9.490143
9.57753
9.5954895
9.529648
9.375214
9.241135
9.32135
9.485352
9.450638
9.370422
9.391983
9.587112
9.725967
9.697235
9.526062
9.371628
9.346481
9.432678
9.544006
9.526062
9.413528
9.210022
9.052002
9.211212
9.590698
9.792999
9.55838
9.180084
9.087921
9.35965
9.730759
9.81575
9.482956
9.194458
9.310577
9.508102
9.609848
9.522461
9.257904
9.054398
9.160934
9.391983
9.436279
9.366837
9.334518
9.368027
9.374023
9.357254
9.380005
9.463806
9.532043
9.290222
9.040039
9.257904
9.6397705
9.721191
9.494934
9.255508
9.225586
9.448242
9.67569
9.640976
9.403946
9.267487
9.304596
9.312973
9.293808
9.233963
9.257904
9.405151
9.535629
9.563156
9.502121
9.4207
9.393173
9.409927
9.431488
9.406342
9.384796
9.448242
9.322556
9.205231
9.442261
9.784622
9.919907
9.783432
9.473373
9.211212
9.18129
9.351273
9.4374695
9.378815
9.336914
9.364441
9.456619
9.4614105
9.412338
9.4374695
9.456619
9.415924
9.41951
9.491333
9.529648
9.484146
9.352478
9.271072
9.26149
9.271072
9.39917
9.429092
9.156158
9.176498
9.588303
9.801392
9.624222
9.330933
9.277054
9.436264
9.546402
9.432678
9.291412
9.333328
9.5164795
9.552399
9.411133
9.213608
9.1800995
9.295013
9.444656
9.468597
9.457809
9.500916
9.552399
9.443451
9.245926
9.237549
9.368042
9.493729
9.43866
9.068756
9.047211
9.648163
10.034821
9.728363
9.204041
9.0112915
9.188461
9.46022
9.548798
9.411133
9.371628
9.496124
9.474579
9.330933
9.266281
9.336914
9.417114
9.441055
9.47937
9.514084
9.473389
9.435074
9.455414
9.443451
9.346481
9.278259
9.43866
9.541611
9.346481
9.304596
9.651749
10.004898
9.9318695
9.448242
9.067566
9.2638855
9.494919
9.423096
9.33931
9.351273
9.356064
9.257904
9.207626
9.271072
9.218399
9.132217
9.231567
9.474579
9.475769
9.442261
9.511688
9.490143
9.317764
9.131012
9.020874
9.117844
9.327332
9.32016
9.077133
9.080734
9.520065
10.440643
11.07869
9.109467
7.170166
8.691681
10.180862
10.111435
9.426697
8.8880005
8.787445
