-0.0849762
-0.040756226
-0.021591187
0.017303467
0.05883789
0.06736755
0.05618286
0.0045166016
-0.028503418
-0.003479004
0.048202515
0.08387756
0.076431274
0.01676941
-0.05140686
-0.04928589
0.002380371
0.053512573
0.097732544
0.13768005
0.16644287
0.15312195
0.10093689
0.050857544
0.0029144287
-0.021591187
-0.013061523
-0.028518677
-0.06846619
-0.07698059
-0.0460968
-0.017318726
0.002380371
0.005569458
-0.014129639
-0.038101196
-0.05088806
-0.048217773
-0.034362793
-0.0056152344
0.012512207
-0.004547119
-0.019454956
-0.021591187
-0.02798462
-0.03437805
-0.057800293
-0.075912476
-0.0700531
-0.059402466
-0.068984985
-0.07963562
-0.080703735
-0.06845093
-0.04928589
-0.0423584
-0.03756714
-0.022125244
-0.010406494
-0.009338379
-0.004547119
0.011444092
0.024765015
0.027954102
0.026351929
0.041809082
0.06629944
0.0705719
0.06576538
0.05671692
0.04499817
0.03755188
0.032211304
0.02583313
0.011444092
-0.001876831
2.4414062E-4
0.008239746
0.019973755
0.023162842
0.012512207
0.0029144287
0.003982544
0.013580322
0.021026611
0.026351929
0.02848816
0.022094727
-0.009338379
-0.040756226
-0.055145264
-0.061523438
-0.050354004
-0.026916504
0.003982544
0.03488159
0.052459717
0.048721313
0.04925537
0.05618286
0.034347534
-0.014663696
-0.036499023
-0.019989014
0.0013122559
-8.087158E-4
-0.019454956
-0.035964966
-0.041290283
-0.02796936
-0.001876831
0.03062439
0.06417847
0.0982666
0.1217041
0.10891724
0.060455322
0.009307861
-0.02319336
-0.052474976
-0.07218933
-0.06739807
-0.038101196
0.0034484863
0.0236969
0.021026611
0.03593445
0.050857544
0.027954102
-0.012527466
-0.010940552
0.027420044
0.04286194
0.029556274
0.012512207
0.008239746
0.007171631
-0.0029449463
-0.022644043
-0.0423584
-0.045547485
-0.03277588
-0.008804321
0.005050659
-0.001876831
-0.013061523
-0.013061523
-0.010940552
-0.017852783
-0.016799927
-0.0024108887
0.009841919
0.004501343
7.7819824E-4
0.01676941
0.014099121
-0.014129639
-0.03010559
-0.017852783
0.013046265
0.027954102
0.019439697
0.009841919
0.006652832
0.005050659
0.0077056885
0.011978149
0.005584717
0.002380371
0.005584717
0.007171631
2.4414062E-4
-0.006668091
-0.0040130615
-0.001876831
-0.001876831
0.009307861
0.024765015
0.025817871
0.017303467
-0.003479004
-0.01838684
0.0029144287
0.009307861
-0.007736206
-0.006149292
0.013046265
0.027954102
0.02583313
0.002380371
-0.025314331
-0.04449463
-0.05407715
-0.0460968
-0.029571533
-0.018920898
-0.02796936
-0.04928589
-0.050354004
-0.03543091
-0.022659302
-0.019454956
-0.031173706
-0.040222168
-0.03491211
-0.007736206
0.026351929
0.035949707
0.017303467
0.009841919
0.036483765
0.041793823
0.007171631
-0.010940552
0.010910034
0.03488159
0.017837524
-0.006149292
0.0013122559
0.020507812
0.027954102
0.022094727
0.008773804
0.013046265
0.030090332
0.033813477
0.02583313
0.019958496
0.015167236
0.005569458
-0.0098724365
-0.031707764
-0.043426514
-0.03489685
-0.01838684
2.4414062E-4
0.0050354004
-0.010940552
-0.02319336
-0.03916931
-0.07537842
-0.10467529
-0.0892334
-0.042892456
-0.010940552
-0.0055999756
-0.006149292
-0.022644043
-0.040237427
-0.029571533
0.008773804
0.029556274
0.023162842
0.008773804
-0.013061523
-0.015731812
-0.011459351
-0.03010559
-0.057800293
-0.06314087
-0.029571533
-0.008270264
-0.025848389
-0.019989014
0.019439697
0.021560669
0.0034484863
0.013580322
0.0077056885
-0.020523071
-0.03010559
-0.0013427734
0.029022217
0.022094727
0.0135650635
0.012512207
-0.015731812
-0.07272339
-0.10041809
-0.04928589
0.026885986
0.06524658
0.071624756
0.064712524
0.043930054
0.01889038
-0.008270264
-0.040756226
-0.061538696
-0.06314087
-0.02798462
0.041275024
0.09080505
0.10624695
0.13607788
0.17816162
0.200531
0.19573975
0.18135071
0.18988037
0.22024536
0.24101257
0.20957947
0.11903381
0.03327942
-0.030639648
-0.03437805
0.05192566
0.16111755
0.22875977
0.13874817
0.027954102
0.017303467
-0.0013427734
-0.06365967
-0.12225342
-0.17071533
-0.20640564
-0.1765747
-0.057800293
0.090270996
0.14672852
0.15737915
0.20265198
0.25698853
0.26231384
0.23408508
0.21543884
0.19732666
0.16270447
0.12542725
0.12861633
0.17388916
0.16217041
-0.036499023
-0.30281067
-0.4141388
-0.41680908
-0.3869629
-0.3448944
-0.33370972
-0.35395813
-0.39816284
-0.41734314
-0.36566162
-0.24476624
-0.1126709
-0.03489685
-0.019454956
-0.035964966
-0.07165527
-0.12171936
-0.16059875
-0.14727783
-0.09881592
-0.061538696
-0.008804321
0.055648804
0.12382507
0.18081665
0.22076416
0.32730103
0.5296936
0.66604614
0.6069336
0.45565796
0.3166504
0.16218567
0.06896973
0.09719849
0.18241882
0.21650696
0.20957947
0.25805664
0.34539795
0.3720398
0.29693604
0.15046692
-0.019454956
-0.18403625
-0.31826782
-0.4295807
-0.5275879
-0.5696564
-0.5744629
-0.47006226
-0.2649994
-0.043426514
0.11531067
0.083343506
-0.1254425
-0.24369812
-0.2745819
-0.21652222
-0.1872406
-0.29908752
-0.41786194
-0.43225098
-0.34275818
-0.16699219
-0.028518677
-0.015731812
-0.092437744
-0.18936157
-0.25434875
-0.2548828
-0.24423218
-0.3118744
-0.42158508
-0.4386444
-0.31134033
-0.122787476
0.057785034
0.1690979
0.11956787
-0.03756714
-0.06791687
0.11105347
0.3363495
0.5350189
0.69215393
0.7592621
0.7187805
0.6697693
0.6708374
0.7054596
0.7470093
0.7454071
0.66604614
0.5408783
0.41836548
0.3086548
0.16325378
-0.031707764
-0.29641724
-0.5867157
-0.78219604
-0.83758545
-0.7454376
-0.58883667
-0.43811035
-0.306015
-0.30548096
-0.42904663
-0.48710632
-0.33796692
0.022094727
0.38002014
0.4950714
0.28201294
2.593994E-4
-0.09828186
-0.031173706
0.05618286
0.11956787
0.16323853
0.07110596
-0.04396057
0.015701294
0.057785034
0.08175659
0.16377258
0.1967926
0.10731506
0.022628784
-0.0024108887
0.042877197
0.11582947
0.1217041
0.14993286
0.2505951
0.31877136
0.3651123
0.4428711
0.42530823
0.29426575
0.18560791
0.16004944
0.20585632
0.27722168
0.31877136
0.2585907
0.09666443
-0.09614563
-0.25169373
-0.33477783
-0.35661316
-0.3763275
-0.4626007
-0.6048126
-0.6671295
-0.5696564
-0.40455627
-0.33210754
-0.43597412
-0.5686035
-0.5409088
-0.34754944
-0.08869934
0.059921265
-0.019989014
-0.19309998
-0.28311157
-0.24583435
-0.15901184
-0.10041809
-0.045013428
0.038604736
0.12168884
0.15205383
0.0710907
-0.064193726
-0.09669495
-0.011993408
0.024230957
0.007171631
0.024230957
0.08547974
0.16323853
0.18560791
0.13928223
0.07962036
0.022094727
0.08227539
0.29161072
0.49240112
0.568573
0.48762512
0.3581848
0.25645447
0.20265198
0.14193726
0.11531067
0.15098572
0.17549133
0.123291016
0.015701294
-0.08444214
-0.12918091
-0.1361084
-0.1829834
-0.26393127
-0.3358307
-0.38323975
-0.35128784
-0.24795532
-0.15953064
-0.18138123
-0.33317566
-0.48710632
-0.5041504
-0.418396
-0.27192688
-0.14729309
-0.12757874
-0.10786438
-0.057266235
-0.0056152344
0.03807068
0.055648804
0.030090332
-0.030639648
-0.089767456
-0.14250183
-0.17445374
-0.13078308
-0.06791687
-0.038101196
0.01889038
0.123291016
0.21011353
0.25805664
0.2697754
0.2617798
0.2836151
0.31718445
0.33955383
0.3262329
0.25006104
0.14353943
0.06629944
0.08494568
0.19094849
0.30651855
0.38801575
0.4008026
0.3486023
0.27723694
0.17123413
0.027954102
-0.11160278
-0.19256592
-0.20960999
-0.19203186
-0.21440125
-0.31027222
-0.3992157
-0.41893005
-0.31452942
-0.1829834
-0.17445374
-0.28364563
-0.38217163
-0.38165283
-0.3134613
-0.2111969
-0.10734558
-0.0040130615
0.11584473
0.2314148
0.30545044
0.33900452
0.3528595
0.33688354
0.24154663
0.0705719
-0.05833435
-0.11053467
-0.117996216
-0.10360718
-0.06365967
0.026885986
0.17123413
0.28414917
0.31237793
0.29586792
0.22183228
0.118499756
0.09187317
0.19946289
0.31237793
0.31237793
0.22822571
0.109451294
0.05618286
0.10145569
0.19732666
0.3139801
0.37097168
0.35179138
0.27082825
0.13447571
-0.014663696
-0.13769531
-0.22346497
-0.22984314
-0.16859436
-0.108932495
-0.13929749
-0.29216003
-0.41360474
-0.39974976
-0.3544922
-0.3949585
-0.47698975
-0.49136353
-0.41253662
-0.23995972
-0.04714966
0.08708191
0.123291016
0.106781006
0.1025238
0.097732544
0.07215881
0.03062439
-0.0423584
-0.14888
-0.2538147
-0.355011
-0.39549255
-0.324646
-0.18989563
-0.034362793
0.13128662
0.2505951
0.28840637
0.2751007
0.23674011
0.21543884
0.266037
0.35658264
0.37043762
0.28201294
0.13287354
0.046066284
0.04499817
0.13500977
0.230896
0.25698853
0.2351532
0.17921448
0.11210632
0.024765015
-0.106277466
-0.22239685
-0.2772522
-0.28683472
-0.2692566
-0.2580719
-0.2857666
-0.3491516
-0.44396973
-0.5457001
-0.47166443
-0.30973816
-0.28044128
-0.44929504
-0.6053467
-0.5654144
-0.4152069
-0.2825775
-0.17817688
-0.05833435
0.048187256
0.08068848
0.11477661
0.17868042
0.22822571
0.25698853
0.25538635
0.14353943
-0.011474609
-0.027450562
0.024765015
0.005584717
-0.009338379
0.07748413
0.21810913
0.3347473
0.4311676
0.4716339
0.47377014
0.46365356
0.41731262
0.37683105
0.3816223
0.36883545
0.3166504
0.28096008
0.33528137
0.44874573
0.48388672
0.3320923
0.26231384
0.27030945
0.1770935
0.033813477
-0.0977478
-0.20056152
-0.23410034
-0.18031311
-0.14196777
-0.20321655
-0.26020813
-0.2111969
-0.06472778
0.037002563
-0.07858276
-0.39123535
-0.6442261
-0.69802856
-0.57551575
-0.36779785
-0.21173096
-0.19256592
-0.23783875
-0.2383728
-0.16166687
-0.06951904
-0.033309937
-0.056747437
-0.15847778
-0.28736877
-0.3283844
-0.23942566
-0.11213684
-0.028503418
0.04020691
0.12223816
0.19892883
0.26391602
0.3171692
0.31504822
0.2314148
0.137146
0.12010193
0.22343445
0.3443451
0.3555298
0.28733826
0.24259949
0.24845886
0.28468323
0.31237793
0.3139801
0.2708435
0.22183228
0.18135071
0.1179657
0.03062439
-0.026916504
-0.0700531
-0.13983154
-0.19361877
-0.23091125
-0.272995
-0.32252502
-0.3353119
-0.32040405
-0.3917694
-0.49668884
-0.52279663
-0.48764038
-0.45515442
-0.43704224
-0.36940002
-0.23942566
-0.066329956
0.069503784
0.11798096
0.10891724
0.08229065
0.03541565
-0.04875183
-0.14834595
-0.20800781
-0.21600342
-0.15367126
-0.050872803
0.066833496
0.1685791
0.23408508
0.2974701
0.34487915
0.3528595
0.24952698
0.057785034
-0.022109985
0.10038757
0.3166504
0.43647766
0.4343567
0.4205017
0.4466095
0.47590637
0.46684265
0.42636108
0.37522888
0.26870728
0.07003784
-0.15261841
-0.28631592
-0.3203888
-0.28897095
-0.23410034
-0.24423218
-0.34596252
-0.45141602
-0.45567322
-0.33103943
-0.21440125
-0.26713562
-0.42106628
-0.47273254
-0.3683319
-0.24848938
-0.26446533
-0.38163757
-0.49456787
-0.49617004
-0.36087036
-0.21014404
-0.11904907
-0.0700531
-0.06686401
-0.106277466
-0.15367126
-0.21121216
-0.31826782
-0.4226532
-0.43276978
-0.3480835
-0.21333313
-0.068984985
0.04446411
0.14086914
0.2117157
0.1605835
0.031677246
-0.0056152344
0.07748413
0.17016602
0.20425415
0.19732666
0.21118164
0.22929382
0.21650696
0.18135071
0.113708496
0.015701294
-0.08444214
-0.18617249
-0.28204346
-0.3640747
-0.37791443
-0.38858032
-0.4663391
-0.52919006
-0.5691376
-0.6154785
-0.6639404
-0.68045044
-0.6655426
-0.641037
-0.68151855
-0.8040314
-0.9313202
-0.96647644
-0.96061707
-0.973938
-0.9515686
-0.8578186
-0.6767273
-0.4940338
-0.47006226
-0.5883026
-0.69003296
-0.687912
-0.66500854
-0.6841736
-0.6911011
-0.6820526
-0.6777954
-0.65649414
-0.594162
-0.46899414
-0.35447693
-0.31880188
-0.29057312
-0.21014404
-0.12490845
-0.09562683
-0.1558075
-0.24476624
-0.32092285
-0.45941162
-0.62239075
-0.6751251
-0.58192444
-0.4775238
-0.48231506
-0.5867157
-0.68045044
-0.71614075
-0.72732544
-0.769928
-0.8519592
-0.8823242
-0.84342957
-0.8317261
-0.9057617
-1.0447693
-1.0937805
-0.8977661
-0.5717926
-0.49082947
-0.69963074
-0.98405457
-1.1598206
-1.1763306
-1.0852509
-0.9212036
-0.786438
-0.7582245
-0.6921692
-0.5478363
-0.5243988
-0.6671295
-0.8162689
-0.8359833
-0.7720642
-0.69270325
-0.6229248
-0.5771179
-0.5419769
-0.5222626
-0.5052185
-0.43597412
-0.26713562
-0.001876831
0.20213318
0.1648407
-0.12225342
-0.47113037
-0.62239075
-0.5025482
-0.33743286
-0.32305908
-0.3645935
-0.36619568
-0.3480835
-0.3475647
-0.40667725
-0.4849701
-0.5222626
-0.5339813
-0.5771179
-0.6612854
-0.7076111
-0.67193604
-0.62931824
-0.64849854
-0.7145386
-0.75608826
-0.7544861
-0.66819763
-0.5510254
-0.5483551
-0.5909729
-0.50201416
-0.21333313
0.021560669
-0.016784668
-0.2575531
-0.4540863
-0.45887756
-0.24156189
-0.064193726
-0.10041809
-0.24635315
-0.40667725
-0.46315002
-0.31240845
-0.11904907
-0.10948181
-0.20108032
-0.20054626
-0.122787476
-0.05567932
0.0029144287
0.05883789
0.090270996
0.06736755
-0.06846619
-0.18510437
-0.0977478
0.18188477
0.4812317
0.585083
0.4481964
0.2202301
0.08441162
0.076431274
0.1259613
0.17390442
0.19093323
0.19041443
0.16696167
0.10519409
0.008239746
-0.1126709
-0.20481873
-0.23410034
-0.19415283
-0.10041809
-0.029586792
-0.026382446
-0.038635254
-0.008270264
-0.025314331
-0.17178345
-0.31985474
-0.35235596
-0.28523254
-0.17019653
-0.18403625
-0.3560791
-0.5094757
-0.5371704
-0.37898254
-0.12385559
0.034347534
0.05831909
0.002380371
-0.09509277
-0.18989563
-0.2341156
-0.22079468
-0.17817688
-0.12704468
-0.0466156
0.095062256
0.25112915
0.3320923
0.30065918
0.1605835
-0.07751465
-0.16539001
-0.0024108887
0.29000854
0.5185089
0.5797577
0.45991516
0.3363495
0.3209076
0.33155823
0.2862854
0.17816162
0.06150818
-0.019989014
-0.04714966
-0.030639648
-0.054611206
-0.13343811
-0.2111969
-0.2506256
-0.25328064
-0.27404785
-0.3326416
-0.37312317
-0.31666565
-0.19468689
-0.17071533
-0.30548096
-0.46473694
-0.5217285
-0.46687317
-0.3592682
-0.26446533
-0.21386719
-0.13076782
0.05618286
0.25273132
0.3320923
0.30545044
0.2159729
0.09346008
0.026351929
0.0034484863
-0.05407715
-0.09136963
-0.02798462
0.06364441
0.1179657
0.116378784
0.12702942
0.17230225
0.22343445
0.24845886
0.22343445
0.1967926
0.29267883
0.53022766
0.6926727
0.6404724
0.4194336
0.20904541
0.15898132
0.2037201
0.18988037
0.08761597
-0.025314331
-0.10041809
-0.13876343
-0.14888
-0.15527344
-0.14515686
-0.087631226
-0.057800293
-0.08230591
-0.12225342
-0.18084717
-0.21759033
-0.24848938
-0.34916687
-0.59576416
-0.8844452
-0.98831177
-0.7736664
-0.30654907
0.08441162
0.12863159
0.007171631
-0.023712158
0.07801819
0.20692444
0.29161072
0.3406067
0.33581543
0.3251648
0.34220886
0.33155823
0.24899292
0.16537476
0.15686035
0.22076416
0.3086548
0.37522888
0.3917389
0.34913635
0.2836151
0.24899292
0.266037
0.20692444
0.10412598
0.13768005
0.18774414
0.15258789
0.04660034
0.08280945
0.25912476
0.4151764
0.42955017
0.31025696
0.16644287
0.0748291
0.040740967
0.031158447
0.009841919
-0.03010559
-0.08869934
-0.19949341
-0.38537598
-0.5824585
-0.68951416
-0.65489197
-0.49775696
-0.28097534
-0.07272339
-0.0056152344
-0.11160278
-0.24635315
-0.50735474
-0.8865814
-0.9036255
-0.4998932
0.101989746
0.5776367
0.5973358
0.23994446
-0.09295654
-0.17552185
-0.03703308
0.10038757
0.0513916
-0.0700531
-0.053009033
0.09933472
0.27189636
0.3539276
0.32463074
0.2585907
0.24420166
0.28894043
0.3251648
0.25219727
0.15151978
0.15898132
0.26071167
0.2985382
0.23780823
0.20211792
0.3363495
0.6021271
0.7150574
0.54992676
0.22929382
-0.07537842
-0.26393127
-0.35128784
-0.36354065
-0.33317566
-0.3486328
-0.44343567
-0.54782104
-0.53344727
-0.32891846
-0.13664246
-0.13769531
-0.2799225
-0.5084076
-0.59576416
-0.29216003
0.184021
0.55685425
0.67297363
0.5765686
0.40612793
0.2159729
-0.016799927
-0.23516846
-0.34170532
-0.30708313
-0.20428467
-0.101486206
-0.024246216
-2.746582E-4
0.0045166016
0.015167236
0.08015442
0.2202301
0.27989197
0.12808228
-0.09828186
-0.23570251
-0.20108032
-0.07272339
-0.068984985
-0.11746216
-0.052474976
0.18135071
0.5243683
0.64634705
0.3320923
-0.15794373
-0.43704224
-0.42053223
-0.19203186
0.024230957
0.0077056885
-0.22825623
-0.48124695
-0.59043884
-0.5563507
-0.4705963
-0.40560913
-0.38963318
-0.38697815
-0.31399536
-0.18191528
-0.059402466
0.017303467
-0.015197754
-0.19789124
-0.29164124
-0.14729309
0.17495728
0.5558014
0.76672363
0.7075958
0.45991516
0.235672
0.14460754
0.15046692
0.18348694
0.16430664
0.13500977
0.16751099
0.24633789
0.33314514
0.36351013
0.31611633
0.24687195
0.23248291
0.23036194
0.1568451
0.10092163
0.15312195
0.32356262
0.48760986
0.4300995
0.27456665
0.25273132
0.38215637
0.5573883
0.55152893
0.27563477
-0.092422485
-0.26979065
-0.16059875
0.08387756
0.1690979
0.010910034
-0.24848938
-0.43225098
-0.5457001
-0.65649414
-0.71932983
-0.70388794
-0.6932373
-0.68151855
-0.57125854
-0.41200256
-0.289505
-0.22079468
-0.26820374
-0.32252502
-0.19415283
0.08441162
0.35339355
0.4343567
0.2628479
0.029556274
-0.03489685
0.0061035156
-0.024780273
-0.15208435
-0.24848938
-0.19522095
-0.0056152344
0.17495728
0.2671051
0.32995605
0.33581543
0.22662354
0.052993774
0.0034484863
0.16697693
0.42529297
0.4860077
0.35871887
0.23196411
0.22608948
0.28147888
0.22450256
0.04978943
-0.120651245
-0.20375061
-0.13769531
0.057250977
0.200531
0.16749573
0.015701294
-0.16059875
-0.27885437
-0.28630066
-0.1765747
-0.059936523
-0.020523071
-0.09295654
-0.25167847
-0.43704224
-0.4695282
-0.26339722
-0.09776306
-0.25701904
-0.46899414
-0.34010315
0.12275696
0.53448486
0.6138458
0.4274292
0.22769165
0.20906067
0.3182373
0.3565979
0.24899292
0.092941284
0.04286194
0.076431274
0.05406189
-0.099349976
-0.39123535
-0.7156067
-0.86421204
-0.7443695
-0.47857666
-0.23197937
0.008773804
0.26391602
0.453537
0.45298767
0.22076416
-0.010406494
-0.10362244
-0.14729309
-0.1829834
-0.25274658
-0.3006897
-0.289505
-0.24902344
-0.18936157
-0.12332153
-0.113204956
-0.26020813
-0.5398407
-0.84291077
-1.0240021
-0.96328735
-0.7417145
-0.5409088
-0.4061432
-0.2735138
-0.085510254
0.04978943
0.07801819
0.09880066
0.22662354
0.4508667
0.51104736
0.32037354
0.11531067
0.08387756
0.22236633
0.4194336
0.5653839
0.59521484
0.5318146
0.49986267
0.51264954
0.37257385
2.4414062E-4
-0.31826782
-0.36247253
-0.31773376
-0.2772522
-0.11853027
0.123291016
0.34007263
0.3997345
0.28788757
0.153656
0.088134766
0.113708496
0.19148254
0.1690979
7.7819824E-4
-0.14782715
-0.15048218
-0.0423584
0.08973694
0.17443848
0.1217041
-0.09402466
-0.31134033
-0.32199097
-0.12599182
0.057785034
0.06311035
0.009307861
0.04978943
0.13661194
0.10571289
-0.05833435
-0.09667969
0.12275696
0.4359436
0.5558014
0.49241638
0.41412354
0.329422
0.25326538
0.21810913
0.21917725
0.21437073
0.19732666
0.25273132
0.3539276
0.36776733
0.29319763
0.21118164
0.18135071
0.17495728
0.022628784
-0.2799225
-0.3864441
-0.06793213
0.3224945
0.44021606
0.2740326
-0.078048706
-0.31240845
-0.1558075
0.17495728
0.30014038
0.19734192
0.047668457
0.04232788
0.19413757
0.3262329
0.2708435
0.030090332
-0.25967407
-0.5206604
-0.6405029
-0.51161194
-0.35342407
-0.40986633
-0.48976135
-0.31240845
0.06150818
0.3486023
0.30332947
0.13554382
0.14726257
0.3347473
0.48602295
0.44180298
0.3219757
0.26763916
0.2591095
0.25378418
0.24526978
0.2697754
0.33847046
0.39813232
0.46577454
0.5781708
0.73635864
0.8695221
0.951004
0.9861603
0.9552765
0.9169159
0.9744415
1.3094635
1.6865692
1.9326477
2.1840515
2.350769
2.22081
1.759018
1.3355713
1.1528778
1.1384888
1.2247772
1.1938934
1.0580597
1.0266418
1.1070709
1.1374207
1.0921478
1.000534
0.86206055
0.7565918
0.8002777
0.9030609
0.8178406
0.38694763
0.023162842
0.17123413
0.7150421
1.1992188
1.2577972
0.997879
0.744339
0.64527893
0.6596527
0.6676483
0.60905457
0.55366516
0.5712433
0.69480896
0.8838959
1.0122681
1.0644531
1.14328
1.286026
1.4527435
1.6301117
1.7744598
1.7941589
1.6540833
1.5475464
1.6695251
1.8346405
1.888443
1.8596802
1.7062836
1.4665985
1.2551422
1.1613922
1.1683197
1.1928253
1.2098694
1.1848297
1.1156006
1.030899
0.94088745
0.87431335
0.9115906
1.0900269
1.2743225
1.3414307
1.3483582
1.3126678
1.1576691
0.93556213
0.8066559
0.77523804
0.7789612
0.7352905
0.63674927
0.58935547
0.6591339
0.79974365
0.8956146
0.901474
0.89933777
0.90945435
0.9073334
0.9153137
0.93556213
0.9275665
0.90467834
0.85780334
0.807724
0.8114624
0.9249115
1.0767059
1.189621
1.186966
1.1970825
1.3105316
1.3840332
1.4740448
1.5677948
1.5763245
1.4772491
1.3765869
1.3233185
1.2876282
1.2114716
1.0910797
0.9323578
0.7454071
0.61065674
0.5323639
0.41784668
0.24952698
0.0982666
0.029022217
0.06576538
0.12489319
0.137146
0.20425415
0.37522888
0.44659424
0.31344604
0.15525818
0.15151978
0.32037354
0.5131836
0.5408783
0.42210388
0.29800415
0.19306946
0.074295044
-0.057800293
-0.16645813
-0.179245
-0.09030151
0.0236969
0.10038757
0.12968445
0.15472412
0.19892883
0.24526978
0.23887634
0.17337036
0.097732544
0.074295044
0.1770935
0.3182373
0.3731079
0.36618042
0.35339355
0.329422
0.26763916
0.34379578
0.61224365
0.7288971
0.5973358
0.4934845
0.52223206
0.5941467
0.60054016
0.46951294
0.23248291
0.052459717
0.045532227
0.11477661
0.1302185
0.113708496
0.05618286
-0.0892334
-0.21546936
-0.2069397
-0.17126465
-0.19735718
-0.21333313
-0.15368652
-0.08816528
-0.059936523
-0.02798462
0.033813477
-0.017852783
-0.13130188
-0.0892334
0.040740967
0.2751007
0.4151764
0.29267883
0.030090332
-0.14675903
-0.1169281
0.0135650635
-0.0050811768
-0.05833435
0.054595947
0.2852173
0.48760986
0.5755005
0.598938
0.49560547
0.32409668
0.19041443
0.14726257
0.2159729
0.2820282
0.27296448
0.31025696
0.31344604
0.08015442
-0.15101624
-0.15901184
0.05937195
0.24687195
0.14459229
-0.14622498
-0.2735138
-0.13771057
0.09933472
0.27030945
0.23620605
0.07055664
-0.042892456
-0.07165527
-0.10467529
-0.21812439
-0.35021973
-0.44023132
-0.465271
-0.4460907
-0.44129944
-0.41893005
-0.37365723
-0.58032227
-0.96487427
-0.9212036
-0.40934753
0.32356262
0.7613983
0.62983704
0.21278381
-0.089767456
-0.1638031
-0.075912476
-0.061538696
-0.16859436
-0.27192688
-0.24369812
-0.05834961
0.1025238
0.1302185
0.111572266
0.13980103
0.25964355
0.3917389
0.439682
0.41410828
0.34381104
0.30918884
0.35925293
0.4386139
0.5350189
0.60266113
0.5589905
0.4162445
0.23036194
0.12489319
0.15739441
0.20318604
0.12808228
-0.022125244
-0.12385559
-0.092422485
0.015167236
0.06790161
0.031158447
-0.08230591
-0.21226501
-0.28736877
-0.3092041
-0.33424377
-0.39335632
-0.4471588
-0.38111877
-0.18936157
-0.07432556
-0.09828186
-0.18138123
-0.30973816
-0.44929504
-0.4721985
-0.3161316
-0.017333984
0.24526978
0.26763916
0.08866882
-0.11532593
-0.23677063
-0.18563843
-0.07058716
-0.047683716
-0.14569092
-0.2468872
-0.22238159
-0.07537842
0.11051941
0.22450256
0.22076416
0.15206909
0.13500977
0.23408508
0.35871887
0.3486023
0.2932129
0.21543884
0.1451416
0.13554382
0.16856384
0.21278381
0.22929382
0.18721008
0.11264038
0.045532227
0.008239746
0.0029144287
-0.001876831
-0.03916931
-0.10681152
-0.15527344
-0.17445374
-0.18510437
-0.21972656
-0.27085876
-0.30921936
-0.26020813
-0.17073059
-0.19096375
-0.2538147
-0.22398376
-0.0892334
0.029022217
0.09666443
0.20532227
0.41252136
0.60905457
0.61491394
0.38961792
0.09933472
-0.117996216
-0.23303223
-0.20960999
-0.08869934
0.04660034
0.09559631
0.05618286
-0.022644043
-0.038101196
0.024230957
0.055648804
0.021026611
-0.08390808
-0.17552185
-0.1600647
-0.038635254
0.20478821
0.45300293
0.5078583
0.37097168
0.18721008
0.08866882
0.14033508
0.24899292
0.23248291
0.09880066
0.003982544
0.062576294
0.24899292
0.41731262
0.43754578
0.25698853
-0.0072021484
-0.24476624
-0.448761
-0.58244324
-0.5606079
-0.40934753
-0.42053223
-0.39337158
-0.20375061
-0.092422485
0.06150818
0.14033508
0.032211304
-0.13876343
-0.24050903
-0.101486206
0.22129822
0.3965454
0.32676697
0.16751099
0.055114746
0.050323486
0.09133911
0.02848816
-0.108932495
-0.19949341
-0.15475464
0.013046265
0.15472412
0.16430664
0.10731506
0.043395996
0.0476532
0.2202301
0.4205017
0.51371765
0.44979858
0.20585632
-0.13397217
-0.33584595
-0.27565002
-0.029571533
0.16697693
0.1770935
0.08282471
0.008773804
-0.016799927
-0.03543091
-0.10467529
-0.23251343
-0.371521
-0.5052185
-0.58351135
-0.5142822
-0.29536438
-0.16487122
-0.13450623
-0.15527344
-0.31666565
-0.64582825
-0.929718
-0.9254608
-0.6767273
-0.20161438
0.30386353
0.5019989
0.4119873
0.28894043
0.26817322
0.32728577
0.33421326
0.19306946
0.05831909
0.10093689
0.23994446
0.30918884
0.28308105
0.24739075
0.24899292
0.31770325
0.42636108
0.45672607
0.35446167
0.2436676
0.17176819
0.062042236
-0.066329956
-0.12651062
-0.03277588
-0.013595581
-0.20800781
-0.40934753
-0.44129944
-0.24369812
-0.014129639
0.06097412
-0.03703308
-0.19894409
-0.28630066
-0.33636475
-0.43225098
-0.5164032
-0.50042725
-0.3907013
-0.22079468
-0.06739807
-0.03543091
-0.052474976
2.4414062E-4
0.007171631
-0.15899658
-0.37419128
-0.401886
-0.13397217
0.2862854
0.47377014
0.33314514
0.1222229
0.038604736
0.11477661
0.21438599
0.15100098
-0.0098724365
-0.049819946
0.07801819
0.25698853
0.34700012
0.329422
0.28042603
0.24208069
0.20852661
0.19041443
0.21650696
0.2628479
0.2713623
0.24047852
0.19200134
0.086013794
-0.07432556
-0.1558075
-0.08337402
0.10891724
0.21864319
0.14247131
-0.010940552
-0.071121216
0.009841919
0.1414032
0.21330261
0.19946289
0.104660034
-0.08230591
-0.31027222
-0.47912598
-0.45515442
-0.3672638
-0.35447693
-0.32891846
-0.25274658
-0.1361084
0.031143188
0.19734192
0.24899292
0.16644287
-0.01626587
-0.20056152
-0.3076172
-0.31080627
-0.19789124
-0.0423584
0.0471344
0.009307861
-0.07751465
-0.10202026
-0.0892334
-0.071121216
-0.046081543
-0.015731812
0.050857544
0.15737915
0.25964355
0.29319763
0.27989197
0.25006104
0.17921448
0.10412598
0.07748413
0.07217407
0.11317444
0.15844727
0.10624695
-0.06100464
-0.24156189
-0.28044128
-0.0934906
0.086013794
0.03753662
-0.10095215
-0.14408875
-0.048217773
0.09880066
0.19892883
0.22129822
0.14726257
0.013580322
-0.106277466
-0.19789124
-0.30174255
-0.4029541
-0.39868164
-0.18457031
0.13500977
0.22982788
0.07536316
-0.02798462
0.032211304
0.1690979
0.19839478
0.16856384
0.15898132
0.2074585
0.29693604
0.312912
0.18988037
0.010910034
-0.10362244
-0.14994812
-0.1254425
-0.024246216
0.04234314
0.015167236
-0.018920898
-0.033843994
-0.052474976
-0.061538696
-0.038635254
-0.03224182
-0.08709717
-0.068984985
0.09880066
0.32995605
0.48442078
0.470047
0.33102417
0.23994446
0.23034668
0.28842163
0.36776733
0.40078735
0.3720398
0.3102417
0.22502136
0.08068848
-0.09295654
-0.22132874
-0.29003906
-0.3518219
-0.45088196
-0.5457001
-0.5648651
-0.44396973
-0.26766968
-0.19363403
-0.21014404
-0.21014404
-0.10574341
0.06790161
0.14886475
0.083343506
-0.08604431
-0.2623291
-0.3491516
-0.2453003
-0.10095215
-0.06472778
-0.089767456
-0.13769531
-0.20108032
-0.24102783
-0.26286316
-0.3129425
-0.3534088
-0.29322815
-0.16433716
-0.04875183
0.033813477
0.12861633
0.27989197
0.45991516
0.54248047
0.44128418
0.3219757
0.36457825
0.4663086
0.5504608
0.5627136
0.4588623
0.30438232
0.15791321
0.039138794
-0.0024108887
0.018371582
-0.020523071
-0.09562683
-0.12332153
-0.16166687
-0.2191925
-0.26713562
-0.26234436
-0.18829346
-0.20321655
-0.33477783
-0.41041565
-0.39123535
-0.3683319
-0.46261597
-0.6495514
-0.7001648
-0.53611755
-0.2783203
-0.106277466
-0.15048218
-0.3129425
-0.44662476
-0.48124695
-0.45248413
-0.38858032
-0.2857666
-0.12704468
0.04234314
0.14779663
0.18881226
0.16537476
0.06364441
-0.012527466
0.0077056885
0.05831909
0.08973694
0.13554382
0.18507385
0.18560791
0.1728363
0.15312195
0.15419006
0.2244873
0.36245728
0.49295044
0.5563202
0.51690674
0.43595886
0.4354248
0.4593811
0.41464233
0.35072327
0.312912
0.30332947
0.29800415
0.2628479
0.20639038
0.15419006
0.118499756
0.088134766
0.06790161
0.04446411
-0.014129639
-0.07537842
-0.082839966
-0.052474976
-0.059936523
-0.18031311
-0.3491516
-0.38163757
-0.21386719
0.041275024
0.1802826
0.10519409
-0.07911682
-0.1680603
-0.15634155
-0.07165527
0.0135650635
0.07376099
0.13342285
0.18081665
0.19520569
0.184021
0.16271973
0.2117157
0.30119324
0.34806824
0.41410828
0.5036011
0.6442108
0.7885437
0.9781647
1.0596619
0.9568634
0.71824646
0.54460144
0.60372925
0.868454
1.1326294
1.23703
1.1944122
1.093216
1.028244
1.0112
0.9856262
0.93769836
0.86206055
0.75605774
0.68255615
0.63674927
0.60266113
0.5531311
0.45726013
0.33102417
0.24473572
0.27882385
0.44075012
0.61279297
0.70599365
0.6612549
0.4828186
0.1925354
-0.013061523
0.0077056885
0.20106506
0.43328857
0.5462036
0.44447327
0.21543884
0.06097412
0.04499817
0.19999695
0.42156982
0.535553
0.5201111
0.47642517
0.46577454
0.45033264
0.49453735
0.56910706
0.5978699
0.6175842
0.6431427
0.67404175
0.72143555
0.74594116
0.7161255
0.6415405
0.5233002
0.42636108
0.4854889
0.68362427
0.90945435
1.1129303
1.1502075
1.0149231
0.904129
0.8791046
0.887619
0.8444824
0.72091675
0.5723114
0.45726013
0.4050598
0.39015198
0.3443451
0.24473572
0.13075256
0.07215881
0.12756348
0.24845886
0.30812073
0.2740326
0.23248291
0.21224976
0.09133911
-0.14675903
-0.29589844
-0.20161438
0.04660034
0.25805664
0.3219757
0.20585632
0.047668457
-0.036499023
-0.03437805
0.052993774
0.12861633
0.15525818
0.16911316
0.1802826
0.21383667
0.25752258
0.2702942
0.2862854
0.3565979
0.46897888
0.5616455
0.62184143
0.66444397
0.72410583
0.80825806
0.86312866
0.78855896
0.5643158
0.45458984
0.6143799
0.89775085
1.0554047
1.0127869
0.78482056
0.6143799
0.58828735
0.6692505
0.7342224
0.70492554
0.63674927
0.60214233
0.58987427
0.5312958
0.4481964
0.376297
0.3209076
0.2889557
0.25379944
0.24206543
0.28788757
0.31611633
0.28042603
0.22982788
0.1962738
0.09187317
-0.15847778
-0.37472534
-0.355011
-0.11904907
0.13554382
0.21543884
0.13554382
0.08760071
0.14833069
0.21757507
0.20585632
0.111572266
0.021026611
0.011978149
0.03967285
0.07803345
0.09666443
0.097732544
0.11051941
0.17176819
0.266037
0.359787
0.41252136
0.41038513
0.38641357
0.3496704
0.3113098
0.28042603
0.29319763
0.2979889
0.266037
0.24101257
0.13395691
-0.06846619
-0.036499023
0.12010193
0.19360352
0.15525818
0.06097412
-0.04449463
-0.004547119
0.12010193
0.1605835
0.08654785
-0.03277588
-0.12597656
-0.17124939
-0.19415283
-0.22770691
-0.27885437
-0.30174255
-0.2975006
-0.26713562
-0.21546936
-0.26660156
-0.48231506
-0.72146606
-0.75502014
-0.5579529
-0.27085876
-0.10467529
-0.14569092
-0.31559753
-0.43118286
-0.4391632
-0.39390564
-0.34542847
-0.32731628
-0.33903503
-0.33370972
-0.30867004
-0.25221252
-0.18138123
-0.10574341
-0.0024108887
0.1563263
0.36883545
0.5350189
0.5776367
0.4977417
0.28681946
0.05831909
-0.04714966
0.092941284
0.19573975
0.18614197
0.14512634
0.101989746
0.076431274
0.08654785
0.14779663
0.23622131
0.27670288
0.18774414
0.009307861
-0.1558075
-0.24583435
-0.2692566
-0.20747375
-0.1281128
-0.10574341
-0.14569092
-0.20854187
-0.24316406
-0.20108032
-0.14143372
-0.16273499
-0.34596252
-0.5962982
-0.6596832
-0.50201416
-0.2303772
-0.006149292
0.010910034
-0.09402466
-0.1723175
-0.1403656
-0.048217773
0.0045166016
-0.0029449463
-0.071121216
-0.2026825
-0.3326416
-0.38272095
-0.32252502
-0.2218628
-0.12171936
0.029022217
0.24526978
0.4870758
0.6569977
0.67829895
0.5786896
0.41784668
0.24633789
0.16963196
0.18721008
0.24153137
0.32356262
0.3842926
0.38269043
0.37309265
0.3773651
0.38427734
0.35125732
0.2585907
0.12542725
-0.0072021484
-0.08656311
-0.09562683
-0.050354004
-0.007736206
-0.031707764
-0.09295654
-0.10574341
-0.05567932
0.021560669
0.092941284
0.13928223
0.16537476
0.07003784
-0.22558594
-0.6032257
-0.81307983
-0.71614075
-0.4226532
-0.2453003
-0.32092285
-0.4721985
-0.5073395
-0.38856506
-0.20854187
-0.10734558
-0.09669495
-0.10202026
-0.1126709
-0.12438965
-0.13717651
-0.12332153
-0.059936523
0.024230957
0.10838318
0.20904541
0.3209076
0.41571045
0.46044922
0.41889954
0.2852173
0.15686035
0.16163635
0.30332947
0.4343567
0.46844482
0.4306183
0.40345764
0.4247589
0.46365356
0.47377014
0.46044922
0.4109192
0.32676697
0.24899292
0.17495728
0.10838318
0.07801819
0.076416016
0.0705719
0.064697266
0.05618286
-0.021057129
-0.14196777
-0.1872406
-0.16592407
-0.22824097
-0.42478943
-0.61813354
-0.610672
-0.43437195
-0.22026062
-0.15687561
-0.2538147
-0.3486328
-0.37153625
-0.3326416
-0.28736877
-0.2783203
-0.25434875
-0.22718811
-0.23197937
-0.24902344
-0.2772522
-0.28311157
-0.24742126
-0.16966248
-0.07272339
0.011978149
0.05404663
0.08229065
0.12277222
0.16911316
0.22129822
0.23568726
0.23408508
0.23248291
0.22982788
0.24259949
0.27616882
0.31237793
0.31504822
0.25805664
0.19999695
0.17123413
0.1456604
0.12968445
0.12702942
0.10038757
0.03807068
-0.03010559
-0.05407715
-0.04396057
-0.035964966
-0.06739807
-0.13557434
-0.20907593
-0.27085876
-0.2607422
-0.16912842
-0.08816528
-0.08656311
-0.19682312
-0.33317566
-0.38005066
-0.2841797
-0.1600647
-0.11532593
-0.18670654
-0.24423218
-0.1829834
-0.041290283
0.06097412
0.10998535
0.09399414
0.027954102
-0.05567932
-0.14248657
-0.23410034
-0.30815125
-0.33743286
-0.2825775
-0.15422058
-0.0029449463
0.121170044
0.22982788
0.3070526
0.33955383
0.32730103
0.26924133
0.16963196
0.13342285
0.23461914
0.40771484
0.53396606
0.54566956
0.45565796
0.37683105
0.3416748
0.34007263
0.3374176
0.31770325
0.24794006
0.137146
0.037002563
-0.043426514
-0.0977478
-0.15101624
-0.14195251
-0.051940918
0.011978149
-0.004547119
-0.082839966
-0.16539001
-0.14143372
-0.08337402
-0.12013245
-0.2841797
-0.46420288
-0.48710632
-0.35447693
-0.22238159
-0.21174622
-0.36619568
-0.5563507
-0.64263916
-0.58776855
-0.40667725
-0.24581909
-0.18563843
-0.18031311
-0.20747375
-0.27511597
-0.3257141
-0.3214569
-0.29589844
-0.25967407
-0.21173096
-0.1638031
-0.12757874
-0.106277466
-0.04714966
0.0790863
0.21385193
0.28575134
0.29000854
0.2548523
0.28149414
0.3997345
0.54940796
0.6468811
0.6569977
0.59573364
0.54141235
0.51478577
0.48762512
0.41838074
0.2852173
0.14300537
0.031677246
-0.029037476
-0.059936523
-0.06793213
-0.054611206
-0.075912476
-0.108932495
-0.13397217
-0.18191528
-0.22505188
-0.22238159
-0.16220093
-0.10734558
-0.033309937
-0.042892456
-0.27246094
-0.5536957
-0.51426697
-0.115859985
0.35871887
0.64793396
0.5467377
0.1563263
-0.1872406
-0.34010315
-0.37365723
-0.3752594
-0.30281067
-0.11213684
0.06736755
0.11105347
0.071624756
0.04286194
0.04020691
0.024230957
0.039138794
0.14459229
0.25805664
0.26763916
0.21383667
0.26924133
0.41145325
0.4189148
0.1728363
0.07215881
0.106781006
0.08866882
0.06736755
0.055648804
0.07801819
0.10572815
0.10038757
0.035949707
-0.07325745
-0.120651245
-0.02798462
0.12489319
0.22076416
0.22981262
0.19093323
0.16751099
0.137146
0.0710907
0.0045166016
-0.06047058
-0.11000061
-0.12437439
-0.09881592
-0.04182434
-0.012527466
-0.017852783
-0.05833435
-0.1169281
-0.14782715
-0.14942932
-0.12704468
-0.10095215
-0.08604431
-0.07751465
-0.085510254
-0.08869934
-0.08016968
-0.09828186
-0.12225342
-0.106277466
-0.06526184
-0.053009033
-0.06793213
-0.059402466
-0.026382446
-0.020523071
-0.033309937
-0.03968811
-0.030639648
-0.011459351
0.009307861
0.0045166016
-0.012008667
-0.0231781
-0.022644043
-0.030639648
-0.0423584
-0.03277588
-0.014663696
-0.011993408
-0.021591187
-0.033843994
-0.033843994
-0.019989014
0.0061035156
0.03274536
0.048187256
0.039138794
0.015167236
-0.008270264
0.0018463135
0.017837524
0.011444092
-0.011474609
-0.04928589
-0.07325745
-0.06260681
-0.023727417
-0.0013427734
-0.0056152344
-0.022659302
-0.033309937
-0.03916931
-0.04928589
-0.078048706
-0.09881592
-0.09776306
-0.07325745
-0.03756714
-0.0072021484
-0.009338379
-0.035964966
-0.05407715
-0.06100464
-0.053009033
-0.038635254
-0.0423584
-0.06686401
-0.08656311
-0.07432556
-0.0423584
-0.011993408
-0.010940552
-0.01626587
-0.013595581
-0.006149292
-2.746582E-4
-0.008270264
-0.022125244
-0.029037476
-0.031173706
-0.03489685
-0.035964966
-0.024246216
-0.001876831
-8.239746E-4
-0.02319336
-0.048217773
-0.04182434
-0.010940552
0.005050659
0.002380371
0.003982544
0.012512207
0.030090332
0.0471344
0.031158447
-0.013595581
-0.033309937
-0.017852783
-8.239746E-4
-0.008804321
-0.03703308
-0.04714966
-0.038101196
-0.02798462
-0.024780273
-0.014663696
0.009307861
0.038604736
0.03967285
0.024765015
0.017837524
0.013046265
0.009307861
0.018371582
0.024230957
0.017837524
0.005569458
-0.0040130615
-0.0098724365
-0.0072021484
-0.013595581
-0.025314331
-0.021057129
-0.03756714
-0.07432556
-0.07644653
-0.022109985
0.024749756
0.015182495
-0.022125244
-0.03703308
-0.022109985
-0.0013427734
0.013046265
0.005569458
-0.01626587
-0.023712158
-0.010406494
2.4414062E-4
-0.006149292
-0.015731812
-0.014129639
-0.0013427734
0.016235352
0.020492554
0.008773804
-0.009338379
-0.017318726
-0.013061523
-8.239746E-4
0.018371582
0.06097412
0.08973694
0.062576294
0.014633179
0.0018463135
0.038604736
0.06416321
0.03967285
0.007171631
-0.004547119
-0.0024108887
0.010910034
0.026885986
0.026351929
0.0077056885
-0.0072021484
-0.0098724365
-0.020523071
-0.036499023
-0.038635254
-0.015731812
0.014633179
0.031143188
0.02583313
0.011444092
-0.0040130615
-0.0040130615
-0.006149292
-0.01626587
-0.008804321
-0.0098724365
-0.033294678
-0.04449463
-0.025848389
0.009841919
0.030090332
0.022628784
0.003982544
-0.017318726
-0.038101196
-0.03970337
-0.025848389
-0.016799927
-0.015731812
-0.009338379
-0.0029449463
2.4414062E-4
0.0018463135
2.593994E-4
0.0045166016
0.0077056885
0.007171631
0.012512207
0.022094727
0.019973755
0.0061035156
-0.0066833496
-0.011459351
0.010375977
0.043930054
0.027954102
-0.004547119
-0.0029449463
0.03274536
0.05458069
0.03327942
-0.003479004
-0.015731812
-0.010940552
-0.007736206
-0.004547119
-0.004547119
-0.009338379
0.0061187744
0.019424438
0.003982544
-0.0231781
-0.031707764
-0.022659302
-0.014129639
-0.013061523
-0.013595581
-0.004547119
0.011444092
0.01676941
0.002380371
-0.018920898
-0.017318726
0.0146484375
0.017303467
-0.019454956
-0.029571533
0.021560669
0.07322693
0.06311035
0.012512207
-0.020523071
-0.013061523
0.0034484863
0.0061187744
0.007171631
0.019958496
0.03755188
0.035949707
0.015167236
-0.0040130615
-0.006149292
0.0066375732
0.022628784
0.036483765
0.0471344
0.05406189
0.062042236
0.069503784
0.06896973
0.057250977
0.06311035
0.090270996
0.090270996
0.052459717
0.030090332
0.05831909
0.09240723
0.08229065
0.04020691
0.005050659
-0.008804321
0.0029144287
0.024765015
0.03327942
0.029022217
0.022094727
0.014633179
0.003982544
-0.0098724365
-0.013595581
-0.009338379
2.4414062E-4
0.009307861
0.010910034
0.009307861
0.018371582
0.031677246
0.020492554
-0.011474609
-0.033309937
-0.022644043
-0.0024108887
-0.011459351
-0.03224182
-0.029037476
-0.045562744
-0.08602905
-0.06846619
0.0236969
0.043395996
-0.05142212
-0.06526184
-0.053009033
-0.021057129
0.0034484863
