0.31401062
-0.03326416
-0.235672
-0.24951172
-0.19465637
-0.21916199
-0.31929016
-0.31129456
-0.2676239
-0.29371643
-0.40397644
-0.46470642
-0.45031738
-0.30810547
-0.21276855
-0.21330261
-0.22021484
-0.23139954
-0.22288513
-0.14299011
-0.039657593
-0.01675415
-0.0993042
-0.17495728
-0.20263672
-0.21116638
-0.21542358
-0.1845398
-0.14299011
-0.10783386
-0.10571289
-0.09132385
-0.011962891
0.09136963
0.1318512
0.08924866
0.029052734
-0.019958496
-0.032730103
-0.022079468
-0.0061035156
-0.0034332275
-0.011962891
-0.0050354004
-0.003982544
-0.031143188
-0.046585083
-0.0061035156
0.018936157
0.007217407
-0.02633667
-0.06628418
-0.0716095
-0.024749756
0.02053833
0.007736206
-0.026870728
-0.052444458
-0.037002563
2.89917E-4
0.017333984
0.006149292
-0.011962891
-0.011962891
0.031188965
0.07965088
0.09510803
0.07699585
0.013076782
-0.043914795
-0.059890747
-0.02368164
-0.0077056885
-0.022613525
-0.029541016
0.012542725
0.05090332
0.035446167
0.002960205
-0.013031006
-0.008239746
0.009338379
0.014678955
0.027999878
0.019470215
-0.007171631
-0.0066375732
0.014144897
0.008285522
-0.022079468
-0.031677246
-0.026870728
-0.017288208
-0.017288208
-0.025283813
-0.045516968
-0.05883789
-0.051376343
0.0024261475
0.06048584
0.045562744
-0.010360718
-0.044448853
-0.012496948
0.0460968
0.07646179
0.045562744
0.004547119
-0.008224487
-0.0061035156
-0.01675415
-0.027938843
-0.016220093
-0.020492554
-0.069488525
-0.10517883
-0.08972168
-0.058303833
-0.027404785
-0.0050354004
-0.013031006
-0.017288208
-0.017288208
-0.002380371
0.031723022
0.04876709
0.042373657
0.016799927
-0.014633179
-0.03593445
-0.050308228
-0.039657593
-0.040725708
-0.04498291
-0.034332275
-0.024215698
-0.016220093
-0.00982666
-0.019424438
-0.024215698
-0.012496948
0.008804321
0.016799927
0.012542725
0.010406494
0.01361084
0.012008667
0.009338379
0.01361084
0.038650513
0.05088806
0.040771484
0.010406494
-0.011962891
0.0072021484
0.03012085
-0.010360718
-0.043395996
-0.008758545
0.030654907
0.053024292
0.041305542
0.016815186
0.021591187
0.04397583
0.03225708
0.017333984
0.010406494
0.0066833496
-0.003967285
-0.019424438
-0.014633179
-0.005569458
-0.009841919
-0.017822266
-0.022613525
-0.025817871
-0.0061035156
0.020004272
0.020004272
-0.0029144287
-0.032730103
-0.032196045
-0.015686035
-0.039123535
-0.060424805
-0.038589478
-0.0018463135
0.007736206
-0.01461792
-0.031677246
-0.0284729
-0.011962891
-0.0135650635
-0.0077056885
0.023727417
0.042907715
0.042907715
0.05781555
0.0929718
0.09031677
0.0418396
0.004547119
0.003479004
0.019470215
0.016815186
-0.010894775
-0.017822266
-0.027404785
-0.030075073
0.003479004
0.016799927
-0.02633667
-0.044448853
-0.0034332275
0.047164917
0.045043945
0.018936157
0.010940552
0.018936157
0.0184021
0.01361084
-0.004501343
-0.012496948
0.004547119
0.02053833
0.007751465
-0.020477295
-0.044448853
-0.06681824
-0.048187256
0.0184021
0.047164917
0.009338379
-0.040725708
-0.043914795
-0.027938843
-0.025283813
-0.034332275
-0.003967285
-2.4414062E-4
-0.048706055
-0.10357666
-0.097717285
0.0013427734
0.101501465
0.085510254
0.022125244
0.003479004
0.03225708
0.03918457
0.02798462
0.042907715
0.07859802
0.099365234
0.097229004
0.061538696
0.033843994
0.042373657
0.040237427
0.11907959
0.21388245
0.14996338
0.045028687
0.008270264
0.020004272
0.038650513
0.027999878
-0.020477295
-0.026870728
-0.015686035
0.010406494
0.056228638
0.061019897
0.04449463
0.025863647
0.035446167
0.025863647
-0.0476532
-0.05883789
0.022125244
0.082855225
0.0695343
0.0184021
-0.03540039
-0.051376343
-0.019958496
0.008804321
0.0184021
0.03439331
0.040771484
0.0056152344
-0.06842041
-0.10090637
-0.10783386
-0.15097046
-0.1611023
-0.12541199
-0.085998535
-0.0013122559
0.04449463
0.029067993
-0.05935669
-0.22981262
-0.34326172
-0.31129456
-0.09611511
0.144104
-0.038589478
-0.28041077
-0.30810547
-0.21862793
-0.10144043
-0.06842041
-0.123291016
-0.11582947
0.050369263
0.3166809
0.4727478
0.29537964
0.052490234
-2.4414062E-4
0.008804321
-0.017288208
-0.048721313
-0.040725708
0.0050811768
0.051971436
0.04876709
-0.031143188
-0.06681824
-0.043930054
-0.03540039
-0.07321167
-0.141922
-0.17601013
-0.14405823
-0.060958862
0.06048584
0.19844055
0.2447815
0.17340088
0.06581116
-0.016220093
-0.048171997
-0.017288208
0.07060242
0.14305115
0.1318512
0.04876709
-0.07267761
-0.12594604
-0.076416016
0.021072388
0.13398743
0.1632843
0.07752991
0.012542725
0.033325195
0.11161804
0.15582275
0.05088806
-0.30863953
-0.3118286
0.061553955
0.21760559
0.043441772
-0.14778137
-0.08493042
0.04876709
0.1121521
0.07966614
0.078063965
0.11268616
0.11161804
0.06581116
-0.020477295
-0.08972168
-0.100372314
-0.045516968
0.051971436
0.08924866
0.16221619
0.20748901
0.08924866
-0.09346008
-0.14459229
0.044509888
0.22080994
0.035446167
-0.4055786
-0.76457214
-0.7624359
-0.38160706
-0.06416321
-0.08013916
-0.25271606
-0.19625854
0.12919617
0.41947937
0.4258728
0.14996338
-0.21276855
-0.3837433
-0.31982422
-0.08920288
0.07380676
0.11001587
0.13931274
0.16647339
0.21813965
0.23146057
0.18511963
0.19737244
0.38006592
0.49191284
0.34065247
0.08924866
-0.123291016
-0.3368683
-0.5477905
-0.6463318
-0.51156616
-0.2164917
0.030654907
0.18458557
0.29963684
0.3251953
0.22027588
0.061019897
-0.095062256
-0.17654419
-0.21170044
-0.26815796
-0.2937317
-0.21063232
-0.22181702
-0.39546204
-0.39704895
-0.1227417
0.21228027
0.31402588
0.19950867
0.026397705
-0.07374573
0.03916931
0.31933594
0.5190735
0.4232025
0.008270264
-0.39067078
-0.35017395
0.017868042
0.3166809
0.3720703
0.23625183
-0.052444458
-0.18133545
-0.23779297
-0.2244873
-0.26815796
-0.22714233
-0.15577698
-0.14512634
-0.20744324
-0.2868042
-0.19093323
0.14782715
0.47380066
0.54837036
0.4370575
0.2335968
-0.09239197
-0.5621643
-1.0692444
-1.1736298
-0.76297
-0.16429138
0.3635559
0.57180786
0.46209717
0.21920776
-0.008758545
-0.14405823
-0.20584106
-0.21276855
-0.14938354
-0.13392639
-0.18772888
-0.20317078
-0.16056824
-0.1499176
-0.20637512
-0.25057983
-0.252182
-0.19891357
-0.111572266
-0.041793823
-0.025268555
-0.16215515
-0.28945923
-0.20423889
-0.034332275
0.06581116
0.120666504
0.1952362
0.32572937
0.41255188
0.36302185
0.23997498
0.120666504
0.024261475
-0.0018463135
0.07539368
0.16700745
0.101501465
-0.16589355
-0.30438232
-0.067352295
0.23039246
0.14356995
-0.24632263
-0.4348755
-0.20263672
0.042907715
-0.14778137
-0.5451355
-0.69000244
-0.39865112
0.14730835
0.5712738
0.65437317
0.52441406
0.34065247
0.13824463
-0.020477295
-0.06895447
-0.03540039
0.03225708
0.113220215
0.13824463
-0.011962891
-0.2010498
-0.20744324
-0.034866333
0.12333679
0.09776306
0.053024292
0.08711243
0.10522461
0.035446167
-0.18826294
-0.381073
-0.3171692
-0.24365234
-0.20690918
-0.12008667
0.06581116
0.28845215
0.45303345
0.49777222
0.3555603
0.07220459
-0.17015076
-0.24739075
-0.1307373
0.09724426
0.30815125
0.36727905
0.27619934
0.14996338
0.1979065
0.33425903
0.34117126
0.28738403
0.3236084
0.3166809
0.07380676
-0.39385986
-0.8652344
-1.0063934
-0.72994995
-0.17440796
0.35928345
0.5888519
0.6804657
0.55636597
0.20323181
-0.205307
-0.5232849
-0.66656494
-0.6106415
-0.4290161
-0.17868042
-0.036468506
-0.11369324
-0.24845886
-0.3065033
-0.27827454
-0.27241516
-0.33580017
-0.23406982
0.0072021484
0.09031677
-0.058303833
-0.18293762
-0.09825134
0.08178711
0.25808716
0.40029907
0.48446655
0.44503784
0.31347656
0.15582275
0.036514282
-0.05883789
-0.10890198
-0.06309509
0.022125244
0.13505554
0.2921753
0.37153625
0.2602234
0.04876709
0.003479004
0.1483612
0.23625183
0.049301147
-0.08227539
0.05569458
0.22720337
0.122802734
-0.2399292
-0.5989227
-0.64419556
-0.4167633
-0.06575012
0.237854
0.42266846
0.45942688
0.3236084
0.075927734
-0.14778137
-0.23086548
-0.060958862
0.34703064
0.78326416
0.91748047
0.67567444
0.33532715
0.16807556
0.17660522
0.12173462
-0.029541016
-0.16375732
-0.24046326
-0.40185547
-0.56962585
-0.61383057
-0.51156616
-0.3421936
-0.23779297
-0.21063232
-0.17388916
-0.057235718
0.096710205
0.13505554
-0.0284729
-0.30543518
-0.5435333
-0.5110321
-0.19519043
0.20483398
0.4620819
0.42800903
0.22080994
0.094573975
0.21974182
0.36994934
0.33372498
0.08178711
-0.16642761
-0.33366394
-0.47747803
-0.6543274
-0.77415466
-0.74806213
-0.458313
0.021606445
0.44024658
0.64105225
0.65649414
0.4700775
0.11480713
-0.30970764
-0.5749512
-0.6351471
-0.48280334
-0.21437073
-0.008758545
-0.030075073
-0.16854858
-0.10411072
0.1084137
0.30656433
0.28738403
-0.050842285
-0.25271606
-0.24845886
-0.24365234
-0.23406982
-0.14724731
-0.037002563
0.07752991
0.19949341
0.3044281
0.37260437
0.4482422
0.5297394
0.44450378
0.1632843
-0.1222229
-0.15150452
0.054626465
0.2724762
0.46261597
0.6016388
0.54678345
0.32626343
0.24584961
0.45622253
0.60375977
0.48072815
0.2959137
0.23999023
0.21546936
0.0018920898
-0.4199524
-0.8066559
-0.9451294
-0.7832184
-0.31236267
0.25968933
0.71136475
0.8482361
0.4844513
0.15795898
0.027450562
-0.12966919
-0.29212952
-0.17814636
0.019470215
0.11161804
0.106292725
0.20483398
0.34172058
0.31828308
0.113220215
-0.23034668
-0.5595093
-0.6228943
-0.524353
-0.3352661
-0.11582947
0.033843994
0.01574707
-0.13819885
-0.18612671
-2.4414062E-4
0.34223938
0.526001
0.44877625
0.1717987
-0.13233948
-0.23672485
-0.11369324
0.030654907
0.06741333
-0.013031006
-0.121154785
-0.18507385
-0.2122345
-0.10197449
0.05781555
0.035446167
-0.16642761
-0.12062073
0.1717987
0.27301025
-0.01675415
-0.40290833
-0.5328827
-0.3033142
0.16381836
0.48872375
0.48553467
0.19311523
-0.14138794
-0.3075714
-0.2718811
-0.20370483
-0.20584106
-0.1227417
0.05621338
0.17074585
0.10202026
-0.033798218
-0.0029144287
0.21548462
0.33958435
0.19577026
0.015213013
-0.090789795
-0.24205017
-0.50997925
-0.7161102
-0.64738464
-0.36669922
-0.13392639
0.0098724365
0.12919617
0.29270935
0.4455719
0.4248047
0.23838806
-0.027938843
-0.24311829
-0.26976013
-0.08546448
0.14038086
0.22506714
0.22241211
0.1483612
0.071136475
0.24317932
0.37046814
0.09564209
-0.32408142
-0.44766235
-0.20957947
0.07220459
0.08924866
-0.12861633
-0.26602173
-0.107299805
0.18405151
0.38645935
0.44877625
0.33958435
0.2186737
0.13824463
-0.1733551
-0.61117554
-0.83914185
-0.60424805
-0.04977417
0.20162964
-0.050842285
-0.3368683
-0.3267517
0.021606445
0.1824646
-0.15098572
-0.5232849
-0.51742554
-0.27668762
-0.107299805
-0.31982422
-0.634079
-0.64793396
-0.30970764
0.11747742
0.39711
0.42427063
0.3321228
0.19418335
0.03970337
-0.21809387
-0.6021271
-0.7661743
-0.5520477
-0.25430298
0.07539368
0.3869934
0.45463562
0.4610138
0.71029663
0.85783386
0.44558716
-0.14405823
-0.23725891
0.045043945
0.096710205
-0.14299011
-0.40290833
-0.45777893
-0.32940674
-0.06575012
0.16007996
0.30122375
0.48765564
0.8050995
0.6101532
0.3582306
0.11268616
-0.09239197
-0.1696167
0.11161804
0.38378906
0.48872375
0.49458313
0.33158875
0.17926025
0.30975342
0.54304504
0.45568848
-0.039657593
-0.74645996
-1.1672363
-0.94833374
-0.37947083
0.022659302
0.15689087
0.024795532
-0.02154541
0.21174622
0.39923096
0.29431152
0.12600708
0.09883118
0.099365234
0.002960205
-0.08706665
-0.11582947
-0.08332825
0.052490234
0.2655487
0.3912506
0.31295776
0.35076904
0.46102905
0.3555603
0.09350586
-0.092926025
-0.14459229
-0.23460388
-0.33312988
-0.33953857
-0.16749573
0.084991455
0.23678589
0.28578186
0.20429993
-0.029541016
-0.26283264
-0.38853455
-0.350708
-0.22714233
-0.10357666
0.056747437
0.09989929
-0.12008667
-0.4764099
-0.6303406
-0.41783142
0.07859802
0.38485718
0.29431152
-0.14138794
-0.540329
-0.62661743
-0.4290161
-0.22128296
-0.1030426
-0.050308228
-0.079071045
-0.16642761
-0.1690979
-0.10411072
-0.1611023
-0.18986511
-0.11210632
0.06260681
0.21228027
0.26287842
0.24850464
0.19044495
0.17393494
0.25064087
0.27301025
0.39764404
0.38539124
-0.2596283
-0.9573822
-1.0814819
-0.5121002
0.059951782
0.30336
0.32946777
0.25543213
0.18778992
0.11747742
-0.011962891
-0.23033142
-0.44178772
-0.5094452
-0.30703735
-0.008758545
0.16593933
0.2879181
0.4759369
0.5883179
0.53292847
0.15156555
-0.4322052
-0.6074524
-0.20851135
0.31082153
0.4892578
0.29484558
0.006149292
0.021072388
0.10203552
-0.023147583
-0.18026733
-0.13447571
0.027450562
0.54678345
0.6117554
0.13079834
-0.22555542
-0.14512634
0.09669495
0.06581116
-0.19252014
-0.35072327
-0.29478455
-0.14405823
-0.030075073
-0.031143188
-0.111572266
-0.16908264
-0.19412231
-0.25004578
-0.47428894
-0.7496643
-0.56962585
0.0929718
0.5973816
0.45463562
-0.102508545
-0.58187866
-0.69692993
-0.5003967
-0.14085388
0.10787964
0.18830872
0.14463806
0.073272705
0.026397705
-0.00982666
-0.060958862
-0.17068481
-0.24578857
-0.13926697
0.05088806
0.062072754
-0.14724731
-0.36297607
-0.20851135
0.039718628
0.008270264
-0.14938354
-0.12062073
0.00881958
-0.004501343
-0.32408142
-0.54885864
-0.43006897
-0.121154785
0.24424744
0.49884033
0.55104065
0.38378906
0.056228638
-0.22128296
-0.32621765
-0.3256836
-0.21437073
0.056228638
0.36195374
0.53292847
0.52227783
0.33691406
0.09829712
-0.017288208
-0.14671326
-0.4524536
-0.6516571
-0.40611267
0.10575867
0.2644806
0.008285522
-0.32461548
-0.5563202
-0.618103
-0.43113708
-0.031143188
0.40190125
0.5963135
0.53027344
0.3076172
0.06741333
-0.09611511
-0.14831543
-0.15257263
-0.17707825
-0.11050415
0.07434082
0.08818054
-0.06309509
-0.0476532
0.120666504
0.11694336
-0.022613525
-0.0796051
0.02319336
0.059417725
-0.009841919
-0.04286194
0.013076782
0.108428955
0.22293091
0.31987
0.36569214
0.3513031
0.23252869
0.022140503
-0.12913513
-0.19039917
-0.14724731
-0.036468506
-0.050308228
-0.051376343
0.02532959
0.07646179
0.08392334
0.106292725
0.092437744
-0.010360718
-0.0987854
-0.20744324
0.013076782
0.44877625
0.60643005
0.39604187
0.07220459
-0.16908264
-0.16268921
-0.024215698
0.062088013
-0.0034332275
-0.09983826
-0.039657593
0.11001587
0.12440491
-0.06416321
-0.31077576
-0.397583
-0.20744324
-0.054031372
-0.10038757
-0.26229858
-0.270813
-0.083862305
-0.019958496
-0.16375732
-0.39172363
-0.4013214
0.059951782
0.44024658
0.4493103
0.07539368
-0.24206543
-0.18986511
0.07859802
0.28845215
0.33798218
0.24531555
0.14677429
0.11747742
0.09829712
-0.008758545
-0.14724731
-0.1456604
0.031188965
0.2559662
0.3912506
0.39604187
0.30070496
0.15263367
0.15475464
0.39178467
0.65756226
0.28738403
-0.58454895
-0.6660309
-0.45191956
-0.35923767
-0.2479248
-0.071624756
-0.0076904297
-0.032211304
-0.08706665
-0.037521362
0.1829834
0.46261597
0.57073975
0.41415405
0.013076782
-0.44178772
-0.75871277
-0.8886719
-0.88334656
-0.6926727
-0.30703735
0.1787262
0.6357269
0.7640991
0.52493286
-0.02154541
-0.39544678
-0.47428894
-0.8375397
-1.1017303
-0.857254
-0.13446045
0.60643005
0.7875366
0.53985596
0.21601868
-0.043395996
-0.08332825
0.062088013
0.21388245
0.28471375
0.24264526
0.08818054
0.03491211
0.25382996
0.39071655
0.2975006
0.041305542
-0.057235718
0.062088013
0.07646179
-0.13020325
-0.33740234
-0.16270447
0.087646484
-0.19891357
-0.8450012
-1.1011963
-0.82688904
-0.30064392
0.11854553
0.38432312
0.510025
0.4881897
0.42533875
0.30921936
0.10522461
-0.18559265
-0.52542114
-0.7182312
-0.59147644
-0.13180542
0.43759155
0.7949829
0.798172
0.4732666
-0.23832703
-0.9765625
-0.9658966
-0.39546204
0.13398743
0.18244934
0.099365234
0.061553955
0.045562744
0.019470215
-0.025283813
-0.10890198
-0.21542358
-0.24632263
-0.15631104
-0.0519104
-0.10997009
-0.30384827
-0.32887268
-0.010894775
0.47433472
0.63253784
0.36621094
0.0029449463
-0.16377258
-0.11369324
-0.12594604
-0.4998474
-0.7528534
-0.5392761
0.010406494
0.43545532
0.6027069
0.5270691
0.28045654
-0.11210632
-0.42422485
-0.37361145
-0.14033508
-0.09132385
-0.10357666
-0.029006958
0.12120056
0.26501465
0.2490387
0.13026428
0.16061401
0.3747406
0.49830627
0.2298584
-0.20584106
-0.34379578
-0.24099731
-0.317688
-0.41036987
-0.16429138
0.31880188
0.65756226
0.68792725
0.54411316
0.29057312
0.06846619
-0.010360718
0.045028687
0.13238525
0.17819214
0.20855713
0.23092651
0.20323181
0.094573975
-0.023147583
8.239746E-4
0.13505554
0.17926025
0.07966614
-0.1376648
-0.31661987
-0.23406982
-0.020477295
0.018936157
-0.4955902
-1.0340881
-0.9078522
-0.16375732
0.5494385
0.7523804
0.47914124
0.08444214
-0.07853699
0.03491211
0.20109558
0.080718994
-0.30703735
-0.7406006
-0.96110535
-0.83221436
-0.47375488
-0.038589478
0.34065247
0.5638275
0.55955505
0.49884033
0.55104065
0.5281372
0.27352905
-0.23513794
-0.54512024
-0.39704895
-0.031143188
0.16540527
0.12599182
-0.076416016
-0.25430298
-0.18772888
0.035980225
0.21920776
0.22506714
0.11427307
0.0460968
0.144104
0.2921753
0.23625183
-0.002380371
-0.22395325
-0.4364624
-0.6218262
-0.6612396
-0.4529724
-0.1222229
-0.036468506
-0.29692078
-0.42848206
-0.22714233
0.016281128
0.16221619
0.20962524
0.18777466
0.272995
0.5217438
0.7204132
0.6240082
0.3076172
0.03916931
-0.014633179
0.11694336
0.2021637
0.28579712
0.52653503
0.81095886
0.79444885
0.39604187
-0.19412231
-0.49505615
-0.21755981
-0.08439636
-0.43113708
-0.8450012
-0.7123718
-0.038589478
0.5142822
0.56755066
0.33692932
0.14356995
0.1979065
0.40350342
0.51908875
0.35662842
0.026397705
-0.1264801
0.050369263
0.3267975
0.38964844
0.17021179
-0.16323853
-0.33261108
-0.1802826
0.11480713
0.03916931
-0.23513794
-0.42155457
-0.9051819
-1.3291626
-1.1784363
-0.68681335
-0.19944763
0.06581116
0.30070496
0.39390564
0.3347931
0.2602234
0.18191528
0.036514282
-0.16163635
-0.19412231
-0.16056824
-0.10890198
0.08125305
0.254364
0.4146881
0.53079224
0.52760315
0.38378906
0.2064209
-0.11582947
-0.8125
-1.1390076
-0.7704315
-0.08332825
0.399765
0.50309753
0.23944092
-0.023147583
0.0018920898
0.3720703
0.74598694
0.84983826
0.7475891
0.54571533
0.18351746
-0.3656311
-0.70918274
-0.5717621
-0.19093323
0.10308838
0.019470215
-0.2910614
-0.3102417
0.07699585
0.30177307
-0.1456604
-1.0069122
-1.4340973
-1.1065216
-0.44924927
0.08392334
0.23838806
0.13771057
-0.05883789
-0.19145203
-0.2250061
-0.1776123
-0.1611023
-0.13287354
-0.0061035156
0.06741333
0.084991455
0.26341248
0.64637756
1.0964508
1.081543
0.5169525
-0.097717285
-0.72888184
-1.0692291
-0.7027893
0.08338928
0.64530945
0.6314697
0.4024353
0.28312683
0.23731995
0.1979065
0.059951782
-0.17654419
-0.23406982
-0.0476532
0.21228027
0.31826782
0.27993774
0.27407837
0.39924622
0.3070984
-0.43008423
-1.1763
-1.191742
-0.5589752
0.27033997
0.7864685
0.4812622
-0.5840149
-1.1981354
-0.74487305
0.28152466
0.9984436
1.034668
0.6250763
0.18884277
-0.04977417
-0.024749756
0.0418396
0.014678955
-0.011962891
0.038650513
0.2618103
0.5947113
0.8370514
0.8908539
0.7449188
0.2921753
-0.22927856
-0.27189636
-0.11741638
-0.34165955
-0.54299927
-0.3613739
0.06846619
0.4381256
0.63998413
0.59098816
0.4109497
0.34118652
0.3544922
0.3821869
0.3209381
0.23571777
0.24636841
0.2778015
0.30656433
0.31401062
0.4109497
0.43173218
0.44184875
0.10202026
-0.021011353
0.30496216
0.55848694
0.69218445
0.7305298
0.65756226
0.3901825
-0.14619446
-0.94940186
-1.5198517
-1.2971954
-0.63035583
-0.07267761
0.03970337
-0.025283813
0.15849304
0.48765564
0.5505066
0.32147217
0.11054993
-0.051376343
-0.29478455
-0.43167114
-0.29318237
-0.074279785
0.14570618
0.44451904
0.6927185
0.8562317
0.90682983
0.56222534
-0.097717285
-0.6148987
-0.7848053
-0.70225525
-0.43434143
-0.17921448
-0.14352417
-0.26550293
-0.31929016
-0.17228699
-2.4414062E-4
-0.017822266
-0.10517883
-0.14938354
-0.034866333
0.1552887
0.21974182
0.22346497
0.043441772
-0.37309265
-0.540329
-0.29692078
0.0184021
0.16540527
0.014678955
-0.3970642
-0.62661743
-0.35551453
0.1952362
0.6373291
0.7885895
0.7081604
0.5057678
0.22293091
-0.12754822
-0.5248871
-0.68574524
-0.5025177
-0.13980103
0.18086243
0.36195374
0.37846375
0.2383728
0.10308838
-0.11050415
-0.46949768
-0.6878662
-0.43647766
0.13877869
0.56489563
0.5670166
0.35716248
0.25276184
0.38752747
0.54411316
0.5515747
0.36195374
0.11961365
0.03970337
0.14677429
0.26127625
0.26127625
0.16221619
0.10362244
0.16061401
0.2655487
0.31721497
-0.056167603
-0.76776123
-1.0852203
-0.5829468
0.22825623
0.63679504
0.57073975
0.28631592
0.12387085
0.15742493
0.3017578
0.40350342
0.35821533
0.17658997
0.017349243
-0.039657593
-0.036468506
-0.011962891
-0.04284668
-0.10623169
-0.21276855
-0.28094482
-0.27508545
-0.20423889
-0.20318604
-0.2164917
-0.22021484
-0.23779297
-0.23139954
-0.13020325
0.0184021
0.127594
0.08657837
-0.079071045
-0.2756195
-0.31396484
-0.062026978
0.35395813
0.6415863
0.6980438
0.55422974
0.3113556
0.024261475
-0.20477295
-0.30064392
-0.26016235
-0.12434387
0.09989929
0.23944092
0.1552887
-0.069488525
-0.14724731
0.062088013
0.31402588
0.14038086
-0.45510864
-0.53286743
-0.0076904297
0.40776062
0.40350342
0.2809906
0.3209381
0.4290619
0.39178467
0.108947754
-0.19039917
-0.3384552
-0.27348328
-0.015686035
0.34225464
0.6016388
0.60643005
0.38378906
0.16542053
0.14356995
0.22772217
0.28526306
0.29110718
0.28526306
0.26234436
0.2506256
0.1126709
-0.1818695
-0.30171204
-0.10623169
-0.26229858
-0.62875366
-0.5467224
0.022125244
0.58673096
0.7172241
0.50149536
0.24690247
0.30603027
0.8514404
1.5822144
1.2418671
0.18832397
0.21600342
0.7454529
0.9473114
0.66555786
0.23464966
0.019470215
0.0098724365
0.10043335
0.073272705
-0.1264801
-0.266037
-0.2868042
-0.051376343
-0.16856384
-0.89559937
-1.191742
-0.7059784
0.14144897
0.52388
0.38539124
0.16700745
0.23997498
0.4674225
0.6154785
0.54145813
0.256485
-0.18133545
-0.5483246
-0.66656494
-0.48440552
-0.22555542
0.024795532
0.3124237
0.53718567
0.58140564
0.34649658
0.13078308
0.12705994
-0.30117798
-0.89346313
-0.8173065
-0.08174133
0.59791565
0.5936432
0.061553955
-0.38320923
-0.48068237
-0.38479614
-0.16749573
-0.09931946
-0.106781006
0.011474609
0.19737244
0.29377747
0.2655487
0.10256958
-0.13180542
-0.24790955
-0.10890198
0.13026428
0.28419495
0.26234436
0.054092407
-0.21063232
-0.42848206
-0.56217957
-0.5967865
-0.51956177
-0.60105896
-0.89878845
-0.9632416
-0.58773804
-0.011962891
0.2889862
0.36141968
0.4370575
0.60536194
0.74331665
0.6969757
0.4812622
0.059417725
-0.35498047
-0.38960266
-0.16217041
0.06846619
0.19309998
0.16488647
0.02319336
-0.027404785
0.018936157
0.092437744
0.23625183
0.39071655
0.221344
-0.24046326
-0.5206299
-0.37841797
-0.01461792
0.20002747
0.2059021
0.043441772
-0.16163635
-0.30438232
-0.27827454
-0.06842041
0.16647339
0.2612915
0.237854
0.1355896
0.024795532
0.02532959
0.053024292
0.0013580322
-0.08067322
-0.11155701
-0.06523132
-0.06681824
-0.16642761
-0.14564514
-0.16268921
-0.28308105
-0.25804138
-0.11103821
-0.021011353
-0.03060913
-0.0018463135
0.11001587
0.23571777
0.3086853
0.31828308
0.24371338
0.07272339
-0.1738739
-0.3544464
-0.33847046
-0.22341919
-0.21542358
-0.29692078
-0.26229858
-0.079071045
0.04397583
-0.022079468
-0.31129456
-0.6223602
-0.76989746
-0.84765625
-0.648468
-0.026351929
0.62879944
0.92282104
0.7949829
0.3763275
0.011474609
-0.08706665
0.07432556
0.29164124
0.3246765
0.2932434
0.34172058
0.4258728
0.39337158
0.1952362
-0.003967285
-0.11582947
-0.0061035156
0.18139648
0.16700745
0.031188965
-0.12754822
-0.1776123
-0.09346008
-0.13819885
-0.5025177
-0.6862793
-0.42048645
0.066345215
0.42373657
0.44664
0.19416809
-0.05937195
-0.027938843
0.19950867
0.41362
0.41841125
0.25915527
0.15795898
0.14942932
0.13345337
0.15742493
0.2644806
0.51216125
0.53718567
0.34809875
-0.04711914
-0.3102417
-0.37309265
-0.5291443
-0.79545593
-0.6170349
-0.21276855
0.18511963
0.4413147
0.4263916
0.31454468
0.1398468
-0.020477295
-0.09239197
0.0050811768
0.0844574
-0.027938843
-0.2399292
-0.28520203
0.032791138
0.31987
0.23092651
0.014144897
-0.076416016
-0.05458069
0.06741333
0.15635681
-0.025268555
-0.50038147
-1.0308838
-1.2545929
-0.96217346
-0.29159546
0.35769653
0.6772766
0.72468567
0.6596985
0.54039
0.350235
0.14677429
-0.027404785
-0.21862793
-0.42687988
-0.51742554
-0.4391327
-0.28041077
0.05834961
0.4333191
0.59417725
0.4812622
0.2852478
-0.17707825
-0.72462463
-0.81996155
-0.5041046
0.036514282
0.31880188
0.29164124
0.32414246
0.5089569
0.6128235
0.4892578
0.18885803
-0.03593445
-0.104644775
-0.18347168
-0.30171204
-0.34432983
-0.31715393
-0.22235107
-0.010894775
0.13079834
0.20802307
0.28259277
0.28471375
0.18139648
-0.25271606
-0.78959656
-0.73794556
-0.20637512
0.24371338
0.15049744
-0.19145203
-0.25430298
0.0098724365
0.42692566
0.6101532
0.47114563
0.122802734
-0.29585266
-0.5770874
-0.556839
-0.23406982
0.17393494
0.3859253
0.3635559
0.27194214
0.19577026
0.12173462
0.11961365
0.32147217
0.22825623
-0.5126343
-1.0697632
-0.80451965
-0.016220093
0.5680847
0.5467682
0.22080994
0.049835205
0.1084137
0.2602234
0.34651184
0.30389404
0.16860962
0.010406494
-0.074279785
-0.008239746
0.12705994
0.1867218
0.10043335
-0.07055664
-0.15097046
-0.046051025
0.038116455
0.040771484
-0.02368164
-0.15097046
-0.24206543
-0.5200958
-0.93873596
-0.95632935
-0.42741394
0.29537964
0.6495819
0.66555786
0.4700775
0.25276184
0.19683838
0.19949341
0.08232117
-0.21809387
-0.56536865
-0.7666931
-0.64312744
-0.17175293
0.29377747
0.5638275
0.73905945
0.8477173
0.71243286
0.3779297
0.19844055
0.39283752
0.5313263
0.28152466
-0.141922
-0.49505615
-0.6436615
-0.4636383
0.010406494
0.5089569
0.7449188
0.6415863
0.32147217
0.049301147
-0.029006958
-0.0018463135
0.02532959
-0.07215881
-0.19200134
-0.15682983
-0.017288208
0.080718994
0.053024292
-0.03540039
-0.090789795
-0.038589478
0.04663086
-0.0066375732
-0.12168884
-0.17228699
-0.444458
-0.8870697
-0.95259094
-0.51156616
0.17926025
0.6154938
0.655426
0.4248047
0.1590271
0.024795532
-0.03593445
-0.10676575
-0.1818695
-0.2164917
-0.121154785
0.12973022
0.38752747
0.5750122
0.7939148
1.0724792
0.92601013
0.48338318
0.16700745
-0.09132385
-0.19625854
-0.0710907
-0.039123535
-0.14405823
-0.24046326
-0.20370483
-0.04284668
0.08604431
0.13612366
0.11161804
0.029067993
-0.004501343
0.07380676
0.10469055
-0.04711914
-0.18133545
-0.20637512
-0.16908264
-0.032196045
-0.033798218
-0.22767639
-0.3501892
-0.37309265
-0.45350647
-0.3768158
-0.060958862
0.23890686
0.16807556
-0.13980103
-0.42741394
-0.5014496
-0.34965515
-0.04498291
0.24371338
0.37420654
0.36408997
0.25701904
0.13345337
0.006149292
-0.16482544
-0.3587036
-0.4402008
-0.34165955
-0.17868042
-0.11955261
-0.2079773
-0.141922
0.16860962
0.44770813
0.48072815
0.27194214
0.1675415
0.25169373
0.21920776
-0.058303833
-0.35284424
-0.42581177
-0.24046326
0.031723022
0.18086243
0.111083984
-0.05404663
-0.18933105
-0.22821045
-0.19252014
-0.1461792
-0.07853699
0.02532959
0.14463806
0.20855713
0.23199463
0.24743652
0.25276184
0.18777466
0.18032837
0.064208984
-0.39067078
-0.69107056
-0.35498047
0.26501465
0.38911438
-0.060440063
-0.509964
-0.6921387
-0.5978546
-0.2564392
0.1510315
0.43492126
0.52334595
0.41415405
0.3001709
0.23039246
0.16275024
0.029586792
-0.015167236
0.020004272
0.07752991
0.0098724365
-0.14512634
-0.20317078
-0.07853699
0.041305542
0.02532959
0.06581116
0.15263367
0.1121521
-0.08493042
-0.4476471
-0.74913025
-0.82954407
-0.5813446
-0.040725708
0.39231873
0.48605347
0.45622253
0.2778015
0.12440491
0.0024108887
-0.12434387
-0.2399292
-0.33154297
-0.31236267
-0.19465637
-0.099853516
-0.11689758
-0.25590515
-0.25804138
-0.083862305
-0.057235718
-0.2633667
-0.23939514
0.2618103
0.77526855
0.76568604
0.3736725
-0.029541016
-0.15364075
-0.12966919
-0.008224487
0.12173462
0.23518372
0.30975342
0.28631592
0.20162964
0.15582275
0.16487122
0.25543213
0.33052063
0.23092651
-0.0476532
-0.3576355
-0.41729736
-0.24578857
-0.019424438
0.092437744
-0.11315918
-0.5158386
-0.7517853
-0.50997925
0.11268616
0.40296936
0.17926025
-0.20744324
-0.32354736
-0.13713074
0.17553711
0.38059998
0.36621094
0.21707153
0.094573975
0.11054993
0.20536804
0.6469116
0.68418884
0.2975006
0.008270264
-0.23460388
-0.30438232
-0.15364075
-0.081207275
-0.2899933
-0.50997925
-0.6724243
-0.85565186
-0.9350128
-0.59039307
0.07539368
0.5462494
0.52067566
0.15849304
-0.270813
-0.5552521
-0.63887024
-0.57762146
-0.4625702
-0.26815796
-0.07002258
0.1552887
0.37580872
0.49990845
0.48712158
0.33532715
0.14144897
0.041305542
0.111083984
0.32040405
0.46315002
0.39071655
0.22773743
0.05142212
-0.25483704
-0.3933258
-0.2015686
0.16061401
0.3901825
0.3544922
0.21228027
-0.0061035156
-0.22555542
-0.26869202
0.03916931
0.42852783
0.6234741
0.5771332
0.21548462
-0.24151611
-0.42687988
-0.31236267
-0.081207275
0.1121521
0.27352905
0.36567688
0.3251953
0.20588684
0.07539368
0.014678955
0.07006836
0.02746582
-0.16375732
-0.141922
0.2506256
0.66130066
0.6085663
0.21281433
-0.20744324
-0.35656738
-0.24365234
0.006149292
0.22825623
0.27246094
0.16221619
0.05088806
0.037582397
0.10469055
0.21228027
0.256485
0.17233276
0.047164917
-0.029006958
-0.092926025
-0.24205017
-0.35177612
-0.299057
-0.10090637
-0.041259766
-0.1845398
-0.25378418
-0.012496948
0.33319092
0.42799377
0.17393494
-0.17282104
-0.4194336
-0.43806458
-0.1733551
0.16435242
0.29910278
0.25915527
0.11694336
-0.029541016
-0.08227539
-0.031677246
0.033859253
0.07646179
0.16221619
0.31828308
0.46315002
0.46847534
0.3113556
0.09989929
0.06262207
0.22453308
0.15422058
-0.22502136
-0.48440552
-0.21595764
0.3113556
0.40989685
0.14677429
-0.21170044
-0.35231018
-0.1845398
0.20855713
0.5813904
0.74012756
0.69111633
0.49990845
0.2778015
0.09776306
0.043441772
0.12385559
0.17019653
0.17340088
0.2186737
0.28419495
0.37739563
0.3544922
0.12866211
-0.07055664
-0.13127136
-0.21330261
-0.36721802
-0.32196045
-0.043380737
0.22346497
0.34172058
0.21600342
-0.046585083
-0.21435547
-0.12541199
0.087646484
0.2101593
0.23838806
0.19949341
0.16540527
0.18193054
0.23252869
0.23466492
0.23997498
0.31028748
0.4370575
0.57606506
0.5851288
0.42053223
0.2852478
0.3278656
0.5057678
0.53985596
0.33372498
0.0056152344
0.032791138
0.3763275
0.6405182
0.61442566
-0.25325012
-0.80026245
-0.77948
-0.33953857
0.22346497
0.713501
0.9111023
0.6985779
0.2644806
-0.11102295
-0.2788086
-0.32089233
-0.3299408
-0.34272766
-0.29959106
-0.079071045
0.09138489
0.05355835
-0.13606262
-0.20211792
-0.02154541
0.047164917
-0.14778137
-0.34326172
-0.34858704
-0.30543518
-0.31503296
-0.43006897
-0.5312805
-0.4753418
-0.27082825
0.014144897
0.30282593
0.4386444
0.36941528
0.12387085
-0.13287354
-0.16642761
-0.041778564
0.040237427
0.048233032
0.10202026
0.15689087
0.11001587
-0.12062073
-0.3533783
-0.37149048
-0.3768158
-0.42048645
-0.15364075
0.2421112
0.39762878
0.16487122
-0.32887268
-0.7459259
-0.8673706
-0.6569824
-0.33154297
0.031723022
0.32521057
0.4881897
0.5313263
0.44770813
0.3017578
0.20748901
0.1164093
-0.04286194
-0.22395325
-0.28041077
-0.18400574
-0.10197449
0.0013580322
0.24157715
0.42533875
0.32307434
0.06581116
-0.010894775
0.040771484
0.04663086
-0.21116638
-0.5009155
-0.4663086
-0.1845398
0.18830872
0.46209717
0.51535034
0.37953186
0.16593933
-0.07321167
-0.205307
-0.21437073
-0.14299011
0.048233032
0.32946777
0.58299255
0.6426544
0.37953186
0.03012085
-0.102508545
-0.1030426
-0.21542358
-0.53500366
-0.63674927
-0.4055786
-0.16163635
-0.1733551
-0.28199768
-0.3352661
-0.29959106
-0.15098572
0.14996338
0.45942688
0.55636597
0.46688843
0.29803467
0.16487122
0.061019897
-0.03593445
-0.083343506
-0.06097412
-0.0018463135
0.02746582
0.007217407
0.0050811768
0.12333679
0.30336
0.32946777
0.09030151
-0.3033142
-0.540329
-0.4875946
-0.31982422
-0.08174133
0.031188965
-0.01940918
0.014144897
0.17233276
0.30921936
0.3736725
0.28578186
0.07699585
-0.13392639
-0.25697327
-0.27294922
-0.22927856
-0.1264801
0.06367493
0.29377747
0.40296936
0.3086853
0.066345215
-0.12008667
-0.12434387
-0.06788635
-0.17175293
-0.2899933
-0.11741638
0.1867218
0.18778992
-0.13659668
-0.474823
-0.5717621
-0.44978333
-0.16696167
0.144104
0.3433075
0.3443756
0.22880554
0.07752991
-0.011428833
-0.042312622
-0.04232788
-0.07746887
-0.10997009
-0.11050415
-0.15736389
-0.17868042
-0.05670166
0.2101593
0.4658203
0.4801941
0.25808716
0.030654907
0.031723022
0.06581116
-0.02154541
-0.21328735
-0.2953186
-0.22395325
-0.06576538
0.12173462
0.24050903
0.17819214
0.004547119
-0.14459229
-0.20265198
-0.18133545
-0.095581055
0.012008667
0.10256958
0.18244934
0.24371338
0.254364
0.16007996
8.239746E-4
-0.17282104
-0.26390076
-0.32887268
-0.35816956
-0.3299408
-0.13394165
0.0887146
0.12545776
-0.019424438
-0.20744324
-0.25376892
-0.10092163
0.09403992
0.17500305
0.16221619
0.11054993
0.0844574
0.066345215
0.06367493
0.08178711
0.07432556
0.05783081
0.09350586
0.14143372
0.15635681
0.03491211
-0.13925171
-0.17814636
-0.036987305
0.13719177
0.14303589
-0.021011353
-0.20317078
-0.12966919
0.16168213
0.28312683
0.08444214
-0.17921448
-0.2287445
-0.039657593
0.2421112
0.40615845
0.45463562
0.36567688
0.15316772
-0.1264801
-0.30970764
-0.32940674
-0.21063232
-0.032196045
0.14091492
0.3236084
0.46794128
0.43545532
0.23731995
0.11268616
0.18086243
0.27619934
0.24371338
-0.043380737
-0.2995758
-0.26496887
-0.11955261
-0.16429138
-0.3501892
-0.5009155
-0.47268677
-0.24632263
0.10575867
0.4066925
0.52867126
0.42799377
0.17765808
-0.111572266
-0.2979889
-0.32196045
-0.2713623
-0.13873291
0.010406494
0.10043335
0.050369263
-0.10038757
-0.1845398
-0.12008667
-0.081207275
-0.16322327
-0.25271606
-0.2244873
0.006149292
0.2101593
0.18618774
0.0040130615
-0.19465637
-0.35923767
-0.42955017
-0.3230133
-0.031143188
0.1867218
0.19418335
0.10255432
-0.012496948
-0.13606262
-0.25376892
-0.2883911
-0.15045166
0.12919617
0.399765
0.47380066
0.34490967
0.16435242
0.07913208
0.16168213
0.33372498
0.31987
0.021606445
-0.37095642
-0.46629333
-0.35177612
-0.29745483
-0.3778839
-0.40771484
-0.27401733
-0.007171631
0.2570343
0.39871216
0.3544922
0.16221619
-0.051376343
-0.1376648
-0.052978516
0.06262207
0.07859802
0.014144897
-0.06416321
-0.02368164
0.124938965
0.24797058
0.20162964
0.08178711
0.082855225
0.26927185
0.5489044
0.61442566
0.2447815
-0.1930542
-0.033798218
0.53878784
0.8940582
0.749176
0.17979431
-0.31982422
-0.3336792
-0.043914795
0.27140808
0.49458313
0.54997253
0.37634277
0.144104
0.21122742
0.40722656
0.34544373
0.118011475
0.03437805
0.190979
0.2932434
0.24050903
0.12226868
0.20057678
0.23678589
-0.20370483
-0.36935425
-0.1930542
0.033325195
0.15795898
0.2783203
0.32733154
0.18299866
-0.16482544
-0.4945221
-0.59413147
-0.6303406
-0.5616455
-0.25590515
0.028518677
0.033309937
-0.19465637
-0.42262268
-0.47801208
-0.3576355
-0.16268921
0.033325195
0.1483612
0.09564209
-0.051376343
-0.04925537
0.021606445
0.042373657
-0.0034332275
-0.07748413
-0.14831543
-0.19891357
-0.20370483
-0.13606262
-0.04286194
-0.007171631
-0.024215698
-0.04019165
-0.056167603
-0.048187256
-0.0135650635
-0.0077056885
-0.032196045
-0.03593445
-0.01461792
-0.008224487
-0.0050354004
-0.005569458
-0.002380371
-0.021011353
-0.03805542
-0.046051025
-0.029541016
-0.0061035156
0.021606445
0.02532959
0.014678955
0.0013580322
0.0072021484
-0.0018463135
-0.025817871
-0.014099121
0.021072388
0.02746582
0.009338379
-0.019424438
-0.032730103
-0.026351929
-0.0135650635
-0.011428833
-2.4414062E-4
-0.011428833
-0.015686035
0.010406494
0.054092407
0.07167053
0.02532959
-0.034866333
-0.051376343
-0.014083862
0.007751465
0.001876831
-0.009307861
-0.0135650635
-0.014099121
-0.016220093
-0.01889038
-0.0135650635
-0.00982666
-0.014633179
-0.019424438
-0.02368164
-0.02633667
-0.031143188
-0.027404785
-0.018356323
-7.7819824E-4
-0.011962891
-0.024749756
0.015213013
0.028533936
-0.031143188
-0.09611511
-0.09025574
-0.041793823
0.009338379
0.0056152344
-0.022613525
-0.022613525
-0.0050354004
-0.01461792
-0.048721313
-0.06149292
-0.03593445
0.0018920898
0.012008667
0.01626587
0.02746582
0.03492737
-0.0013122559
-0.02633667
-7.7819824E-4
0.04876709
0.05834961
0.0024261475
-0.060424805
-0.08653259
-0.08280945
-0.057769775
-0.016220093
-0.032730103
-0.0987854
-0.13287354
-0.090789795
-0.020477295
0.010406494
0.0024108887
-0.020477295
-0.01940918
0.0098724365
0.037582397
0.040237427
-7.7819824E-4
-0.04711914
-0.048721313
-0.034332275
-0.03326416
-0.041793823
-0.038589478
-0.024749756
-0.005569458
-2.4414062E-4
-0.0018463135
-0.0077056885
-0.01889038
-0.01889038
0.010940552
0.035980225
0.044509888
-0.0050354004
-0.06362915
-0.043380737
0.03916931
0.08392334
0.02319336
-0.069488525
-0.09025574
-0.027938843
0.05142212
0.04876709
-0.01889038
-0.03593445
-0.010894775
0.021591187
0.038116455
0.033309937
0.004547119
-0.010894775
-0.0050354004
0.0040130615
-0.0034332275
8.239746E-4
0.0184021
0.033843994
0.02532959
0.0056152344
-0.011962891
0.006149292
0.023742676
-0.022613525
-0.055633545
-0.03112793
0.012542725
0.016815186
-0.0018463135
-0.023147583
-0.02154541
-0.005569458
0.021072388
0.03277588
0.025863647
0.017349243
0.0040130615
0.0018920898
0.007217407
0.010406494
-0.005569458
-0.015701294
-0.01675415
-0.0013122559
0.010406494
0.0184021
0.008270264
-0.003967285
0.007736206
0.010940552
0.017349243
0.010406494
-0.032730103
-0.05670166
-0.03593445
0.006149292
0.036514282
0.045562744
0.026931763
-0.0050354004
-0.0135650635
0.0018920898
0.0098724365
0.004547119
-0.007171631
-0.0135650635
-0.0077056885
-2.4414062E-4
8.239746E-4
-0.003967285
-0.010894775
-0.010360718
8.239746E-4
0.009353638
0.009353638
0.0040130615
0.0029449463
0.0056152344
-0.015686035
-0.04284668
-0.014633179
-0.014099121
-0.060440063
-0.057769775
-0.01889038
0.0013580322
-0.009307861
-0.01889038
-0.012496948
-0.005569458
-0.01461792
-0.027938843
-0.024749756
-0.0034332275
0.0066833496
0.007751465
-0.0034484863
-0.015686035
-0.029541016
-0.0284729
-0.022613525
-0.020477295
-0.009307861
0.003479004
0.001876831
-0.017288208
-0.027404785
-0.019958496
-0.010360718
0.02053833
0.011474609
-0.06842041
-0.079071045
0.012008667
0.07539368
0.047164917
-0.015151978
-0.038589478
-0.01461792
0.018936157
0.012542725
-0.008773804
0.0098724365
0.042907715
0.029067993
-0.008239746
-0.012496948
0.014678955
0.024261475
0.012008667
0.003479004
0.008270264
0.014144897
0.015213013
0.010940552
0.0040130615
-0.013031006
-0.01461792
0.017868042
0.013076782
-0.04498291
-0.06309509
-0.0077056885
0.05781555
0.055160522
2.89917E-4
-0.004501343
0.03437805
0.02960205
-0.003967285
0.003479004
0.044509888
0.052490234
0.0184021
0.017333984
0.042373657
0.037582397
8.239746E-4
-0.009307861
0.024795532
0.045028687
0.06314087
0.07646179
0.08924866
0.09510803
0.0652771
0.014144897
0.035980225
0.10362244
0.09138489
0.031723022
0.053024292
0.28738403
0.67567444
0.9680786
0.4524994
0.11694336
0.056228638
0.064208984
0.09989929
0.07167053
-0.03326416
