0.7401581
0.5905304
0.41815186
0.41575623
0.55700684
0.43251038
0.11886597
0.063797
0.15837097
0.21942139
0.19070435
0.11288452
0.12605286
0.15357971
0.12246704
0.08294678
0.12605286
0.19189453
0.16915894
0.098526
0.06858826
0.07817078
0.109298706
0.21704102
0.25654602
0.21224976
0.19189453
0.20147705
0.20506287
0.11647034
0.03147888
0.063797
0.16435242
0.24575806
0.34391785
0.45884705
0.57736206
0.51272583
0.4420929
0.36427307
0.31280518
0.35829163
0.355896
0.29125977
0.28886414
0.2649231
0.22302246
0.2002716
0.18591309
0.1847229
0.19908142
0.276886
0.40379333
0.5366516
0.647995
0.71621704
0.7461548
0.78326416
0.7389679
0.6875
0.62882996
0.52349854
0.40138245
0.35829163
0.27928162
0.26013184
0.2972412
0.3152008
0.25534058
0.19787598
0.28407288
0.45046997
0.3343506
0.17514038
0.25294495
0.46961975
0.52708435
0.51989746
0.5115204
0.5498352
0.5761719
0.5474396
0.5222931
0.53904724
0.5390625
0.5330658
0.4995575
0.4253235
0.37745667
0.36906433
0.44328308
0.47799683
0.44088745
0.4241333
0.45046997
0.5043335
0.5187073
0.50912476
0.46124268
0.44807434
0.52108765
0.6024933
0.6096802
0.62405396
0.553421
0.4756012
0.4169464
0.45526123
0.49835205
0.48518372
0.43611145
0.45765686
0.4971466
0.5103302
0.4827881
0.5031433
0.57496643
0.6024933
0.6001129
0.58813477
0.53785706
0.5510254
0.58454895
0.592926
0.6216583
0.6180725
0.56300354
0.5641937
0.51989746
0.5103302
0.6408081
0.67193604
0.53427124
0.43730164
0.5079346
0.6204529
0.62405396
0.5905304
0.60728455
0.65278625
0.6683502
0.6695404
0.67552185
0.62405396
0.5977173
0.6443939
0.65397644
0.62405396
0.5893402
0.64678955
0.64320374
0.51631165
0.4360962
0.45167542
0.52349854
0.5761719
0.6264343
0.7281952
0.7784729
0.7198181
0.73298645
0.86346436
0.8275604
0.6336212
0.55700684
0.66474915
0.7413635
0.73657227
0.64559937
0.51631165
0.5007477
0.53427124
0.513916
0.45166016
0.434906
0.48039246
0.5222931
0.5318756
0.5330658
0.5115204
0.47920227
0.48399353
0.4995575
0.55581665
0.5977173
0.60250854
0.5725708
0.60609436
0.58813477
0.5031433
0.51631165
0.5905304
0.59651184
0.47801208
0.38941956
0.474411
0.54862976
0.51750183
0.5833435
0.5869446
0.4923706
0.42771912
0.41575623
0.47680664
0.48997498
0.6491852
0.6731262
0.5438385
0.5258789
0.6001129
0.63243103
0.5833435
0.5402527
0.6001129
0.49118042
0.28407288
0.1499939
0.26611328
0.41815186
0.42292786
0.44088745
0.48039246
0.5354614
0.5474396
0.5701752
0.65756226
0.74017334
0.73179626
0.70066833
0.68989563
0.58932495
0.48757935
0.37625122
0.30203247
0.24935913
0.24217224
0.3846283
0.4815979
0.4923706
0.4648285
0.44807434
0.38702393
0.4061737
0.42652893
0.44926453
0.42773438
0.4456787
0.49476624
0.5258789
0.48518372
0.4205475
0.51631165
0.5079193
0.4013977
0.3882141
0.43370056
0.4528656
0.47920227
0.4827881
0.5115204
0.45046997
0.38223267
0.36787415
0.36068726
0.42292786
0.47799683
0.47920227
0.4025879
0.41815186
0.44807434
0.41815186
0.39060974
0.3271637
0.29603577
0.3918152
0.42294312
0.41096497
0.43011475
0.46723938
0.5115204
0.4456787
0.3594818
0.36068726
0.41096497
0.37145996
0.32357788
0.32836914
0.35231018
0.3630829
0.32955933
0.32357788
0.26252747
0.14880371
0.22660828
0.33674622
0.34153748
0.3439331
0.35710144
0.32237244
0.45046997
0.57136536
0.49954224
0.4205475
0.28286743
0.27209473
0.3451233
0.4456787
0.4025879
0.042251587
-0.034362793
0.12963867
0.1272583
0.16555786
0.049438477
-0.16246033
0.017105103
0.114089966
0.0410614
0.049423218
0.23379517
0.40975952
0.355896
0.23379517
0.1894989
0.22183228
0.23139954
0.26611328
0.316391
0.36787415
0.38941956
0.34872437
0.31040955
0.35231018
0.35708618
0.316391
0.31040955
0.3152008
0.2972412
0.25294495
0.28407288
0.28167725
0.2756958
0.4133606
0.4815979
0.4205475
0.36187744
0.38102722
0.44448853
0.4492798
0.46003723
0.5007477
0.45166016
0.34033203
0.24816895
0.23738098
0.31759644
0.4420929
0.45526123
0.36787415
0.3199768
0.41815186
0.49116516
0.4492798
0.37625122
0.33674622
0.3666687
0.4456787
0.43969727
0.39419556
0.39898682
0.36906433
0.36068726
0.43969727
0.39779663
0.3487091
0.4205475
0.43130493
0.3918152
0.33914185
0.30682373
0.29125977
0.3056183
0.19787598
0.142807
0.16674805
0.28407288
0.3056183
0.31999207
0.355896
0.38702393
0.355896
0.33314514
0.38104248
0.40138245
0.40498352
0.4313202
0.41096497
0.33554077
0.3547058
0.37506104
0.2696991
0.24098206
0.35350037
0.3044281
0.18591309
0.1607666
0.2409668
0.35710144
0.37864685
0.35829163
0.33555603
0.30801392
0.3343506
0.37983704
0.44088745
0.52708435
0.52948
0.63601685
0.6779175
0.6372223
0.6384125
0.62524414
0.5390625
0.40138245
0.35829163
0.30203247
0.19189453
0.1894989
0.26971436
0.29005432
0.25054932
0.34991455
0.63124084
0.6599579
0.47799683
0.30203247
0.25894165
0.23379517
0.14401245
0.13442993
0.14759827
0.111694336
0.056610107
0.13442993
0.17274475
0.09371948
0.06259155
0.1272583
0.20387268
0.15597534
0.142807
0.21704102
0.13682556
0.029083252
-0.061904907
-0.30490112
-0.38032532
-0.3887024
-0.3264618
-0.31089783
-0.40187073
-0.2402649
-0.045135498
-0.028381348
-0.11097717
-0.07267761
-0.059509277
-0.31329346
-0.41026306
-0.777771
-0.6736145
-0.18519592
-0.16723633
-0.33842468
-0.26779175
-0.029571533
0.08415222
-0.021194458
-0.45812988
-0.94296265
-0.48088074
0.58454895
1.4476624
1.6224365
1.344696
1.4751892
1.8259277
1.8953705
1.9420624
1.9264984
1.691864
1.463211
1.1112671
0.6623535
0.47799683
0.4456787
0.58813477
0.9197235
1.2106323
1.3351288
1.3542786
1.2980194
1.0957031
0.87783813
0.7090454
0.6216583
0.55581665
0.53666687
0.66116333
0.66474915
0.4636383
0.22062683
-0.048721313
-0.52757263
-0.8196564
-0.6149597
-0.2618103
0.07217407
0.17514038
-0.06428528
-0.31089783
-0.5215759
-0.6999512
-0.7238922
-0.68559265
-0.34440613
0.009933472
0.12365723
0.061401367
0.020706177
0.27209473
0.24815369
-0.043945312
-0.61016846
-0.91064453
-0.6879883
-0.39349365
0.28167725
1.0166931
1.6559448
2.7524872
3.008667
2.6387634
2.2293549
1.9636078
2.3071747
2.8877716
3.075714
2.581314
1.5422211
0.79403687
0.6563721
0.782074
0.8155823
0.66474915
0.5941162
0.5426483
0.3918152
0.48757935
0.9628296
1.5565948
1.6942596
1.2848511
0.99993896
1.1675262
1.4021606
1.4692078
1.1591492
0.3965912
-0.19596863
-0.26301575
0.025482178
0.4923706
0.65756226
0.810791
1.0526123
0.94847107
0.6599579
0.45526123
0.35231018
0.37983704
0.4827881
0.30322266
-0.13372803
-0.41503906
-0.5431366
-0.3707428
0.13922119
0.4935608
0.74017334
0.82037354
0.6001129
0.49116516
0.8874054
0.99754333
0.8083954
1.1016998
1.7002411
2.454422
2.8338928
2.5082855
1.9384613
1.2992096
0.6958771
0.48997498
0.48757935
0.553421
0.63720703
0.78445435
1.1100769
1.4033661
1.4021606
1.118454
0.7246094
0.40737915
0.2864685
0.43011475
0.76530457
1.2393494
1.454834
1.5529938
1.1256409
0.62405396
0.474411
0.7605133
1.4021606
1.8331299
1.870224
1.5685577
0.97120667
0.6120758
0.3918152
0.19070435
0.061401367
0.08175659
0.36427307
0.5713806
0.59651184
0.56658936
0.45884705
0.5809479
0.53785706
0.19429016
0.025482178
-0.10618591
-0.034362793
0.7485504
1.6715088
1.4201202
0.9161377
1.1232452
1.8558655
2.288025
2.1096497
1.5853271
1.4536438
1.573349
1.5709534
1.6763
1.8738251
1.8115692
1.3506927
0.9951477
0.87184143
1.0370483
1.2429504
1.4033661
1.1196442
0.39421082
0.806015
1.5757446
2.174286
2.4735718
2.0509949
0.94966125
-0.1026001
-0.052322388
-0.025985718
0.10450745
0.43730164
0.60849
0.61447144
0.72579956
0.98677063
1.1615448
1.1076813
0.9879608
0.8969879
0.76651
0.52708435
0.33674622
0.3152008
0.26731873
0.19789124
0.39900208
0.53666687
0.30322266
0.18830872
0.50193787
1.1064758
1.6260223
2.0904999
2.1575317
2.3730164
2.7872162
2.972763
2.6184235
2.2604828
2.0509949
1.8510742
1.6020813
1.2345734
0.9436798
0.9329071
1.0813446
1.3040009
1.4727936
1.573349
1.652359
1.6116638
1.43927
1.10289
0.7892456
0.7174225
0.8945923
1.1783142
1.2022552
1.1244354
1.2010498
0.83354187
0.28526306
0.08175659
0.26013184
0.7054596
1.1471863
1.2190094
1.2130127
1.2668915
1.2692871
1.1986542
1.2142181
1.2106323
1.0681763
0.83473206
0.8167877
0.92930603
1.063385
1.5434265
1.9121246
2.0090942
2.3131561
2.7058105
3.1714783
3.3498535
2.845871
2.380188
2.462799
2.814743
3.23732
3.372589
3.1379547
2.7560883
2.1850739
1.7780457
1.3794098
1.2166138
1.379425
1.7169952
2.1108398
2.2209778
1.9300842
1.6822815
1.5434265
1.2692871
1.078949
1.0969086
1.3327332
1.825943
2.3335114
2.24971
1.7110138
1.4165344
1.4751892
1.4261017
1.5913086
1.9312744
2.023468
1.9312897
1.8403015
1.7397461
1.612854
1.3806152
1.2405548
1.2190094
1.2034454
1.2022552
1.1531677
0.9807892
0.8874054
0.93530273
1.0993042
0.9759979
0.61686707
0.8359375
1.0825348
1.5302582
1.5386353
1.6822815
2.0904999
2.6136322
2.92128
2.9871368
3.0457916
3.0074768
2.3921661
1.5158844
0.4815979
0.07098389
0.59532166
1.36026
1.6080627
1.2154083
1.0933075
1.02388
0.7988281
0.6419983
0.5151062
0.31878662
0.17993164
0.14520264
0.07696533
-0.021194458
0.15597534
0.3666687
-0.17202759
-0.2965393
0.6228485
1.1292267
1.1471863
0.8670654
0.38822937
0.26371765
0.48039246
0.66116333
0.7054596
0.53666687
0.43371582
0.46244812
0.5989075
0.6599579
0.47320557
0.1787262
0.15718079
0.3846283
0.47680664
0.553421
0.56777954
0.34153748
0.19908142
0.6300354
1.4404755
1.6978455
1.5206757
1.3387146
1.0909119
1.0346527
1.4500427
2.0689545
2.0402222
1.509903
1.0921173
0.7102356
0.31878662
-0.005630493
-0.14689636
0.008728027
0.47201538
0.8694458
0.98677063
0.8742523
0.6503906
0.44448853
0.38702393
0.37025452
0.4600525
0.6156616
0.9927521
1.2740784
1.0274658
0.5989075
-0.018798828
-0.29414368
-0.022384644
0.52948
0.7281952
0.72221375
0.76649475
0.74256897
0.5833435
0.51031494
0.43969727
0.4360962
0.5677948
0.43969727
0.16674805
0.06259155
0.14042664
0.3846283
0.48997498
0.37625122
0.44088745
0.54862976
0.8155823
1.1807098
1.3626709
1.3255463
1.5661621
1.557785
1.7565002
2.1443634
2.2149963
1.7086182
0.97720337
0.38702393
0.023101807
-0.1995697
-0.14808655
-0.055908203
-0.036758423
0.14161682
0.49835205
0.9245148
1.3482971
1.2668915
0.80241394
0.37026978
0.07217407
-0.08703613
-0.1026001
-0.18759155
0.1715393
0.513916
0.24577332
-0.14329529
-0.31567383
-0.28096008
-0.048736572
0.23858643
0.5043335
0.7892456
0.8945923
0.5797577
0.12605286
0.008728027
0.31280518
0.30801392
-0.018798828
-0.27497864
-0.33125305
-0.2115326
-0.23188782
-0.25343323
-0.20555115
0.005142212
0.08773804
-0.26420593
-1.0650635
0.747345
2.1814728
-0.6927643
-2.2310486
-1.1081696
0.5414429
1.8522644
2.3335114
1.9360657
0.99635315
-0.09780884
-0.32765198
0.059005737
0.39900208
0.4313202
0.48397827
0.58454895
0.6695404
0.5797577
0.52708435
0.58454895
0.49954224
0.30203247
0.15478516
0.1787262
0.07337952
-0.20315552
0.2828827
0.7784729
0.6300354
0.1607666
-0.52397156
-0.84121704
-0.46531677
-0.014007568
-8.392334E-4
-0.12773132
-0.188797
-0.20794678
-0.23428345
-0.2103424
-0.07984924
0.054214478
-0.059509277
-0.2965393
-0.20794678
0.19548035
0.23498535
0.15838623
0.26013184
0.3774414
0.5546112
0.8191681
1.5003204
1.920517
1.5913086
1.3099823
1.4201202
1.9767761
2.40773
2.6004639
2.0773315
1.2058411
0.8395233
0.7892456
0.71621704
0.6815033
0.52108765
0.34751892
0.38223267
0.8299408
1.257309
1.3650513
1.1555634
0.69467163
0.17034912
-0.15646362
-0.17202759
-0.058303833
-0.07267761
0.3451233
0.44688416
0.142807
-0.30012512
-0.485672
-0.32406616
0.09971619
0.4253235
0.44328308
0.41455078
0.316391
0.2541504
0.15478516
0.047042847
0.11767578
0.25054932
0.17155457
0.059005737
0.056610107
0.11288452
0.19548035
0.3630829
0.49835205
0.553421
0.46603394
0.20506287
0.36787415
1.2932281
2.0653687
1.9743805
1.6463776
1.3925934
1.7960052
2.193451
1.7182007
0.7305908
-0.35638428
-0.37553406
0.24577332
0.42173767
0.16914368
0.03147888
0.007537842
0.23977661
0.6180725
0.5474396
0.2864685
0.138031
0.027877808
-0.12535095
-0.46652222
0.38581848
0.4073639
-0.16963196
-0.10978699
0.30322266
0.054214478
-0.5108032
-0.84480286
-0.7993164
-0.8076935
-0.78375244
-0.6652374
-0.6664276
-0.7214966
-0.14089966
-0.009231567
-0.446167
-0.7717743
-0.8890991
-0.74424744
-0.45454407
-0.80529785
-1.2530212
-1.1835785
-0.7310791
-0.5742645
-0.92141724
-0.8831177
-0.8675537
-0.7514343
-0.8831177
-1.3858948
-0.31808472
-0.10139465
-0.86994934
-1.6660156
-1.4170074
-0.34561157
0.61447144
0.67552185
0.2577362
0.24217224
0.9233246
1.6308136
1.4021606
0.889801
0.42173767
0.18470764
0.49476624
0.86227417
1.1878815
1.5206757
1.4428711
1.0155029
0.79045105
0.89819336
1.2058411
1.6559448
1.4608154
0.6803131
0.15238953
0.26132202
0.0063323975
-0.26779175
-0.2689972
-0.03555298
-0.17202759
-0.67840576
-0.75141907
-0.24386597
0.316391
0.58454895
0.48997498
0.15238953
-0.23428345
-0.6329193
-0.83522034
-0.68917847
-0.48088074
-0.3875122
-0.34681702
-0.034362793
0.27809143
0.61447144
0.9436798
0.9364929
0.9472656
1.1435852
1.4584198
1.5613861
1.20224
0.6659546
0.48757935
0.6515808
1.0430298
1.5781403
1.6607361
1.4596252
1.2429504
0.93170166
0.7557373
0.60369873
0.53427124
0.8167877
1.2190094
1.415329
1.4811707
1.5948944
1.7445374
1.8989563
2.1611328
2.1683044
1.7828369
1.3650513
1.126831
0.8036194
0.8395233
1.0717621
1.0813446
1.1627502
1.1040802
0.87423706
0.64320374
0.6228485
0.87423706
1.1328125
0.99993896
0.5546112
0.14759827
0.020706177
0.14759827
0.27809143
0.27209473
0.41455078
0.6503906
0.89219666
0.9939575
1.0526123
1.0945129
1.0621796
1.1627502
1.5015259
1.8678436
2.375412
2.7297516
2.380188
1.6894684
1.0059204
0.7186127
0.7988281
0.95684814
1.166336
1.7038269
2.1252136
2.0509949
1.6511688
1.2872467
1.2788544
1.3291473
1.336319
1.4201202
1.4895477
1.4596252
1.4177246
1.3315277
1.0753479
0.83114624
0.9807892
1.1699219
0.91015625
0.48518372
0.24217224
0.29125977
0.48399353
0.5246887
0.4887848
0.6695404
1.02388
1.2249908
1.2022552
0.94966125
0.76171875
0.67193604
0.5869446
0.4887848
0.4923706
0.72579956
1.1172485
1.3937836
1.5218811
1.6691132
1.731369
1.6212311
1.5984955
1.6308136
1.5170898
1.5015259
1.5290527
1.5087128
1.5170898
1.3686371
1.1866913
1.3040009
1.3985748
1.3973694
1.3016052
1.0334625
0.7928467
0.6982727
0.90057373
1.2549286
1.3662567
1.2225952
1.2357635
1.6583405
2.0366364
1.8678284
1.1962585
0.9364929
1.008316
0.8562927
0.3918152
0.16915894
0.34153748
0.6803131
1.0933075
1.3028107
1.3542786
1.26091
1.1483765
0.9436798
0.7593231
0.7090454
0.59173584
0.43849182
0.474411
0.5546112
0.67193604
0.58096313
0.2972412
0.28048706
0.4456787
0.513916
0.5761566
0.68270874
0.87065125
1.3578796
2.0617676
2.5417938
2.383789
1.920517
1.5518036
1.2537231
0.95803833
0.9340973
1.0585938
1.2190094
1.1747131
1.0334625
1.0011292
0.97720337
0.88500977
0.81318665
0.8646698
1.2441406
1.6739044
1.8199463
1.6020813
0.9544525
0.2984314
0.28526306
0.5761566
0.5127106
0.33314514
0.36068726
0.782074
1.296814
1.1926727
0.821579
0.9161377
1.3171692
1.5075073
1.430893
1.3674469
1.276474
1.1124725
0.8072052
0.47801208
0.22421265
0.1894989
0.38223267
0.44807434
0.1272583
0.017105103
0.17993164
0.23379517
0.36427307
0.90057373
1.4727936
1.6870728
1.5398254
1.3901978
1.5805359
1.4967346
1.0442352
0.91734314
1.1304169
1.6332092
1.9935303
1.9612122
1.8774109
1.7744598
1.4225159
1.1208496
0.9951477
0.96043396
0.9556427
0.9257202
0.93888855
1.1507721
1.6308136
2.0342407
2.0162811
1.5877075
1.1160583
1.0095062
1.1699219
1.2980194
1.0933228
0.7102356
0.4205475
0.32118225
0.32478333
0.23260498
0.31159973
0.43850708
0.35231018
0.5414429
1.0705719
1.2537231
1.0047302
0.47799683
0.12605286
0.2936554
0.9352875
1.4141388
1.3147736
0.9484558
0.7497406
0.7904358
0.9364929
0.93888855
0.7988281
0.9233246
1.2010498
1.3147736
1.1208496
1.2513275
1.9073486
2.15036
2.0928955
2.0222626
1.5709534
1.2405548
1.320755
1.3818054
1.5446167
1.6966553
1.6140442
1.5937042
1.7660828
2.004303
1.9755707
1.7924194
1.6272125
1.2992096
1.1376038
0.92092896
0.86946106
0.76171875
0.29484558
-0.045135498
-0.3372345
-0.5574951
-0.54193115
-0.4964447
-0.6341095
-0.80410767
-0.87353516
-0.5718689
-0.3300476
-0.2510376
-0.19119263
-0.26062012
-0.2917328
-0.19596863
-0.1133728
-0.14689636
-0.2977295
-0.28096008
0.08175659
0.5809479
1.1220398
1.2070312
1.4296875
1.6104584
1.5673676
1.7696686
2.201828
2.593277
2.4927216
1.9348755
1.509903
1.5362396
1.5721436
1.430893
1.4500427
1.5709534
1.7804565
1.8522644
1.889389
1.8486786
1.4428711
1.1328125
1.0813446
1.3123779
1.4835663
1.5027161
1.6332092
1.846283
1.8031921
1.712204
1.4871521
1.33992
1.4488525
1.5134888
1.6080627
1.1016846
0.24577332
0.35231018
1.1004944
1.3638611
1.4332886
1.5087128
1.2740784
1.4799805
1.6798859
1.2860413
0.75213623
0.31759644
0.2002716
0.39421082
0.5725708
0.61805725
0.53785706
0.5701752
0.7186127
0.98916626
1.2022552
1.3255463
1.315979
0.9855652
1.0861359
1.7062225
2.1036682
2.581314
3.1080322
3.3606262
3.4216766
3.386963
2.797989
2.6268005
3.1499329
3.6000366
3.4096985
2.996704
3.0134583
3.1391602
2.969162
2.7297516
2.423294
2.1946564
2.1240234
2.1120453
2.1503448
2.2197876
1.9743805
1.7397461
1.9276886
2.7943878
3.489914
3.865799
3.6634827
2.3610382
1.6571503
1.6272278
1.2489319
1.0645752
1.375824
2.0952911
2.4723816
2.1802826
1.4871521
0.9556427
0.77967834
0.91374207
1.1950684
1.197464
0.9340973
0.60609436
0.53904724
0.5330658
0.46124268
0.51631165
0.8132019
1.4799805
2.0557709
2.2545013
2.2377472
2.5836945
2.838684
2.6579285
2.3861847
2.0845032
2.0917053
2.4412537
2.5956726
2.3418884
1.9552307
1.5685577
1.300415
1.344696
1.4859619
1.7696686
2.0019073
2.2066193
2.3933563
2.3658295
2.031845
1.5374298
1.2106323
1.1483765
1.241745
1.454834
1.7062225
1.7684784
1.75531
1.8774109
2.1048584
1.7205963
1.1747131
1.0286713
1.2908325
1.415329
1.2549133
1.0274811
0.85987854
0.87184143
1.0131073
1.1771088
1.2956238
1.047821
0.6515808
0.5809479
0.84910583
1.0190887
1.1016998
1.470398
1.9588165
1.9983215
1.6320038
1.4823761
1.889389
2.6363678
3.048172
3.0026855
3.190628
3.309143
2.4364624
1.3710327
1.2549133
1.964798
2.6674957
2.6627045
2.0605774
1.3578644
1.0933075
1.3327332
1.3518829
0.8395233
0.41575623
0.34272766
0.5007477
0.68510437
0.68510437
0.5725708
0.5222931
0.51631165
0.33076477
0.048233032
0.22181702
1.0538025
1.3686523
1.4033661
1.0909119
0.44448853
0.026687622
0.34033203
1.1531677
1.6152496
1.4919434
1.3423157
1.7193909
2.232956
2.2844238
1.9145203
1.5075073
1.1866913
0.8945923
0.69348145
0.58454895
0.53785706
0.55223083
0.75213623
1.166336
1.5302582
1.707428
1.5111084
1.473999
2.7369232
4.0178375
3.9998627
3.4025269
2.6842499
2.119217
2.2509003
2.7058105
2.9871216
3.0003052
2.826706
2.6339722
2.5322266
2.6387634
2.9272766
2.8494568
2.3418884
1.573349
1.0095215
0.9436798
1.4895477
2.031845
1.9133301
1.2297821
0.65397644
0.60728455
0.8155823
0.5893402
0.4935608
1.0155029
1.2668915
0.8251648
0.32237244
0.11767578
0.12007141
0.037460327
0.09611511
0.44088745
0.65397644
0.7964325
0.9628296
0.75453186
0.12484741
-0.45933533
-0.32406616
-0.018798828
-0.18759155
-0.48327637
-0.22470093
0.09971619
0.72940063
0.7533417
0.019500732
-3.2557678
-1.8551483
0.25294495
-0.0738678
-0.61135864
-0.6712189
-0.3767395
0.33555603
1.5206757
1.7505188
1.2465363
0.5821533
1.0454254
1.509903
1.4273071
1.4823608
1.4620209
1.0980988
0.73657227
0.96162415
1.463211
1.5984802
1.415329
1.3291473
1.3674469
1.4919434
1.478775
1.3111877
1.0909119
0.77249146
0.51631165
0.45526123
0.5246887
-0.36357117
-1.5079956
-1.2889252
0.23739624
1.4811707
2.0306396
2.122818
1.8798065
1.5937042
1.2932281
1.2201996
1.0574036
0.826355
0.6551819
0.3343506
0.1499939
0.39779663
0.8155823
0.99035645
0.9161377
1.0190887
1.7253723
2.7153778
2.9512177
1.8007965
0.6384125
0.3056183
0.7461548
1.612854
1.8917847
1.3052063
0.84550476
0.8862152
1.3171692
1.9169159
1.7193909
1.4847565
1.28125
1.0705719
1.3710327
1.4297028
1.3075867
1.221405
1.0202942
0.9041748
1.1232452
1.5278625
1.6619263
1.3447113
1.1795044
0.80122375
0.31399536
0.15718079
0.60609436
1.0454254
1.1244354
1.1160583
0.8790283
0.65397644
0.8969879
1.3854065
1.5865173
1.4069519
1.1543579
1.0597992
1.1591492
1.2249908
1.1160583
0.8682556
0.7353821
0.8155823
0.88861084
0.826355
0.7952423
0.8143921
0.95803833
1.0322571
1.2034454
1.6499634
2.1324005
2.3921661
2.2485046
2.0473938
1.944458
2.019867
2.0713348
1.9037476
1.6188354
1.2249908
0.97958374
1.0621796
0.9736023
0.96043396
1.118454
1.4021606
1.588913
1.6499634
1.7756653
1.8762207
1.825943
1.652359
1.5146942
1.4189148
1.2082367
0.9436798
0.85627747
0.9759979
0.89938354
0.63243103
0.6228485
1.0226746
1.5661621
1.8403015
2.0809174
2.130005
2.0390167
2.1216278
2.0533905
1.6380005
1.0885162
0.72340393
0.92092896
1.4021606
1.4452667
1.3135834
1.33992
1.3459015
1.2776642
1.1531677
1.0885162
1.0550079
1.4512482
2.1719055
2.3873749
1.9372711
1.415329
1.126831
1.1100769
1.296814
1.296814
1.5853271
1.7445374
1.4165344
1.0442352
0.95803833
1.0753632
1.3459015
1.494339
1.6332092
1.8379059
1.8726196
1.6822815
1.355484
1.221405
1.3219604
1.4332886
1.2453461
0.7892456
0.42173767
0.4073639
0.45046997
0.7892456
1.2776642
1.36026
1.226181
1.3267517
1.5482178
1.6104584
1.2477417
0.5761719
0.1212616
0.12844849
0.45526123
0.6587677
0.55581665
0.48397827
0.82395935
1.1196594
1.2225952
1.3339233
1.3291473
1.454834
1.9695892
2.3071747
2.6710968
2.6782684
2.1048584
1.6619415
1.4249115
1.2238007
1.336319
1.7062225
1.8953705
1.6774902
1.2285919
0.98677063
0.8957977
0.97120667
1.2441406
1.5398254
1.715805
1.7720642
1.8726196
1.722992
1.4596252
1.2644958
1.173523
1.1148529
0.94966125
0.9472656
1.0131073
0.92930603
0.5402527
0.48997498
0.9364929
1.5326538
1.8834076
1.7948151
1.5901184
1.2465363
1.1759186
1.3590698
1.2082367
0.6587677
0.36906433
0.47920227
0.5354614
0.36187744
0.21704102
0.48039246
1.0681763
1.2788696
1.2788696
1.2429504
1.3518829
1.8618469
2.4220886
2.2880096
1.8726196
1.6511536
1.6655273
1.6403809
1.3076019
1.1866913
1.2621002
1.1902771
1.0693665
1.10289
1.3423004
1.5326538
1.8175507
2.1718903
2.3634338
2.24852
2.0102844
1.7253876
1.4297028
1.26091
0.92092896
0.3738556
0.039855957
0.1452179
0.10569763
0.0039520264
0.042251587
0.22660828
0.74494934
1.26091
1.2357635
1.078949
1.0574036
0.9173279
0.67433167
0.66474915
0.83114624
0.93530273
1.0166931
0.9352875
0.826355
1.0214844
1.1866913
1.2118225
1.0897217
0.9520569
0.96881104
1.1495819
1.3123779
1.3949738
1.6272125
1.6475677
1.6212311
1.7588959
1.75531
1.5553894
1.5158844
1.6463776
1.7445374
1.7002411
1.5996857
1.4428711
1.3482971
1.4488525
1.5194702
1.4488525
1.2657013
1.1795044
1.2585144
1.5170898
1.6032715
1.4775848
1.2381592
1.0550079
0.73298645
0.25534058
-0.07507324
-0.049926758
-0.06430054
0.037460327
0.22421265
0.316391
0.34751892
0.4756012
0.68510437
0.98677063
1.2621002
0.9508667
0.30082703
-0.18998718
-0.406662
-0.21392822
-0.07028198
-0.046340942
0.12365723
0.25294495
0.37864685
0.77249146
1.3315277
1.6020813
1.6355896
1.7134094
1.8774109
2.3311157
2.462799
1.9959259
1.3985748
1.3363342
1.6056671
1.8043823
1.8630371
2.0569763
2.177887
1.8127747
1.379425
1.1483765
0.9879761
1.0142975
1.1244354
1.2273865
1.4320984
1.7241821
1.712204
1.4692078
1.2633057
1.1950684
1.300415
1.2860565
1.1507721
0.97839355
0.7198181
0.984375
1.0190887
0.6838989
0.33674622
0.22781372
0.16436768
0.2290039
0.52108765
0.60609436
0.5426483
0.4887848
0.33554077
0.10211182
0.109298706
0.18232727
-0.021194458
-0.703537
-0.75860596
-0.4641266
-0.272583
-0.09541321
-0.19717407
-0.45933533
-0.82444763
-0.85557556
-0.5431366
-0.3491974
-0.12055969
0.11288452
0.41215515
0.9724121
1.5685577
1.3566742
0.87783813
1.0609894
1.4404755
1.7086182
1.8319244
1.9193115
2.0665588
1.9420624
1.5170898
1.0921173
0.7772827
0.5797577
0.67552185
0.96043396
1.1866913
1.2273865
1.078949
0.9664154
0.7425537
0.45765686
0.54504395
0.6515808
0.56300354
0.44328308
0.40975952
0.93170166
1.4608154
0.71144104
-0.6113739
-1.1608429
-1.2230835
-0.9202118
-0.15646362
0.39898682
0.5510254
0.5809479
0.6192627
0.6623535
0.67910767
0.84552
0.940094
0.6791229
0.29484558
0.22421265
0.40377808
0.6515808
0.73298645
0.7162323
0.6958771
0.94366455
1.1878815
1.8091736
2.9057312
2.92128
1.3985748
0.43730164
0.30082703
0.6563721
1.1830902
1.2908325
1.1196442
0.98558044
0.74017334
0.5007477
0.3726654
0.41815186
0.7305908
1.0490265
1.3243561
1.4859619
1.5434265
1.2225952
0.67074585
0.3259735
0.14759827
0.20147705
0.5222931
0.7006531
0.9771881
1.336319
1.1435852
0.41934204
-0.0032348633
-0.07865906
0.12605286
0.83473206
1.3016052
1.0166931
0.43371582
0.37145996
0.65756226
0.87783813
0.64559937
0.22183228
-0.012817383
-0.17323303
-0.009231567
0.32237244
0.60250854
0.6384125
0.32478333
0.23858643
0.6695404
1.0837402
1.1495819
1.4512482
1.4536438
1.3494873
1.5003204
1.7588959
1.7816467
1.5960999
1.3794098
1.5374298
1.7517242
1.5218811
1.1208344
0.9329071
0.8048096
0.5917206
0.72221375
0.8981781
0.78685
0.64678955
0.5079346
0.33674622
0.13323975
-0.0068359375
0.114089966
0.6024933
0.72579956
0.3487091
0.17633057
-0.011627197
-0.12295532
-0.32406616
-0.5946045
-0.5179901
-0.021194458
0.51631165
0.7700958
0.90657043
1.0119019
0.9161377
0.6120758
0.38822937
0.32357788
0.15359497
-0.1600647
-0.24745178
-0.33483887
-0.9273987
-0.52038574
-0.27139282
-0.50242615
-0.41864014
-0.27139282
-0.228302
0.7581177
1.6391907
1.1795044
0.8826294
1.1771088
1.4476624
1.5817261
1.557785
1.6882782
1.8115692
1.588913
1.3614655
1.2489319
1.1316223
1.0214844
1.1399994
1.3375244
1.384201
1.4069519
1.4560394
1.3578644
1.2261963
1.1567535
0.9592285
0.47680664
-0.19238281
-0.3360443
-0.016403198
0.7461548
0.889801
0.68629456
0.91015625
0.80960083
0.5354614
0.37504578
0.11767578
-0.09780884
-0.15646362
-0.07505798
0.056610107
0.36068726
0.7497406
0.99993896
0.9041748
0.62405396
0.5426483
0.7018585
0.8323364
0.79763794
0.84072876
0.84791565
0.78326416
0.76530457
1.2070312
1.8235474
1.3806152
0.56059265
0.5246887
1.0561981
1.6104584
2.0557861
2.1671143
2.107254
2.0809174
1.9935303
1.691864
1.3147736
0.96762085
0.89100647
0.9747925
1.1687317
1.470398
1.7660828
1.7098236
1.3040009
0.9987488
0.88861084
0.84552
0.96403503
1.3016052
1.9504395
2.1910553
1.0322571
-0.36476135
-0.782547
-0.33363342
0.5354614
1.1507721
1.1340027
0.7054596
0.5510254
1.0777588
1.6415863
1.5374298
0.96762085
0.50912476
0.29364014
0.36427307
0.65037537
0.90415955
0.92453
0.81918335
0.7641144
0.7246094
0.8754425
1.3243561
1.5613708
1.8917847
2.454422
1.9695892
1.3171692
1.4512482
1.6511536
1.7948151
1.7996063
1.8043823
1.8881836
1.6798859
1.3961792
1.2094269
1.0358582
0.8562927
0.8574829
0.8155823
0.79164124
0.91973877
1.1747131
1.1555634
0.64201355
0.21942139
0.098526
0.40377808
0.5031433
0.14401245
-0.07984924
0.2577362
0.26371765
0.21224976
0.015914917
-0.25222778
-0.6161499
-0.7538147
-1.1249237
-1.4002533
-1.3751068
-1.5199585
-1.9030304
-1.9150085
-1.3356171
-0.6939697
-0.2175293
0.044647217
-0.12055969
-0.39109802
-0.36476135
-0.2977295
-0.10139465
0.41456604
0.5809479
0.33555603
0.33555603
0.95803833
1.2010498
1.0849304
1.2573242
1.4692078
1.6332092
1.7026367
1.5398254
1.41893
1.3016052
0.885025
0.592926
0.62405396
0.7054596
0.826355
1.1304169
1.3626556
0.98558044
0.4253235
0.28407288
0.19189453
-0.07745361
-0.2546234
0.008728027
0.52349854
0.76651
1.1807098
1.1459808
0.6503906
0.43849182
0.33914185
0.27090454
0.53785706
0.727005
0.5761719
0.40019226
0.34751892
0.2002716
0.07217407
0.0745697
0.1272583
0.31280518
0.44807434
0.43011475
0.49716187
0.43370056
0.38702393
0.67433167
1.0921173
1.2309723
0.9640198
0.7497406
1.2094269
1.3674469
1.0561981
0.9987335
1.2453461
1.5757446
1.8367157
1.7684784
1.5721588
1.4644165
1.2465363
0.9484558
0.67552185
0.56777954
0.75213623
1.1364136
1.2788696
1.3375244
1.2896423
1.0490265
0.8036194
0.6443939
0.41815186
0.60728455
1.4955444
2.3071747
2.304779
1.2082367
0.2649231
0.15957642
0.4025879
0.58813477
0.8730469
1.4225159
1.6320038
1.1902771
0.5809479
0.53427124
0.6575775
0.4600525
0.276886
0.35110474
0.84072876
0.91973877
0.30082703
-0.20436096
-0.24505615
-0.09660339
0.13323975
0.5115204
0.67193604
0.64320374
1.3207703
2.1910553
2.3813934
2.462799
2.617218
2.8087616
2.9152985
2.7644653
2.4244843
1.8175659
1.276474
1.252533
1.221405
0.87783813
0.68270874
0.7988281
1.0131073
0.97958374
0.9759979
1.3375244
1.509903
1.0550079
0.42652893
0.24815369
0.76290894
1.3794098
1.3854065
1.0358582
0.6683502
0.57377625
0.40856934
0.25413513
0.474411
0.8503113
1.0897217
1.2022552
1.4727936
1.6343994
1.3387146
0.57855225
0.15957642
0.46124268
1.0705719
1.33992
1.3243561
1.1412048
0.91015625
0.9652252
1.0801392
1.3016052
1.5446167
1.5482178
1.6415863
2.2688751
2.5118713
2.177887
2.0162811
1.9121246
2.0904999
2.6890411
2.8039703
2.3586426
1.6547546
1.399765
1.5278625
1.3411102
0.94007874
0.85627747
0.93289185
1.178299
1.4955292
1.5362396
1.3243561
0.9125519
0.50912476
0.44328308
1.1399994
2.0138855
2.2820435
1.8630524
1.134018
0.73298645
0.55940247
0.30801392
0.14401245
0.5103302
1.300415
1.6140442
1.2238007
0.7353821
0.6491852
0.78086853
0.91134644
1.0669861
1.1555634
1.2644958
1.5745544
1.6619263
1.5458221
1.3423004
1.2178192
1.2285919
1.4512482
1.6044769
1.7517242
2.1599274
2.1527405
1.8989563
1.8283386
1.7265778
1.6858673
1.9300842
2.0868988
1.9516296
1.6822815
1.3494873
1.276474
1.5709534
1.7265778
1.7134094
1.6248322
1.5505981
1.5697632
1.6475677
1.6415863
1.2549133
0.6886902
0.4540558
0.84910583
1.4632263
1.8331146
1.731369
1.2644958
0.9436798
0.8766327
0.77368164
0.7090454
0.86586
1.3327332
1.7565002
1.5661621
1.1220398
0.95803833
0.9700012
0.7162323
0.3666687
0.28886414
0.34272766
0.23858643
0.24217224
0.22421265
0.09611511
0.106903076
0.8323364
2.1120453
2.656723
2.1000824
2.0162811
2.5980682
2.6543274
2.3143616
1.9600067
1.7924194
1.9384613
2.1730957
2.0497894
1.8630524
1.6954498
1.1747131
0.6886902
0.4456787
0.60250854
0.8969879
1.2752686
1.6739044
1.6296082
1.2908325
0.9747925
0.78086853
0.647995
0.7293854
1.292038
1.9779663
2.2700653
2.2545013
1.7014465
0.8299408
0.17753601
-0.06549072
0.11528015
0.73417664
1.3806152
1.4931335
1.1304169
0.8766327
0.9592285
0.9149475
0.7497406
0.5510254
0.40377808
0.2864685
0.26971436
0.13682556
-0.029571533
0.30082703
1.0310669
1.5649719
1.6164398
1.3818054
1.1699219
1.6906586
2.4304657
2.641159
2.6004639
2.332306
2.272461
2.241333
1.9863586
1.746933
1.6966553
1.9468536
2.0737305
1.7780457
1.33992
1.1076813
1.1388092
1.691864
2.09169
2.0054932
1.7373505
1.3842163
1.02388
0.8610687
1.0358429
1.4775848
1.9157257
1.8319244
1.5685577
1.1160583
0.43850708
0.12246704
0.45526123
0.92811584
1.1208496
1.0801544
1.1376038
1.2261963
1.2309723
1.1399994
1.0095215
0.7700958
0.4708252
0.28527832
0.30203247
0.39421082
0.3044281
0.12965393
0.2182312
0.5007477
0.92811584
1.2142181
1.2992096
1.2537231
1.4895477
1.9037476
2.0497894
1.4356842
1.0382385
1.197464
1.6152496
2.4017487
2.7249603
2.2832336
1.4332886
0.6444092
0.5127106
0.6839142
0.83114624
0.9233246
0.9939575
0.98316956
0.9664154
1.0346527
0.9592438
0.8143921
0.63482666
0.52827454
0.6839142
0.806015
0.5905304
0.276886
0.08175659
-0.07028198
-0.5862274
-1.0447235
-1.0171814
-0.50601196
0.31758118
1.0693665
1.3135834
1.0969086
0.8179779
0.6108856
0.29484558
0.16197205
0.20985413
0.20147705
-0.061904907
-0.19119263
-0.010421753
0.27809143
0.6803131
0.9340973
0.99993896
0.8036194
0.54862976
0.91015625
1.5506134
1.5781403
1.1292267
0.7784729
0.8299408
1.1603546
1.7301636
2.1491547
2.0881042
1.6487579
0.9436798
0.5474396
0.40019226
0.32357788
0.6120758
1.0729675
1.0861359
0.7162323
0.5043335
0.47322083
0.38581848
0.16915894
0.28526306
1.1256409
1.7792511
1.1399994
-0.13970947
-1.1788025
-1.8635406
-1.4277954
-0.67601013
-0.27737427
0.111694336
0.41215515
0.21343994
-0.22949219
-0.31687927
-0.060699463
0.07696533
0.08055115
0.1272583
0.3199768
0.4636383
0.48757935
0.23020935
-0.30729675
-0.19238281
0.38822937
1.087326
1.2740784
0.8874054
0.6156616
1.1435852
2.0617676
2.5549622
2.2616882
1.8606567
1.7182007
1.6631317
1.6164551
1.5458221
1.4464569
1.0358429
0.7234192
0.72940063
0.8215637
0.94966125
1.0502167
1.1950684
1.4464569
1.4620209
1.1220398
0.821579
0.592926
0.30082703
0.15478516
0.15238953
0.14880371
0.2469635
0.35829163
0.20866394
-0.22709656
-0.49404907
-0.20794678
0.2002716
0.65756226
0.86227417
0.8395233
0.7389679
0.5222931
0.41096497
0.45884705
0.37504578
0.2685089
0.33076477
0.4169464
0.15357971
-0.14569092
-0.052322388
0.22302246
0.55940247
1.0107117
1.423706
1.6427765
1.5266724
1.6786957
2.3646393
2.7249603
2.8494568
2.8111572
2.5861053
2.526245
2.7093964
2.90094
2.7010193
2.115631
1.5709534
1.1759033
0.81677246
0.74256897
0.88500977
0.8371277
0.8036194
0.9364929
1.0011292
0.85987854
0.7988281
0.9340973
1.0753479
1.3040009
1.4763947
1.6032867
1.7900238
1.2333679
0.27211
-0.22709656
-0.34202576
-0.24984741
-0.08703613
0.0745697
0.059005737
0.12605286
0.34631348
0.50912476
0.54623413
0.6587677
1.0801392
1.3028107
1.0059204
0.60849
0.26013184
0.17753601
0.020706177
0.043441772
0.40019226
0.6599579
1.0561981
1.5697632
1.6834869
0.8610687
-0.27497864
-0.30252075
0.31399536
0.98197937
1.3530884
1.4775848
1.557785
1.7265778
1.6954498
1.2285919
0.6372223
-0.23786926
-0.6125641
0.3834381
1.0418396
1.063385
0.46243286
-0.2977295
-0.76579285
-0.8998718
-0.72987366
-0.74664307
-0.90345764
-0.72509766
-0.4449768
-0.17202759
-0.1995697
0.12605286
0.27807617
-0.060699463
-0.29652405
-0.41145325
-0.36715698
-0.07147217
0.34632874
0.85868835
1.2824554
1.2489319
0.8155823
0.37625122
0.2589264
0.355896
0.38104248
0.34991455
0.41096497
0.5653839
0.5498352
0.4540558
0.45167542
0.5043335
0.53904724
0.80241394
0.9532471
0.8538971
0.7425537
0.70066833
0.65397644
0.56300354
0.54862976
0.6384125
0.7341919
0.7162323
0.5582123
0.40377808
0.3056183
0.31399536
0.3630829
0.35949707
0.37983704
0.36906433
0.3439331
0.30801392
0.3547058
0.45166016
0.51631165
0.48399353
0.46124268
0.5797577
0.58573914
0.61447144
0.6815033
0.63601685
0.59651184
0.592926
0.5498352
0.6240387
0.60849
0.47201538
0.38223267
0.36787415
0.4313202
0.4827881
0.5761566
0.58932495
0.48997498
0.40856934
0.4492798
0.50193787
0.51750183
0.4540558
0.4169464
0.36428833
0.5187073
0.67193604
0.5402527
0.38702393
0.3678589
0.5007477
0.5354614
0.51512146
0.48039246
0.41815186
0.36187744
0.34631348
0.36068726
0.41455078
0.5007477
0.5211029
0.43730164
0.36787415
0.39300537
0.48039246
0.5318756
0.5617981
0.5905304
0.6515808
0.5821533
0.40737915
0.51031494
0.54504395
0.29963684
0.08654785
0.17393494
0.35350037
0.40737915
0.35708618
0.30801392
0.31280518
0.3056183
0.26371765
0.20266724
0.25534058
0.37625122
0.434906
0.46603394
0.47920227
0.40498352
0.3738556
0.38583374
0.43011475
0.45526123
0.4756012
0.36068726
0.42292786
0.5989075
0.48039246
0.28167725
0.2864685
0.38223267
0.4253235
0.4073639
0.4121704
0.39060974
0.31280518
0.2876587
0.30921936
0.2936554
0.2577362
0.24456787
0.30801392
0.34272766
0.29005432
0.31999207
0.3846283
0.3774414
0.35350037
0.3092041
0.22660828
0.15837097
0.34033203
0.38822937
0.2361908
0.1715393
0.26252747
0.4253235
0.513916
0.4540558
0.38702393
0.32955933
0.28167725
0.32357788
0.3092041
0.2469635
0.3044281
0.42892456
0.474411
0.43969727
0.40498352
0.40977478
0.40737915
0.3918152
0.45046997
0.5187073
0.4025879
0.4995575
0.6803131
0.55581665
0.31280518
0.31040955
0.4600525
0.5211029
0.4708252
0.35949707
0.32357788
0.35112
0.38822937
0.38223267
0.3439331
0.31280518
0.31280518
0.40019226
0.45765686
0.4923706
0.5115204
0.5031433
0.46243286
0.4935608
0.60849
0.5414429
0.49954224
0.57736206
0.49595642
0.41455078
0.5151062
0.60609436
0.5833435
0.46961975
0.395401
0.38941956
0.38581848
0.3738556
0.434906
0.474411
0.5019531
0.55581665
0.53666687
0.53785706
0.5522156
0.5606079
0.60250854
0.6443939
0.67433167
0.72340393
0.6192627
0.3918152
0.4169464
0.45166016
0.39660645
0.39898682
0.55700684
0.70783997
0.7102356
0.5821533
0.5354614
0.5438385
0.5115204
0.48638916
0.5043335
0.54504395
0.6108856
0.6779175
0.7090454
0.6695404
0.66593933
0.63720703
0.6013031
0.5641937
0.62405396
0.62046814
0.57736206
0.72940063
0.7186127
0.48876953
0.3918152
0.48757935
0.64320374
0.6372223
0.5234833
0.45645142
0.4528656
0.47320557
0.48638916
0.46961975
0.4708252
0.5031433
0.50912476
0.48399353
0.4815979
0.513916
0.52708435
0.5606079
0.53904724
0.53785706
0.5414429
0.4540558
0.54504395
0.5330658
0.40019226
0.27449036
0.316391
0.3918152
0.3882141
0.34153748
0.28407288
0.2756958
0.24577332
0.30203247
0.37625122
0.37983704
0.36427307
0.3846283
0.40377808
0.35110474
0.32118225
0.3594818
0.39300537
0.3846283
0.38581848
0.41215515
0.316391
0.41815186
0.70783997
0.63124084
0.395401
0.38223267
0.40856934
0.4456787
0.5713806
0.6563721
0.5869446
0.063797
-0.5790405
0.29484558
0.5151062
0.54862976
