-0.1361084
-0.15740967
-0.13450623
-0.092422485
-0.11000061
-0.14994812
-0.15953064
-0.11000061
-0.06472778
-0.061538696
-0.07432556
-0.07963562
-0.07537842
-0.07698059
-0.06365967
-0.028503418
0.0146484375
0.030090332
0.017303467
0.012512207
0.027420044
0.04446411
0.0471344
0.03488159
0.008239746
-0.015197754
-0.024246216
-0.025314331
-0.026916504
-0.027450562
-0.007217407
0.027420044
0.050857544
0.05671692
0.0663147
0.07589722
0.06311035
0.023162842
-0.013595581
-0.025314331
-2.89917E-4
0.026367188
0.0236969
0.0045166016
-0.010406494
-0.01626587
-0.018920898
-0.029571533
-0.033309937
-0.027450562
7.7819824E-4
0.04499817
0.08494568
0.101989746
0.09559631
0.078552246
0.059906006
0.03753662
2.593994E-4
-0.042892456
-0.08230591
-0.10734558
-0.1169281
-0.11639404
-0.11427307
-0.09828186
-0.0743103
-0.06047058
-0.057800293
-0.038635254
-0.007736206
-0.008270264
-0.034362793
-0.023712158
0.027954102
0.055114746
0.02848816
-0.001876831
-0.007736206
7.7819824E-4
-2.89917E-4
-0.014129639
-0.028518677
-0.03224182
-0.031707764
-0.03491211
-0.047683716
-0.059402466
-0.05621338
-0.043426514
-0.028518677
-0.024780273
-0.01838684
-0.0013427734
0.017837524
0.024230957
0.01676941
0.0077056885
0.005584717
0.019958496
0.033813477
0.017303467
-0.012527466
-0.031173706
-0.04182434
-0.03703308
-0.02798462
-0.01626587
-0.011459351
-0.010925293
-0.006668091
0.0029144287
0.0045166016
-0.001876831
-8.239746E-4
0.013046265
0.025283813
0.017303467
0.007171631
-0.0029449463
-0.008804321
-0.0050811768
-0.0029449463
-8.087158E-4
-8.087158E-4
-0.011474609
-0.016784668
-0.017318726
-0.01838684
-0.001876831
0.012512207
-0.01626587
-0.04449463
-0.024780273
0.024230957
0.048187256
0.036468506
0.024230957
0.0236969
0.027954102
0.019973755
0.012512207
0.0018463135
-0.0072021484
-0.004547119
-0.003479004
-0.0098724365
-0.017852783
-0.017318726
-0.022659302
-0.045547485
-0.061523438
-0.0466156
-0.014129639
0.008773804
0.014633179
0.010375977
-8.087158E-4
-0.021057129
-0.03489685
-0.024780273
-0.03756714
-0.08444214
-0.108932495
-0.07218933
-0.028503418
-0.029037476
-0.06260681
-0.097213745
-0.101486206
-0.07058716
-0.04714966
-0.05886841
-0.06686401
-0.05886841
-0.043426514
-0.03224182
-0.029037476
-0.03491211
-0.0423584
-0.03916931
-0.026916504
-0.013061523
-0.0072021484
-0.011474609
-0.02319336
-0.028503418
-0.027450562
-0.03703308
-0.036499023
-0.019454956
-0.0184021
-0.03756714
-0.05567932
-0.03489685
0.011978149
0.03488159
0.027954102
0.013580322
-0.010925293
-0.017868042
-0.004547119
0.018371582
0.03807068
0.057250977
0.06524658
0.030090332
-0.0013427734
-8.239746E-4
0.009841919
0.007171631
0.0013122559
0.0018463135
-0.0029449463
-0.040237427
-0.057800293
-0.028518677
0.029556274
0.05404663
0.05671692
0.06736755
0.07322693
0.06524658
0.043930054
0.03327942
0.043930054
0.0471344
0.033813477
0.017837524
-0.0013427734
-0.023712158
-0.03970337
-0.043426514
-0.03224182
-0.017852783
0.0034484863
0.024230957
0.019973755
0.002380371
-0.010406494
-0.014129639
-0.0056152344
0.009841919
0.015167236
0.020507812
0.03274536
0.0471344
0.04925537
0.031677246
0.010910034
0.017837524
0.036483765
0.015167236
-0.009338379
-0.0040130615
0.018371582
0.038604736
0.041809082
0.03274536
0.019439697
0.012512207
0.027420044
0.041275024
0.0471344
0.050857544
0.025299072
2.4414062E-4
-0.008270264
-0.005065918
-0.013061523
-0.029052734
-0.040222168
-0.03224182
-0.0024108887
0.025817871
0.034347534
0.039138794
0.04660034
0.048187256
0.048721313
0.03541565
0.03327942
0.036483765
0.021560669
7.7819824E-4
2.4414062E-4
0.0236969
0.034347534
0.01411438
-0.011474609
-0.017852783
-0.020523071
-0.01838684
0.003982544
0.01890564
0.023162842
0.035949707
0.04446411
0.04446411
0.050323486
0.026885986
-0.013595581
-0.040222168
-0.057800293
-0.05088806
-0.046081543
-0.059936523
-0.122787476
-0.15367126
-0.106277466
-0.062072754
-0.057800293
-0.059402466
-0.08123779
-0.06472778
-0.013061523
-0.001876831
0.007171631
0.024765015
0.027420044
-0.0050811768
-0.03703308
-0.023727417
0.010375977
0.020492554
0.019439697
0.029022217
0.03327942
0.031677246
0.018371582
0.002380371
-0.004547119
-0.0013427734
-0.003479004
-0.006668091
2.4414062E-4
0.007171631
0.008239746
0.011444092
0.02583313
0.038604736
0.060440063
0.07003784
0.03807068
0.0045166016
0.005569458
0.030090332
0.04286194
0.029556274
0.0061187744
-0.013595581
-0.03010559
-0.031173706
-0.015731812
0.0066375732
0.023162842
0.022628784
0.005050659
-0.006668091
-0.0040130615
0.007171631
7.7819824E-4
-0.012542725
-0.021591187
-0.012008667
-0.0029449463
-0.0013427734
-0.006668091
-0.007736206
-0.006134033
-0.010925293
0.0013122559
0.015701294
0.0029144287
-0.0040130615
0.0077056885
0.022094727
0.022628784
0.007171631
-0.007736206
-0.025314331
-0.02319336
-0.013061523
-0.0029449463
0.017837524
0.023162842
0.021026611
0.023162842
0.019439697
0.011444092
0.0077056885
0.017837524
0.025283813
0.017837524
0.011978149
0.010910034
0.0013122559
-0.004547119
0.0018463135
-0.008804321
-0.019454956
-0.0072021484
-0.0072021484
-0.03916931
-0.048217773
-0.013061523
0.02848816
0.03541565
0.011444092
-0.0098724365
-0.0040130615
0.012512207
0.025299072
0.030075073
0.03060913
0.034347534
0.0476532
0.06629944
0.053527832
0.024765015
7.7819824E-4
-0.024246216
-0.04182434
-0.05140686
-0.0423584
-0.038635254
-0.025848389
0.0034484863
0.024230957
0.026885986
0.03274536
0.04927063
0.033813477
-0.04396057
-0.11427307
-0.11373901
-0.07698059
-0.059402466
-0.07325745
-0.07911682
-0.056747437
-0.023712158
-0.008804321
-0.007736206
0.0013122559
0.024230957
0.05831909
0.10517883
0.14086914
0.1456604
0.13449097
0.1217041
0.06629944
0.054595947
0.05404663
0.09187317
0.15579224
0.20106506
0.2239685
0.20692444
0.19039917
0.18295288
0.1328888
0.06843567
0.01676941
-0.013061523
-0.059936523
-0.11958313
-0.14569092
-0.14196777
-0.122787476
-0.066329956
-0.12385559
-0.16326904
-0.11213684
-0.0700531
-0.07272339
-0.10360718
-0.11746216
-0.015731812
0.16751099
0.20478821
0.06311035
-0.14196777
-0.27192688
-0.23570251
-0.14302063
-0.09509277
-0.0743103
-0.09614563
-0.15208435
-0.20214844
-0.24156189
-0.2580719
-0.21600342
-0.1595459
-0.10095215
-0.059936523
-0.05407715
-0.08816528
-0.12171936
-0.12971497
-0.12971497
-0.13609314
-0.11479187
-0.05567932
-0.0056152344
0.003982544
-0.022644043
-0.085510254
-0.13983154
-0.15527344
-0.06793213
0.07962036
0.2947998
0.5201111
0.6607208
0.6958771
0.549942
0.27882385
0.08175659
0.031158447
0.08015442
0.16163635
0.2713623
0.3959961
0.42956543
0.3640442
0.2601776
0.16856384
0.07696533
-0.07218933
-0.2026825
-0.23944092
-0.12438965
0.07801819
0.2516632
0.37043762
0.3959961
0.33262634
0.12542725
-0.24636841
-0.52493286
-0.58192444
-0.41360474
-0.20321655
-0.18882751
-0.33052063
-0.42318726
-0.37738037
-0.17605591
0.024230957
0.090270996
0.050323486
-0.035964966
-0.13504028
-0.2064209
-0.19470215
-0.10946655
0.009841919
0.07748413
0.04499817
-0.0024108887
0.04499817
0.14672852
0.20851135
0.20957947
0.20318604
0.25219727
0.3832245
0.5174408
0.5818939
0.48760986
0.28840637
0.16163635
0.12649536
0.08920288
0.041275024
0.024230957
0.059906006
0.08387756
0.031692505
-0.09562683
-0.20854187
-0.21707153
-0.15847778
-0.08177185
-0.059402466
-0.11053467
-0.16645813
-0.22984314
-0.30229187
-0.3134613
-0.3049469
-0.32518005
-0.25274658
-0.0657959
0.11903381
0.18455505
0.040740967
-0.17285156
-0.28311157
-0.25328064
-0.124923706
0.003982544
0.069503784
0.0790863
0.04499817
-0.001876831
-0.04396057
-0.10095215
-0.15422058
-0.16113281
-0.09295654
0.04286194
0.20532227
0.3454132
0.44873047
0.50839233
0.48921204
0.38641357
0.2713623
0.312912
0.47216797
0.61331177
0.5962677
0.3693695
0.07003784
-0.15101624
-0.23730469
-0.20321655
-0.16059875
-0.12013245
-0.040222168
0.05192566
0.0945282
0.06736755
0.016235352
-0.036499023
-0.08656311
-0.12545776
-0.20214844
-0.23144531
-0.18138123
-0.13076782
-0.05886841
-0.0013427734
-0.111068726
-0.3257141
-0.3294525
-0.08496094
0.14512634
0.17388916
0.09399414
0.09187317
0.21224976
0.32196045
0.33421326
0.28042603
0.13821411
-0.038635254
-0.195755
-0.26765442
-0.26127625
-0.1872406
-0.10946655
-0.075912476
-0.08496094
-0.01838684
0.20425415
0.3086548
0.23622131
0.07003784
-0.19468689
-0.3118744
-0.13876343
0.16430664
0.28042603
0.2905426
0.22555542
0.14300537
0.106781006
0.15258789
0.22129822
0.25538635
0.2585907
0.23887634
0.1733551
0.06790161
-0.05886841
-0.18670654
-0.28683472
-0.32040405
-0.26766968
-0.2026825
-0.22238159
-0.26713562
-0.24209595
-0.16912842
-0.106277466
-0.08230591
-0.12597656
-0.22132874
-0.2735138
-0.26818848
-0.2815094
-0.33796692
-0.3518219
-0.27511597
-0.14408875
-0.04449463
-0.006134033
0.0236969
0.052993774
0.030090332
-0.046081543
-0.14941406
-0.25967407
-0.32466125
-0.3118744
-0.25860596
-0.23251343
-0.17871094
-0.09188843
0.008773804
0.1025238
0.14833069
0.15686035
0.17655945
0.2079773
0.2836151
0.3816223
0.42422485
0.33795166
0.21224976
0.10731506
0.08280945
0.1259613
0.15205383
0.11903381
0.04499817
-0.056747437
-0.1600647
-0.24369812
-0.30441284
-0.34329224
-0.3353119
-0.30921936
-0.3353119
-0.39335632
-0.41893005
-0.4141388
-0.4333191
-0.545166
-0.6932373
-0.6932373
-0.5052185
-0.2884369
-0.2000122
-0.26393127
-0.34117126
-0.35928345
-0.31027222
-0.23995972
-0.21386719
-0.18777466
-0.15420532
-0.16859436
-0.25328064
-0.38272095
-0.47485352
-0.47698975
-0.39656067
-0.25541687
-0.09562683
0.032211304
0.11956787
0.14353943
0.09347534
0.010375977
-0.04182434
0.031677246
0.19892883
0.3171692
0.30065918
0.2505951
0.22662354
0.22662354
0.20106506
0.13607788
0.060455322
0.011444092
0.011444092
2.4414062E-4
-0.046081543
-0.11160278
-0.18403625
-0.2825775
-0.34170532
-0.3310547
-0.2926941
-0.3587494
-0.4860382
-0.5409088
-0.5499573
-0.5105438
-0.50468445
-0.54463196
-0.6175995
-0.6602173
-0.6501007
-0.6799164
-0.7752533
-0.8983002
-1.0128174
-1.0740662
-1.0474396
-0.8679352
-0.6863098
-0.63731384
-0.73583984
-0.88978577
-0.95687866
-0.95954895
-0.90734863
-0.80189514
-0.6767273
-0.5499573
-0.4253235
-0.32731628
-0.2506256
-0.1723175
-0.1126709
-0.1558075
-0.25914
-0.17764282
-0.04449463
-0.14302063
-0.36460876
-0.55474854
-0.61120605
-0.5222626
-0.40400696
-0.36193848
-0.4061432
-0.4775238
-0.5190735
-0.54463196
-0.56806946
-0.6341095
-0.74064636
-0.8024292
-0.8136139
-0.85409546
-0.9201355
-0.99523926
-1.0815277
-1.0953674
-0.9590149
-0.78964233
-0.7800598
-1.006958
-1.262619
-1.3062897
-1.119339
-0.7971039
-0.5909729
-0.5893707
-0.6932373
-0.7688751
-0.78752136
-0.79603577
-0.75927734
-0.657547
-0.5073395
-0.34436035
-0.22239685
-0.18244934
-0.21812439
-0.28311157
-0.33743286
-0.355011
-0.35128784
-0.3560791
-0.35075378
-0.37365723
-0.45994568
-0.5606079
-0.64476013
-0.6628723
-0.53131104
-0.25274658
-0.018920898
0.08973694
0.08387756
0.06364441
0.041809082
-0.025848389
-0.12011719
-0.18138123
-0.19416809
-0.18563843
-0.2303772
-0.3395691
-0.44555664
-0.5094757
-0.52919006
-0.5552826
-0.63145447
-0.69270325
-0.6831207
-0.627182
-0.5579529
-0.52705383
-0.5813751
-0.6900482
-0.70921326
-0.63357544
-0.54037476
-0.5536957
-0.6463623
-0.7108154
-0.63038635
-0.42904663
-0.25701904
-0.15527344
-0.08709717
-0.0460968
-0.0013427734
0.052459717
0.097732544
0.118499756
0.07322693
-0.03916931
-0.12013245
-0.12971497
-0.08444214
0.01411438
0.10784912
0.19413757
0.247406
0.19892883
0.15898132
0.21331787
0.29586792
0.38215637
0.39067078
0.35446167
0.36297607
0.31770325
0.1920166
0.05458069
-0.0050811768
0.010910034
0.026351929
-0.029052734
-0.113204956
-0.16593933
-0.11373901
-0.038635254
-0.05833435
-0.12225342
-0.18243408
-0.2660675
-0.29536438
-0.08177185
0.22822571
-0.085510254
-0.687912
-1.1683502
-0.83065796
-0.14248657
0.23036194
0.18881226
-0.12545776
-0.38537598
-0.4530182
-0.3395691
-0.12545776
-0.024780273
-0.082839966
-0.16487122
-0.19256592
-0.20428467
-0.23623657
-0.25434875
-0.22079468
-0.14569092
-0.04396057
0.064697266
0.11424255
0.1302185
0.15792847
0.21118164
0.26498413
0.19200134
0.06843567
0.0013122559
0.030090332
0.15153503
0.22929382
0.19625854
0.1408844
0.12754822
0.12915039
0.13661194
0.16218567
0.17070007
0.14193726
0.09933472
0.039138794
0.010375977
0.0236969
-0.012008667
-0.11746216
-0.2000122
-0.21865845
-0.20535278
-0.1515503
-0.071121216
-0.04928589
-0.1872406
-0.388031
-0.41732788
-0.2660675
-0.07218933
-0.020523071
-0.13450623
-0.28044128
-0.29003906
-0.14941406
-0.021591187
0.003982544
-0.06047058
-0.18777466
-0.25914
-0.22772217
-0.15634155
-0.15527344
-0.21226501
-0.27192688
-0.28204346
-0.22398376
-0.10202026
0.055648804
0.19360352
0.25645447
0.2793579
0.25219727
0.24313354
0.2793579
0.36618042
0.4551239
0.48388672
0.44979858
0.4151764
0.39653015
0.36457825
0.32835388
0.27882385
0.24420166
0.22502136
0.18614197
0.10838318
0.018371582
-0.051940918
-0.08390808
-0.099349976
-0.101486206
-0.1281128
-0.20054626
-0.2303772
-0.13023376
0.03541565
0.076416016
-0.14089966
-0.46899414
-0.54196167
-0.29322815
-0.03224182
-0.11639404
-0.3763275
-0.47006226
-0.31399536
0.011978149
0.21917725
0.21330261
0.12435913
0.043395996
-0.0231781
-0.05407715
-0.0934906
-0.15953064
-0.21066284
-0.19203186
-0.12011719
-0.03491211
0.05458069
0.17230225
0.06790161
0.0013122559
0.121170044
0.1451416
0.04234314
-0.03224182
-0.03916931
0.048721313
0.14779663
0.2037201
0.24101257
0.28575134
0.36297607
0.40452576
0.28414917
0.23143005
0.31770325
0.42582703
0.46098328
0.41038513
0.3209076
0.32144165
0.4316864
0.4593811
0.30119324
0.15258789
0.15153503
0.17070007
0.1648407
-0.008270264
-0.13929749
-0.075912476
-0.20588684
-0.3134613
-0.26660156
-0.13130188
-0.029571533
-0.1281128
-0.31985474
-0.3406372
-0.18617249
-0.025848389
-0.03543091
-0.1749878
-0.24636841
-0.21012878
-0.033843994
0.18774414
0.31930542
0.31558228
0.24633789
0.13182068
0.020492554
-0.020523071
-0.04714966
-0.09828186
-0.16113281
-0.32092285
-0.4455719
-0.3784485
-0.1829834
0.040740967
0.27296448
0.3848114
0.33421326
0.22822571
0.19786072
0.25219727
0.2937317
0.23780823
0.11743164
-0.015197754
-0.106277466
-0.13504028
-0.087631226
0.012512207
0.11317444
0.17443848
0.19573975
0.22077942
0.2505951
0.24687195
0.19946289
0.10571289
-0.0029449463
-0.05088806
-0.04663086
-0.056732178
-0.17124939
-0.38430786
-0.5259857
-0.4620819
-0.23304749
-0.027450562
-0.017852783
-0.15740967
-0.25700378
-0.24209595
-0.12332153
0.0236969
0.0982666
0.14193726
0.19467163
0.22076416
0.1802826
0.07962036
-0.05354309
-0.17445374
-0.24156189
-0.272995
-0.32092285
-0.37312317
-0.3710022
-0.30387878
-0.1765747
0.033813477
0.27456665
0.4631195
0.5643158
0.552063
0.47802734
0.38375854
0.3097229
0.2617798
0.1962738
0.08921814
-0.022125244
-0.05619812
0.019439697
0.14247131
0.20957947
0.19572449
0.13981628
0.09559631
0.071624756
0.027420044
-0.023712158
-0.08123779
-0.101486206
-0.06365967
-0.031173706
-0.04714966
-0.08656311
-0.21546936
-0.4540863
-0.624527
-0.59576416
-0.401886
-0.19468689
-0.10360718
-0.08230591
-0.021591187
-0.014129639
-0.10041809
-0.20161438
-0.22346497
-0.1446228
-0.033294678
0.019973755
-0.003479004
-0.08602905
-0.17764282
-0.22558594
-0.22932434
-0.20481873
-0.15261841
-0.07751465
-0.025314331
0.008239746
0.1025238
0.2905426
0.49295044
0.6165161
0.6410217
0.6335602
0.62023926
0.5408783
0.39653015
0.24847412
0.15419006
0.14886475
0.21543884
0.2820282
0.31663513
0.3336792
0.3448639
0.3224945
0.2516632
0.14672852
0.022094727
-0.120651245
-0.27352905
-0.41360474
-0.5345154
-0.58724976
-0.58032227
-0.5733948
-0.5883179
-0.58244324
-0.53718567
-0.47485352
-0.43385315
-0.4306488
-0.41360474
-0.36940002
-0.29696655
-0.21386719
-0.12757874
-0.026382446
0.04446411
0.055114746
0.022094727
-0.013061523
-0.064193726
-0.16966248
-0.26446533
-0.22770691
-0.094558716
-0.0024108887
0.01890564
0.08229065
0.27989197
0.5142517
0.6633911
0.67510986
0.5888214
0.49613953
0.4082489
0.30012512
0.1802826
0.095062256
0.04499817
0.012512207
0.023162842
0.060440063
0.066833496
0.026885986
-0.036499023
-0.04875183
0.010375977
0.059906006
0.06790161
0.057785034
0.07376099
0.14886475
0.21757507
0.17869568
-0.040771484
-0.38005066
-0.641037
-0.72572327
-0.6511688
-0.4737854
-0.34703064
-0.32359314
-0.3049469
-0.23464966
-0.12225342
-0.03437805
-0.023727417
-0.07432556
-0.10467529
-0.07537842
-0.046081543
-0.094558716
-0.21760559
-0.36035156
-0.4237213
-0.34277344
-0.17552185
-0.053009033
0.020492554
0.14512634
0.32676697
0.5174408
0.6708374
0.725708
0.72836304
0.72517395
0.66337585
0.5089264
0.32836914
0.17762756
0.07536316
0.0045166016
-0.041305542
-0.06100464
-0.022659302
0.078552246
0.1605835
0.15577698
0.090270996
0.052993774
0.09399414
0.15739441
0.21064758
0.23355103
0.16697693
0.01889038
-0.11532593
-0.15208435
-0.12918091
-0.18777466
-0.25009155
-0.16113281
-0.007736206
0.07217407
-0.003479004
-0.18670654
-0.29483032
-0.31134033
-0.3241272
-0.35289
-0.34754944
-0.3161316
-0.25860596
-0.1680603
-0.07911682
-0.019989014
-0.022644043
-0.10095215
-0.19789124
-0.24423218
-0.16007996
-0.008804321
0.07322693
0.09666443
0.13980103
0.24047852
0.37843323
0.50465393
0.5275574
0.42529297
0.29959106
0.2436676
0.24420166
0.25752258
0.19572449
0.05937195
-0.10307312
-0.18084717
-0.08390808
0.088134766
0.1770935
0.08708191
-0.08390808
-0.15315247
-0.108932495
-0.06686401
-0.08177185
-0.13557434
-0.13769531
-0.051956177
0.013580322
-0.012527466
-0.07911682
-0.0934906
-0.07911682
-0.11160278
-0.17712402
-0.27404785
-0.36193848
-0.32624817
-0.18138123
-0.06686401
-0.04928589
-0.07911682
-0.0934906
-0.06686401
-0.015731812
0.0045166016
-0.05407715
-0.16699219
-0.25753784
-0.28790283
-0.22026062
-0.12545776
-0.07325745
-0.09829712
-0.14355469
-0.13024902
-0.09988403
-0.06259155
-0.003479004
0.06896973
0.13287354
0.14567566
0.12649536
0.109451294
0.10305786
0.1302185
0.14033508
0.12489319
0.14353943
0.153656
0.1456604
0.17337036
0.24739075
0.33795166
0.3816223
0.33688354
0.21704102
0.12542725
0.09666443
0.008239746
-0.1084137
-0.19042969
-0.24581909
-0.30282593
-0.44129944
-0.63197327
-0.69270325
-0.5867157
-0.43650818
-0.34542847
-0.30708313
-0.26393127
-0.22079468
-0.1984253
-0.2064209
-0.27246094
-0.34542847
-0.3475647
-0.2926941
-0.2341156
-0.23995972
-0.31452942
-0.40827942
-0.4732666
-0.5132141
-0.55688477
-0.61920166
-0.6501007
-0.65008545
-0.6516876
-0.5829773
-0.43011475
-0.2453003
-0.03224182
0.08708191
0.08441162
0.048202515
-0.021057129
-0.059936523
-0.008270264
-0.039154053
-0.18830872
-0.29162598
-0.29641724
-0.21705627
-0.1126709
-0.09988403
-0.19415283
-0.27565002
-0.2649994
-0.22026062
-0.23251343
-0.2495575
-0.2303772
-0.24742126
-0.3837738
-0.50149536
-0.50842285
-0.47166443
-0.5126648
-0.7614136
-1.1747437
-1.4916534
-1.5928497
-1.4538422
-1.0884552
-0.8216095
-0.7789917
-0.8716736
-0.9313202
-0.92759705
-1.0000305
-1.1630096
-1.328125
-1.4181519
-1.4133606
-1.3361206
-1.2381134
-1.1544952
-1.0985718
-1.0607605
-0.993103
-0.8881836
-0.8354492
-0.91108704
-1.1369171
-1.4777985
-1.6828613
-1.5667572
-1.2940521
-0.9446411
-0.6032257
-0.4295807
-0.46794128
-0.62080383
-0.77420044
-0.8727417
-0.87060547
-0.7976227
-0.71614075
-0.7028198
-0.7688751
-0.8493042
-0.9025574
-0.90948486
-0.90522766
-0.8924408
-0.86953735
-0.8093567
-0.73158264
-0.7108154
-0.73690796
-0.7076111
-0.6596832
-0.76727295
-1.0106812
-1.1481018
-1.0506287
-0.74650574
-0.4610138
-0.3560791
-0.3448944
-0.31826782
-0.29162598
-0.2735138
-0.30281067
-0.41893005
-0.5867157
-0.7486267
-0.86953735
-0.9590149
-1.0362549
-1.0916443
-1.0809937
-0.9797821
-0.8413086
-0.71614075
-0.5733948
-0.4418335
-0.38111877
-0.4253235
-0.52119446
-0.6064148
-0.7225342
-0.8274689
-0.8865814
-0.94143677
-0.9845886
-0.93611145
-0.8034973
-0.68470764
-0.6255951
-0.63571167
-0.7124176
-0.8444977
-1.0192108
-1.1464996
-1.1837921
-1.2045593
-1.2658234
-1.3499756
-1.4298706
-1.5268097
-1.641861
-1.6551666
-1.484726
-1.2418518
-1.1086884
-1.1923065
-1.4415894
-1.6487885
-1.7004395
-1.5534363
-1.1539612
-0.69270325
-0.4721985
-0.5355835
-0.7433014
-0.9701996
-1.1241302
-1.1507721
-1.1374512
-1.1869965
-1.2210846
-1.1118927
-0.9212036
-0.77952576
-0.72572327
-0.71295166
-0.6873779
-0.64157104
-0.60162354
-0.56007385
-0.47485352
-0.3630066
-0.289505
-0.26820374
-0.20535278
-0.11160278
0.0013122559
0.12915039
0.18721008
0.14726257
0.090270996
0.04234314
0.026885986
0.04232788
-0.0040130615
-0.11959839
-0.21652222
-0.26393127
-0.29641724
-0.3725891
-0.47964478
-0.55848694
-0.5606079
-0.51161194
-0.47006226
-0.50042725
-0.57499695
-0.64424133
-0.6564789
-0.5457001
-0.4237213
-0.58244324
-1.004303
-1.3281403
-1.3350677
-0.99684143
-0.4583435
-0.035964966
0.14300537
0.19732666
0.2671051
0.36032104
0.3842926
0.28468323
0.08280945
-0.1984253
-0.4663391
-0.5664673
-0.46047974
-0.25753784
-0.104141235
-0.113204956
-0.21279907
-0.2926941
-0.29908752
-0.19363403
-0.06047058
0.013046265
0.08494568
0.17388916
0.20159912
0.17230225
0.18988037
0.25804138
0.3139801
0.3496704
0.39494324
0.40879822
0.38961792
0.35871887
0.2740326
0.10572815
-0.055145264
-0.05407715
0.05192566
0.07748413
0.03541565
0.08654785
0.14407349
0.12063599
0.027420044
-0.1131897
-0.3395691
-0.6671448
-0.05621338
0.052459717
-0.26446533
-0.38963318
-0.36619568
-0.35554504
-0.29641724
-0.19256592
-0.16540527
-0.15101624
-0.019454956
0.11477661
0.017303467
-0.13504028
-0.18403625
-0.19256592
-0.1638031
-0.056747437
0.07536316
0.10572815
0.03541565
-0.022125244
-0.0072021484
0.025283813
0.0135650635
-0.057800293
-0.13024902
-0.12651062
-0.04396057
0.066833496
0.109451294
0.06364441
0.027420044
0.14512634
0.54992676
1.0170593
1.1811066
0.99095154
0.61865234
0.26391602
0.04020691
-0.039154053
-0.04182434
-0.09188843
-0.14729309
-0.16859436
-0.15901184
-0.08177185
0.03274536
0.08280945
-0.009338379
-0.13609314
-0.18138123
-0.20640564
-0.34542847
-0.6708679
-1.0207977
-1.0746002
-0.8125458
-0.47698975
-0.31880188
-0.38591003
-0.4583435
-0.32624817
-0.0700531
0.15686035
0.20585632
0.0471344
-0.08656311
-0.08390808
0.020492554
0.0790863
0.026351929
-0.042892456
-0.043426514
0.02848816
0.14353943
0.1770935
0.10092163
-0.059936523
-0.19682312
-0.18510437
-0.075912476
0.048202515
0.2037201
0.39813232
0.51478577
0.5339508
0.5408783
0.56643677
0.68148804
0.77204895
0.68788147
0.46044922
0.235672
0.10572815
0.06524658
0.048721313
0.0029144287
-0.07858276
-0.16166687
-0.19949341
-0.20321655
-0.20907593
-0.1984253
-0.13929749
-0.035964966
0.060440063
0.08868408
0.0513916
-0.04714966
-0.14622498
-0.24581909
-0.35075378
-0.35394287
-0.27139282
-0.22772217
-0.28630066
-0.39549255
-0.44502258
-0.4072113
-0.29322815
-0.17178345
-0.09030151
-0.012008667
0.053527832
0.08708191
0.07536316
0.026351929
-0.022644043
-0.06793213
-0.12918091
-0.1749878
-0.16059875
-0.09881592
-0.011993408
0.0790863
0.15951538
0.2585907
0.345932
0.45672607
0.64208984
0.8348999
0.8934784
0.77737427
0.57177734
0.40292358
0.33581543
0.29000854
0.15792847
-0.012527466
-0.12332153
-0.12013245
-0.04714966
-0.046081543
-0.15315247
-0.2618103
-0.32518005
-0.3326416
-0.26820374
-0.18936157
-0.1211853
-0.035964966
0.04660034
0.018371582
-0.20481873
-0.49935913
-0.627182
-0.5233307
-0.35342407
-0.30122375
-0.34701538
-0.36619568
-0.3827057
-0.37898254
-0.29164124
-0.16645813
-0.06526184
0.0013122559
0.030090332
0.029022217
-0.0072021484
-0.066329956
-0.13343811
-0.16752625
-0.12918091
-0.05567932
-0.02798462
-0.04182434
-0.022644043
0.07801819
0.26391602
0.4439392
0.5493927
0.5339508
0.45991516
0.41357422
0.38641357
0.3182373
0.19839478
0.052459717
-0.03916931
-0.006134033
0.10038757
0.18135071
0.17230225
0.12861633
0.14672852
0.19892883
0.19946289
0.121170044
0.024765015
-0.019454956
0.008773804
0.027954102
-0.04714966
-0.22026062
-0.448761
-0.6101532
-0.6431732
-0.5137329
-0.28790283
-0.13822937
-0.13130188
-0.18084717
-0.2191925
-0.21707153
-0.1558075
-0.06312561
0.026351929
0.09613037
0.12968445
0.11317444
0.052459717
-0.03703308
-0.1318512
-0.18510437
-0.18243408
-0.15527344
-0.12171936
-0.054611206
0.057785034
0.18614197
0.31930542
0.46470642
0.63835144
0.77949524
0.8157196
0.69906616
0.46577454
0.22929382
0.1179657
0.1456604
0.1259613
-0.0231781
-0.16645813
-0.17178345
-0.08602905
-0.049819946
-0.075912476
-0.059936523
0.008773804
0.062576294
0.017303467
-0.087631226
-0.15740967
-0.14408875
-0.106277466
-0.14515686
-0.29855347
-0.48284912
-0.5536804
-0.50361633
-0.43385315
-0.43225098
-0.418396
-0.33850098
-0.24742126
-0.18403625
-0.13343811
-0.09030151
-0.062072754
-0.03543091
-0.03970337
-0.1211853
-0.26234436
-0.36940002
-0.38856506
-0.31773376
-0.22026062
-0.16592407
-0.094558716
0.06150818
0.2708435
0.41944885
0.48762512
0.50253296
0.53182983
0.5632477
0.50572205
0.38269043
0.29693604
0.23834229
0.1845398
0.1690979
0.20692444
0.25219727
0.23994446
0.17816162
0.10998535
0.08547974
0.09719849
0.081222534
0.014633179
-0.068984985
-0.10787964
-0.10255432
-0.11213684
-0.16859436
-0.23942566
-0.3022766
-0.36886597
-0.39282227
-0.38111877
-0.30441284
-0.1595459
-0.038101196
-0.019454956
-0.064193726
-0.08869934
-0.06846619
-0.049819946
-0.05354309
-0.068984985
-0.10787964
-0.1558075
-0.18457031
-0.18617249
-0.16485596
-0.14250183
-0.14888
-0.17019653
-0.15527344
-0.08869934
-0.0072021484
0.060440063
0.13874817
0.25431824
0.36192322
0.46418762
0.5547333
0.5888214
0.56378174
0.49560547
0.4050598
0.33795166
0.25273132
0.10838318
0.0029144287
0.0029144287
0.07801819
0.15258789
0.16377258
0.1451416
0.14407349
0.14407349
0.1414032
0.13447571
0.09719849
0.025299072
-0.038101196
-0.07058716
-0.097229004
-0.15634155
-0.27778625
-0.4152069
-0.42585754
-0.2703247
-0.09135437
-0.04396057
-0.12599182
-0.19522095
-0.21014404
-0.20588684
-0.1872406
-0.15367126
-0.08816528
-0.0050811768
0.04232788
0.055114746
0.03274536
-0.046081543
-0.16647339
-0.26553345
-0.28736877
-0.24049377
-0.1638031
-0.10255432
-0.06739807
-0.015197754
0.09719849
0.25431824
0.36618042
0.3842926
0.33155823
0.24526978
0.2117157
0.27082825
0.2793579
0.18667603
0.08868408
0.012512207
-0.06259155
-0.09295654
-0.059402466
-0.03491211
-0.09562683
-0.19415283
-0.15687561
-0.009338379
0.05618286
0.045532227
-0.0024108887
-0.05833435
-0.059402466
0.050857544
0.12968445
0.118499756
0.074295044
0.041793823
0.031143188
0.010910034
-0.10574341
-0.30441284
-0.39549255
-0.31347656
-0.18510437
-0.0977478
-0.11853027
-0.19522095
-0.23516846
-0.22770691
-0.1483612
-0.07484436
-0.08444214
-0.10095215
-0.075912476
-0.06047058
-0.0934906
-0.1829834
-0.2815094
-0.3310547
-0.29055786
-0.13983154
0.052459717
0.14993286
0.16697693
0.19360352
0.26817322
0.312912
0.15525818
-0.16752625
-0.28630066
-0.0892334
0.21917725
0.4620514
0.5296936
0.46044922
0.42156982
0.42529297
0.40878296
0.38375854
0.3683014
0.32250977
0.20532227
0.036483765
-0.106277466
-0.17445374
-0.21279907
-0.25328064
-0.29429626
-0.32092285
-0.34117126
-0.3480835
-0.34277344
-0.34010315
-0.49082947
-0.8977661
-1.2397156
-1.1102905
-0.6351776
-0.16059875
0.038604736
-0.023727417
-0.054611206
0.03967285
0.14833069
0.19360352
0.18667603
0.14353943
0.07749939
-0.020523071
-0.13078308
-0.20481873
-0.2453003
-0.27085876
-0.23516846
-0.122787476
0.033813477
0.17762756
0.25538635
0.2559204
0.19306946
0.0476532
-0.14515686
-0.16645813
0.05192566
0.36618042
0.58721924
0.58828735
0.40026855
0.22981262
0.23887634
0.3789673
0.4812317
0.47802734
0.37576294
0.24420166
0.15951538
0.1414032
0.13768005
0.08708191
0.021560669
-0.051940918
-0.08177185
-0.025848389
0.021560669
-0.007736206
-0.06260681
-0.117996216
-0.21279907
-0.28897095
-0.2852478
-0.24156189
-0.16007996
-0.08709717
-0.078048706
-0.04875183
0.02848816
0.14193726
0.22290039
0.20585632
0.12382507
0.10731506
0.16165161
0.14300537
0.07695007
0.059921265
0.08175659
0.15205383
0.29000854
0.4540558
0.59254456
0.6703186
0.6719055
0.65805054
0.65486145
0.6399536
0.662323
0.72836304
0.84713745
0.96858215
1.0090637
0.9707184
0.9392853
0.9302368
0.88708496
0.78907776
0.6889496
0.6308899
0.5786896
0.4817505
0.38641357
0.3805542
0.45619202
0.5589905
0.62449646
0.585083
0.5765686
0.6170502
0.6543274
0.75712585
0.805603
0.6197052
0.33953857
0.3320923
0.5946808
0.87750244
0.9968109
0.94088745
0.8748474
0.9084015
0.981369
1.0378265
1.0112
0.94781494
0.8934784
0.86312866
0.8354187
0.7933502
0.7821655
0.7715149
0.73635864
0.7427521
0.8125305
0.88282776
0.9275665
0.9691162
1.0463562
1.1480713
1.1981506
1.1198425
1.0601959
1.0660553
1.02771
0.964859
0.8625946
0.758728
0.75180054
0.80667114
0.8492737
0.8625946
0.85087585
0.7981415
0.6868286
0.5707092
0.49293518
0.43701172
0.36776733
0.247406
0.123291016
0.08174133
0.10305786
0.12861633
0.15151978
0.16751099
0.0982666
-0.07858276
-0.11904907
0.074295044
0.39707947
0.63623047
0.64527893
0.533432
0.48335266
0.49453735
0.46151733
0.3406067
0.1802826
0.08229065
0.09559631
0.1493988
0.21810913
0.2974701
0.329422
0.29586792
0.2905426
0.359787
0.44233704
0.51371765
0.5888214
0.64527893
0.6165161
0.41571045
0.200531
0.27882385
0.5904083
0.88656616
0.96432495
0.7534027
0.45993042
0.37043762
0.48814392
0.62342834
0.60214233
0.45246887
0.2740326
0.15844727
0.123291016
0.13182068
0.10412598
0.008239746
-0.10520935
-0.17552185
-0.19096375
-0.16007996
-0.090286255
-0.06845093
-0.12332153
-0.18882751
-0.3118744
-0.49243164
-0.5062866
-0.34809875
-0.14515686
-0.0029449463
-0.0056152344
-0.03489685
0.012512207
0.09613037
0.17816162
0.18881226
0.10359192
0.005584717
-0.031707764
-0.057281494
-0.08230591
-0.104141235
-0.13237
-0.15315247
-0.113723755
0.025299072
0.17388916
0.24154663
0.21917725
0.2117157
0.29693604
0.4082489
0.48495483
0.5845642
0.5898895
0.46258545
0.27349854
0.11264038
0.06417847
0.13342285
0.23194885
0.3214264
0.3693695
0.453537
0.5174408
0.4860077
0.40664673
0.28096008
0.09080505
-0.042892456
-0.07218933
-0.05886841
-0.03010559
-0.045562744
-0.1361084
-0.21812439
-0.19789124
-0.1749878
-0.30281067
-0.44503784
-0.5030823
-0.4695282
-0.37312317
-0.30973816
-0.33584595
-0.3752594
-0.3864441
-0.33370972
-0.20854187
-0.0977478
-0.057281494
-0.05621338
-0.09614563
-0.20214844
-0.3368988
-0.36886597
-0.29216003
-0.20481873
-0.085494995
0.06736755
0.24794006
0.423172
0.519577
0.48442078
0.32569885
0.20265198
0.21011353
0.2543335
0.27670288
0.28308105
0.2548523
0.22608948
0.24101257
0.2505951
0.22608948
0.17549133
0.12010193
0.08708191
0.07002258
0.019973755
-0.07218933
-0.15527344
-0.18510437
-0.14408875
-0.080703735
-0.09669495
-0.21653748
-0.32785034
-0.30122375
-0.22079468
-0.29162598
-0.4141388
-0.40774536
-0.2857666
-0.12225342
-0.02319336
-0.031707764
-0.06047058
-0.06100464
-0.046081543
-0.050354004
-0.038635254
-0.0050811768
7.9345703E-4
-0.06791687
-0.1952362
-0.31399536
-0.4194641
-0.45195007
-0.38749695
-0.28471375
-0.16113281
0.022094727
0.19839478
0.23994446
0.101989746
-0.061538696
-0.011459351
0.19734192
0.37843323
0.38587952
0.2516632
0.11424255
0.024230957
0.03488159
0.17230225
0.35658264
0.4481964
0.4242401
0.3406067
0.21278381
0.06790161
-0.11958313
-0.28790283
-0.33052063
-0.23890686
-0.13876343
-0.10202026
-0.13024902
-0.19735718
-0.16859436
-0.062072754
-0.08230591
-0.2548828
-0.4072113
-0.45622253
-0.40402222
-0.32359314
-0.29429626
-0.2969513
-0.26393127
-0.13450623
0.010910034
0.04978943
0.015701294
-0.03010559
-0.06259155
-0.089767456
-0.14356995
-0.18243408
-0.2069397
-0.2388916
-0.22718811
-0.12864685
0.06311035
0.30119324
0.423172
0.3773651
0.27296448
0.25219727
0.32144165
0.37895203
0.4247589
0.4519348
0.43595886
0.40878296
0.4162445
0.42103577
0.38534546
0.282547
0.1925354
0.24473572
0.34220886
0.34007263
0.22236633
0.031677246
-0.14089966
-0.19416809
-0.17019653
-0.17977905
-0.20480347
-0.23144531
-0.26020813
-0.27246094
-0.2815094
-0.37738037
-0.49562073
-0.49562073
-0.36460876
-0.17019653
-0.09881592
-0.20960999
-0.36354065
-0.40827942
-0.29429626
-0.16487122
-0.15527344
-0.19949341
-0.21014404
-0.19628906
-0.18403625
-0.23410034
-0.3294525
-0.37098694
-0.32199097
-0.20108032
0.005050659
0.25645447
0.4109192
0.40345764
0.29533386
0.22608948
0.26924133
0.33314514
0.3736267
0.423172
0.470047
0.47483826
0.41304016
0.3816223
0.45246887
0.54833984
0.6000061
0.58296204
0.505188
0.37097168
0.22608948
0.074295044
-0.13557434
-0.33743286
-0.44023132
-0.45568848
-0.4567566
-0.46794128
-0.47380066
-0.44555664
-0.41786194
-0.45622253
-0.4940338
-0.45036316
-0.33370972
-0.17817688
-0.06793213
-0.051940918
-0.07058716
-0.064193726
7.7819824E-4
0.113708496
0.17814636
0.11477661
0.002380371
-0.10041809
-0.19256592
-0.24848938
-0.25967407
-0.24316406
-0.20375061
-0.10839844
0.06523132
0.26391602
0.3954773
0.42796326
0.35339355
0.26924133
0.26924133
0.32676697
0.38269043
0.3965454
0.3539276
0.27243042
0.18614197
0.12435913
0.15737915
0.21331787
0.21757507
0.15631104
0.12542725
0.15737915
0.17230225
0.12701416
0.040740967
-0.06365967
-0.09402466
-0.047683716
-0.018920898
-0.08602905
-0.29589844
-0.4967041
-0.48284912
-0.4141388
-0.481781
-0.60375977
-0.63464355
-0.4929657
-0.2649994
-0.066329956
0.036468506
0.04446411
0.0018463135
-0.040222168
-0.049819946
-0.0231781
0.019424438
-0.001876831
-0.09509277
-0.23944092
-0.3821869
-0.4002838
-0.27885437
-0.13717651
-0.011474609
0.12756348
0.2793579
0.36724854
0.32888794
0.15579224
-0.05407715
-0.12971497
-0.017318726
0.23782349
0.47058105
0.55526733
0.48654175
0.36990356
0.3027954
0.33528137
0.359787
0.32356262
0.25912476
0.17549133
0.08866882
-2.89917E-4
-0.08018494
-0.13290405
-0.10360718
-0.021057129
-0.005065918
-0.11639404
-0.30654907
-0.40615845
-0.31240845
-0.11000061
-0.038635254
-0.14408875
-0.29748535
-0.3645935
-0.3171997
-0.24795532
-0.19416809
-0.14569092
-0.11213684
-0.08016968
-0.087631226
-0.1643219
-0.22665405
-0.25274658
-0.26766968
-0.29162598
-0.3598175
-0.4152069
-0.41360474
-0.33743286
-0.18830872
-0.006668091
0.16323853
0.29800415
0.35871887
0.3347473
0.25379944
0.17549133
0.21650696
0.39653015
0.6042633
0.63674927
0.45726013
0.23834229
0.1648407
0.21118164
0.27670288
0.25698853
0.1728363
0.07536316
0.013580322
0.010375977
0.029556274
0.0146484375
-0.03491211
-0.07484436
-0.080703735
-0.09562683
-0.13929749
-0.21174622
-0.28897095
-0.3534088
-0.38858032
-0.44503784
-0.5318451
-0.57551575
-0.45887756
-0.21707153
0.009841919
0.062576294
-0.106277466
-0.29109192
-0.35928345
-0.24316406
-0.027450562
0.09240723
0.10998535
0.06736755
-0.027450562
-0.11958313
-0.15048218
-0.13450623
-0.10095215
-0.04396057
0.008773804
0.07003784
0.1648407
0.2655182
0.3017273
0.27243042
0.24473572
0.2505951
0.29960632
0.39866638
0.52223206
0.6207733
0.6500702
0.615448
0.5243683
0.42636108
0.37683105
0.36351013
0.34913635
0.29426575
0.1962738
0.09880066
-0.006668091
-0.09828186
-0.14941406
-0.18031311
-0.20535278
-0.2692566
-0.3752594
-0.4775238
-0.49510193
-0.43971252
-0.4263916
-0.48657227
-0.50042725
-0.35235596
-0.08390808
0.14407349
0.22503662
0.10517883
-0.11053467
-0.23251343
-0.23091125
-0.1723175
-0.13929749
-0.10255432
-0.062072754
-0.1211853
-0.26818848
-0.3395691
-0.2815094
-0.18989563
-0.12332153
-0.041290283
0.083358765
0.153656
0.04232788
-0.17124939
-0.2495575
-0.0892334
0.23622131
0.6000061
0.77363586
0.7012024
0.46844482
0.23622131
0.11210632
0.17390442
0.35925293
0.4897461
0.51052856
0.48016357
0.42156982
0.31877136
0.13661194
-0.07911682
-0.24316406
-0.24528503
-0.061538696
0.07748413
0.06097412
-0.12438965
-0.3049469
-0.29855347
-0.18191528
-0.18563843
-0.35235596
-0.5664673
-0.6516876
-0.545166
-0.3214569
-0.15208435
-0.0934906
-0.073791504
-0.04928589
0.03967285
0.15205383
0.1770935
0.10891724
-0.001876831
-0.0934906
-0.17817688
-0.29641724
-0.36991882
-0.35128784
-0.30548096
-0.25009155
-0.15048218
-0.012008667
0.13447571
0.25271606
0.29214478
0.25805664
0.2548523
0.37150574
0.474823
0.46791077
0.35604858
0.21490479
0.137146
0.14993286
0.22076416
0.2974701
0.32356262
0.28788757
0.2117157
0.11105347
-0.006149292
-0.12438965
-0.1638031
-0.097229004
0.007171631
0.08708191
0.10038757
0.025283813
-0.092437744
-0.13290405
-0.10520935
-0.15367126
-0.30441284
-0.46420288
-0.5206604
-0.42425537
-0.22398376
-0.055145264
-0.004547119
-0.08123779
-0.18243408
-0.2506256
-0.2937622
-0.306015
-0.2703247
-0.24528503
-0.2623291
-0.25595093
-0.21014404
-0.1558075
-0.085494995
0.031677246
0.16377258
0.26019287
0.3251648
0.3443451
0.31237793
0.21383667
0.08708191
0.06524658
0.16323853
0.2905426
0.35125732
0.2979889
0.22929382
0.26657104
0.41038513
0.52809143
0.54992676
0.5046692
0.45884705
0.38961792
0.23248291
0.031692505
-0.12225342
-0.18296814
-0.1914978
-0.19363403
-0.15422058
-0.10734558
-0.0934906
-0.07165527
-0.11906433
-0.32678223
-0.60694885
-0.6708679
-0.306015
0.18988037
0.48335266
0.4588623
0.27989197
0.13554382
0.05618286
-0.04714966
-0.21173096
-0.31773376
-0.33317566
-0.20960999
-0.0050811768
-0.021591187
-0.1483612
-0.28523254
-0.34649658
-0.3491516
-0.32731628
-0.32785034
-0.3076172
-0.05140686
0.30758667
0.5233002
0.52915955
0.39494324
0.26817322
0.09347534
-0.015731812
0.045532227
0.18241882
0.30651855
0.37257385
0.36618042
0.30386353
0.17070007
-0.014129639
-0.15208435
-0.19468689
-0.16113281
-0.11746216
-0.087631226
-0.06259155
-0.05407715
-0.06314087
-0.07272339
-0.07858276
-0.0700531
-0.03970337
0.021026611
0.07695007
0.050857544
-0.022125244
-0.08016968
-0.10360718
-0.0892334
-0.061538696
-0.03703308
-0.03010559
-0.051956177
-0.09295654
-0.120666504
-0.11213684
-0.0849762
-0.05886841
-0.038635254
-0.029037476
-0.026382446
-0.02319336
-0.010940552
0.019424438
0.06098938
0.078552246
0.066833496
0.04232788
0.043395996
0.0513916
0.03807068
0.0236969
0.010375977
0.0077056885
0.020507812
0.025817871
0.012512207
-0.008804321
-0.029052734
-0.03489685
-0.025848389
-0.010940552
0.002380371
0.01411438
0.011444092
-0.015197754
-0.038101196
-0.03437805
-0.017868042
-0.014129639
-0.022125244
-0.023712158
-0.009338379
0.0146484375
0.03488159
-0.0029449463
-0.05567932
-0.04875183
0.009307861
0.04232788
0.026367188
-0.008804321
-0.035446167
-0.03437805
-0.021057129
-0.001876831
0.01676941
0.026885986
0.022094727
0.0018463135
-0.013595581
-0.008270264
0.007171631
0.014099121
0.011978149
0.008773804
0.002380371
-0.013595581
-0.0466156
-0.05407715
-0.0423584
-0.075912476
-0.10574341
-0.06793213
0.007171631
0.046066284
0.030090332
-2.746582E-4
-0.006149292
0.0029144287
0.005050659
0.0029144287
0.009841919
0.034347534
0.0476532
0.04020691
0.023162842
0.0077056885
-0.0029449463
0.005569458
0.012512207
0.013046265
0.016235352
0.008239746
-0.001876831
0.015182495
-0.003479004
-0.055145264
-0.06365967
-0.022109985
0.010375977
0.0045166016
-0.022125244
-0.038101196
-0.048217773
-0.05407715
-0.04875183
-0.04396057
-0.04447937
-0.038101196
-0.016784668
-0.0029449463
-0.008270264
-0.010406494
-0.0013427734
0.002380371
-0.0056152344
-0.012527466
-0.016784668
-0.011474609
0.019424438
0.04711914
0.022094727
-2.746582E-4
0.0236969
0.0705719
0.086013794
0.055648804
0.012512207
-0.001876831
0.0018463135
0.010375977
0.01890564
0.017303467
0.029022217
0.059387207
0.07003784
0.052993774
0.03274536
0.029556274
0.036483765
0.040740967
0.041275024
0.04232788
0.031677246
0.0236969
0.040740967
0.015167236
-0.041290283
-0.04182434
0.019439697
0.052993774
0.019973755
-0.02798462
-0.038101196
-0.008270264
0.01890564
0.023162842
0.013046265
0.005584717
0.01411438
0.03327942
0.043395996
0.037017822
0.026367188
0.016235352
0.010910034
0.0146484375
0.031692505
0.031677246
0.010910034
0.007171631
-0.0040130615
-0.026382446
-0.010406494
0.026351929
0.021026611
-0.023712158
-0.052474976
-0.03916931
-0.009338379
0.0034484863
0.005050659
0.015701294
0.023162842
0.024230957
0.018371582
0.011978149
0.015167236
0.019439697
0.02583313
0.03967285
0.036483765
0.015701294
-0.010406494
-0.0466156
-0.0466156
-0.0098724365
0.009841919
0.01676941
0.043930054
0.07962036
0.06896973
0.01890564
-0.018920898
-0.0231781
-0.0231781
-0.024246216
-0.017868042
-0.0072021484
0.004501343
0.010910034
0.004501343
-0.012527466
-0.029586792
-0.038635254
-0.04449463
-0.047683716
-0.0423584
-0.029037476
-0.033843994
-0.029571533
-0.025314331
-0.06793213
-0.10308838
-0.07644653
-0.025848389
-0.014663696
-0.047683716
-0.075912476
-0.07272339
-0.053009033
-0.040222168
-0.041290283
-0.041290283
-0.033843994
-0.02796936
-0.030639648
-0.030639648
-0.024780273
-0.017333984
-0.012527466
-0.014129639
-0.021057129
-0.019454956
-0.020523071
-0.015731812
-0.012527466
-0.025848389
-0.0657959
-0.06526184
-0.020523071
-0.009338379
-0.021057129
-0.03277588
-0.025314331
-0.0098724365
0.0018463135
0.015182495
0.021560669
0.019424438
0.021560669
0.026885986
0.0236969
0.01890564
0.022628784
0.027954102
0.027954102
0.023162842
0.018371582
0.010910034
0.012512207
0.039138794
0.019439697
-0.045562744
-0.061538696
-0.019989014
0.011444092
0.014633179
-0.024780273
-0.053009033
-0.07218933
-0.07751465
0.03967285
0.08547974
-0.03489685
-0.10360718
