24.142456
21.661377
23.239136
23.802185
23.641968
21.78955
23.539734
23.802185
23.405457
22.640991
24.014282
23.802185
23.265076
24.14093
22.991943
23.532104
23.841858
23.14148
22.953796
22.390747
23.329163
23.60382
22.32666
23.265076
22.7417
23.239136
23.953247
23.539734
23.602295
22.201538
24.07837
24.07837
23.638916
23.42987
22.3526
21.72699
23.57788
25.201416
22.640991
20.887756
23.677063
22.875977
22.140503
22.790527
23.704529
23.265076
22.827148
21.72699
23.51532
22.576904
23.103333
21.665955
23.390198
23.454285
23.539734
22.88971
23.802185
22.91565
22.853088
21.81549
22.71576
22.80426
22.853088
21.78955
20.977783
22.91565
22.802734
22.57843
24.203491
22.053528
21.813965
22.454834
22.80426
22.766113
23.078918
21.290588
23.078918
23.678589
22.077942
21.640015
22.955322
21.664429
21.853638
22.953796
21.640015
21.751404
22.369385
22.180176
22.677612
22.142029
21.166992
21.313477
22.991943
22.203064
22.140503
22.802734
21.290588
20.500183
21.852112
22.32666
21.514893
22.550964
21.853638
22.766113
21.891785
20.993042
22.17865
21.665955
22.8302
22.740173
21.890259
21.890259
21.890259
22.17865
21.89331
22.418213
22.303772
21.577454
22.454834
21.751404
21.853638
22.418213
21.229553
22.740173
23.40393
21.980286
21.665955
22.828674
23.36731
22.01538
21.078491
22.891235
21.57898
22.543335
22.454834
23.42987
21.791077
22.140503
22.51892
21.128845
21.97876
23.42987
22.227478
21.35315
21.040344
21.252441
21.855164
21.78955
21.640015
22.053528
22.827148
20.04242
21.35315
22.225952
22.17865
21.792603
21.78955
21.72699
20.852661
21.330261
21.080017
22.052002
22.717285
21.6156
21.704102
21.917725
21.577454
21.229553
22.26715
23.078918
22.142029
21.330261
20.729065
22.892761
20.64209
21.203613
21.292114
22.242737
20.477295
20.991516
21.229553
21.543884
20.793152
20.95337
21.743774
21.57898
20.480347
20.92743
21.292114
22.018433
21.243286
20.04242
20.04242
20.04242
21.017456
21.539307
20.166016
21.517944
20.852661
21.243286
21.64154
20.477295
21.705627
22.331238
20.103455
21.853638
21.64154
20.327759
21.81549
20.75653
20.753479
21.142578
21.228027
21.290588
21.290588
21.29364
21.078491
21.955872
20.993042
21.57898
21.765137
20.890808
23.016357
22.453308
20.928955
21.142578
22.079468
20.167542
21.704102
22.26715
21.766663
20.664978
20.603943
20.826721
19.689941
22.076416
19.252014
20.890808
20.477295
21.891785
21.12732
22.26715
21.640015
21.354675
21.292114
21.514893
21.792603
21.202087
21.040344
22.354126
21.417236
22.891235
21.890259
20.977783
21.063232
21.704102
22.354126
20.289612
20.53833
22.892761
23.016357
20.993042
20.225525
22.917175
21.315002
22.164917
21.853638
23.104858
22.576904
22.26715
23.405457
22.703552
21.64154
21.64154
21.64154
21.954346
21.12732
20.56427
22.076416
21.725464
22.053528
22.891235
21.891785
22.88971
22.789001
21.102905
22.053528
23.490906
22.265625
22.740173
22.328186
22.827148
22.853088
22.991943
23.01941
22.390747
21.725464
22.201538
22.766113
23.390198
22.038269
21.75293
20.828247
22.102356
23.678589
22.053528
21.887207
22.676086
21.290588
23.60382
21.78955
23.36731
22.229004
21.638489
22.91565
22.71576
23.864746
22.354126
22.576904
22.618103
22.227478
22.764587
21.203613
21.315002
22.140503
21.813965
20.976257
22.392273
20.889282
22.616577
21.226501
23.539734
21.014404
23.265076
21.97876
22.703552
22.29004
22.576904
22.550964
22.953796
22.929382
22.26715
23.040771
22.203064
21.640015
22.013855
22.227478
21.72699
21.702576
21.104431
21.75293
22.550964
22.550964
22.550964
20.76416
20.951843
22.576904
21.412659
22.26715
22.053528
20.788574
24.276733
23.078918
20.765686
24.180603
22.828674
22.7417
22.305298
22.55249
22.601318
22.053528
21.601868
22.20459
22.514343
20.852661
22.053528
22.166443
22.2641
22.917175
21.064758
23.329163
21.289062
22.57843
23.739624
22.80426
22.07489
21.751404
22.851562
23.60382
22.3526
22.917175
23.431396
22.17865
22.053528
22.013855
23.477173
21.640015
22.29004
22.55249
21.290588
23.390198
21.064758
23.143005
21.540833
21.891785
22.052002
22.328186
21.688843
22.802734
22.953796
22.288513
22.640991
23.078918
22.953796
22.789001
24.11499
23.078918
23.103333
24.617004
22.639465
23.104858
22.137451
22.868347
22.950745
23.704529
23.040771
22.717285
22.17865
21.290588
23.104858
23.103333
21.749878
21.749878
21.749878
21.891785
21.617126
22.393799
22.892761
22.329712
22.802734
21.72699
22.303772
21.955872
21.853638
22.557068
21.914673
21.890259
21.517944
23.016357
23.641968
22.95227
22.177124
24.090576
23.451233
24.179077
21.768188
23.42987
22.827148
23.139954
22.54181
23.466492
25.067139
24.203491
23.402405
24.964905
23.928833
24.59259
24.33014
22.450256
23.57788
23.84491
23.181152
22.80426
24.693298
23.869324
21.702576
22.105408
21.803284
22.616577
23.069763
22.619629
22.930908
23.181152
22.04132
22.407532
23.27118
22.492981
21.994019
21.86737
21.80481
22.343445
21.994019
21.432495
22.68219
22.055054
22.244263
21.394348
20.457458
21.392822
21.304321
21.305847
20.457458
20.1828
20.417786
21.705627
21.669006
21.620178
22.11914
22.167969
22.595215
23.457336
21.89331
21.89331
21.89331
21.458435
21.37146
19.976807
20.793152
22.018433
22.169495
23.719788
22.657776
23.031616
22.744751
22.244263
23.719788
21.206665
22.969055
23.269653
24.281311
24.305725
22.341919
24.093628
23.719788
22.54181
23.14148
21.891785
23.143005
22.43042
22.431946
22.805786
22.828674
22.932434
22.366333
21.955872
22.555542
23.031616
21.606445
22.56012
21.458435
21.347046
21.99707
19.042969
21.395874
19.984436
20.86792
22.059631
21.083069
22.77069
20.106506
20.895386
21.522522
21.51947
20.707703
21.733093
21.455383
21.307373
23.158264
20.831299
22.557068
22.869873
23.556519
22.845459
22.955322
21.443176
22.517395
22.34497
21.917725
21.792603
23.269653
25.341797
25.556946
25.219727
23.706055
25.254822
23.016357
24.118042
24.154663
22.579956
23.080444
24.055481
23.719788
23.719788
23.719788
23.806763
24.095154
21.931458
22.868347
22.683716
23.594666
23.783875
22.543335
22.543335
22.906494
22.207642
21.995544
21.080017
22.343445
22.543335
22.058105
23.332214
23.182678
22.558594
22.245789
22.45636
21.870422
23.095703
22.494507
24.368286
24.568176
24.407959
23.768616
23.233032
24.093628
22.743225
23.208618
23.391724
23.904419
25.030518
22.680664
21.580505
22.3526
23.143005
24.682617
23.991394
26.293945
24.154663
24.568176
24.806213
25.279236
25.094604
23.530579
23.96698
23.231506
24.568176
24.269104
24.093628
25.881958
24.682617
23.782349
22.991943
24.157715
23.231506
24.243164
23.42987
24.568176
24.655151
24.783325
24.617004
24.131775
24.429321
24.331665
24.719238
22.868347
23.744202
23.268127
24.594116
23.207092
23.493958
22.869873
24.267578
24.942017
23.968506
23.968506
23.579407
23.641968
24.331665
23.744202
24.505615
24.156189
26.594543
25.242615
22.80426
23.468018
23.45581
23.017883
22.979736
25.430298
26.31836
25.265503
25.006104
23.928833
25.154114
23.953247
24.554443
24.839783
23.802185
24.017334
24.182129
23.843384
24.36676
24.079895
23.45581
21.754456
24.569702
22.164917
22.454834
22.743225
22.781372
23.70758
22.454834
22.99347
22.479248
22.51892
23.742676
22.91565
24.679565
24.33014
23.55957
23.594666
23.680115
24.156189
22.51892
22.644043
23.118591
21.89331
22.470093
21.958923
21.055603
21.356201
21.121216
22.346497
23.118591
23.605347
22.305298
22.045898
22.306824
20.066833
22.268677
21.7453
19.75708
20.129395
22.717285
20.629883
22.346497
21.540833
22.244263
21.269226
19.592285
19.456482
20.256042
17.471313
20.257568
20.257568
20.257568
19.544983
20.184326
17.5354
17.320251
16.218567
17.50946
17.573547
15.57312
16.407776
17.384338
16.784668
16.195679
15.72113
18.670654
15.367126
15.635681
16.159058
16.259766
15.220642
14.097595
14.282227
15.809631
14.624023
14.97345
15.507507
13.356018
14.471436
14.346313
14.86969
16.159058
14.1571045
16.033936
14.720154
15.994263
16.618347
17.03186
16.493225
17.59491
17.134094
17.11731
17.25769
17.842102
16.470337
17.782593
18.421936
17.469788
17.19513
17.4469
18.42041
17.610168
17.947388
16.719055
16.371155
16.796875
16.699219
15.82489
14.596558
13.583374
13.996887
13.308716
12.521362
11.358643
12.310791
11.462402
10.835266
10.873413
9.170532
9.17511
8.69751
8.13446
8.648682
7.9223633
7.572937
5.758667
6.5093994
7.423401
5.871582
7.0098877
6.8878174
5.697632
5.697632
6.109619
5.744934
3.9962769
4.321289
5.0964355
6.6726685
2.8701782
1.0818481
2.9968262
3.4332275
2.3330688
2.2705078
-0.018310547
1.5197754
1.2359619
-0.680542
0.0061035156
-0.117492676
-1.3061523
-2.0568848
-2.5543213
-3.1814575
-3.3050537
-5.984497
-5.8563232
-5.657959
-5.8563232
-6.5231323
-9.370422
-10.160828
-10.122681
-12.425232
-10.723877
-11.349487
-12.677002
-11.6622925
-14.48822
-15.1779175
-15.765381
-15.052795
-15.028381
-15.077209
-16.879272
-17.254639
-16.30249
-17.91687
-15.739441
-15.52887
-18.00232
-17.00592
-18.218994
-18.955994
-18.193054
-18.771362
-20.933533
-21.020508
-20.207214
-22.010803
-22.122192
-21.432495
-21.621704
-21.496582
-22.120667
-21.54541
-21.746826
-22.558594
-21.93451
-21.910095
-22.207642
-22.311401
-22.935486
-25.67749
-24.287415
-24.075317
-25.926208
-26.052856
-27.130127
-27.130127
-27.130127
-26.963806
-27.128601
-27.929688
-26.7807
-29.69513
-28.59497
-29.733276
-30.522156
-29.2984
-31.300354
-29.83551
-30.247498
-30.400085
-29.86145
-29.362488
-30.801392
-29.385376
-30.239868
-30.462646
-29.873657
-29.400635
-31.489563
-29.986572
-28.886414
-29.110718
-28.710938
-26.76239
-27.610779
-29.73938
-28.175354
-28.512573
-28.211975
-26.123047
-28.051758
-27.223206
-27.049255
-28.149414
-26.034546
-27.612305
-26.074219
-27.35138
-26.69983
-27.026367
-27.050781
-26.19934
-25.950623
-26.036072
-25.848389
-25.924683
-25.784302
-25.062561
-25.163269
-22.846985
-25.596619
-24.475098
-25.750732
-23.74878
-24.224854
-23.4375
-24.375916
-24.82605
-26.139832
-24.824524
-24.952698
-25.349426
-24.827576
-25.576782
-25.164795
-26.716614
-25.387573
-26.205444
-26.115417
-24.865723
-25.790405
-25.41809
-23.213196
-24.952698
-25.476074
-24.414062
-23.876953
-23.876953
-24.563599
-23.501587
-24.952698
-23.12622
-23.66333
-23.68927
-22.999573
-23.851013
-23.788452
-23.149109
-24.351501
-22.563171
-20.674133
-21.17157
-22.33429
-22.024536
-20.986938
-21.083069
-20.46051
-21.083069
-21.315002
-20.445251
-21.812439
-21.362305
-21.24939
-20.610046
-19.360352
-19.984436
-19.89746
-19.699097
-19.5755
-19.737244
-21.362305
-20.863342
-20.611572
-20.887756
-19.136047
-19.161987
-19.895935
-19.28711
-18.322754
-19.012451
-19.54956
-20.21637
-19.073486
-19.136047
-20.988464
-17.599487
-16.786194
-18.511963
-17.575073
-17.222595
-16.19873
-15.597534
-16.160583
-15.9713745
-16.810608
-15.559387
-14.845276
-14.372253
-13.745117
-14.24408
-14.482117
-13.269043
-11.419678
-13.269043
-12.541199
-13.331604
-11.444092
-10.668945
-10.856628
-11.204529
-10.028076
-9.629822
-9.754944
-8.491516
-10.043335
-8.529663
-8.529663
-8.48999
-8.74176
-7.8033447
-7.4554443
-6.1157227
-7.3898315
-6.616211
-6.1798096
-6.390381
-5.6015015
-6.013489
-6.176758
-5.0750732
-4.602051
-5.014038
-4.951477
-4.6401978
-3.163147
-5.7022095
-4.4891357
-4.0390015
-5.2886963
-3.7384033
-3.8009644
-3.4744263
-3.199768
-4.1015625
-2.9769897
-1.876831
-3.5369873
-4.1152954
-2.8900146
-2.5405884
-2.9907227
-3.678894
-3.1265259
-1.8280029
-1.826477
-1.8539429
-3.227234
-2.3925781
-0.96588135
-0.91552734
-0.105285645
-2.4551392
-1.6052246
0.4333496
1.2832642
1.8066406
1.0559082
-0.04425049
0.5157471
2.6153564
2.5558472
2.4291992
2.7557373
1.4266968
1.5136719
1.9515991
1.28479
0.07324219
0.19836426
-1.4160156
-2.380371
-1.7150879
-3.3294678
-2.7313232
-3.1677246
-4.58374
-6.4102173
-5.0582886
-5.0338745
-4.559326
-5.4351807
-2.9846191
-5.2230835
-5.3756714
-5.5633545
-5.415344
-5.415344
-5.415344
-6.640625
-5.4779053
-4.7546387
-4.4433594
-4.978943
-4.6051025
-5.104065
-5.355835
-4.6447754
-3.4225464
-3.4439087
-4.319763
-5.2993774
-5.0491333
-5.3741455
-4.296875
-5.3344727
-4.673767
-4.711914
-2.7236938
-3.237915
-5.5130005
-6.477356
-6.402588
-5.7159424
-5.076599
-5.593872
-5.505371
-5.656433
-5.7800293
-5.718994
-5.1193237
-5.656433
-5.696106
-5.97229
-6.2591553
-6.2591553
-6.486511
-6.4727783
-6.9473267
-6.17218
-7.385254
-6.425476
-5.722046
-6.8878174
-6.6741943
-6.411743
-5.8502197
-6.6741943
-5.6396484
-6.137085
-6.2026978
-6.668091
-6.3293457
-5.354309
-5.8303833
-5.354309
-5.2948
-5.8563232
-6.0440063
-4.9194336
-4.7958374
-3.8208008
-5.4351807
-4.319763
-5.0079346
-4.13208
-4.020691
-4.020691
-4.7958374
-4.4555664
-4.5425415
-4.156494
-5.1712036
-5.2963257
-3.4469604
-3.9459229
-3.0593872
-3.0593872
-2.607727
-2.923584
-1.6601562
-3.074646
-2.1347046
-4.0252686
-3.5980225
-3.4469604
-2.949524
-3.3233643
-2.0355225
-1.574707
-0.9094238
-2.2857666
-1.5335083
-1.3702393
-2.445984
-1.9943237
-2.0950317
-1.4709473
-0.1586914
-0.89416504
-0.09613037
-0.7461548
-0.99487305
0.06866455
-0.87127686
-0.018310547
-0.7461548
-0.05645752
0.63171387
0.5187988
-0.70648193
0.6072998
0.730896
0.45776367
1.8966675
1.8951416
0.5218506
1.2451172
0.7080078
1.1474609
0.061035156
0.74920654
1.335144
0.46081543
0.74920654
1.8722534
1.625061
0.7110596
0.061035156
1.5380859
0.7080078
2.1499634
0.9384155
1.0269165
1.0498047
1.2145996
0.24871826
0.87280273
2.0126343
1.0650635
0.3768921
0.289917
0.9765625
0.25024414
-0.059509277
-0.07476807
-0.69885254
0.9780884
-0.57373047
0.50354004
-0.24719238
0.5645752
0.25177002
-0.12207031
0.3768921
0.02746582
0.31433105
0.31433105
1.0910034
1.1276245
0.06713867
1.0681152
1.9775391
1.4404297
0.50354004
0.50201416
0.25177002
0.41809082
-0.8102417
-0.16021729
-0.28381348
-0.7232666
-1.0726929
-0.16021729
0.3540039
0.47912598
-0.78430176
-1.0345459
-0.78582764
-0.50964355
-0.09613037
-1.512146
-1.385498
-0.8483887
0.02746582
-2.3864746
0.440979
-1.6738892
-1.7379761
-2.8244019
-2.4108887
-0.59814453
-1.8478394
-2.6000977
-2.5512695
-2.3483276
-3.9855957
-3.4866333
-4.2999268
-2.3483276
-4.838562
-3.100586
-4.2755127
-4.612732
-4.611206
-1.9332886
-4.324341
-4.0496826
-4.586792
-4.362488
-3.5736084
-4.1748047
-3.5507202
-4.551697
-4.3640137
-4.3899536
-2.5756836
-4.0527344
-3.3233643
-6.463623
-4.862976
-5.2383423
-4.423523
-5.7128906
-5.7113647
-5.6488037
-4.962158
-3.7002563
-4.63562
-5.735779
-5.9265137
-6.399536
-5.8380127
-6.42395
-7.2738647
-7.1487427
-7.1487427
-7.1487427
-5.1101685
-6.150818
-5.57251
-7.460022
-6.111145
-6.4605713
-7.485962
-5.9432983
-7.10907
-7.260132
-9.086609
-8.485413
-9.332275
-10.06012
-7.8567505
-9.057617
-9.706116
-9.869385
-9.292603
-9.579468
-12.319946
-10.491943
-10.494995
-11.593628
-10.86731
-10.954285
-10.8428955
-10.929871
-10.30426
-11.74469
-10.392761
-11.46698
-9.45282
-11.86676
-11.906433
-12.654114
-11.988831
-11.451721
-10.826111
-11.238098
-12.239075
-12.550354
-14.152527
-13.48877
-11.010742
-12.173462
-12.521362
-12.194824
-13.61084
-12.419128
-11.958313
-13.446045
-13.319397
-14.457703
-13.230896
-13.745117
-13.919067
-14.454651
-14.292908
-13.542175
-17.280579
-13.790894
-14.981079
-14.828491
-16.490173
-15.3289795
-15.104675
-17.09137
-16.55426
-15.866089
-15.864563
-16.053772
-16.552734
-16.766357
-17.341614
-17.866516
-16.764832
-15.965271
-15.965271
-15.965271
-18.25409
-17.51709
-18.02826
-19.277954
-16.699219
-16.61377
-17.840576
-17.903137
-18.377686
-18.025208
-17.81311
-18.527222
-18.939209
-17.988586
-19.903564
-18.487549
-18.299866
-18.876648
-19.064331
-17.926025
-18.91632
-19.111633
-19.302368
-19.404602
-18.341064
-18.276978
-18.463135
-19.526672
-19.062805
-19.976807
-19.000244
-19.14978
-19.813538
-20.277405
-20.539856
-21.002197
-20.81604
-20.404053
-20.892334
-21.917725
-21.891785
-21.891785
-23.092651
-22.23053
-23.457336
-22.8302
-23.158264
-23.742676
-22.807312
-23.118591
-23.994446
-24.343872
-24.08142
-23.608398
-24.635315
-25.03357
-24.136353
-23.410034
-25.236511
-25.686646
-26.61438
-25.98877
-26.423645
-24.659729
-26.576233
-24.37439
-28.076172
-27.651978
-28.439331
-27.111816
-26.850891
-25.361633
-27.087402
-26.69983
-26.301575
-27.450562
-27.21405
-26.61438
-26.61438
-26.61438
-27.149963
-26.174927
-27.926636
-27.711487
-27.238464
-26.98822
-27.774048
-28.527832
-28.367615
-27.57721
-29.318237
-28.65448
-29.444885
-27.905273
-29.159546
-30.049133
-30.462646
-29.586792
-30.67627
-29.049683
-28.915405
-29.675293
-29.278564
-29.577637
-30.09491
-27.520752
-28.082275
-29.533386
-29.096985
-29.911804
-27.972412
-28.723145
-29.286194
-28.036499
-27.97699
-27.464294
-27.015686
-25.650024
-26.916504
-26.878357
-25.541687
-24.94049
-26.356506
-25.003052
-24.441528
-25.439453
-22.927856
-23.945618
-23.466492
-23.091125
-21.968079
-22.554016
-22.279358
-21.366882
-20.367432
-20.866394
-20.092773
-19.404602
-20.054626
-20.329285
-20.00885
-19.206238
-19.769287
-18.066406
-19.232178
-18.82019
-19.233704
-18.756104
-18.582153
-16.342163
-17.480469
-16.340637
-15.629578
-16.593933
-16.317749
-17.544556
-15.692139
-16.091919
-16.091919
-16.418457
-14.653015
-15.815735
-14.718628
-12.928772
-14.279175
-12.553406
-11.778259
-11.637878
-10.414124
-10.203552
-10.227966
-9.941101
-9.666443
-9.941101
-7.914734
-7.751465
-8.601379
-5.8258057
-5.9020996
-5.11322
-5.3390503
-6.591797
-3.9001465
-3.5507202
-2.886963
-3.463745
-3.6743164
-1.8249512
-2.1362305
-2.6992798
-1.4846802
-0.08392334
1.7913818
2.3773193
2.355957
3.327942
5.41687
5.845642
6.968689
5.9936523
9.196472
7.6324463
8.300781
9.550476
9.552002
10.176086
12.028503
10.928345
10.427856
12.09259
12.442017
14.505005
13.594055
14.506531
15.086365
15.235901
16.975403
15.376282
16.33606
17.514038
18.667603
17.727661
16.841125
18.440247
17.164612
19.081116
18.632507
18.193054
17.28363
18.670654
18.39447
18.856812
18.695068
17.321777
17.7948
18.482971
16.694641
17.732239
17.732239
17.773438
16.88385
18.199158
20.39795
18.33496
17.710876
17.884827
18.797302
16.882324
16.983032
16.970825
16.571045
15.9713745
15.52124
17.222595
16.3208
16.79535
16.322327
17.111206
18.040466
18.467712
18.467712
18.641663
17.202759
19.441223
18.278503
17.23938
16.539001
15.809631
15.660095
15.435791
15.563965
16.577148
16.125488
16.664124
15.762329
17.100525
16.722107
17.036438
17.701721
18.675232
20.176697
18.86139
20.399475
19.760132
20.23468
20.672607
22.149658
21.801758
21.862793
20.484924
22.901917
20.448303
21.484375
19.734192
21.31195
19.546509
21.983337
21.336365
22.608948
22.998047
21.896362
21.522522
22.624207
21.522522
21.522522
23.773193
26.03302
27.13623
25.222778
26.098633
25.764465
25.70343
25.102234
25.349426
22.688293
23.37799
22.813416
23.814392
23.814392
23.750305
23.976135
24.37439
22.02301
21.635437
22.58606
21.958923
23.060608
22.499084
22.58606
21.206665
20.820618
22.972107
21.807861
21.14563
22.372437
21.981812
21.380615
22.480774
23.39325
22.206116
21.980286
24.206543
23.08197
22.4823
22.039795
20.76416
20.826721
19.625854
17.73529
19.837952
19.361877
19.021606
20.248413
20.375061
18.174744
20.62378
19.273376
19.836426
19.361877
20.162964
20.098877
20.851135
21.186829
20.809937
20.976257
22.351074
23.327637
23.951721
23.602295
24.427795
24.806213
24.653625
25.216675
23.703003
24.552917
23.390198
25.300598
24.266052
24.179077
25.427246
25.778198
25.778198
24.737549
24.549866
25.361633
24.099731
26.274109
25.71106
26.774597
27.33612
26.774597
26.296997
26.121521
26.083374
27.45819
25.758362
25.732422
25.85907
25.85907
25.85907
25.668335
24.505615
23.303223
25.39215
23.278809
25.91858
25.1297
25.25177
25.375366
26.190186
26.10321
27.352905
26.766968
27.392578
26.919556
27.827454
27.20337
27.867126
27.868652
28.079224
27.581787
27.993774
28.634644
28.494263
29.197693
29.656982
29.621887
29.685974
30.636597
31.802368
30.699158
30.288696
32.1167
31.388855
31.11267
31.861877
30.67627
30.799866
33.08716
30.63507
32.014465
31.015015
31.44989
32.58972
31.964111
33.23822
33.56476
33.665466
31.578064
34.117126
32.928467
31.800842
32.737732
31.175232
32.240295
33.276367
32.702637
32.86133
32.55005
32.400513
33.90045
34.440613
33.088684
33.688354
34.313965
35.37903
35.005188
34.854126
34.965515
37.480164
36.231995
36.042786
35.691833
35.105896
34.84497
36.268616
38.098145
36.871338
36.871338
36.871338
37.275696
39.952087
39.015198
39.189148
36.96289
38.87787
38.163757
39.286804
38.941956
38.69171
40.142822
40.016174
38.838196
39.00299
38.591003
40.39154
38.101196
40.078735
40.626526
39.564514
39.47754
40.065002
40.000916
38.938904
39.59961
41.064453
38.00049
40.911865
38.13629
39.772034
40.724182
40.686035
40.46173
41.625977
41.09955
41.56189
40.80963
41.397095
41.12091
40.371704
41.159058
40.872192
40.145874
40.80963
40.74402
40.68451
40.660095
40.960693
40.725708
40.499878
40.91339
41.02478
41.888428
40.351868
41.641235
40.249634
40.652466
40.62805
41.690063
42.251587
41.474915
41.262817
42.03949
41.412354
40.400696
42.536926
42.601013
42.227173
41.474915
42.41333
41.78772
44.151306
41.93573
42.28363
40.708923
40.081787
40.431213
40.020752
40.020752
40.020752
39.55841
40.768433
40.979004
40.519714
40.608215
40.66925
41.532898
42.782593
42.282104
42.245483
41.40625
40.37018
40.870667
41.645813
41.493225
40.019226
40.844727
39.33258
39.744568
39.146423
40.872192
39.897156
39.785767
41.400146
42.411804
41.851807
40.914917
41.999817
41.7099
41.85028
41.914368
42.88788
41.93878
41.18805
41.97693
42.599487
40.750122
41.81366
42.025757
41.812134
42.974854
42.948914
43.385315
43.125916
42.185974
42.72003
41.5802
41.555786
40.167236
40.016174
41.178894
40.22827
40.829468
40.76538
39.5401
41.101074
39.56299
39.938354
40.57617
39.787292
39.34784
38.749695
38.687134
40.126038
39.28833
40.449524
38.710022
38.77411
38.061523
39.389038
38.150024
39.564514
39.45465
39.39209
39.201355
40.641785
40.078735
39.26544
39.26544
38.90381
39.819336
39.916992
41.055298
39.35547
40.730286
40.690613
40.83252
39.692688
39.564514
39.89258
40.04364
40.603638
41.1438
40.890503
41.142273
39.91394
40.605164
40.039062
40.951538
39.663696
39.349365
40.698242
37.747192
36.73401
38.209534
36.610413
38.049316
37.147522
38.485718
36.523438
38.35907
36.610413
36.784363
35.65979
36.445618
34.631348
35.92224
34.780884
34.843445
34.544373
32.318115
33.24585
33.744812
33.61969
33.15735
33.09326
33.78601
33.784485
34.510803
33.436584
33.50067
32.78656
31.498718
33.099365
33.34961
33.09784
32.850647
32.061768
32.122803
32.49817
31.559753
31.782532
30.732727
31.349182
31.832886
32.598877
32.121277
30.769348
33.007812
31.80542
33.444214
32.86743
31.35376
31.61621
31.80542
31.6391
31.17981
30.665588
30.665588
31.591797
30.491638
31.739807
30.603027
32.341003
31.201172
30.62439
31.614685
31.764221
30.575562
29.949951
32.362366
30.725098
31.82373
31.22406
31.263733
30.325317
30.45044
30.638123
29.696655
29.762268
29.412842
27.560425
28.851318
27.877808
29.389954
29.127502
28.85437
28.852844
26.516724
29.605103
27.442932
28.330994
26.319885
26.902771
28.22876
28.503418
27.91748
28.042603
27.729797
27.128601
28.642273
28.067017
28.518677
28.915405
27.227783
27.915955
28.06549
27.313232
29.141235
28.32489
28.388977
27.37732
27.43988
26.712036
25.58899
26.690674
24.925232
23.861694
23.77472
22.198486
22.801208
21.82312
22.610474
22.761536
21.798706
22.325134
22.523499
23.48938
22.862244
22.801208
21.885681
23.864746
23.617554
23.939514
24.217224
23.840332
25.791931
26.045227
26.045227
27.383423
27.272034
26.002502
27.319336
26.132202
27.770996
26.17035
27.644348
27.017212
26.567078
26.35498
26.481628
26.60675
26.51825
26.605225
26.54419
26.130676
25.767517
24.905396
26.06659
25.87738
24.90387
25.72937
25.694275
24.94049
22.642517
24.731445
24.003601
23.612976
23.591614
23.439026
24.128723
22.576904
23.527527
21.659851
23.487854
22.087097
23.875427
22.172546
22.38617
22.021484
23.524475
23.001099
23.400879
22.088623
21.4859
21.609497
22.322083
24.06311
23.010254
22.19696
21.800232
22.576904
23.74115
23.651123
24.153137
23.303223
24.128723
23.779297
23.651123
24.568176
24.752808
22.940063
24.690247
24.150085
24.525452
23.07434
22.962952
22.673035
23.010254
23.612976
22.42279
22.233582
21.157837
21.943665
22.280884
20.240784
20.532227
21.421814
21.421814
19.02771
18.617249
18.778992
18.341064
17.55371
16.764832
17.82837
13.777161
14.625549
15.411377
14.375305
13.3758545
14.187622
12.249756
13.624573
11.898804
12.211609
11.947632
11.236572
11.497498
10.960388
10.986328
9.47113
8.609009
6.1553955
7.684326
7.25708
7.121277
7.507324
5.230713
4.4296265
4.3289185
4.0664673
3.2913208
2.6657104
1.4404297
2.1270752
-0.036621094
-0.09918213
-0.76293945
-2.0996094
-2.2018433
-2.5131226
-2.1392822
-5.290222
-4.751587
-6.755066
-6.2545776
-5.9768677
-6.668091
-7.6065063
-8.631897
-9.01947
-10.620117
-10.682678
-11.369324
-12.557983
-11.968994
-14.343262
-13.092041
-14.84375
-15.042114
-16.293335
-16.569519
-17.54303
-18.730164
-17.520142
-18.806458
-18.896484
-17.044067
-18.16864
-18.293762
-18.830872
-19.970703
-19.143677
-20.97168
-19.21997
-19.166565
-19.39392
-19.39392
-19.078064
-20.683289
-19.39392
-20.643616
-21.081543
-21.055603
-21.305847
-22.117615
-22.654724
-22.781372
-22.154236
-22.718811
-22.779846
-22.718811
-22.431946
-21.839905
-22.268677
-23.069763
-22.529602
-23.780823
-24.357605
-24.691772
-24.658203
-26.486206
-25.595093
-24.731445
-25.531006
-26.083374
-27.145386
-27.082825
-28.981018
-28.39508
-28.445435
-28.443909
-30.232239
-27.693176
-30.084229
-29.26941
-28.579712
-30.058289
-29.368591
-30.644226
-28.981018
-28.831482
-30.096436
-30.081177
-29.060364
-29.458618
-29.670715
-28.857422
-27.981567
-28.544617
-27.981567
-27.835083
-28.897095
-27.359009
-27.87323
-28.007507
-27.73285
-26.794434
-27.233887
-26.794434
-26.757812
-27.70691
-27.708435
-25.508118
-26.773071
-26.383972
-26.88446
-27.746582
-24.508667
-25.796509
-24.295044
-24.508667
-25.108337
-25.483704
-25.66986
-26.42212
-26.42212
-26.42212
-26.731873
-25.782776
-26.881409
-26.856995
-26.319885
-26.733398
-25.357056
-26.281738
-26.669312
-26.481628
-27.619934
-27.893066
-28.16925
-29.019165
-28.268433
-29.518127
-28.704834
-28.916931
-28.79181
-27.606201
-29.431152
-29.30603
-27.981567
-28.48053
-26.379395
-27.879333
-27.107239
-26.455688
-27.108765
-26.257324
-28.108215
-26.631165
-26.283264
-25.030518
-25.35553
-25.782776
-25.593567
-26.171875
-24.092102
-26.045227
-24.531555
-24.691772
-24.594116
-24.569702
-25.442505
-24.794006
-23.6557
-24.342346
-24.47052
-24.343872
-25.656128
-25.569153
-26.043701
-24.731445
-27.145386
-26.504517
-26.194763
-27.818298
-27.233887
-28.704834
-28.70636
-29.205322
-28.642273
-25.927734
-26.852417
-26.916504
-26.06659
-28.14331
-28.016663
-27.352905
-25.691223
-27.102661
-27.391052
-26.315308
-26.591492
-25.189209
-26.091003
-24.586487
-24.586487
-24.586487
-24.238586
-24.526978
-25.149536
-24.137878
-25.152588
-24.54834
-24.838257
-24.46289
-23.484802
-25.87738
-22.363281
-24.6521
-24.151611
-22.488403
-23.402405
-22.050476
-24.279785
-23.028564
-22.550964
-23.1781
-23.216248
-22.427368
-22.650146
-22.389221
-23.338318
-23.63739
-22.86377
-22.862244
-23.30017
-25.62561
-24.375916
-25.001526
-24.586487
-23.38562
-23.965454
-23.83728
-25.836182
-24.897766
-25.299072
-23.448181
-23.799133
-23.83728
-25.314331
-24.586487
-23.797607
-24.459839
-23.194885
-22.83783
-22.349548
-22.712708
-22.174072
-21.136475
-19.873047
-20.637512
-22.67456
-21.322632
-22.04895
-21.572876
-20.599365
-21.887207
-20.411682
-20.97168
-22.111511
-21.22345
-20.884705
-21.983337
-20.448303
-20.385742
-20.472717
-21.009827
-21.484375
-20.097351
-20.733643
-19.158936
-20.973206
-20.385742
-22.323608
-20.86029
-20.86029
-20.86029
-22.261047
-23.735046
-22.158813
-23.175049
-23.38562
-23.883057
-23.196411
-22.569275
-24.230957
-23.62976
-24.19281
-24.769592
-24.397278
-23.64502
-23.73352
-24.043274
-25.608826
-22.982788
-23.04535
-24.142456
-22.567749
-20.86792
-21.85669
-21.006775
-22.007751
-20.930481
-21.569824
-23.358154
-22.157288
-21.6568
-21.156311
-20.692444
-21.917725
-21.095276
-21.157837
-21.632385
-21.48285
-20.63446
-21.71936
-20.858765
-20.63446
-19.972229
-20.59784
-19.94629
-20.097351
-19.534302
-21.572876
-19.622803
-21.174622
-21.673584
-21.322632
-21.673584
-22.325134
-23.962402
-22.862244
-24.176025
-22.76001
-22.73407
-24.136353
-24.839783
-24.072266
-24.998474
-26.097107
-25.772095
-25.898743
-26.437378
-25.086975
-23.573303
-23.858643
-24.43695
-23.35968
-22.82257
-23.936462
-22.64862
-20.446777
-21.11969
-21.032715
-21.546936
-21.546936
-21.546936
-23.013306
-21.19751
-22.949219
-21.736145
-21.072388
-22.711182
-21.784973
-21.736145
-21.284485
-19.822693
-23.21167
-21.009827
-21.200562
-20.988464
-20.924377
-21.783447
-20.661926
-22.109985
-21.913147
-22.32666
-21.324158
-22.67456
-23.590088
-24.50409
-23.275757
-25.090027
-25.19989
-24.40033
-25.090027
-24.549866
-25.302124
-25.213623
-26.727295
-24.397278
-23.73352
-24.746704
-25.134277
-26.599121
-26.496887
-24.74823
-25.022888
-25.650024
-25.17395
-25.524902
-24.48883
-23.171997
-22.737122
-22.650146
-23.23761
-22.521973
-22.174072
-23.773193
-23.449707
-23.527527
-23.80066
-23.80066
-25.149536
-24.649048
-23.901367
-24.650574
-23.175049
-23.962402
-22.92633
-22.839355
-22.549438
-22.612
-23.30017
-23.338318
-23.512268
-23.428345
-22.738647
-22.651672
-23.614502
-24.050903
-24.902344
-24.441528
-24.012756
-25.36621
-23.738098
-23.738098
-25.30365
-24.836731
-25.239563
-25.587463
-26.473999
-25.613403
-26.237488
-25.738525
-25.775146
-27.09961
-26.934814
-26.063538
-24.858093
-27.085876
-25.437927
-25.675964
-25.024414
-24.838257
-25.177002
-26.53656
-27.627563
-26.148987
-25.65155
-25.737
-27.250671
-25.712585
-24.963379
-26.838684
-25.99945
-25.964355
-25.088501
-24.490356
-25.027466
-25.115967
-25.091553
-23.214722
-25.11444
-24.313354
-23.866272
-23.15216
-23.513794
-23.965454
-23.303223
-23.364258
-25.241089
-22.702026
-24.34082
-23.965454
-25.653076
-26.667786
-25.093079
-26.3031
-25.965881
-27.128601
-26.153564
-26.75476
-27.404785
-26.942444
-26.063538
-26.716614
-27.752686
-27.81372
-25.401306
-27.001953
-27.877808
-26.400757
-24.80011
-26.150513
-26.501465
-26.063538
-25.653076
-24.615479
-26.150513
-24.513245
-23.48938
-24.751282
-25.965881
-25.430298
-25.430298
-25.430298
-26.167297
-24.377441
-24.464417
-24.485779
-24.07837
-24.31488
-24.377441
-24.362183
-23.324585
-23.776245
-25.064087
-24.551392
-24.113464
-24.215698
-22.764587
-23.901367
-22.801208
-24.77417
-24.6521
-23.962402
-24.588013
-23.950195
-23.986816
-24.549866
-25.02594
-26.689148
-25.022888
-27.037048
-27.563477
-27.360535
-27.24762
-25.587463
-28.334045
-26.997375
-27.708435
-28.057861
-25.958252
-27.62146
-25.294495
-24.83368
-27.685547
-27.398682
-27.39563
-26.560974
-25.650024
-25.11139
-26.272583
-24.33319
-25.022888
-25.083923
-26.060486
-24.960327
-24.487305
-25.561523
-24.487305
-24.111938
-25.338745
-24.176025
-25.022888
-24.310303
-23.612976
-25.062561
-23.313904
-24.050903
-24.591064
-22.425842
-22.964478
-22.44873
-23.963928
-23.937988
-22.213745
-21.887207
-21.572876
-21.697998
-23.147583
-23.988342
-25.151062
-24.777222
-26.852417
-26.852417
-26.852417
-26.275635
-25.56305
-27.35138
-26.686096
-27.16217
-25.338745
-26.023865
-25.837708
-26.126099
-26.338196
-27.461243
-25.801086
-24.899292
-25.238037
-24.77417
-26.313782
-25.401306
-25.56305
-24.337769
-23.526001
-24.841309
-24.627686
-23.617554
-24.3042
-23.591614
-23.591614
-24.003601
-23.40393
-24.778748
-23.452759
-23.704529
-24.053955
-23.339844
-23.428345
-24.005127
-23.054504
-21.742249
-21.829224
-22.714233
-21.97876
-20.578003
-21.977234
-22.554016
-20.72754
-23.379517
-22.491455
-22.303772
-23.527527
-23.48938
-23.365784
-23.554993
-25.279236
-24.177551
-25.358582
-25.404358
-25.592041
-24.94049
-25.776672
-23.942566
-25.967407
-25.968933
-25.382996
-25.817871
-25.630188
-26.756287
-26.667786
-27.008057
-26.921082
-26.861572
-27.610779
-25.6958
-25.971985
-25.819397
-25.405884
-25.694275
-24.571228
-25.559998
-25.559998
-25.559998
-24.310303
-26.359558
-24.160767
-25.109863
-23.594666
-23.495483
-22.369385
-23.28186
-22.520447
-23.594666
-23.658752
-24.282837
-22.494507
-22.845459
-23.808289
-22.021484
-25.157166
-23.320007
-24.598694
-23.905945
-23.68164
-24.282837
-24.095154
-25.694275
-25.280762
-25.843811
-25.280762
-25.094604
-25.09613
-26.217651
-25.595093
-25.369263
-26.693726
-26.319885
-25.091553
-26.420593
-27.444458
-26.3443
-26.194763
-26.383972
-26.168823
-25.592041
-25.091553
-24.905396
-25.094604
-25.758362
-25.405884
-25.004578
-23.278809
-24.719238
-23.777771
-25.2182
-25.068665
-24.079895
-24.926758
-24.142456
-24.282837
-24.21875
-25.157166
-24.08142
-23.344421
-23.242188
-23.42987
-22.970581
-22.680664
-24.443054
-22.55249
-24.029541
-23.513794
-24.214172
-23.327637
-23.989868
-24.142456
-25.279236
-23.96698
-25.004578
-23.928833
-24.53003
-24.53003
-24.53003
-23.866272
-26.005554
-26.669312
-26.029968
-25.617981
-25.242615
-25.117493
-25.593567
-25.531006
-25.61493
-25.305176
-25.091553
-24.71466
-25.132751
-26.6922
-26.342773
-24.617004
-24.59259
-25.003052
-25.068665
-26.342773
-26.968384
-24.617004
-24.905396
-25.15564
-25.466919
-26.104736
-23.265076
-23.74115
-23.902893
-25.553894
-24.53003
-23.580933
-23.99292
-24.118042
-25.280762
-24.656677
-26.257324
-23.928833
-24.215698
-25.068665
-26.010132
-24.594116
-27.507019
-24.655151
-27.207947
-25.756836
-25.24414
-24.015808
-25.593567
-25.593567
-26.280212
-25.093079
-27.03247
-25.305176
-25.239563
-24.493408
-24.90387
-24.96643
-23.365784
-24.594116
-24.879456
-25.692749
-23.867798
-23.904419
-23.278809
-25.154114
-24.36676
-23.492432
-23.240662
-24.841309
-25.091553
-24.365234
-24.467468
-25.616455
-24.015808
-24.96643
-24.467468
-24.594116
-24.594116
-23.902893
-24.90387
-25.842285
-24.276733
-24.989319
-24.96643
-24.928284
-23.716736
-25.279236
-23.452759
-25.068665
-26.667786
-24.490356
-23.428345
-24.467468
-24.31488
-23.42987
-24.142456
-25.343323
-24.14093
-24.240112
-24.180603
-24.841309
-23.944092
-22.865295
-25.093079
-26.12915
-23.989868
-24.61853
-23.1781
-24.44458
-24.404907
-24.468994
-25.692749
-25.279236
-24.841309
-23.616028
-25.117493
-23.452759
-22.866821
-24.493408
-25.567627
-23.866272
-25.50354
-25.717163
-24.493408
-24.363708
-24.967957
-25.367737
-23.200989
-24.143982
-26.341248
-23.327637
-23.739624
-24.742126
-25.15564
-24.238586
-24.465942
-23.989868
-23.553467
-23.866272
-24.902344
-23.216248
-23.988342
-25.741577
-23.96698
-24.53003
-24.491882
-24.679565
-24.179077
-24.55597
-24.404907
-23.951721
-24.053955
-24.31488
-24.404907
-25.180054
-24.380493
-24.53003
-24.53003
-24.53003
-25.279236
-25.691223
-25.50354
-23.902893
-26.405334
-24.342346
-25.30365
-24.055481
-24.617004
-24.879456
-24.552917
-25.177002
-23.864746
-25.691223
-25.091553
-25.906372
-25.527954
-25.115967
-24.053955
-24.679565
-24.591064
-24.378967
-25.028992
-23.953247
-25.30365
-24.815369
-25.616455
-25.279236
-25.091553
-25.003052
-24.865723
-25.067139
-26.628113
-25.692749
-24.591064
-24.655151
-24.427795
-26.467896
-25.630188
-25.502014
-24.403381
-27.268982
-25.65155
-25.502014
-24.841309
-26.3031
-25.154114
-25.138855
-24.113464
-23.350525
-26.467896
-25.740051
-25.115967
-25.50354
-25.778198
-25.439453
-26.002502
-26.028442
-24.839783
-26.2146
-25.654602
-24.363708
-23.414612
-26.217651
-25.50354
-24.59259
-23.80371
-25.717163
-26.089478
-25.550842
-25.440979
-25.241089
-25.30365
-25.552368
-26.167297
-24.839783
-26.84021
-23.864746
-23.904419
-23.904419
-25.280762
-26.168823
-25.11444
-24.589539
-25.202942
-25.053406
-25.053406
-25.001526
-25.154114
-26.815796
-24.943542
-25.527954
-25.401306
-24.465942
-26.12915
-24.591064
-24.443054
-23.80066
-25.241089
-24.404907
-24.879456
-25.279236
-26.193237
-25.930786
-24.777222
-24.775696
-25.053406
-25.717163
-24.116516
-25.305176
-23.414612
-24.404907
-24.029541
-26.12915
-25.592041
-24.591064
-24.554443
-24.491882
-23.364258
-24.528503
-23.802185
-24.34082
-24.142456
-25.027466
-24.552917
-23.554993
-25.654602
-24.182129
-24.490356
-24.87793
-24.42627
-24.552917
-23.928833
-25.053406
-25.778198
-24.015808
-23.840332
-23.777771
-23.493958
-24.928284
-24.053955
-23.492432
-24.142456
-24.615479
-25.367737
-24.380493
-24.057007
-24.443054
-25.656128
