22.294617
20.373535
21.307373
21.525574
22.802734
21.842957
21.635437
21.525574
23.21167
22.242737
20.828247
21.5271
21.603394
22.288513
23.15216
24.664307
21.969604
23.31543
22.717285
22.492981
22.329712
22.367859
21.766663
21.603394
21.827698
21.308899
21.694946
21.635437
22.361755
21.890259
21.562195
21.562195
19.633484
23.500061
22.059631
21.115112
22.068787
20.411682
22.24121
20.84961
20.074463
20.25299
21.168518
20.82367
23.532104
21.60492
21.250916
22.694397
21.34552
21.513367
22.877502
21.97113
21.478271
22.207642
21.636963
21.980286
21.5271
22.279358
21.546936
22.1344
23.110962
22.550964
21.546936
21.842957
21.878052
22.279358
22.543335
21.514893
23.01941
21.73462
22.125244
23.226929
22.554016
22.113037
22.590637
22.3526
22.587585
23.234558
22.019958
23.254395
22.720337
21.968079
22.572327
22.714233
21.676636
21.401978
25.378418
23.19336
22.67456
22.755432
22.486877
22.633362
23.147583
21.897888
22.750854
22.547913
22.355652
21.089172
22.566223
21.76056
21.807861
21.217346
22.5708
22.113037
23.007202
23.616028
23.190308
21.97113
22.846985
21.820068
22.999573
22.999573
22.999573
23.190308
23.017883
22.79663
23.05603
22.532654
23.225403
21.403503
22.569275
22.79663
23.21167
21.821594
23.205566
24.032593
21.97113
22.83783
22.77069
21.299744
23.042297
21.98639
22.537231
24.247742
23.233032
23.493958
21.847534
22.749329
23.95935
22.050476
24.023438
23.500061
22.183228
23.08197
22.608948
21.917725
22.57843
21.842957
21.681213
21.73462
22.834778
23.635864
23.078918
22.17865
23.190308
23.434448
21.842957
22.68982
22.009277
24.378967
23.051453
21.731567
23.118591
22.96753
23.991394
23.301697
22.532654
23.210144
22.628784
22.590637
22.755432
24.377441
23.721313
23.571777
24.285889
22.914124
23.934937
23.92273
22.392273
23.61145
23.210144
25.27008
24.450684
23.176575
24.435425
22.538757
23.980713
22.880554
23.937988
24.468994
24.943542
23.640442
23.640442
23.640442
23.902893
22.094727
23.503113
24.975586
22.01233
24.943542
23.262024
22.389221
23.99292
23.361206
24.35608
22.576904
23.262024
22.23053
22.1344
24.020386
24.01123
23.77472
23.208618
22.357178
22.357178
23.944092
23.049927
23.745728
23.617554
22.540283
23.130798
22.447205
23.442078
23.220825
22.888184
23.780823
22.03064
23.50769
22.410583
22.627258
23.138428
22.987366
22.26715
21.713257
21.139526
22.018433
22.375488
22.444153
22.392273
23.008728
22.042847
22.627258
21.678162
23.091125
23.939514
21.809387
23.431396
22.912598
22.612
22.061157
23.814392
21.98639
23.00415
21.884155
21.308899
22.416687
22.062683
21.78955
21.531677
23.57483
23.442078
23.623657
21.058655
22.28241
22.644043
21.45691
22.5708
22.88208
21.50879
22.63031
23.210144
21.388245
23.266602
23.266602
23.266602
23.736572
22.038269
21.824646
20.439148
21.107483
21.73767
21.992493
23.008728
21.984863
20.817566
21.75293
21.73462
22.634888
21.047974
21.821594
21.77124
21.257019
21.551514
23.155212
23.45581
22.499084
21.107483
21.888733
22.113037
21.473694
20.00122
21.40503
21.71936
20.732117
23.234558
21.736145
19.833374
21.08612
22.355652
22.366333
21.839905
22.77069
22.189331
21.670532
22.27478
23.114014
22.247314
22.061157
21.50879
25.119019
22.18628
22.10846
22.914124
22.639465
22.747803
22.128296
21.875
22.50061
22.441101
21.95282
21.618652
21.632385
22.315979
21.60492
24.024963
21.388245
21.333313
21.505737
21.217346
22.712708
24.00055
22.628784
22.15271
21.897888
21.678162
21.292114
22.183228
21.109009
22.406006
21.76056
21.40503
21.21582
21.21582
21.21582
20.993042
21.591187
21.510315
20.635986
22.63031
21.73462
21.276855
20.726013
22.587585
20.996094
22.738647
21.261597
21.827698
23.068237
21.218872
20.214844
21.73462
21.243286
23.480225
20.780945
22.009277
21.739197
21.464539
21.037292
22.280884
21.316528
22.335815
22.348022
21.520996
20.79773
22.550964
20.43457
21.403503
21.542358
22.367859
22.059631
22.283936
23.503113
23.18573
21.73767
21.292114
20.907593
21.679688
21.328735
21.221924
22.351074
21.478271
21.321106
23.318481
22.103882
23.007202
21.731567
21.774292
20.674133
22.549438
22.714233
21.325684
22.247314
22.583008
22.717285
20.820618
22.000122
22.583008
22.87445
23.07434
22.232056
22.880554
21.157837
23.287964
21.124268
23.532104
22.148132
23.118591
23.182678
22.349548
22.879028
22.869873
21.391296
21.391296
21.391296
23.008728
22.975159
24.087524
23.57483
23.358154
22.54486
22.68982
23.060608
25.317383
24.14856
25.976562
23.292542
23.002625
24.971008
23.440552
22.802734
22.706604
23.179626
23.287964
22.190857
24.307251
24.719238
23.493958
22.834778
23.304749
24.243164
23.930359
23.561096
23.013306
23.190308
22.384644
22.976685
24.363708
24.476624
23.205566
23.64502
26.71814
25.332642
24.130249
25.526428
25.424194
23.980713
25.4776
25.144958
25.109863
27.18811
26.701355
25.590515
25.335693
24.749756
25.813293
26.359558
25.242615
27.331543
25.878906
25.14801
25.082397
25.753784
27.127075
27.42157
26.475525
27.08435
26.689148
26.853943
26.67694
25.660706
27.246094
26.852417
26.820374
26.409912
27.153015
26.722717
27.720642
27.20642
26.200867
27.992249
26.948547
26.17035
26.17035
26.17035
27.416992
27.981567
24.473572
26.028442
26.043701
26.213074
26.841736
27.139282
26.75476
26.57013
27.08435
26.841736
26.086426
26.02539
26.350403
25.473022
25.765991
25.07782
24.876404
26.84021
24.243164
24.890137
24.591064
24.894714
24.517822
26.107788
24.136353
22.842407
24.017334
23.7854
25.317383
25.970459
26.75476
25.994873
27.56958
27.420044
27.696228
27.349854
26.239014
26.698303
27.662659
26.901245
28.079224
27.798462
26.869202
25.949097
27.197266
28.152466
26.556396
26.603699
27.450562
25.827026
25.671387
26.635742
24.893188
25.978088
24.868774
24.958801
24.58496
24.299622
24.105835
23.954773
25.093079
23.306274
23.431396
24.775696
23.599243
24.499512
23.735046
23.535156
24.15924
23.440552
23.587036
24.020386
24.673462
24.171448
24.441528
25.271606
25.271606
25.271606
24.699402
24.887085
25.028992
24.86267
25.857544
25.393677
25.996399
24.247742
24.247742
25.305176
26.655579
25.767517
24.63379
25.083923
24.25232
26.490784
25.508118
25.344849
25.984192
27.09198
24.815369
25.894165
25.91095
25.254822
24.91455
24.07837
25.360107
24.263
24.345398
23.303223
23.417664
24.064636
21.481323
22.698975
23.136902
22.694397
22.546387
22.059631
23.320007
23.814392
23.710632
23.582458
24.021912
24.075317
23.677063
22.872925
23.86322
24.66278
23.420715
24.34082
24.07837
23.757935
23.301697
25.112915
23.812866
25.994873
23.150635
25.611877
24.337769
23.466492
23.495483
24.076843
23.513794
24.975586
23.075867
25.318909
22.477722
24.481201
24.241638
24.865723
25.556946
24.77417
24.37439
24.05243
24.229431
24.868774
23.750305
22.111511
23.428345
23.428345
22.080994
22.810364
24.485779
23.97461
23.353577
24.028015
23.9151
22.441101
22.558594
23.939514
22.213745
21.86737
21.429443
23.039246
22.296143
21.147156
22.845459
21.409607
21.42334
21.696472
22.351074
20.939636
21.5271
22.425842
22.746277
21.980286
21.748352
21.572876
22.216797
21.417236
24.087524
21.45691
23.233032
23.416138
23.851013
23.54889
23.22998
23.161316
23.513794
23.963928
23.970032
22.27478
23.80066
24.47052
24.971008
25.396729
24.821472
24.028015
23.957825
25.41504
24.615479
24.60022
26.542664
25.335693
24.345398
24.674988
25.08545
25.102234
24.615479
22.37854
23.068237
24.769592
24.658203
22.346497
24.214172
24.443054
25.047302
23.075867
23.123169
22.563171
25.097656
22.102356
23.934937
25.241089
23.15216
24.716187
24.536133
25.332642
24.54071
24.54071
24.54071
25.735474
26.834106
27.645874
26.745605
25.016785
27.352905
28.08075
26.968384
27.204895
27.478027
26.828003
26.312256
27.120972
26.635742
24.61853
27.687073
27.467346
27.046204
27.626038
28.782654
26.213074
26.564026
28.56903
27.89154
26.220703
24.937439
26.812744
26.942444
25.135803
25.891113
24.758911
26.008606
24.978638
23.989868
23.347473
23.405457
23.478699
23.626709
24.575806
22.833252
24.440002
23.356628
24.77417
24.220276
26.89209
25.326538
25.294495
26.626587
26.890564
28.512573
27.693176
26.089478
26.77002
28.553772
30.558777
29.870605
28.26233
29.133606
29.193115
29.103088
29.4281
30.142212
30.128479
31.318665
31.947327
32.388306
31.575012
33.17566
32.383728
32.167053
33.39081
32.859802
33.537292
33.007812
33.81958
33.3786
32.740784
33.31909
33.457947
32.292175
32.292175
32.344055
31.274414
31.492615
32.102966
33.21228
32.56073
32.635498
32.39746
34.08966
32.84912
32.707214
33.563232
32.255554
32.746887
34.1568
32.460022
32.546997
32.67975
33.096313
32.27997
32.800293
31.843567
31.980896
30.903625
32.365417
31.52008
32.36847
30.969238
32.62329
31.359863
31.799316
30.340576
31.144714
30.19867
29.014587
29.724121
30.0766
28.399658
29.472351
28.271484
28.556824
29.560852
27.601624
29.559326
29.545593
28.18451
29.766846
29.069519
28.755188
27.719116
27.84729
28.762817
28.144836
26.190186
27.923584
26.905823
28.448486
26.47705
28.335571
28.437805
27.827454
27.703857
28.341675
28.701782
26.377869
27.993774
27.355957
27.644348
27.330017
26.15509
26.791382
24.984741
25.323486
24.623108
23.667908
23.7854
22.343445
22.343445
22.343445
24.250793
22.354126
22.53418
21.673584
21.000671
21.144104
20.56427
19.30542
19.31305
18.191528
19.392395
19.337463
17.588806
19.100952
17.002869
16.098022
18.30597
16.307068
16.862488
17.375183
16.567993
16.003418
17.645264
17.78717
16.76178
16.667175
15.623474
16.81366
15.803528
16.586304
15.8203125
16.149902
16.712952
14.874268
16.57257
17.016602
16.880798
16.156006
16.804504
15.710449
16.685486
16.342163
15.718079
15.4296875
15.837097
15.577698
17.729187
16.748047
15.869141
17.480469
14.836121
15.249634
16.853333
16.499329
15.336609
14.738464
15.867615
15.083313
14.752197
14.912415
16.001892
14.964294
16.009521
12.965393
16.227722
14.419556
15.1901245
13.656616
13.021851
15.791321
14.227295
13.674927
13.981628
14.289856
12.31842
15.78064
14.5477295
14.770508
14.474487
14.404297
14.404297
14.31427
14.024353
14.546204
15.219116
15.298462
14.994812
16.674805
14.692688
15.419006
16.511536
15.200806
15.434265
16.833496
18.934631
18.061829
16.94336
16.363525
18.373108
17.72461
18.373108
15.730286
19.462585
16.255188
16.737366
16.468811
17.562866
17.86499
18.511963
17.939758
17.098999
16.963196
16.664124
16.738892
16.221619
17.555237
17.515564
17.3172
17.022705
17.947388
15.570068
17.28363
15.603638
15.684509
14.286804
16.468811
15.737915
14.772034
14.64386
16.184998
15.104675
14.933777
15.85083
15.112305
15.7699585
15.553284
16.156006
15.899658
16.209412
16.595459
15.786743
16.738892
17.251587
17.652893
17.52472
16.896057
17.523193
18.055725
16.796875
16.607666
17.715454
17.114258
17.799377
18.811035
17.13562
17.263794
17.71698
17.082214
17.279053
17.279053
17.726135
16.390991
17.808533
17.129517
16.880798
17.869568
17.388916
16.145325
16.85028
18.101501
18.055725
17.73529
17.889404
17.08374
17.025757
16.183472
15.065002
16.409302
15.361023
15.234375
15.725708
15.41748
16.052246
15.330505
15.94696
15.986633
14.996338
13.851929
13.990784
15.223694
13.269043
13.2873535
12.606812
12.120056
12.026978
13.690186
12.992859
12.995911
12.696838
12.528992
11.184692
11.952209
10.958862
10.903931
10.4599
10.858154
10.835266
9.654236
9.425354
8.610535
8.468628
7.092285
6.2164307
8.660889
7.196045
7.823181
5.050659
4.484558
3.251648
1.8539429
3.5705566
3.440857
2.0767212
1.9424438
3.3340454
1.9729614
1.0314941
2.2735596
0.064086914
-0.5996704
0.8682251
1.1581421
0.3540039
-0.33569336
-0.30517578
-1.0284424
-1.2008667
-1.8035889
-3.2287598
-3.2287598
-3.2287598
-3.2455444
-3.9550781
-5.0109863
-4.551697
-4.4677734
-4.8599243
-4.3441772
-5.6747437
-6.8847656
-6.880188
-5.5770874
-6.2698364
-8.131409
-8.38623
-8.999634
-7.5668335
-6.9839478
-7.1899414
-7.6278687
-8.235168
-9.457397
-7.4539185
-9.162903
-8.2977295
-9.786987
-8.692932
-11.509705
-10.48584
-10.655212
-10.525513
-11.3845825
-10.734558
-10.658264
-11.102295
-12.72583
-11.323547
-11.320496
-13.943481
-12.219238
-11.421204
-11.8927
-11.758423
-13.227844
-11.398315
-12.284851
-11.38916
-11.503601
-11.289978
-11.393738
-11.990356
-11.46698
-12.216187
-14.43634
-13.673401
-13.40332
-14.186096
-13.404846
-14.273071
-12.905884
-13.502502
-14.653015
-14.785767
-14.517212
-15.879822
-14.007568
-14.094543
-13.409424
-13.684082
-13.684082
-13.21106
-12.440491
-11.87439
-12.120056
-12.835693
-12.701416
-13.331604
-11.24115
-11.991882
-11.991882
-11.500549
-13.557434
-13.110352
-13.7283325
-12.310791
-13.7161255
-11.924744
-11.761475
-12.278748
-11.8927
-11.152649
-12.107849
-10.717773
-10.900879
-10.079956
-9.767151
-9.6206665
-9.126282
-8.712769
-9.352112
-9.899902
-7.4050903
-9.17511
-8.827209
-8.56781
-7.2784424
-8.699036
-6.716919
-7.2509766
-8.732605
-7.0648193
-6.791687
-6.802368
-5.7724
-5.9051514
-5.9310913
-5.026245
-5.0323486
-5.1986694
-4.6829224
-4.6051025
-4.258728
-2.6672363
-2.5772095
-3.6575317
-2.758789
-2.5802612
-3.7338257
-1.8829346
-3.0136108
-2.670288
-1.322937
-3.0303955
-2.1087646
-0.39672852
-0.9536743
-2.2476196
-0.35095215
-2.06604
-2.7130127
-0.54626465
-0.5157471
-0.6072998
-0.04272461
0.047302246
-0.48675537
0.6347656
-1.0986328
-0.45928955
0.050354004
-0.58898926
0.8529663
0.04119873
-0.0045776367
-0.48065186
-0.0869751
-0.5996704
0.07171631
0.25177002
0.25177002
-0.2166748
-1.3656616
0.5218506
1.0787964
-0.970459
-0.8895874
-0.7217407
-0.730896
-0.47302246
1.4266968
-0.17852783
-0.52490234
-0.38757324
-0.74768066
-0.06561279
-0.52490234
0.6942749
0.56762695
0.11138916
0.37078857
-1.4709473
0.14801025
0.20599365
-1.9989014
-0.5371094
-0.6149292
0.07324219
0.47149658
0.12664795
-0.7293701
-1.4602661
0.12817383
0.18463135
0.7080078
0.40130615
-0.42114258
-1.4251709
0.9124756
0.84381104
0.32806396
0.36315918
0.9094238
-1.1428833
0.0869751
-0.92926025
-0.105285645
-0.09918213
0.9750366
0.07476807
0.11291504
0.18615723
-0.36010742
0.8911133
0.23345947
-0.4043579
0.6088257
-0.36621094
-0.6637573
-0.1373291
0.09460449
2.2155762
0.50964355
0.1449585
0.5279541
2.0736694
1.3244629
1.3320923
2.0568848
2.140808
1.0147095
2.7618408
2.6229858
2.0095825
1.2390137
1.4526367
2.5299072
3.7124634
3.5873413
3.5873413
3.5873413
3.567505
2.557373
4.512024
4.698181
4.5791626
5.253601
4.408264
6.489563
5.606079
7.015991
4.7714233
5.4260254
6.6238403
6.088257
6.387329
8.235168
8.5876465
8.277893
8.647156
10.050964
6.6711426
8.9279175
7.3394775
8.776855
9.30481
9.877014
9.596252
10.159302
9.527588
8.607483
10.079956
8.657837
11.505127
10.328674
9.883118
10.662842
12.046814
11.973572
11.338806
12.867737
12.301636
11.839294
12.197876
13.580322
13.916016
14.624023
15.304565
15.931702
13.719177
16.479492
15.527344
15.6188965
17.077637
14.924622
16.523743
15.301514
16.433716
16.516113
16.818237
17.63916
16.867065
17.897034
16.725159
16.900635
18.128967
17.411804
16.867065
17.471313
17.396545
17.49115
17.494202
16.889954
17.404175
16.508484
16.149902
16.368103
18.099976
16.333008
16.333008
16.333008
16.604614
15.69519
16.067505
15.7699585
17.260742
16.690063
15.093994
15.942383
15.16571
16.08429
15.393066
16.584778
16.531372
16.51764
14.823914
17.027283
17.630005
15.679932
16.661072
17.243958
15.237427
17.67273
15.47699
14.311218
15.596008
16.333008
17.318726
17.60559
16.670227
17.11731
15.815735
17.23175
15.853882
16.792297
16.894531
16.264343
15.283203
15.3289795
14.407349
15.130615
15.428162
15.420532
14.117432
14.656067
13.05542
14.01062
13.378906
14.468384
12.712097
13.825989
13.131714
13.809204
13.703918
12.887573
10.4599
12.132263
9.936523
10.470581
9.797668
9.312439
8.033752
8.9782715
10.22644
10.169983
8.468628
8.763123
8.424377
8.616638
7.3654175
10.128784
8.441162
8.349609
8.840942
8.609009
6.9244385
7.78656
7.3806763
8.035278
8.035278
8.035278
8.119202
6.80542
7.008362
7.9071045
7.0999146
6.842041
7.1792603
6.3461304
5.0689697
6.3308716
5.0872803
4.8934937
3.6239624
5.7006836
2.2155762
1.3717651
-0.26245117
0.4272461
-1.1550903
0.35247803
-1.222229
-0.5859375
-2.2720337
-2.5985718
-3.831482
-5.5130005
-5.7296753
-5.1971436
-6.4437866
-7.991028
-7.5897217
-8.407593
-8.622742
-8.322144
-10.768127
-11.129761
-10.652161
-10.604858
-12.652588
-12.207031
-12.47406
-13.397217
-15.603638
-14.122009
-13.903809
-12.88147
-13.70697
-17.590332
-15.21759
-15.59906
-16.749573
-15.672302
-15.640259
-16.098022
-17.118835
-16.604614
-17.080688
-16.992188
-16.648865
-16.677856
-19.238281
-17.835999
-18.057251
-17.250061
-19.708252
-19.656372
-19.714355
-18.917847
-20.0531
-19.320679
-19.903564
-19.316101
-20.52002
-20.658875
-20.613098
-22.209167
-21.246338
-21.15326
-21.15326
-21.769714
-20.239258
-21.110535
-22.557068
-20.739746
-22.20459
-22.7005
-23.168945
-21.562195
-23.13385
-23.828125
-22.538757
-23.94104
-23.902893
-23.942566
-24.099731
-23.791504
-24.186707
-23.539734
-24.41864
-24.739075
-25.778198
-26.09253
-24.8703
-25.538635
-24.160767
-26.107788
-23.828125
-26.029968
-24.920654
-25.134277
-25.2594
-24.786377
-25.119019
-26.19629
-24.894714
-26.216125
-25.650024
-23.860168
-25.01831
-25.280762
-22.854614
-23.631287
-22.227478
-21.922302
-21.913147
-22.55249
-21.58966
-21.733093
-21.23108
-20.858765
-21.533203
-19.68689
-19.221497
-19.67926
-17.720032
-17.555237
-16.3208
-15.950012
-17.410278
-16.38794
-14.070129
-15.493774
-14.744568
-15.112305
-15.710449
-14.01062
-12.918091
-13.264465
-12.7960205
-14.048767
-14.093018
-15.037537
-13.7664795
-12.356567
-14.741516
-13.070679
-14.884949
-15.470886
-15.470886
-13.435364
-14.274597
-13.2369995
-14.537048
-14.804077
-14.163208
-15.2908325
-15.74707
-17.43927
-16.27655
-17.996216
-16.319275
-16.972351
-17.462158
-16.664124
-17.643738
-18.44635
-17.63916
-16.378784
-15.093994
-13.302612
-13.302612
-14.437866
-15.342712
-14.624023
-15.490723
-14.910889
-16.726685
-18.844604
-19.004822
-18.460083
-16.99524
-16.28418
-16.784668
-16.853333
-17.832947
-18.092346
-19.303894
-18.821716
-17.430115
-18.754578
-17.120361
-18.157959
-19.255066
-20.347595
-19.569397
-20.799255
-19.459534
-18.769836
-18.0542
-19.824219
-18.634033
-20.257568
-20.843506
-20.637512
-19.7052
-21.24176
-21.357727
-19.418335
-21.992493
-20.646667
-20.793152
-20.407104
-20.257568
-20.405579
-20.410156
-21.116638
-21.707153
-19.969177
-21.653748
-20.967102
-16.972351
-17.692566
-18.345642
-20.191956
-19.525146
-17.848206
-19.647217
-19.090271
-19.090271
-19.824219
-18.788147
-20.462036
-20.91217
-20.67566
-20.697021
-21.647644
-19.917297
-20.133972
-20.700073
-22.471619
-22.229004
-20.93811
-21.813965
-21.611023
-21.591187
-22.949219
-23.602295
-23.461914
-23.919678
-23.498535
-22.953796
-22.373962
-22.80426
-23.45581
-25.39978
-25.99945
-25.27008
-26.58081
-27.98462
-25.694275
-26.473999
-28.823853
-27.227783
-27.349854
-26.05133
-27.607727
-27.494812
-27.278137
-26.478577
-26.657104
-27.388
-26.559448
-25.810242
-27.015686
-25.115967
-24.938965
-24.664307
-25.305176
-24.624634
-24.517822
-23.309326
-23.480225
-23.265076
-23.46344
-23.066711
-23.94104
-25.427246
-23.24524
-22.68219
-23.962402
-23.054504
-23.05603
-24.06311
-24.661255
-24.705505
-25.157166
-25.160217
-25.38147
-24.090576
-25.460815
-24.09668
-24.88556
-25.341797
-25.782776
-25.605774
-26.394653
-26.689148
-25.236511
-25.236511
-25.236511
-27.424622
-26.716614
-28.02887
-27.462769
-28.315735
-27.679443
-27.357483
-29.077148
-29.2099
-27.66571
-27.098083
-26.79596
-27.29187
-26.35498
-25.543213
-27.597046
-26.95465
-25.575256
-25.570679
-26.26648
-25.743103
-25.692749
-23.01178
-24.621582
-22.79663
-25.334167
-22.601318
-21.871948
-21.887207
-19.429016
-21.157837
-19.62738
-18.94989
-19.487
-21.104431
-20.292664
-19.865417
-19.998169
-20.277405
-21.899414
-20.121765
-19.096375
-20.343018
-19.761658
-19.122314
-20.117188
-19.487
-18.322754
-18.881226
-17.823792
-17.414856
-19.432068
-19.602966
-20.376587
-19.081116
-19.673157
-20.030212
-21.316528
-21.784973
-20.362854
-20.317078
-18.797302
-20.275879
-19.621277
-20.254517
-18.95752
-18.574524
-18.740845
-19.017029
-18.251038
-16.972351
-19.155884
-18.487549
-17.4057
-15.710449
-16.540527
-14.277649
-15.878296
-15.878296
-15.878296
-14.370728
-13.298035
-11.555481
-12.680054
-14.839172
-13.146973
-13.529968
-14.68811
-12.414551
-12.161255
-12.687683
-12.568665
-15.171814
-13.276672
-13.322449
-14.524841
-14.259338
-13.415527
-14.935303
-14.637756
-14.071655
-15.144348
-15.881348
-15.585327
-17.36908
-16.171265
-16.996765
-17.919922
-18.56842
-18.508911
-18.522644
-18.959045
-18.411255
-17.532349
-17.323303
-18.263245
-19.090271
-20.159912
-20.204163
-19.436646
-19.763184
-19.941711
-20.469666
-19.094849
-21.406555
-20.544434
-19.25354
-18.919373
-18.510437
-17.970276
-17.913818
-18.190002
-17.640686
-16.542053
-15.794373
-17.712402
-16.215515
-16.505432
-16.801453
-18.162537
-19.277954
-18.588257
-17.475891
-18.426514
-19.128418
-19.573975
-18.841553
-18.449402
-19.276428
-19.436646
-18.803406
-18.208313
-20.22705
-20.910645
-21.83075
-22.781372
-23.460388
-21.920776
-21.920776
-21.920776
-24.1333
-24.272156
-24.977112
-22.434998
-22.996521
-22.27478
-23.3078
-23.002625
-22.497559
-22.930908
-23.18573
-22.595215
-23.106384
-23.579407
-23.753357
-23.509216
-23.399353
-23.588562
-23.54126
-24.182129
-23.095703
-21.786499
-21.505737
-20.141602
-21.018982
-19.647217
-17.89856
-21.076965
-22.845459
-19.65332
-18.92395
-20.23468
-20.21637
-21.031189
-19.776917
-20.428467
-19.795227
-20.083618
-20.780945
-20.092773
-20.803833
-21.099854
-22.341919
-20.635986
-22.062683
-23.731995
-24.31488
-24.603271
-26.51062
-26.679993
-27.391052
-27.366638
-26.715088
-27.442932
-27.459717
-28.269958
-28.761292
-29.138184
-28.048706
-29.310608
-29.656982
-28.72467
-29.450989
-28.538513
-28.79181
-29.507446
-30.74646
-30.015564
-30.387878
-27.627563
-29.374695
-28.747559
-26.881409
-27.615356
-28.225708
-27.305603
-27.526855
-27.49176
-27.49176
-28.538513
-25.823975
-27.833557
-27.253723
-26.463318
-26.286316
-28.308105
-26.695251
-27.282715
-28.746033
-28.11737
-26.368713
-27.74353
-26.228333
-29.142761
-27.815247
-29.421997
-27.742004
-29.55017
-30.003357
-30.749512
-29.655457
-31.347656
-32.44629
-33.15277
-33.389282
-33.02002
-32.11212
-33.09784
-33.351135
-32.45392
-34.8114
-33.021545
-34.14917
-33.000183
-34.913635
-35.443115
-33.1131
-35.281372
-34.555054
-34.880066
-33.876038
-34.17816
-34.68933
-34.56421
-33.61664
-34.34906
-32.661438
-32.66754
-32.133484
-31.985474
-31.253052
-31.636047
-32.377625
-32.74231
-31.42395
-32.746887
-30.905151
-32.16095
-33.02307
-33.403015
-33.23517
-33.792114
-34.931946
-32.53784
-34.791565
-32.23877
-33.032227
-34.501648
-33.78296
-35.09369
-35.0235
-35.388184
-35.591125
-35.69641
-35.098267
-36.994934
-36.038208
-35.684204
-35.684204
-35.990906
-36.131287
-35.832214
-36.40442
-35.176086
-35.76355
-37.716675
-35.71472
-35.5484
-36.714172
-36.07788
-36.48987
-36.55243
-36.4151
-37.068176
-35.046387
-36.462402
-36.584473
-35.987854
-37.416077
-36.6745
-36.001587
-36.965942
-36.213684
-34.895325
-34.700012
-34.5932
-34.620667
-34.625244
-33.337402
-33.80127
-33.647156
-32.81555
-32.49054
-33.58307
-33.981323
-33.95233
-32.868958
-32.99408
-33.465576
-34.12323
-32.348633
-32.71637
-32.214355
-33.90045
-32.972717
-32.881165
-32.725525
-33.54492
-32.870483
-34.420776
-33.692932
-32.81555
-32.084656
-34.199524
-33.04901
-32.899475
-34.431458
-34.14154
-33.57086
-34.49707
-32.261658
-35.697937
-34.451294
-34.277344
-34.405518
-33.03833
-33.88214
-32.164
-33.114624
-32.255554
-34.970093
-32.55005
-30.70221
-31.67572
-30.05371
-31.260681
-30.711365
-29.374695
-29.374695
-28.053284
-26.19629
-29.832458
-28.782654
-28.361511
-28.29132
-27.923584
-28.166199
-29.118347
-29.608154
-28.921509
-29.032898
-27.581787
-28.601074
-29.171753
-28.311157
-28.366089
-29.421997
-28.3844
-29.103088
-29.707336
-28.396606
-29.862976
-27.133179
-29.536438
-29.394531
-27.253723
-29.367065
-30.726624
-29.421997
-29.592896
-29.499817
-30.13153
-30.155945
-32.852173
-30.601501
-31.071472
-30.838013
-31.643677
-30.747986
-31.809998
-31.752014
-28.364563
-30.0354
-31.065369
-31.7276
-31.858826
-31.480408
-30.241394
-31.388855
-32.936096
-31.243896
-30.136108
-29.263306
-30.290222
-29.211426
-28.02887
-29.496765
-28.817749
-30.28717
-29.144287
-30.140686
-29.078674
-29.281616
-30.801392
-31.185913
-30.657959
-30.380249
-32.15027
-31.39038
-30.726624
-31.895447
-32.502747
-32.356262
-34.27124
-33.514404
-35.079956
-33.30536
-32.4646
-32.4646
-34.950256
-33.418274
-36.271667
-35.038757
-36.2854
-35.958862
-36.25183
-35.91461
-37.10022
-37.442017
-36.8515
-37.409973
-37.44812
-37.841797
-37.667847
-37.18109
-38.282776
-38.175964
-38.55133
-38.664246
-38.59253
-38.29956
-40.081787
-39.045715
-40.663147
-38.728333
-40.512085
-38.949585
-39.1922
-40.35034
-40.17334
-41.342163
-41.2323
-40.751648
-40.127563
-41.716003
-41.633606
-41.48407
-42.208862
-42.012024
-41.7511
-42.9245
-41.80603
-42.196655
-42.46216
-42.53235
-43.66455
-42.59491
-42.55066
-42.658997
-44.075012
-43.345642
-43.104553
-42.744446
-43.47229
-41.97235
-43.138123
-42.622375
-41.78009
-41.46881
-41.267395
-40.42511
-40.733337
-42.355347
-41.04004
-40.61737
-40.756226
-41.49475
-42.52472
-39.97345
-40.4068
-40.2771
-40.200806
-42.370605
-40.67688
-41.35437
-41.548157
-37.794495
-40.41748
-40.41748
-38.35907
-41.168213
-40.41748
-40.724182
-39.486694
-39.19983
-38.937378
-38.902283
-38.82599
-38.700867
-39.33258
-39.559937
-38.694763
-39.559937
-40.95459
-37.27417
-39.067078
-38.885498
-37.368774
-39.26239
-39.627075
-37.216187
-39.95819
-40.634155
-38.21411
-37.661743
-37.480164
-39.135742
-38.83972
-38.116455
-36.48529
-37.565613
-36.569214
-36.567688
-36.795044
-35.749817
-36.642456
-36.66992
-34.991455
-36.346436
-36.253357
-36.845398
-36.491394
-36.323547
-38.3667
-36.628723
-38.957214
-37.275696
-36.586
-36.618042
-37.504578
-37.72888
-37.51068
-38.941956
-38.64746
-38.156128
-39.38446
-37.8006
-37.771606
-37.928772
-38.28888
-37.934875
-37.5
-39.05487
-39.060974
-38.772583
-39.23645
-39.46991
-38.961792
-39.500427
-39.797974
-40.53955
-38.905334
-39.79492
-40.446472
-40.06958
-39.083862
-39.907837
-39.907837
-39.907837
-38.783264
-38.81073
-38.94348
-38.658142
-38.735962
-38.790894
-38.604736
-38.29193
-38.05847
-37.45575
-38.035583
-38.067627
-36.52954
-36.923218
-36.109924
-36.413574
-36.445618
-35.75592
-35.876465
-36.31134
-36.975098
-37.10327
-37.504578
-36.99646
-36.291504
-36.338806
-38.398743
-37.16736
-38.409424
-38.01117
-38.967896
-37.615967
-38.302612
-37.98828
-38.60016
-38.81073
-38.206482
-40.15503
-36.566162
-38.697815
-38.50403
-37.217712
-39.224243
-38.935852
-38.03711
-38.38501
-37.8067
-37.89673
-39.35852
-37.898254
-37.35504
-37.916565
-37.112427
-37.66632
-37.261963
-36.164856
-37.286377
-35.62317
-38.28888
-34.87091
-36.45172
-35.942078
-35.72235
-34.214783
-33.901978
-34.632874
-35.813904
-36.2381
-34.780884
-34.976196
-34.61609
-35.227966
-35.406494
-33.976746
-35.594177
-35.118103
-36.097717
-34.45282
-34.45282
-34.45282
-35.136414
-35.317993
-34.674072
-33.973694
-34.684753
-34.013367
-35.786438
-34.587097
-34.301758
-35.21118
-35.472107
-35.19287
-35.699463
-35.339355
-36.465454
-36.57379
-37.164307
-36.857605
-36.068726
-37.020874
-37.4588
-36.1969
-34.066772
-35.762024
-35.73456
-34.47876
-34.95941
-34.947205
-33.717346
-33.880615
-33.573914
-34.516907
-32.876587
-33.148193
-35.110474
-33.644104
-33.174133
-31.759644
-33.25348
-32.295227
-33.20923
-33.64563
-34.99298
-32.873535
-33.198547
-32.99408
-30.957031
-34.666443
-33.735657
-34.788513
-33.280945
-33.87146
-33.41217
-34.379578
-34.358215
-34.458923
-33.415222
-34.205627
-33.94165
-34.684753
-33.343506
-33.54187
-34.140015
-33.29773
-32.533264
-32.666016
-33.773804
-33.04901
-34.062195
-33.987427
-33.187866
-34.44519
-32.36847
-33.026123
-33.558655
-33.04901
-33.44574
-33.828735
-33.828735
-33.828735
-32.717896
-32.47223
-31.550598
-33.851624
-31.570435
-31.047058
-30.961609
-30.010986
-30.366516
-29.710388
-29.924011
-30.2948
-32.266235
-31.446838
-30.88684
-29.76532
-30.555725
-30.070496
-30.796814
-30.923462
-30.001831
-30.789185
-31.20575
-32.38983
-32.95288
-31.512451
-32.611084
-32.84149
-31.538391
-32.04651
-32.5531
-31.912231
-31.929016
-33.410645
-32.55768
-33.332825
-33.17566
-34.35974
-32.766724
-33.815002
-34.35974
-34.56726
-35.510254
-34.275818
-34.43756
-34.220886
-34.199524
-35.238647
-35.87799
-35.362244
-34.451294
-35.36682
-35.025024
-35.092163
-34.951782
-34.407043
-33.776855
-33.485413
-33.96454
-35.791016
-33.226013
-32.920837
-33.059692
-32.440186
-33.901978
-33.83026
-33.943176
-33.746338
-32.333374
-34.295654
-32.84912
-32.93152
-34.79767
-34.057617
-35.34546
-32.11975
-32.688904
-33.909607
-33.909607
-33.909607
-35.116577
-34.58252
-34.38263
-34.516907
-33.129883
-34.78241
-33.511353
-34.51233
-34.017944
-34.405518
-34.272766
-33.987427
-36.17859
-35.292053
-34.561157
-33.503723
-34.669495
-34.129333
-34.976196
-35.03723
-34.469604
-34.358215
-35.494995
-35.040283
-33.43506
-33.963013
-32.09839
-32.284546
-33.95996
-32.44629
-33.273315
-33.828735
-34.025574
-32.270813
-30.889893
-31.596375
-31.36139
-32.559204
-31.391907
-31.599426
-31.634521
-32.58667
-31.802368
-32.717896
-33.303833
-32.25403
-33.503723
-34.066772
-32.992554
-32.603455
-33.28247
-32.911682
-33.883667
-34.762573
-33.210754
-33.215332
-33.09784
-33.60443
-34.37805
-33.61206
-33.851624
-33.520508
-34.10797
-34.67102
-32.902527
-33.63037
-33.720398
-34.158325
-33.02765
-35.18982
-33.51593
-34.075928
-34.205627
-34.54132
-33.363342
-34.318542
-32.528687
-34.010315
-32.49359
-32.49359
-33.28247
-31.045532
-32.543945
-31.86493
-31.114197
-32.159424
-31.515503
-32.032776
-32.466125
-32.05719
-30.160522
-31.069946
-29.743958
-30.329895
-31.707764
-31.307983
-31.648254
-31.053162
-31.820679
-31.840515
-33.43048
-32.0755
-32.5943
-32.02362
-32.226562
-31.741333
-32.504272
-32.173157
-31.91681
-31.492615
-32.383728
-33.31909
-33.239746
-32.6828
-33.97522
-32.71942
-32.67212
-32.85675
-33.95691
-33.573914
-33.042908
-33.53882
-33.740234
-32.878113
-34.136963
-33.07953
-33.1604
-33.53424
-32.606506
-33.320618
-33.97827
-32.26013
-31.503296
-32.36847
-32.09839
-32.756042
-32.408142
-33.355713
-31.07605
-32.318115
-31.726074
-30.870056
-31.271362
-30.909729
-31.602478
-30.255127
-30.613708
-30.505371
-31.417847
-31.06842
-32.606506
-33.190918
-32.08618
-32.017517
-32.748413
-31.619263
-34.654236
-34.739685
-34.739685
-34.739685
-33.825684
-33.589172
-33.02307
-31.713867
-33.262634
-32.859802
-33.587646
-31.84967
-32.432556
-32.929993
-33.67157
-34.03473
-33.688354
-34.85565
-33.80432
-34.375
-34.23767
-31.900024
-33.61664
-33.51593
-32.88269
-31.796265
-32.229614
-32.444763
-33.226013
-32.011414
-31.6391
-31.329346
-32.695007
-30.360413
-30.632019
-31.863403
-29.042053
-30.88379
-29.675293
-29.00238
-29.87976
-30.24292
-30.07965
-31.02417
-30.97229
-32.377625
-30.783081
-32.11975
-34.165955
-32.65381
-31.939697
-31.533813
-33.210754
-32.35321
-32.63092
-32.487488
-33.29773
-33.148193
-33.296204
-33.677673
-33.699036
-34.407043
-33.20923
-32.83539
-34.191895
-33.662415
-35.44464
-34.536743
-36.050415
-34.613037
-36.120605
-34.8938
-35.10742
-34.805298
-35.307312
-34.683228
-34.205627
-34.075928
-33.546448
-33.810425
-34.6817
-35.069275
-33.901978
-33.901978
-33.901978
-33.532715
-33.14972
-33.38623
-31.999207
-32.780457
-33.699036
-32.20215
-33.187866
-33.372498
-32.681274
-31.524658
-32.754517
-31.773376
-32.53479
-31.898499
-33.96759
-34.42383
-33.15277
-33.143616
-34.754944
-35.79712
-34.90448
-35.794067
-35.876465
-35.499573
-35.49652
-35.55298
-34.90143
-35.079956
-33.90045
-35.227966
-34.552002
-34.165955
-35.191345
-35.55603
-35.575867
-36.12671
-35.562134
-34.802246
-35.725403
-35.247803
-35.717773
-36.088562
-35.40802
-36.19232
-35.354614
-34.761047
-34.770203
-34.33075
-34.46808
-35.06775
-34.57184
-34.425354
-37.042236
-34.44519
-33.467102
-33.80432
-32.470703
-34.83429
-34.66339
-36.24878
-35.74829
-34.503174
-33.90503
-34.339905
-33.31909
-34.095764
-34.66034
-35.53009
-36.338806
-34.646606
-36.260986
-34.513855
-34.45587
-34.63745
-35.79254
-36.21826
-36.21826
-36.21826
-35.913086
-36.027527
-37.33368
-35.728455
-35.51941
-35.942078
-35.505676
-35.04486
-35.67047
-35.520935
-36.25183
-35.609436
-35.37903
-36.289978
-36.413574
-36.184692
-34.71985
-35.482788
-36.097717
-34.40399
-34.951782
-35.61554
-35.01129
-34.643555
-34.580994
-33.224487
-33.007812
-33.987427
-33.996582
-32.832336
-33.483887
-34.0271
-33.61969
-34.010315
-32.400513
-35.169983
-34.43451
-34.291077
-34.13086
-34.736633
-33.840942
-31.89392
-32.398987
-33.389282
-33.987427
-35.372925
-34.457397
-32.962036
-33.45642
-34.368896
-32.9422
-33.857727
-33.694458
-33.273315
-32.081604
-34.00421
-35.610962
-34.873962
-34.716797
-33.283997
-34.19342
-33.026123
-33.625793
-36.157227
-34.391785
-34.3338
-32.922363
-34.27124
-33.039856
-31.70166
-32.44934
-32.24945
-33.999634
-33.000183
-33.5495
-32.962036
-33.110046
-33.76007
-33.76007
-33.76007
-32.383728
-31.951904
-33.329773
-32.235718
-32.188416
-32.56378
-32.695007
-33.47168
-32.74994
-32.16858
-33.29315
-32.398987
-31.188965
-34.428406
-32.035828
-32.711792
-33.2016
-32.911682
-32.954407
-33.69751
-32.70569
-33.651733
-33.198547
-33.389282
-33.128357
-32.01599
-33.10547
-31.7276
-32.5119
-32.8125
-31.45752
-33.766174
-33.787537
-33.839417
-33.711243
-34.579468
-33.644104
-34.85565
-33.10547
-31.707764
-33.694458
-36.701965
-34.498596
-33.581543
-33.638
-33.259583
-33.784485
-34.150696
-32.54547
-33.47473
-33.47168
-33.55713
-33.981323
-34.379578
-33.2901
-32.5531
-33.3313
-33.3786
-32.52411
-32.888794
-34.500122
-33.09326
-33.050537
-33.96454
-32.824707
-33.457947
-33.12683
-31.87561
-34.350586
-33.01239
-32.652283
-32.39746
-31.86493
-33.036804
-32.17926
-32.543945
-32.522583
-33.03833
-34.498596
-34.498596
-32.814026
-33.3786
-33.215332
-30.844116
-31.225586
-34.10492
-32.09076
-32.22351
-33.000183
-32.322693
-33.694458
-33.320618
-33.31909
-33.61664
-33.036804
-32.86438
-33.618164
-33.999634
-33.729553
-33.992004
-31.991577
-34.43756
-32.650757
-34.843445
-33.398438
-33.981323
-33.39386
-32.24945
-33.206177
-32.289124
-34.335327
-33.88977
-34.622192
-33.052063
-33.000183
-32.64923
-34.213257
-32.69043
-32.321167
-33.40454
-33.3313
-33.17871
-32.37915
-32.444763
-33.337402
-33.33435
-31.8573
-34.106445
-34.01947
-30.995178
-34.005737
-32.695007
-32.450867
-32.499695
-34.646606
-33.128357
-31.988525
-33.029175
-32.244873
-33.485413
-32.380676
-31.794739
-32.728577
-32.24182
-32.04956
-33.5495
-33.766174
-33.32367
-33.921814
-34.432983
-34.057617
-33.891296
-31.811523
-32.97882
-32.862854
-33.891296
-33.415222
-33.599854
-33.761597
-33.761597
-33.761597
-33.000183
-33.042908
-32.443237
-32.814026
-33.42743
-33.163452
-33.285522
-32.98645
-33.195496
-33.09021
-32.469177
-31.826782
-32.3761
-33.04596
-32.395935
-33.944702
-32.733154
-32.681274
-32.97882
-33.921814
-32.907104
-33.5968
-33.2489
-31.814575
-33.283997
-32.357788
-32.17621
-32.995605
-32.395935
-32.954407
-31.359863
-33.68988
-32.876587
-33.050537
-32.904053
-33.633423
-32.595825
-34.1568
-33.906555
-32.44171
-32.30591
-33.976746
-31.022644
-32.435608
-32.64923
-32.258606
-33.12683
-31.384277
-30.532837
-31.150818
-34.155273
-32.04193
-31.106567
-32.444763
-32.48291
-31.715393
-31.93512
-32.225037
-32.643127
-31.245422
-32.61566
-31.861877
-31.889343
-32.83844
-32.44934
-32.910156
-33.23517
-33.34198
-31.369019
-31.439209
-31.721497
-32.554626
-33.280945
-31.44226
-33.83026
-31.063843
-32.183838
-32.3761
-32.818604
-32.818604
-33.00171
-33.83789
-32.676697
-32.89795
-32.121277
-31.958008
-31.959534
-32.946777
-33.120728
-31.900024
-33.81958
-32.73163
-31.274414
-33.0307
-33.39386
-32.902527
-34.329224
-31.643677
-32.556152
-33.888245
-33.085632
-32.99713
-34.121704
-34.23462
-31.918335
-31.912231
-31.958008
-33.337402
-33.70514
-33.2901
-31.881714
-33.88977
-34.269714
-33.389282
-33.462524
-32.904053
-32.470703
-33.32367
-32.884216
-33.753967
-31.652832
-33.158875
-33.998108
-31.660461
-32.461548
-33.491516
-34.191895
-36.02295
-33.31604
-33.07953
-31.002808
-34.040833
-33.103943
-31.959534
-32.476807
-32.543945
-33.666992
-32.939148
-34.355164
-32.084656
-32.9834
-34.350586
-34.00421
-33.187866
-34.014893
-33.607483
-34.573364
-34.33075
-34.197998
