-27.180481
-25.11444
-26.283264
-26.41449
-26.300049
-27.127075
-26.27716
-26.41449
-27.84729
-27.096558
-25.624084
-26.719666
-27.052307
-25.958252
-26.644897
-26.655579
-27.49176
-26.489258
-27.398682
-26.046753
-26.608276
-27.053833
-26.489258
-27.052307
-27.998352
-26.58844
-27.326965
-26.27716
-25.83313
-25.888062
-26.402283
-26.402283
-27.139282
-27.090454
-26.800537
-27.418518
-25.52185
-26.473999
-26.638794
-25.009155
-27.911377
-26.731873
-27.400208
-27.818298
-26.315308
-27.357483
-25.843811
-25.778198
-26.576233
-27.082825
-26.480103
-27.288818
-27.500916
-27.516174
-26.582336
-25.857544
-26.719666
-27.08435
-26.612854
-27.133179
-25.587463
-26.791382
-26.612854
-27.127075
-26.556396
-27.08435
-25.265503
-27.388
-25.97351
-27.26593
-25.149536
-26.824951
-27.249146
-26.782227
-27.542114
-26.85852
-26.779175
-25.086975
-26.049805
-24.879456
-27.856445
-26.525879
-27.142334
-26.635742
-26.519775
-26.35498
-26.574707
-27.294922
-25.88501
-27.285767
-27.935791
-24.57428
-25.881958
-27.415466
-26.522827
-26.028442
-27.316284
-25.338745
-25.92163
-25.268555
-27.139282
-26.313782
-26.68457
-26.782227
-26.38855
-27.513123
-26.837158
-27.288818
-27.560425
-26.470947
-25.16632
-25.16632
-25.16632
-26.837158
-28.677368
-28.341675
-25.605774
-26.391602
-26.519775
-26.661682
-26.379395
-28.341675
-27.18811
-26.776123
-26.626587
-27.476501
-27.288818
-25.72937
-27.075195
-28.019714
-26.121521
-27.078247
-27.154541
-26.844788
-28.045654
-25.868225
-27.89154
-26.065063
-27.60315
-28.231812
-25.645447
-27.090454
-25.894165
-26.568604
-26.876831
-27.307129
-28.21045
-27.127075
-27.589417
-27.26593
-25.271606
-27.711487
-26.109314
-25.131226
-26.837158
-28.082275
-27.127075
-25.013733
-27.175903
-27.210999
-27.648926
-26.80664
-27.114868
-25.941467
-26.420593
-27.157593
-26.391602
-26.72882
-27.4292
-27.542114
-27.285767
-26.753235
-26.612854
-26.812744
-26.478577
-25.959778
-25.98114
-27.308655
-27.20337
-26.750183
-26.72882
-26.611328
-26.628113
-27.200317
-27.497864
-27.459717
-27.394104
-26.431274
-26.438904
-27.180481
-26.924133
-28.475952
-28.475952
-28.475952
-26.756287
-26.382446
-26.481628
-26.14746
-27.938843
-26.924133
-26.405334
-26.44043
-26.725769
-28.207397
-25.89569
-27.905273
-26.405334
-27.359009
-27.133179
-28.144836
-26.161194
-26.594543
-26.423645
-27.62146
-27.62146
-27.507019
-27.34375
-28.234863
-27.972412
-27.91748
-25.785828
-27.185059
-26.345825
-25.75531
-27.957153
-27.662659
-28.340149
-27.549744
-27.60315
-27.124023
-27.313232
-25.834656
-27.651978
-26.40686
-27.973938
-25.744629
-26.956177
-26.727295
-27.20337
-26.693726
-26.705933
-27.124023
-26.824951
-28.399658
-26.74408
-27.444458
-27.319336
-25.654602
-27.334595
-27.2583
-27.345276
-27.078247
-25.930786
-27.624512
-25.927734
-28.825378
-27.563477
-26.89209
-26.568604
-27.270508
-26.345825
-29.040527
-26.571655
-27.848816
-26.559448
-26.643372
-26.68457
-27.548218
-26.31836
-27.886963
-27.389526
-27.531433
-27.1698
-27.1698
-27.1698
-26.402283
-25.942993
-26.574707
-27.384949
-25.891113
-28.02887
-28.147888
-26.693726
-26.620483
-26.597595
-27.157593
-27.26593
-25.692749
-28.764343
-26.776123
-27.558899
-27.064514
-27.375793
-27.407837
-28.93982
-27.267456
-25.891113
-25.582886
-26.782227
-26.737976
-27.375793
-27.119446
-27.474976
-27.391052
-25.086975
-27.571106
-26.463318
-25.694275
-27.316284
-26.59607
-26.364136
-27.075195
-27.114868
-25.299072
-26.321411
-26.351929
-24.902344
-27.2583
-26.31836
-26.100159
-26.657104
-25.714111
-25.959778
-25.796509
-25.759888
-25.912476
-25.793457
-27.572632
-25.964355
-27.397156
-25.775146
-25.817871
-26.565552
-27.357483
-25.950623
-27.531433
-27.549744
-25.55542
-26.313782
-26.330566
-24.989319
-27.4292
-27.534485
-27.415466
-26.824951
-26.493835
-25.894165
-26.350403
-26.535034
-28.684998
-27.119446
-25.856018
-25.856018
-25.856018
-28.224182
-27.619934
-26.625061
-26.353455
-27.886963
-27.26593
-26.70288
-26.982117
-26.779175
-28.681946
-28.257751
-27.827454
-27.998352
-27.896118
-26.618958
-26.438904
-27.26593
-27.580261
-26.53656
-26.609802
-27.175903
-28.334045
-28.16925
-26.7807
-27.389526
-27.45514
-27.830505
-25.790405
-28.608704
-26.704407
-26.791382
-26.316833
-26.661682
-25.848389
-27.053833
-26.800537
-28.153992
-27.853394
-25.767517
-28.02887
-26.493835
-26.567078
-27.282715
-26.481628
-27.076721
-26.553345
-27.500916
-28.218079
-27.252197
-28.213501
-26.38855
-26.80664
-28.016663
-26.646423
-26.486206
-26.635742
-26.022339
-27.859497
-26.016235
-27.398682
-27.360535
-26.409912
-26.016235
-26.022339
-26.412964
-25.112915
-27.243042
-25.109863
-28.33252
-25.987244
-26.315308
-26.464844
-27.114868
-25.309753
-26.095581
-26.785278
-24.954224
-24.371338
-24.371338
-24.371338
-26.693726
-27.163696
-27.45819
-27.270508
-27.444458
-25.723267
-25.013733
-26.37024
-25.372314
-25.04425
-25.970459
-25.172424
-25.624084
-25.079346
-25.886536
-26.300049
-25.109863
-24.546814
-25.068665
-24.46289
-24.784851
-25.978088
-25.868225
-25.271606
-24.50409
-25.776672
-25.572205
-25.183105
-24.905396
-23.573303
-23.632812
-24.917603
-25.071716
-25.697327
-22.703552
-23.423767
-25.317383
-25.161743
-25.151062
-24.331665
-25.58899
-24.131775
-24.453735
-23.6969
-24.267578
-24.143982
-25.221252
-25.637817
-25.619507
-24.89624
-26.126099
-26.403809
-25.19226
-23.435974
-24.475098
-24.154663
-25.805664
-25.076294
-25.898743
-23.405457
-23.564148
-24.943542
-25.889587
-25.785828
-23.600769
-24.343872
-24.229431
-25.328064
-26.10321
-24.55597
-23.902893
-25.419617
-24.22638
-23.884583
-23.399353
-24.339294
-23.814392
-24.479675
-24.479675
-24.479675
-25.447083
-25.312805
-23.76709
-24.987793
-24.624634
-25.689697
-24.409485
-25.230408
-24.897766
-24.601746
-24.943542
-24.409485
-25.732422
-24.884033
-24.420166
-24.349976
-24.813843
-25.042725
-25.260925
-24.10431
-25.776672
-24.084473
-25.816345
-25.154114
-25.941467
-26.589966
-26.371765
-26.797485
-28.347778
-25.621033
-25.372314
-24.902344
-24.897766
-25.863647
-27.383423
-26.210022
-26.527405
-26.792908
-26.142883
-27.722168
-26.74408
-24.241638
-26.808167
-25.169373
-25.830078
-26.849365
-25.315857
-26.683044
-24.964905
-26.68457
-25.1297
-24.951172
-26.63269
-26.87378
-27.705383
-26.428223
-27.149963
-27.119446
-28.671265
-26.521301
-27.35138
-26.533508
-28.096008
-27.920532
-27.319336
-26.823425
-25.628662
-27.01416
-27.316284
-27.078247
-24.72992
-25.886536
-26.602173
-25.541687
-24.563599
-26.359558
-26.01471
-27.57721
-27.57721
-27.57721
-26.338196
-27.549744
-26.12915
-25.92926
-27.641296
-26.670837
-26.828003
-26.844788
-26.844788
-26.701355
-26.766968
-27.671814
-26.771545
-26.112366
-27.607727
-26.617432
-27.296448
-27.452087
-27.496338
-26.470947
-27.168274
-27.526855
-27.622986
-27.482605
-25.706482
-26.593018
-27.241516
-26.634216
-28.341675
-28.121948
-28.64685
-30.319214
-28.263855
-27.505493
-27.920532
-29.701233
-28.985596
-26.800537
-27.557373
-28.259277
-25.694275
-26.498413
-25.846863
-25.828552
-26.571655
-26.376343
-27.478027
-26.350403
-25.994873
-27.272034
-26.593018
-27.972412
-27.816772
-25.944519
-27.954102
-26.522827
-26.339722
-26.496887
-26.81427
-27.966309
-26.327515
-26.286316
-26.727295
-27.21405
-26.71814
-26.490784
-27.323914
-26.765442
-26.435852
-26.387024
-26.515198
-26.51825
-27.36206
-28.030396
-27.104187
-27.149963
-26.446533
-27.137756
-27.520752
-27.520752
-27.812195
-27.825928
-27.528381
-27.392578
-27.340698
-27.069092
-27.255249
-27.436829
-28.31726
-27.404785
-28.736877
-28.749084
-28.73993
-26.983643
-28.144836
-27.708435
-27.915955
-28.541565
-28.178406
-27.784729
-27.467346
-26.350403
-26.719666
-27.799988
-29.78363
-29.780579
-27.308655
-28.691101
-29.499817
-29.408264
-28.118896
-26.643372
-28.045654
-28.189087
-27.893066
-29.672241
-27.58789
-28.62854
-25.761414
-28.366089
-26.322937
-26.321411
-25.663757
-24.476624
-29.40979
-27.128601
-25.279236
-27.069092
-27.296448
-26.869202
-27.436829
-27.6474
-26.141357
-28.883362
-27.528381
-27.980042
-29.527283
-29.621887
-27.436829
-28.886414
-27.896118
-28.712463
-28.392029
-28.747559
-27.314758
-29.025269
-28.981018
-28.762817
-28.182983
-28.42102
-28.858948
-27.908325
-29.598999
-28.15094
-29.248047
-28.224182
-28.79181
-30.470276
-29.859924
-29.859924
-29.859924
-27.786255
-28.851318
-29.911804
-28.526306
-28.689575
-29.447937
-29.15802
-32.125854
-28.733826
-28.999329
-30.233765
-29.02832
-29.985046
-28.918457
-29.025269
-30.155945
-29.97284
-29.804993
-28.648376
-29.644775
-30.337524
-31.646729
-30.989075
-30.65033
-28.601074
-30.044556
-29.884338
-30.351257
-30.282593
-32.07245
-31.071472
-30.249023
-31.660461
-31.269836
-30.767822
-31.512451
-31.38733
-32.10144
-31.993103
-30.12085
-30.610657
-29.336548
-31.266785
-30.427551
-28.936768
-29.248047
-30.02472
-30.197144
-28.479004
-27.944946
-28.367615
-28.387451
-29.182434
-28.59497
-28.495789
-29.13208
-27.929688
-26.930237
-27.981567
-28.012085
-26.98822
-27.212524
-28.541565
-29.067993
-26.823425
-27.59552
-24.909973
-27.696228
-25.868225
-26.042175
-26.809692
-26.068115
-26.559448
-25.869751
-24.327087
-27.478027
-27.078247
-26.275635
-28.42102
-28.450012
-28.450012
-28.126526
-25.523376
-28.35846
-26.678467
-26.211548
-27.799988
-26.760864
-26.075745
-26.026917
-26.12915
-26.483154
-26.048279
-26.429749
-26.828003
-27.638245
-26.924133
-26.435852
-27.360535
-26.512146
-26.985168
-28.700256
-27.027893
-28.717041
-27.597046
-28.083801
-27.137756
-28.84674
-25.944519
-27.493286
-26.278687
-26.745605
-26.055908
-26.9104
-27.070618
-26.9516
-26.768494
-27.217102
-27.055359
-26.345825
-26.893616
-25.679016
-26.010132
-27.270508
-24.893188
-26.220703
-27.027893
-26.809692
-26.020813
-27.961731
-25.294495
-25.050354
-25.564575
-26.27716
-25.494385
-24.72229
-25.465393
-24.243164
-23.364258
-22.956848
-25.216675
-23.532104
-24.438477
-24.179077
-23.243713
-25.486755
-23.73352
-24.145508
-23.388672
-25.990295
-24.440002
-23.721313
-22.738647
-25.123596
-24.028015
-25.619507
-23.490906
-22.897339
-22.897339
-22.897339
-24.919128
-24.880981
-24.313354
-24.084473
-23.443604
-23.394775
-23.739624
-23.442078
-21.55304
-22.688293
-22.64862
-22.666931
-22.937012
-22.642517
-22.872925
-23.683167
-24.279785
-21.981812
-23.684692
-24.279785
-23.321533
-22.949219
-23.376465
-22.869873
-25.75531
-25.123596
-25.158691
-25.532532
-23.625183
-23.72284
-23.719788
-24.171448
-24.238586
-24.285889
-25.050354
-22.610474
-24.491882
-25.900269
-24.006653
-24.365234
-22.158813
-22.883606
-21.968079
-22.724915
-24.221802
-23.439026
-23.190308
-24.22638
-23.44513
-24.699402
-25.057983
-23.85254
-24.238586
-25.582886
-23.364258
-23.562622
-23.80066
-23.80371
-23.30017
-22.433472
-21.107483
-21.296692
-22.633362
-23.176575
-22.511292
-21.984863
-22.650146
-22.744751
-22.80426
-22.807312
-19.755554
-22.332764
-21.975708
-21.264648
-21.046448
-21.177673
-22.299194
-22.787476
-22.424316
-23.007202
-23.007202
-23.03772
-23.744202
-21.84143
-22.229004
-23.171997
-20.87555
-21.495056
-22.250366
-21.806335
-21.650696
-21.67511
-21.59729
-21.083069
-21.6156
-21.954346
-20.845032
-21.84906
-22.514343
-20.635986
-22.514343
-19.102478
-21.899414
-21.885681
-20.045471
-20.948792
-21.098328
-20.129395
-21.395874
-20.309448
-19.822693
-18.43872
-20.576477
-20.350647
-19.093323
-19.570923
-18.82019
-19.953918
-19.490051
-21.836853
-20.681763
-20.829773
-20.211792
-21.612549
-19.16809
-21.609497
-21.594238
-20.895386
-22.105408
-20.578003
-22.77069
-21.653748
-22.880554
-21.287537
-21.885681
-22.059631
-22.216797
-21.640015
-22.198486
-22.938538
-21.980286
-22.88971
-23.077393
-23.098755
-23.342896
-22.172546
-22.885132
-24.084473
-23.634338
-22.929382
-22.155762
-22.45636
-24.320984
-22.763062
-23.313904
-23.475647
-23.274231
-23.332214
-23.265076
-23.265076
-25.105286
-24.169922
-23.54889
-22.75238
-24.667358
-25.057983
-24.093628
-23.431396
-25.74768
-24.673462
-26.217651
-24.08142
-26.016235
-25.66986
-24.923706
-27.799988
-26.690674
-26.194763
-27.053833
-27.908325
-27.593994
-27.798462
-27.58789
-29.09851
-28.48816
-29.238892
-27.883911
-29.17633
-28.059387
-29.69513
-28.910828
-29.312134
-28.21045
-29.28772
-28.555298
-29.33197
-28.948975
-29.711914
-28.179932
-30.529785
-28.474426
-29.03595
-31.14624
-27.900696
-29.222107
-28.886414
-28.788757
-30.093384
-28.231812
-29.011536
-29.518127
-27.931213
-28.573608
-28.788757
-27.690125
-28.910828
-28.601074
-28.431702
-30.059814
-27.615356
-27.714539
-27.095032
-27.442932
-25.959778
-27.030945
-27.836609
-25.801086
-26.005554
-25.102234
-26.69983
-25.297546
-24.998474
-24.803162
-24.980164
-24.865723
-25.2594
-23.582458
-23.425293
-22.924805
-22.924805
-22.924805
-22.8302
-23.674011
-24.072266
-21.321106
-23.179626
-21.626282
-22.57843
-22.711182
-21.731567
-19.232178
-20.942688
-20.81604
-20.0531
-20.187378
-21.562195
-20.17212
-19.778442
-18.978882
-18.969727
-18.4021
-18.397522
-17.027283
-17.7948
-15.827942
-17.285156
-17.434692
-15.711975
-16.189575
-15.124512
-15.438843
-15.110779
-13.876343
-14.361572
-13.284302
-13.105774
-12.6953125
-13.153076
-13.864136
-12.072754
-11.198425
-11.761475
-12.738037
-11.129761
-12.515259
-9.802246
-10.423279
-9.492493
-8.555603
-9.355164
-7.307434
-9.480286
-5.6503296
-6.3812256
-5.924988
-5.732727
-5.7373047
-5.4275513
-3.2669067
-2.8686523
-3.93219
-4.0039062
-3.0792236
-2.4276733
-2.7770996
-1.8539429
-2.6474
-1.248169
-1.0848999
-1.0848999
-0.5218506
-1.7456055
-1.6113281
-0.059509277
0.9780884
-0.10070801
1.071167
2.5238037
3.0410767
3.0410767
2.897644
2.3223877
3.7460327
3.692627
4.3136597
5.0216675
4.3884277
4.2388916
5.6488037
5.163574
6.121826
7.235718
6.164551
6.867981
6.578064
5.9677124
6.3705444
5.6167603
6.8237305
6.867981
6.639099
7.611084
7.38678
7.348633
6.8725586
7.6538086
7.4920654
8.2473755
9.446716
6.614685
8.287048
8.427429
7.4539185
8.863831
9.790039
7.9452515
8.755493
9.823608
7.167053
9.47876
8.840942
8.853149
8.152771
8.183289
8.694458
8.021545
8.641052
9.1796875
7.597351
7.887268
8.91571
8.648682
11.244202
8.695984
9.664917
8.004761
7.8842163
7.8460693
8.299255
9.870911
10.177612
7.9956055
8.270264
8.557129
8.5876465
9.634399
8.067322
8.261108
8.215332
7.824707
8.529663
7.936096
6.3934326
8.111572
8.566284
6.555176
6.744385
7.473755
8.093262
8.093262
6.463623
6.6452026
5.1757812
6.5826416
7.4386597
6.037903
5.531311
7.3638916
7.0404053
6.5444946
6.982422
6.564331
4.875183
7.458496
6.3568115
6.564331
7.015991
6.7199707
7.281494
6.652832
6.404114
6.9885254
6.2438965
6.3827515
5.895996
6.5338135
7.168579
8.570862
7.4920654
8.023071
8.03833
8.100891
7.814026
8.192444
7.987976
8.430481
8.609009
8.103943
7.875061
8.522034
9.092712
8.561707
7.8826904
9.309387
8.51593
8.021545
6.95343
6.2911987
8.335876
7.89032
8.015442
7.887268
9.115601
9.559631
9.300232
11.05957
9.107971
10.18219
10.255432
11.706543
10.316467
9.750366
9.223938
9.197998
9.962463
10.528564
9.307861
10.057068
11.308289
10.021973
11.003113
9.886169
12.333679
9.735107
10.673523
10.618591
11.465454
10.864258
10.864258
10.864258
10.50415
12.158203
11.373901
11.433411
12.721252
12.992859
11.134338
9.934998
11.885071
14.439392
11.9644165
12.129211
9.924316
11.428833
9.236145
12.034607
11.231995
11.079407
10.18219
10.440063
8.865356
9.049988
9.393311
10.527039
10.548401
9.309387
10.543823
11.135864
9.654236
11.593628
12.078857
8.857727
11.174011
10.476685
12.011719
9.515381
9.666443
9.541321
8.517456
9.376526
9.953308
7.659912
9.254456
9.863281
7.6828003
8.526611
7.7301025
6.0516357
7.7163696
6.1798096
6.8359375
7.220459
7.1914673
3.9840698
4.7668457
5.230713
4.736328
3.3355713
4.7088623
4.420471
3.1936646
3.944397
5.44281
3.0029297
2.4368286
3.1204224
2.532959
2.7297974
2.909851
2.1759033
1.4129639
2.029419
1.3824463
2.005005
0.9185791
1.1932373
0.8987427
0.21514893
0.21514893
0.21514893
1.473999
0.7675171
-0.63934326
-2.6748657
-2.5894165
-1.6555786
-2.8961182
-1.0879517
-2.6184082
-3.9978027
-4.4281006
-1.5914917
-1.914978
-2.937317
-2.987671
-2.6687622
-2.9785156
-2.9586792
-2.229309
-2.494812
-2.1865845
-3.9352417
-2.3635864
-2.645874
-1.1001587
-2.6412964
-2.6733398
-1.2054443
-4.060364
-1.9775391
-4.647827
-3.163147
-4.534912
-2.4414062
-1.083374
-2.4642944
-3.1936646
-1.6494751
-3.17688
-1.7166138
-2.7908325
-1.2649536
-2.8152466
-1.2619019
-1.739502
-3.4118652
-0.9689331
-3.312683
-2.7679443
-2.810669
-2.3773193
-2.7145386
-3.616333
-1.1322021
-3.868103
-2.5543213
-1.6952515
-2.7420044
-2.507019
-3.8909912
-3.1402588
-2.5238037
-3.9474487
-4.168701
-2.6916504
-3.8146973
-4.135132
-2.746582
-3.9749146
-2.4520874
-4.2297363
-4.7683716
-4.0985107
-5.142212
-3.8619995
-4.396057
-3.6117554
-3.4454346
-3.4454346
-3.4454346
-5.6106567
-5.8380127
-5.619812
-6.5475464
-5.89447
-5.418396
-6.9900513
-4.258728
-4.373169
-5.128479
-3.9611816
-5.4504395
-3.1677246
-3.1448364
-2.357483
-1.1581421
-2.3590088
-2.029419
-2.4993896
-1.8493652
-0.8880615
-3.5339355
-2.2537231
-2.5650024
-0.27008057
-0.2593994
-0.5874634
-0.66833496
0.45013428
-0.0076293945
-0.5371094
-0.85754395
-1.4892578
-0.064086914
0.15106201
-0.4257202
2.1774292
-0.35247803
1.1627197
-0.37231445
1.2237549
-0.25177002
0.03967285
-1.3061523
-1.1322021
-1.2039185
-1.0650635
-1.0192871
-1.3580322
-1.789856
-1.8615723
-1.914978
-1.1398315
-1.2374878
-1.6235352
-2.2705078
-1.9165039
-1.8859863
-0.85754395
-2.39563
-0.94451904
-0.9399414
-0.35095215
-1.663208
-2.2705078
-1.7944336
-1.0482788
-3.3355713
-2.5360107
-3.9733887
-3.7078857
-4.737854
-4.978943
-2.7328491
-4.551697
-5.7922363
-5.7281494
-5.9020996
-5.9020996
-6.512451
-6.9244385
-7.4157715
-6.413269
-5.7617188
-7.926941
-7.8338623
-9.005737
-9.49707
-9.248352
-9.220886
-8.184814
-8.595276
-8.888245
-8.137512
-10.327148
-10.174561
-10.81543
-10.089111
-9.307861
-10.942078
-11.231995
-9.9105835
-10.728455
-12.22229
-10.850525
-11.593628
-11.354065
-12.890625
-12.17041
-13.1073
-14.11438
-14.212036
-13.963318
-13.908386
-15.162659
-14.016724
-14.694214
-15.327454
-14.178467
-16.049194
-13.362122
-14.485168
-17.997742
-17.488098
-19.320679
-19.274902
-19.210815
-19.259644
-17.616272
-19.682312
-19.650269
-17.765808
-19.19403
-19.291687
-20.838928
-21.141052
-20.477295
-21.173096
-21.092224
-21.82312
-22.589111
-21.987915
-21.896362
-21.963501
-22.161865
-23.638916
-23.075867
-22.782898
-25.126648
-26.71051
-25.195312
-26.06659
-24.884033
-25.440979
-26.582336
-25.216675
-26.631165
-26.567078
-26.567078
-28.752136
-28.315735
-28.431702
-28.14331
-28.692627
-29.042053
-29.769897
-29.867554
-29.917908
-29.177856
-31.732178
-31.486511
-31.803894
-32.118225
-31.904602
-32.53479
-32.94983
-33.602905
-34.054565
-36.024475
-37.117004
-37.117004
-36.317444
-37.127686
-35.816956
-37.072754
-35.91461
-37.27722
-36.650085
-37.26349
-36.67755
-37.928772
-38.354492
-36.532593
-37.42218
-38.356018
-37.98065
-36.44409
-37.96692
-39.341736
-37.280273
-36.48529
-36.369324
-36.42273
-36.579895
-35.507202
-37.59308
-36.33423
-39.115906
-36.383057
-35.794067
-37.539673
-36.549377
-36.48529
-37.031555
-37.742615
-36.4151
-35.990906
-36.984253
-36.709595
-36.112976
-35.70404
-36.18927
-37.208557
-36.494446
-35.731506
-37.438965
-33.195496
-34.55963
-36.135864
-35.195923
-35.307312
-37.124634
-37.443542
-36.62262
-37.986755
-37.841797
-39.045715
-37.638855
-37.638855
-36.860657
-36.264038
-37.121582
-37.527466
-37.09259
-36.894226
-36.291504
-36.128235
-36.302185
-36.436462
-35.543823
-36.331177
-36.41205
-35.68268
-36.177063
-36.730957
-34.884644
-35.507202
-34.695435
-34.794617
-34.70764
-34.121704
-34.03015
-35.29358
-35.917664
-33.60138
-33.799744
-33.815002
-33.839417
-33.43811
-32.476807
-33.244324
-33.813477
-32.26776
-33.633423
-33.46405
-33.00476
-33.22296
-33.04901
-32.17621
-33.2016
-33.187866
-34.698486
-31.646729
-31.330872
-31.674194
-31.307983
-31.726074
-31.376648
-32.476807
-32.13501
-33.215332
-31.99768
-31.365967
-31.433105
-30.638123
-30.673218
-29.32434
-31.259155
-30.970764
-30.575562
-29.969788
-29.664612
-28.62091
-29.226685
-27.81372
-28.4729
-28.36914
-27.780151
-27.302551
-27.243042
-26.081848
-25.016785
-25.16632
-24.394226
-23.875427
-25.769043
-25.305176
-24.266052
-24.266052
-24.266052
-24.221802
-23.225403
-22.946167
-23.776245
-24.008179
-24.35608
-22.875977
-21.911621
-20.83435
-20.069885
-20.393372
-19.273376
-21.884155
-20.045471
-21.461487
-19.841003
-20.344543
-19.277954
-20.040894
-19.709778
-21.88263
-21.10138
-21.44165
-20.339966
-20.80841
-20.420837
-19.877625
-19.892883
-20.762634
-20.309448
-20.777893
-20.376587
-21.374512
-19.56482
-20.759583
-19.216919
-20.352173
-19.274902
-19.006348
-18.473816
-20.587158
-21.118164
-19.998169
-19.958496
-19.699097
-18.392944
-20.529175
-19.789124
-20.48645
-21.154785
-18.778992
-19.851685
-18.734741
-20.46814
-20.755005
-19.622803
-21.01593
-19.145203
-20.21637
-19.799805
-18.814087
-19.89441
-19.464111
-19.146729
-20.323181
-21.218872
-20.941162
-20.639038
-20.169067
-20.831299
-20.921326
-21.64154
-20.45288
-21.270752
-21.018982
-19.709778
-20.593262
-21.070862
-21.070862
-21.070862
-23.37799
-23.582458
-21.836853
-22.869873
-24.449158
-24.40033
-24.119568
-22.66388
-24.871826
-24.279785
-25.419617
-23.596191
-24.20044
-23.93341
-25.4776
-26.431274
-24.10431
-25.709534
-24.884033
-25.39978
-25.570679
-26.583862
-25.042725
-25.558472
-26.553345
-25.749207
-27.24762
-26.171875
-26.898193
-24.685669
-26.013184
-26.31073
-26.18103
-27.215576
-25.260925
-26.895142
-25.384521
-26.856995
-25.343323
-25.396729
-26.115417
-26.734924
-26.756287
-24.621582
-25.48523
-26.423645
-25.540161
-26.756287
-28.303528
-26.953125
-27.23999
-26.77002
-27.505493
-27.75879
-28.326416
-27.276611
-27.75116
-28.051758
-27.688599
-29.154968
-28.401184
-27.66571
-27.65503
-27.052307
-28.761292
-27.886963
-28.35846
-29.911804
-28.70636
-29.727173
-28.55072
-27.842712
-28.204346
-26.644897
-28.224182
-27.619934
-26.823425
-28.253174
-28.253174
-28.253174
-30.511475
-28.619385
-26.3031
-27.607727
-28.504944
-26.992798
-28.607178
-28.096008
-26.759338
-27.513123
-27.394104
-28.22113
-28.337097
-28.900146
-27.070618
-27.909851
-28.330994
-29.925537
-28.684998
-31.5979
-30.627441
-29.484558
-30.870056
-30.673218
-30.604553
-30.969238
-30.293274
-29.859924
-29.678345
-29.901123
-29.916382
-30.601501
-30.493164
-31.272888
-30.807495
-28.4729
-30.255127
-31.419373
-30.628967
-29.434204
-29.97284
-29.203796
-28.999329
-30.885315
-29.673767
-28.082275
-27.664185
-28.42102
-29.356384
-28.443909
-28.982544
-29.638672
-29.014587
-29.30603
-29.211426
-28.201294
-27.804565
-29.302979
-28.3844
-27.627563
-27.334595
-27.69165
-28.134155
-28.851318
-29.037476
-28.355408
-28.2547
-28.269958
-30.125427
-28.297424
-28.619385
-30.552673
-31.671143
-30.892944
-28.903198
-31.14624
-30.557251
-29.986572
-29.986572
-32.115173
-31.678772
-31.167603
-30.670166
-31.227112
-30.708313
-31.272888
-32.83081
-31.64978
-30.85785
-32.688904
-32.266235
-31.137085
-31.454468
-32.157898
-31.568909
-30.82428
-31.44226
-30.662537
-31.524658
-31.414795
-27.63977
-29.06189
-30.700684
-31.343079
-32.029724
-32.26776
-31.915283
-31.324768
-32.322693
-32.43866
-31.988525
-31.962585
-32.69043
-32.16095
-32.687378
-31.99768
-31.53534
-31.689453
-30.940247
-31.70929
-30.923462
-32.85675
-32.972717
-32.37152
-32.26471
-31.486511
-33.631897
-32.409668
-33.60901
-33.66394
-34.44214
-34.00879
-34.96704
-35.49347
-33.0719
-34.425354
-34.48181
-34.79309
-33.85315
-34.59015
-34.791565
-33.088684
-34.483337
-35.58197
-33.67157
-33.850098
-31.869507
-32.966614
-31.655884
-31.681824
-31.758118
-31.62384
-30.622864
-31.523132
-30.918884
-30.880737
-32.299805
-29.890442
-29.890442
-31.059265
-31.565857
-29.83551
-31.707764
-29.975891
-28.79486
-28.468323
-28.012085
-28.314209
-28.3432
-27.624512
-26.278687
-27.729797
-26.45874
-27.082825
-26.519775
-27.597046
-28.504944
-27.593994
-26.231384
-28.535461
-28.109741
-27.868652
-29.200745
-30.041504
-29.516602
-28.921509
-30.459595
-29.696655
-31.059265
-30.444336
-31.312561
-30.223083
-32.463074
-29.356384
-30.505371
-28.96576
-30.241394
-30.84259
-31.150818
-31.011963
-28.997803
-28.100586
-30.0766
-28.642273
-27.523804
-27.95105
-26.269531
-26.28479
-26.97754
-26.521301
-26.229858
-26.300049
-26.618958
-26.449585
-26.379395
-27.398682
-26.834106
-26.12915
-27.215576
-27.572632
-26.072693
-28.019714
-25.723267
-27.703857
-27.441406
-27.296448
-26.657104
-27.568054
-26.963806
-27.293396
-27.575684
-27.235413
-28.056335
-26.79596
-26.669312
-25.894165
-27.189636
-28.125
-28.125
-26.719666
-26.00708
-24.299622
-26.705933
-26.618958
-26.696777
-26.628113
-26.094055
-25.184631
-25.653076
-24.153137
-27.349854
-25.852966
-26.13678
-25.202942
-25.837708
-25.856018
-25.848389
-25.30365
-24.31488
-23.698425
-23.013306
-25.38147
-24.227905
-24.66278
-26.60675
-25.338745
-25.474548
-23.475647
-25.187683
-23.817444
-24.549866
-25.370789
-24.409485
-24.279785
-22.87445
-23.234558
-23.155212
-21.995544
-22.465515
-21.388245
-22.692871
-21.426392
-23.04535
-24.456787
-23.094177
-22.47467
-21.687317
-21.940613
-22.114563
-22.421265
-25.076294
-24.302673
-24.269104
-23.027039
-23.79303
-22.946167
-25.00763
-25.804138
-23.789978
-26.521301
-24.198914
-24.464417
-24.375916
-23.143005
-23.117065
-22.434998
-23.057556
-22.875977
-21.6568
-23.475647
-22.7417
-21.66748
-21.41571
-21.484375
-19.961548
-19.866943
-20.812988
-21.55304
-21.55304
-19.77539
-19.526672
-21.739197
-20.111084
-22.102356
-21.385193
-21.632385
-21.984863
-22.221375
-20.039368
-20.866394
-21.968079
-21.775818
-22.773743
-21.644592
-19.754028
-22.001648
-21.559143
-22.651672
-22.026062
-21.595764
-21.907043
-22.546387
-21.391296
-21.774292
-22.511292
-23.251343
-21.922302
-21.134949
-21.977234
-20.646667
-20.317078
-20.484924
-21.44928
-18.441772
-21.20819
-19.651794
-19.75708
-20.506287
-19.779968
-20.153809
-19.062805
-20.17212
-18.618774
-19.372559
-19.955444
-18.954468
-17.889404
-19.708252
-15.922546
-17.001343
-16.609192
-17.09137
-15.803528
-16.093445
-16.77246
-16.496277
-17.701721
-17.529297
-18.392944
-17.718506
-18.35785
-18.257141
-18.38379
-18.461609
-18.681335
-16.941833
-18.35785
-16.810608
-16.937256
-17.286682
-17.601013
-18.086243
-17.933655
-17.63153
-16.479492
-18.681335
-17.701721
-18.41278
-18.41278
-18.1427
-17.38739
-18.41278
-18.617249
-18.057251
-16.993713
-18.234253
-17.814636
-18.299866
-17.851257
-19.332886
-17.521667
-18.919373
-17.521667
-19.459534
-18.75763
-17.512512
-17.250061
-18.023682
-18.037415
-17.903137
-18.435669
-17.451477
-16.453552
-15.707397
-16.900635
-16.485596
-17.234802
-17.596436
-16.54358
-17.436218
-16.618347
-15.270996
-15.577698
-16.877747
-15.255737
-14.736938
-16.835022
-16.99524
-15.505981
-16.238403
-17.658997
-16.215515
-16.822815
-16.374207
-17.485046
-15.548706
-15.913391
-15.176392
-16.358948
-18.127441
-16.773987
-16.905212
-15.338135
-15.396118
-15.792847
-14.260864
-17.358398
-15.818787
-17.449951
-14.71405
-16.229248
-15.931702
-18.229675
-17.007446
-16.90979
-14.974976
-16.018677
-15.1397705
-16.693115
-16.532898
-17.49115
-16.392517
-17.295837
-17.919922
-16.725159
-16.758728
-16.011047
-16.011047
-16.011047
-18.037415
-16.616821
-18.955994
-17.434692
-16.796875
-16.51001
-17.97638
-18.026733
-17.288208
-17.4469
-17.791748
-18.566895
-16.023254
-17.427063
-16.189575
-16.853333
-18.18695
-17.449951
-18.663025
-16.15448
-17.75055
-17.588806
-18.127441
-17.552185
-17.012024
-17.692566
-18.36853
-16.688538
-16.079712
-15.744019
-17.333984
-18.060303
-16.04309
-17.364502
-18.739319
-16.616821
-17.233276
-17.518616
-17.507935
-17.242432
-16.412354
-18.130493
-18.229675
-17.47284
-18.145752
-18.107605
-17.608643
-17.63916
-16.847229
-17.333984
-15.882874
-16.781616
-16.976929
-16.137695
-15.956116
-16.563416
-14.994812
-15.112305
-14.71405
-15.6311035
-16.966248
-16.390991
-16.97998
-16.583252
-16.78772
-16.314697
-17.619324
-16.029358
-15.600586
-17.089844
-16.56189
-17.68341
-18.302917
-16.607666
-17.497253
-18.510437
-19.140625
-20.329285
-20.329285
-20.329285
-18.769836
-18.93158
-19.740295
-18.029785
-17.756653
-20.643616
-20.004272
-19.252014
-21.807861
-17.778015
-18.063354
-18.330383
-19.210815
-18.988037
-19.46106
-20.310974
-18.112183
-17.907715
-18.972778
-18.063354
-18.0542
-18.811035
-18.110657
-18.362427
-19.781494
-19.215393
-18.251038
-20.541382
-18.455505
-17.645264
-17.440796
-18.363953
-18.231201
-19.082642
-16.773987
-18.328857
-20.419312
-19.03534
-19.32373
-18.191528
-17.575073
-18.023682
-18.061829
-18.99414
-19.865417
-20.358276
-19.584656
-18.257141
-18.714905
-19.621277
-18.411255
-17.585754
-18.605042
-18.159485
-18.104553
-20.17517
-17.181396
-19.88678
-18.16864
-18.821716
-17.564392
-21.24939
-18.235779
-18.977356
-18.978882
-21.012878
-19.081116
-18.02826
-19.532776
-19.71283
-19.145203
-19.812012
-19.128418
-19.343567
-18.196106
-18.02826
-18.261719
-18.79425
-18.79425
-18.79425
-17.971802
-19.11621
-17.99469
-17.224121
-17.442322
-19.615173
-18.821716
-19.273376
-20.716858
-20.857239
-21.488953
-20.133972
-19.915771
-19.900513
-19.00177
-20.570374
-18.946838
-18.223572
-18.971252
-22.37854
-21.257019
-21.157837
-21.347046
-21.888733
-22.07489
-22.21222
-21.299744
-22.142029
-20.285034
-21.165466
-22.044373
-22.64862
-22.554016
-22.174072
-21.281433
-22.81189
-21.434021
-21.975708
-22.981262
-21.38977
-21.975708
-20.870972
-21.794128
-20.877075
-21.33789
-21.16394
-21.109009
-21.601868
-20.896912
-21.84906
-21.70105
-21.084595
-19.903564
-20.285034
-19.778442
-18.785095
-21.32721
-21.028137
-19.55719
-18.936157
-21.403503
-20.080566
-21.350098
-21.19751
-20.710754
-20.127869
-20.06073
-19.688416
-21.261597
-18.952942
-20.61615
-18.908691
-21.054077
-19.941711
-21.943665
-21.290588
-20.661926
-20.655823
-20.655823
-20.655823
-19.628906
-21.081543
-20.405579
-19.429016
-19.889832
-20.690918
-19.914246
-20.498657
-20.947266
-20.562744
-20.26825
-19.71283
-19.363403
-18.00232
-18.321228
-21.440125
-18.611145
-20.219421
-18.817139
-17.308044
-18.190002
-18.104553
-16.746521
-16.189575
-16.629028
-16.244507
-16.752625
-16.557312
-16.70227
-16.712952
-15.507507
-17.321777
-17.694092
-19.152832
-18.23883
-18.8797
-18.293762
-18.945312
-18.9682
-18.421936
-18.434143
-17.52472
-17.826843
-16.905212
-16.842651
-19.247437
-17.51709
-18.110657
-17.401123
-18.902588
-18.10608
-18.80188
-17.999268
-17.219543
-17.269897
-16.506958
-17.642212
-18.521118
-17.245483
-16.99524
-17.224121
-17.422485
-16.900635
-17.494202
-17.370605
-17.660522
-17.69104
-17.68341
-17.718506
-15.830994
-15.2282715
-16.125488
-15.405273
-17.402649
-15.791321
-14.678955
-15.312195
-13.96637
-14.994812
-14.994812
-13.676453
-15.997314
-15.21759
-16.0141
-16.226196
-15.550232
-16.357422
-15.406799
-16.160583
-17.149353
-17.1875
-14.376831
-17.404175
-15.969849
-14.63623
-14.352417
-15.840149
-14.471436
-14.01062
-16.975403
-15.919495
-17.408752
-15.99884
-16.932678
-16.236877
-15.106201
-15.968323
-15.913391
-16.337585
-13.751221
-14.604187
-13.789368
-14.732361
-13.070679
-13.648987
-13.896179
-15.361023
-15.16571
-14.202881
-14.482117
-14.665222
-13.911438
-13.874817
-14.967346
-14.26239
-14.930725
-12.870789
-14.674377
-13.708496
-12.823486
-13.191223
-13.290405
-11.766052
-13.327026
-13.134766
-12.536621
-12.576294
-12.835693
-13.154602
-12.545776
-13.830566
-13.700867
-14.34021
-13.356018
-13.227844
-13.191223
-14.785767
-14.08844
-13.931274
-14.682007
-13.708496
-13.951111
-15.423584
-15.196228
-15.129089
-14.300537
-16.116333
-13.952637
-13.952637
-13.952637
-14.009094
-14.387512
-14.558411
-17.49115
-14.228821
-14.402771
-14.692688
-15.803528
-16.50238
-15.2908325
-15.945435
-16.522217
-16.51001
-16.485596
-15.679932
-18.009949
-16.738892
-16.584778
-16.2323
-18.185425
-17.010498
-15.785217
-16.539001
-17.018127
-17.480469
-15.603638
-17.671204
-16.85791
-17.002869
-17.05017
-17.648315
-16.319275
-17.89093
-18.392944
-19.067383
-18.641663
-18.978882
-18.743896
-19.248962
-20.118713
-18.728638
-18.681335
-20.0943
-19.258118
-19.166565
-18.87207
-19.096375
-20.69397
-20.533752
-20.709229
-19.37561
-19.326782
-18.063354
-18.423462
-18.36853
-18.798828
-17.788696
-18.785095
-20.838928
-19.28711
-18.153381
-17.77649
-19.482422
-18.470764
-18.153381
-18.23883
-19.448853
-20.523071
-17.536926
-19.526672
-18.211365
-19.126892
-19.88678
-20.20111
-19.825745
-17.721558
-18.214417
-17.424011
-16.78772
-16.78772
-16.78772
-17.684937
-18.118286
-17.433167
-17.893982
-18.354797
-17.788696
-17.85736
-17.67273
-17.071533
-16.792297
-17.790222
-16.91742
-16.288757
-17.048645
-16.889954
-18.43872
-18.537903
-17.355347
-16.229248
-18.745422
-17.713928
-17.573547
-15.214539
-16.770935
-15.678406
-16.441345
-15.696716
-15.072632
-15.438843
-14.489746
-15.383911
-15.41748
-16.156006
-15.37323
-15.238953
-15.345764
-14.964294
-14.830017
-16.874695
-14.985657
-15.99884
-16.511536
-15.156555
-16.612244
-15.956116
-15.934753
-14.260864
-15.692139
-16.00647
-14.318848
-14.465332
-14.559937
-15.274048
-13.130188
-14.416504
-13.075256
-15.019226
-15.092468
-13.726807
-14.285278
-14.704895
-12.704468
-13.670349
-13.066101
-13.108826
-13.128662
-10.836792
-10.972595
-8.505249
-10.810852
-10.456848
-12.109375
-11.686707
-12.431335
-12.287903
-11.59668
-10.105896
-10.105896
-10.105896
-9.596252
-11.37085
-9.8602295
-9.638977
-11.862183
-11.236572
-11.499023
-11.859131
-11.044312
-11.404419
-11.38916
-11.8927
-11.050415
-11.196899
-11.5448
-10.702515
-10.58197
-11.849976
-8.995056
-12.208557
-12.338257
-10.670471
-11.286926
-11.219788
-12.727356
-10.498047
-10.171509
-11.360168
-9.375
-12.051392
-9.716797
-10.60791
-11.291504
-10.043335
-11.245728
-11.546326
-12.376404
-12.0224
-11.408997
-10.487366
-10.955811
-10.2127075
-11.550903
-10.754395
-11.360168
-11.204529
-12.12616
-12.142944
-12.3550415
-11.637878
-12.696838
-11.521912
-11.671448
-12.245178
-13.22937
-11.924744
-11.434937
-12.976074
-11.34491
-9.954834
-10.813904
-10.836792
-11.13739
-12.121582
-11.540222
-11.625671
-13.554382
-13.13324
-15.122986
-12.89978
-12.991333
-12.722778
-12.687683
-11.697388
-11.62262
-12.142944
-12.089539
-13.017273
-13.017273
-13.017273
-11.340332
-9.468079
-10.839844
-10.987854
-9.901428
-11.401367
-10.78186
-12.005615
-10.494995
-13.717651
-11.386108
-11.550903
-13.088989
-10.588074
-10.719299
-10.687256
-11.660767
-11.361694
-13.670349
-10.906982
-11.755371
-12.06665
-12.425232
-10.754395
-11.535645
-11.578369
-12.191772
-11.480713
-11.483765
-13.163757
-10.221863
-11.949158
-11.598206
-12.07428
-12.236023
-13.032532
-10.888672
-12.461853
-12.852478
-11.679077
-11.671448
-11.642456
-11.476135
-11.483765
-12.110901
-10.256958
-11.395264
-11.515808
-11.953735
-11.547852
-12.005615
-13.105774
-12.428284
-12.358093
-12.149048
-13.690186
-11.499023
-12.739563
-12.1521
-12.678528
-11.170959
-11.5234375
-12.478638
-12.675476
-10.873413
-12.049866
-11.993408
-10.765076
-12.190247
-13.5849
-11.990356
-12.008667
-12.750244
-11.962891
-11.734009
-12.258911
-12.457275
-11.505127
-11.476135
-11.476135
-12.858582
-12.739563
-12.329102
-12.770081
-12.7960205
-13.487244
-11.398315
-10.726929
-11.697388
-12.8479
-11.671448
-12.823486
-13.789368
-12.968445
-11.962891
-13.639832
-12.663269
-12.687683
-11.683655
-14.213562
-13.198853
-12.678528
-12.295532
-11.894226
-13.09967
-12.428284
-12.950134
-12.722778
-10.897827
-12.37793
-11.320496
-12.85553
-12.077332
-12.173462
-11.697388
-12.753296
-13.879395
-11.5448
-13.153076
-12.031555
-11.499023
-12.316895
-12.408447
-13.095093
-13.2369995
-10.736084
-14.276123
-13.02948
-12.135315
-12.258911
-11.46698
-14.044189
-12.686157
-13.774109
-14.379883
-11.535645
-13.656616
-13.490295
-13.485718
-13.587952
-12.1032715
-12.167358
-12.063599
-14.250183
-12.04834
-11.62262
-11.949158
-13.026428
-13.630676
-13.748169
-11.943054
-12.397766
-12.731934
-12.709045
-13.945007
-12.397766
-12.75177
-12.40387
-12.712097
-12.712097
-12.712097
-11.697388
-14.0060425
-13.552856
-12.858582
-13.267517
-12.106323
-12.913513
-11.181641
-12.882996
-11.981201
-12.438965
-12.942505
-12.866211
-13.243103
-12.313843
-12.315369
-13.853455
-13.528442
-12.709045
-13.630676
-12.42981
-13.166809
-13.206482
-12.27417
-13.218689
-12.759399
-12.191772
-12.460327
-12.313843
-13.670349
-11.717224
-12.434387
-13.900757
-12.478638
-12.889099
-12.87384
-12.734985
-13.252258
-12.760925
-13.858032
-12.283325
-12.532043
-13.1362915
-15.080261
-12.753296
-13.748169
-11.993408
-14.019775
-13.227844
-13.635254
-13.710022
-13.574219
-10.972595
-13.095093
-12.802124
-13.110352
-12.979126
-13.278198
-13.822937
-12.242126
-11.7248535
-13.513184
-12.094116
-10.830688
-12.332153
-11.66687
-12.690735
-12.472534
-12.843323
-13.73291
-12.042236
-13.232422
-13.981628
-12.969971
-13.246155
-12.486267
-13.928223
-12.866211
-12.094116
-12.094116
-11.392212
-11.71875
-14.292908
-13.957214
-12.478638
-12.322998
-12.017822
-15.196228
-13.063049
-12.408447
-11.967468
-14.311218
-13.882446
-13.032532
-12.950134
-13.194275
-12.388611
-13.644409
-12.927246
-13.160706
-13.050842
-12.155151
-13.240051
-12.767029
-13.07373
-14.294434
-12.322998
-13.2369995
-13.456726
-12.149048
-13.619995
-12.85553
-13.591003
-13.713074
-13.838196
-12.889099
-12.133789
-13.026428
-13.746643
-14.237976
-11.660767
-13.175964
-12.992859
-13.549805
-13.96637
-12.367249
-13.822937
-13.098145
-14.552307
-14.271545
-13.690186
-15.301514
-13.157654
-12.017822
-13.870239
-12.258911
-13.749695
-13.459778
-11.122131
-12.466431
-11.94458
-12.190247
-11.924744
-14.4088745
-12.898254
-10.876465
-11.296082
-12.083435
-12.754822
