1624760697398
1624760697399
1624760697404
1624760697433
1624760697441
1624760697461
1624760697481
1624760697501
1624760697521
1624760697542
1624760697562
1624760697581
1624760697602
1624760697622
1624760697642
1624760697662
1624760697682
1624760697702
1624760697723
1624760697742
1624760697762
1624760697783
1624760697802
1624760697823
1624760697842
1624760697864
1624760697883
1624760697902
1624760697923
1624760697942
1624760697962
1624760697982
1624760698002
1624760698023
1624760698042
1624760698062
1624760698082
1624760698103
1624760698123
1624760698142
1624760698162
1624760698182
1624760698202
1624760698222
1624760698242
1624760698262
1624760698282
1624760698302
1624760698322
1624760698342
1624760698362
1624760698382
1624760698402
1624760698422
1624760698442
1624760698462
1624760698483
1624760698502
1624760698522
1624760698542
1624760698562
1624760698582
1624760698602
1624760698622
1624760698642
1624760698662
1624760698682
1624760698702
1624760698722
1624760698742
1624760698761
1624760698782
1624760698803
1624760698823
1624760698843
1624760698863
1624760698882
1624760698903
1624760698923
1624760698942
1624760698962
1624760698982
1624760699004
1624760699023
1624760699042
1624760699063
1624760699082
1624760699103
1624760699122
1624760699142
1624760699162
1624760699182
1624760699202
1624760699223
1624760699243
1624760699262
1624760699283
1624760699302
1624760699322
1624760699343
1624760699362
1624760699383
1624760699419
1624760699422
1624760699443
1624760699462
1624760699483
1624760699504
1624760699522
1624760699542
1624760699563
1624760699583
1624760699602
1624760699623
1624760699643
1624760699663
1624760699682
1624760699702
1624760699722
1624760699742
1624760699764
1624760699783
1624760699803
1624760699824
1624760699843
1624760699862
1624760699882
1624760699903
1624760699923
1624760699943
1624760699962
1624760699982
1624760700003
1624760700022
1624760700042
1624760700062
1624760700083
1624760700103
1624760700123
1624760700143
1624760700163
1624760700183
1624760700203
1624760700223
1624760700243
1624760700263
1624760700283
1624760700303
1624760700323
1624760700343
1624760700363
1624760700383
1624760700403
1624760700423
1624760700443
1624760700463
1624760700483
1624760700503
1624760700523
1624760700544
1624760700563
1624760700583
1624760700603
1624760700623
1624760700643
1624760700664
1624760700682
1624760700703
1624760700723
1624760700743
1624760700763
1624760700783
1624760700803
1624760700823
1624760700843
1624760700863
1624760700883
1624760700903
1624760700923
1624760700943
1624760700963
1624760700983
1624760701003
1624760701023
1624760701043
1624760701064
1624760701083
1624760701103
1624760701123
1624760701143
1624760701164
1624760701183
1624760701203
1624760701223
1624760701243
1624760701263
1624760701283
1624760701303
1624760701323
1624760701344
1624760701363
1624760701383
1624760701403
1624760701423
1624760701443
1624760701463
1624760701483
1624760701503
1624760701523
1624760701544
1624760701563
1624760701583
1624760701603
1624760701623
1624760701643
1624760701663
1624760701684
1624760701704
1624760701723
1624760701744
1624760701763
1624760701783
1624760701803
1624760701823
1624760701844
1624760701864
1624760701883
1624760701903
1624760701923
1624760701944
1624760701963
1624760701984
1624760702004
1624760702023
1624760702044
1624760702064
1624760702084
1624760702103
1624760702123
1624760702144
1624760702164
1624760702184
1624760702203
1624760702224
1624760702244
1624760702264
1624760702284
1624760702303
1624760702323
1624760702343
1624760702364
1624760702385
1624760702403
1624760702423
1624760702444
1624760702465
1624760702483
1624760702504
1624760702524
1624760702544
1624760702564
1624760702584
1624760702604
1624760702624
1624760702644
1624760702664
1624760702684
1624760702704
1624760702723
1624760702744
1624760702764
1624760702784
1624760702804
1624760702823
1624760702844
1624760702864
1624760702884
1624760702904
1624760702924
1624760702944
1624760702964
1624760702984
1624760703004
1624760703024
1624760703044
1624760703065
1624760703084
1624760703104
1624760703124
1624760703144
1624760703164
1624760703184
1624760703204
1624760703224
1624760703244
1624760703264
1624760703284
1624760703304
1624760703324
1624760703344
1624760703364
1624760703384
1624760703404
1624760703424
1624760703444
1624760703464
1624760703485
1624760703504
1624760703524
1624760703544
1624760703564
1624760703584
1624760703604
1624760703624
1624760703644
1624760703664
1624760703684
1624760703704
1624760703724
1624760703744
1624760703763
1624760703784
1624760703804
1624760703824
1624760703844
1624760703864
1624760703884
1624760703904
1624760703924
1624760703944
1624760703964
1624760703984
1624760704004
1624760704024
1624760704045
1624760704064
1624760704084
1624760704104
1624760704125
1624760704144
1624760704164
1624760704184
1624760704204
1624760704224
1624760704244
1624760704264
1624760704284
1624760704304
1624760704324
1624760704345
1624760704364
1624760704384
1624760704405
1624760704424
1624760704444
1624760704465
1624760704484
1624760704504
1624760704524
1624760704545
1624760704564
1624760704585
1624760704604
1624760704624
1624760704644
1624760704664
1624760704683
1624760704704
1624760704724
1624760704745
1624760704764
1624760704784
1624760704805
1624760704825
1624760704844
1624760704865
1624760704885
1624760704905
1624760704925
1624760704945
1624760704965
1624760704984
1624760705004
1624760705024
1624760705045
1624760705065
1624760705084
1624760705105
1624760705125
1624760705145
1624760705165
1624760705184
1624760705205
1624760705225
1624760705245
1624760705264
1624760705285
1624760705304
1624760705325
1624760705344
1624760705366
1624760705384
1624760705404
1624760705426
1624760705445
1624760705465
1624760705484
1624760705505
1624760705525
1624760705545
1624760705565
1624760705585
1624760705605
1624760705625
1624760705645
1624760705665
1624760705685
1624760705705
1624760705725
1624760705745
1624760705765
1624760705785
1624760705807
1624760705825
1624760705845
1624760705865
1624760705885
1624760705905
1624760705925
1624760705945
1624760705965
1624760705984
1624760706004
1624760706025
1624760706045
1624760706065
1624760706085
1624760706105
1624760706125
1624760706145
1624760706165
1624760706185
1624760706205
1624760706225
1624760706245
1624760706265
1624760706285
1624760706306
1624760706325
1624760706345
1624760706365
1624760706385
1624760706405
1624760706425
1624760706445
1624760706465
1624760706485
1624760706505
1624760706525
1624760706545
1624760706565
1624760706585
1624760706606
1624760706625
1624760706645
1624760706665
1624760706686
1624760706706
1624760706725
1624760706761
1624760706765
1624760706784
1624760706805
1624760706831
1624760706846
1624760706865
1624760706885
1624760706908
1624760706924
1624760706947
1624760706967
1624760706984
1624760707005
1624760707031
1624760707045
1624760707064
1624760707085
1624760707105
1624760707127
1624760707145
1624760707165
1624760707187
1624760707207
1624760707226
1624760707247
1624760707265
1624760707286
1624760707305
1624760707325
1624760707346
1624760707365
1624760707386
1624760707406
1624760707425
1624760707445
1624760707466
1624760707485
1624760707505
1624760707526
1624760707546
1624760707566
1624760707586
1624760707605
1624760707626
1624760707646
1624760707665
1624760707687
1624760707706
1624760707728
1624760707746
1624760707766
1624760707786
1624760707805
1624760707826
1624760707846
1624760707866
1624760707886
1624760707906
1624760707925
1624760707945
1624760707966
1624760707985
1624760708006
1624760708025
1624760708046
1624760708066
1624760708086
1624760708107
1624760708126
1624760708146
1624760708167
1624760708187
1624760708206
1624760708226
1624760708246
1624760708267
1624760708287
1624760708307
1624760708327
1624760708345
1624760708367
1624760708386
1624760708406
1624760708426
1624760708446
1624760708466
1624760708486
1624760708508
1624760708527
1624760708546
1624760708566
1624760708586
1624760708606
1624760708626
1624760708646
1624760708666
1624760708687
1624760708706
1624760708726
1624760708746
1624760708766
1624760708787
1624760708806
1624760708827
1624760708846
1624760708867
1624760708887
1624760708906
1624760708926
1624760708946
1624760708967
1624760708988
1624760709006
1624760709026
1624760709046
1624760709067
1624760709087
1624760709107
1624760709128
1624760709147
1624760709167
1624760709186
1624760709206
1624760709227
1624760709248
1624760709266
1624760709287
1624760709306
1624760709327
1624760709346
1624760709366
1624760709386
1624760709406
1624760709427
1624760709448
1624760709466
1624760709488
1624760709508
1624760709528
1624760709547
1624760709566
1624760709587
1624760709608
1624760709627
1624760709646
1624760709666
1624760709687
1624760709707
1624760709727
1624760709747
1624760709767
1624760709787
1624760709806
1624760709827
1624760709846
1624760709866
1624760709887
1624760709907
1624760709926
1624760709946
1624760709966
1624760709986
1624760710006
1624760710026
1624760710046
1624760710067
1624760710087
1624760710107
1624760710128
1624760710147
1624760710167
1624760710188
1624760710208
1624760710228
1624760710247
1624760710268
1624760710287
1624760710307
1624760710327
1624760710347
1624760710368
1624760710388
1624760710407
1624760710427
1624760710447
1624760710467
1624760710488
1624760710507
1624760710526
1624760710547
1624760710567
1624760710587
1624760710606
1624760710627
1624760710647
1624760710667
1624760710687
1624760710708
1624760710728
1624760710748
1624760710766
1624760710786
1624760710807
1624760710827
1624760710847
1624760710866
1624760710887
1624760710907
1624760710927
1624760710947
1624760710968
1624760710987
1624760711008
1624760711028
1624760711048
1624760711068
1624760711088
1624760711108
1624760711128
1624760711148
1624760711168
1624760711187
1624760711208
1624760711228
1624760711248
1624760711267
1624760711288
1624760711307
1624760711328
1624760711348
1624760711366
1624760711388
1624760711407
1624760711427
1624760711447
1624760711469
1624760711487
1624760711507
1624760711528
1624760711547
1624760711567
1624760711587
1624760711607
1624760711628
1624760711649
1624760711667
1624760711687
1624760711709
1624760711728
1624760711747
1624760711767
1624760711788
1624760711807
1624760711828
1624760711848
1624760711868
1624760711888
1624760711907
1624760711928
1624760711947
1624760711968
1624760711989
1624760712008
1624760712029
1624760712049
1624760712069
1624760712088
1624760712108
1624760712128
1624760712149
1624760712169
1624760712188
1624760712208
1624760712227
1624760712249
1624760712267
1624760712289
1624760712307
1624760712328
1624760712347
1624760712367
1624760712388
1624760712408
1624760712428
1624760712448
1624760712468
1624760712489
1624760712507
1624760712529
1624760712549
1624760712568
1624760712588
1624760712608
1624760712629
1624760712650
1624760712669
1624760712688
1624760712708
1624760712728
1624760712748
1624760712767
1624760712789
1624760712807
1624760712828
1624760712849
1624760712869
1624760712888
1624760712908
1624760712929
1624760712949
1624760712969
1624760712989
1624760713008
1624760713028
1624760713049
1624760713068
1624760713089
1624760713108
1624760713128
1624760713149
1624760713169
1624760713188
1624760713208
1624760713227
1624760713249
1624760713269
1624760713288
1624760713308
1624760713328
1624760713348
1624760713369
1624760713395
1624760713407
1624760713428
1624760713447
1624760713467
1624760713487
1624760713507
1624760713527
1624760713548
1624760713567
1624760713588
1624760713607
1624760713627
1624760713648
1624760713668
1624760713688
1624760713707
1624760713729
1624760713750
1624760713767
1624760713789
1624760713808
1624760713829
1624760713848
1624760713869
1624760713890
1624760713910
1624760713928
1624760713949
1624760713969
1624760713989
1624760714008
1624760714028
1624760714048
1624760714069
1624760714089
1624760714110
1624760714128
1624760714150
1624760714170
1624760714190
1624760714210
1624760714229
1624760714249
1624760714268
1624760714290
1624760714309
1624760714329
1624760714350
1624760714369
1624760714397
1624760714408
1624760714431
1624760714449
1624760714468
1624760714488
1624760714509
1624760714529
1624760714549
1624760714569
1624760714589
1624760714610
1624760714628
1624760714649
1624760714669
1624760714689
1624760714709
1624760714729
1624760714747
1624760714768
1624760714789
1624760714808
1624760714828
1624760714855
1624760714877
1624760714887
1624760714907
1624760714928
1624760714947
1624760714967
1624760714987
1624760715007
1624760715027
1624760715047
1624760715068
1624760715088
1624760715108
1624760715129
1624760715148
1624760715168
1624760715187
1624760715207
1624760715230
1624760715249
1624760715268
1624760715290
1624760715308
1624760715328
1624760715348
1624760715368
1624760715389
1624760715409
1624760715429
1624760715450
1624760715469
1624760715490
1624760715509
1624760715529
1624760715549
1624760715569
1624760715589
1624760715609
1624760715628
1624760715650
1624760715668
1624760715689
1624760715709
1624760715729
1624760715750
1624760715769
1624760715788
1624760715809
1624760715829
1624760715849
1624760715869
1624760715889
1624760715909
1624760715929
1624760715949
1624760715968
1624760715988
1624760716009
1624760716029
1624760716049
1624760716068
1624760716088
1624760716110
1624760716129
1624760716149
1624760716169
1624760716188
1624760716209
1624760716228
1624760716249
1624760716269
1624760716289
1624760716309
1624760716329
1624760716349
1624760716369
1624760716389
1624760716409
1624760716429
1624760716449
1624760716469
1624760716489
1624760716509
1624760716529
1624760716549
1624760716569
1624760716589
1624760716609
1624760716629
1624760716649
1624760716669
1624760716688
1624760716709
1624760716728
1624760716749
1624760716777
1624760716792
1624760716814
1624760716828
1624760716849
1624760716869
1624760716892
1624760716909
1624760716929
1624760716948
1624760716969
1624760716990
1624760717009
1624760717029
1624760717048
1624760717070
1624760717090
1624760717109
1624760717129
1624760717150
1624760717169
1624760717189
1624760717209
1624760717230
1624760717249
1624760717269
1624760717290
1624760717309
1624760717329
1624760717349
1624760717369
1624760717389
1624760717409
1624760717428
1624760717448
1624760717469
1624760717489
1624760717509
1624760717530
1624760717549
1624760717569
1624760717589
1624760717609
1624760717629
1624760717649
1624760717669
1624760717689
1624760717709
1624760717728
1624760717748
1624760717768
1624760717788
1624760717808
1624760717828
1624760717848
1624760717868
1624760717888
1624760717909
1624760717929
1624760717950
1624760717969
1624760717989
1624760718010
1624760718029
1624760718049
1624760718070
1624760718089
1624760718110
1624760718130
1624760718150
1624760718170
1624760718189
1624760718209
1624760718231
1624760718249
1624760718269
1624760718289
1624760718309
1624760718329
1624760718349
1624760718369
1624760718389
1624760718409
1624760718429
1624760718449
1624760718469
1624760718489
1624760718510
1624760718529
1624760718551
1624760718569
1624760718590
1624760718610
1624760718631
1624760718649
1624760718670
1624760718689
1624760718709
1624760718730
1624760718750
1624760718769
1624760718790
1624760718809
1624760718829
1624760718850
1624760718870
1624760718890
1624760718909
1624760718930
1624760718950
1624760718970
1624760718990
1624760719010
1624760719030
1624760719051
1624760719070
1624760719090
1624760719110
1624760719130
1624760719150
1624760719170
1624760719189
1624760719210
1624760719230
1624760719250
1624760719270
1624760719290
1624760719310
1624760719329
1624760719350
1624760719370
1624760719390
1624760719410
1624760719430
1624760719450
1624760719470
1624760719490
1624760719510
1624760719530
1624760719550
1624760719571
1624760719590
1624760719609
1624760719630
1624760719651
1624760719669
1624760719690
1624760719710
1624760719730
1624760719752
1624760719771
1624760719792
1624760719810
1624760719830
1624760719851
1624760719870
1624760719890
1624760719910
1624760719941
1624760719949
1624760719969
1624760719990
1624760720010
1624760720035
1624760720051
1624760720070
1624760720090
1624760720110
1624760720135
1624760720150
1624760720170
1624760720189
1624760720210
1624760720231
1624760720250
1624760720270
1624760720289
1624760720310
1624760720332
1624760720349
1624760720370
1624760720390
1624760720410
1624760720431
1624760720450
1624760720469
1624760720490
1624760720510
1624760720531
1624760720550
1624760720571
1624760720590
1624760720611
1624760720637
1624760720662
1624760720669
1624760720689
1624760720709
1624760720729
1624760720750
1624760720770
1624760720793
1624760720810
1624760720830
1624760720851
1624760720870
1624760720891
1624760720911
1624760720931
1624760720950
1624760720971
1624760720990
1624760721011
1624760721030
1624760721051
1624760721070
1624760721090
1624760721110
1624760721131
1624760721151
1624760721170
1624760721190
1624760721210
1624760721230
1624760721251
1624760721270
1624760721290
1624760721310
1624760721330
1624760721351
1624760721371
1624760721391
1624760721411
1624760721430
1624760721450
1624760721471
1624760721491
1624760721511
1624760721531
1624760721550
1624760721570
1624760721591
1624760721610
1624760721631
1624760721651
1624760721671
1624760721691
1624760721711
1624760721731
1624760721751
1624760721771
1624760721791
1624760721811
1624760721831
1624760721851
1624760721871
1624760721891
1624760721911
1624760721931
1624760721951
1624760721971
1624760721991
1624760722011
1624760722031
1624760722051
1624760722071
1624760722090
1624760722110
1624760722130
1624760722150
1624760722171
1624760722191
1624760722211
1624760722231
1624760722251
1624760722271
1624760722291
1624760722311
1624760722331
1624760722351
1624760722371
1624760722391
1624760722411
1624760722431
1624760722451
1624760722471
1624760722491
1624760722511
1624760722531
1624760722551
1624760722571
1624760722591
1624760722611
1624760722631
1624760722651
1624760722671
1624760722691
1624760722711
1624760722731
1624760722751
1624760722771
1624760722791
1624760722811
1624760722831
1624760722851
1624760722871
1624760722891
1624760722911
1624760722931
1624760722951
1624760722971
1624760722991
1624760723011
1624760723032
1624760723051
1624760723071
1624760723091
1624760723111
1624760723131
1624760723151
1624760723171
1624760723191
1624760723212
1624760723231
1624760723251
1624760723271
1624760723291
1624760723311
1624760723331
1624760723351
1624760723371
1624760723391
1624760723411
1624760723431
1624760723451
1624760723473
1624760723492
1624760723511
1624760723531
1624760723551
1624760723571
1624760723592
1624760723612
1624760723631
1624760723651
1624760723672
1624760723692
1624760723712
1624760723731
1624760723752
1624760723770
1624760723791
1624760723812
1624760723832
1624760723852
1624760723871
1624760723891
1624760723912
1624760723932
1624760723951
1624760723972
1624760723991
1624760724012
1624760724032
1624760724051
1624760724073
1624760724090
1624760724112
1624760724132
1624760724153
1624760724173
1624760724191
1624760724211
1624760724232
1624760724252
1624760724272
1624760724292
1624760724311
1624760724332
1624760724352
1624760724372
1624760724392
1624760724412
1624760724432
1624760724452
1624760724472
1624760724492
1624760724512
1624760724531
1624760724552
1624760724572
1624760724592
1624760724612
1624760724632
1624760724652
1624760724672
1624760724691
1624760724712
1624760724732
1624760724752
1624760724773
1624760724794
1624760724811
1624760724833
1624760724852
1624760724872
1624760724892
1624760724912
1624760724933
1624760724952
1624760724972
1624760724993
1624760725012
1624760725032
1624760725052
1624760725072
1624760725092
1624760725112
1624760725132
1624760725152
1624760725172
1624760725192
1624760725212
1624760725232
1624760725252
1624760725272
1624760725292
1624760725312
1624760725332
1624760725352
1624760725372
1624760725392
1624760725412
1624760725432
1624760725452
1624760725472
1624760725493
1624760725512
1624760725532
1624760725552
1624760725572
1624760725592
1624760725612
1624760725632
1624760725652
1624760725672
1624760725691
1624760725712
1624760725732
1624760725752
1624760725774
1624760725794
1624760725812
1624760725832
1624760725852
1624760725873
1624760725892
1624760725912
1624760725932
1624760725952
1624760725973
1624760725993
1624760726013
1624760726032
1624760726052
1624760726072
1624760726092
1624760726112
1624760726132
1624760726153
1624760726172
1624760726192
1624760726212
1624760726232
1624760726252
1624760726272
1624760726293
1624760726312
1624760726332
1624760726353
1624760726372
1624760726393
1624760726412
1624760726433
1624760726453
1624760726473
1624760726494
1624760726512
1624760726532
1624760726552
1624760726572
1624760726592
1624760726614
1624760726632
1624760726652
1624760726673
1624760726693
1624760726712
1624760726733
1624760726752
1624760726773
1624760726794
1624760726813
1624760726832
1624760726853
1624760726872
1624760726892
1624760726912
1624760726932
1624760726953
1624760726973
1624760726993
1624760727014
1624760727033
1624760727053
1624760727073
1624760727093
1624760727113
1624760727133
1624760727153
1624760727173
1624760727193
1624760727213
1624760727233
1624760727253
1624760727273
1624760727293
1624760727313
1624760727333
1624760727353
1624760727373
1624760727393
1624760727414
1624760727433
1624760727453
1624760727473
1624760727493
1624760727513
1624760727533
1624760727553
1624760727574
1624760727594
1624760727614
1624760727633
1624760727653
1624760727673
1624760727693
1624760727713
1624760727733
1624760727753
1624760727773
1624760727794
1624760727814
1624760727834
1624760727853
1624760727874
1624760727894
1624760727913
1624760727934
1624760727954
1624760727974
1624760727993
1624760728013
1624760728033
1624760728053
1624760728074
1624760728093
1624760728112
1624760728133
1624760728155
1624760728172
1624760728195
1624760728217
1624760728233
1624760728254
1624760728275
1624760728292
1624760728313
1624760728333
1624760728354
1624760728374
1624760728393
1624760728414
1624760728432
1624760728453
1624760728472
1624760728492
1624760728512
1624760728533
1624760728554
1624760728572
1624760728593
1624760728615
1624760728634
1624760728653
1624760728674
1624760728693
1624760728713
1624760728733
1624760728754
1624760728773
1624760728793
1624760728814
1624760728834
1624760728854
1624760728874
1624760728894
1624760728914
1624760728935
1624760728954
1624760728974
1624760728994
1624760729013
1624760729033
1624760729053
1624760729073
1624760729094
1624760729113
1624760729133
1624760729153
1624760729173
1624760729193
1624760729213
1624760729233
1624760729254
1624760729273
1624760729294
1624760729314
1624760729334
1624760729354
1624760729374
1624760729395
1624760729414
1624760729434
1624760729454
1624760729474
1624760729494
1624760729514
1624760729534
1624760729554
1624760729573
1624760729593
1624760729614
1624760729633
1624760729654
1624760729674
1624760729694
1624760729713
1624760729734
1624760729754
1624760729776
1624760729796
1624760729814
1624760729835
1624760729856
1624760729875
1624760729895
1624760729914
1624760729935
1624760729952
1624760729975
1624760729995
1624760730014
1624760730035
1624760730055
1624760730075
1624760730095
1624760730114
1624760730135
1624760730155
1624760730175
1624760730195
1624760730214
1624760730235
1624760730255
1624760730274
1624760730295
1624760730315
1624760730335
1624760730355
1624760730374
1624760730395
1624760730415
1624760730435
1624760730454
1624760730474
1624760730493
1624760730514
1624760730534
1624760730554
1624760730575
1624760730593
1624760730616
1624760730634
1624760730655
1624760730673
1624760730694
1624760730714
1624760730734
1624760730754
1624760730774
1624760730793
1624760730814
1624760730834
1624760730854
1624760730875
1624760730895
1624760730913
1624760730934
1624760730954
1624760730975
1624760730995
1624760731013
1624760731034
1624760731055
1624760731075
1624760731095
1624760731115
1624760731134
1624760731155
1624760731175
1624760731194
1624760731215
1624760731233
1624760731255
1624760731275
1624760731294
1624760731316
1624760731334
1624760731355
1624760731374
1624760731395
1624760731415
1624760731435
1624760731454
1624760731474
1624760731495
1624760731516
1624760731535
1624760731555
1624760731575
1624760731594
1624760731616
1624760731635
1624760731655
1624760731677
1624760731695
1624760731714
1624760731735
1624760731753
1624760731775
1624760731795
1624760731816
1624760731834
1624760731855
1624760731876
1624760731895
1624760731916
1624760731936
1624760731954
1624760731976
1624760731996
1624760732016
1624760732035
1624760732055
1624760732075
1624760732095
1624760732115
1624760732134
1624760732155
1624760732175
1624760732195
1624760732215
1624760732234
1624760732254
1624760732274
1624760732295
1624760732315
1624760732336
1624760732355
1624760732375
1624760732395
1624760732415
1624760732436
1624760732455
1624760732476
1624760732495
1624760732515
1624760732536
1624760732559
1624760732574
1624760732594
1624760732615
1624760732636
1624760732655
1624760732674
1624760732694
1624760732715
1624760732735
1624760732754
1624760732775
1624760732796
1624760732815
1624760732835
1624760732855
1624760732875
1624760732896
1624760732916
1624760732936
1624760732955
1624760732977
1624760732994
1624760733014
1624760733038
1624760733055
1624760733074
1624760733095
1624760733115
1624760733134
1624760733156
1624760733176
1624760733194
1624760733215
1624760733235
1624760733259
1624760733278
1624760733295
1624760733315
1624760733335
1624760733359
1624760733376
1624760733396
1624760733415
1624760733434
1624760733457
1624760733475
1624760733497
1624760733517
1624760733536
1624760733558
1624760733576
1624760733596
1624760733617
1624760733636
1624760733656
1624760733676
1624760733696
1624760733714
1624760733735
1624760733756
1624760733774
1624760733796
1624760733816
1624760733836
1624760733858
1624760733876
1624760733895
1624760733915
1624760733935
1624760733956
1624760733976
1624760733994
1624760734015
1624760734036
1624760734056
1624760734076
1624760734096
1624760734117
1624760734136
1624760734157
1624760734175
1624760734195
1624760734216
1624760734237
1624760734255
1624760734276
1624760734296
1624760734316
1624760734337
1624760734357
1624760734375
1624760734396
1624760734415
1624760734436
1624760734456
1624760734477
1624760734496
1624760734516
1624760734537
1624760734556
1624760734577
1624760734596
1624760734616
1624760734636
1624760734656
1624760734676
1624760734696
1624760734716
1624760734736
1624760734756
1624760734776
1624760734796
1624760734815
1624760734836
1624760734856
1624760734876
1624760734896
1624760734916
1624760734936
1624760734956
1624760734977
1624760734997
1624760735015
1624760735037
1624760735058
1624760735077
1624760735096
1624760735116
1624760735137
1624760735157
1624760735177
1624760735195
1624760735216
1624760735236
1624760735256
1624760735277
1624760735296
1624760735316
1624760735336
1624760735357
1624760735376
1624760735397
1624760735416
1624760735436
1624760735456
1624760735475
1624760735496
1624760735516
1624760735536
1624760735557
1624760735577
1624760735596
1624760735615
1624760735636
1624760735656
1624760735676
1624760735697
1624760735715
1624760735736
1624760735756
1624760735776
1624760735797
1624760735817
1624760735837
1624760735857
1624760735877
1624760735898
1624760735917
1624760735938
1624760735958
1624760735978
1624760735997
1624760736017
1624760736037
1624760736057
1624760736077
1624760736098
1624760736118
1624760736137
1624760736157
1624760736177
1624760736198
1624760736216
1624760736235
1624760736255
1624760736275
1624760736295
1624760736315
1624760736335
1624760736356
1624760736375
1624760736395
1624760736416
1624760736437
1624760736457
1624760736476
1624760736497
1624760736518
1624760736538
1624760736556
1624760736577
1624760736596
1624760736617
1624760736636
1624760736656
1624760736677
1624760736696
1624760736719
1624760736737
1624760736757
1624760736778
1624760736797
1624760736819
1624760736838
1624760736857
1624760736877
1624760736897
1624760736917
1624760736938
1624760736956
1624760736977
1624760736997
1624760737018
1624760737038
1624760737055
1624760737076
1624760737096
1624760737116
1624760737138
1624760737156
1624760737176
1624760737197
1624760737217
1624760737237
1624760737257
1624760737277
1624760737297
1624760737315
1624760737335
1624760737355
1624760737377
1624760737397
1624760737416
1624760737438
1624760737456
1624760737476
1624760737498
1624760737517
1624760737536
1624760737557
1624760737577
1624760737597
1624760737617
1624760737638
1624760737657
1624760737677
1624760737698
1624760737717
1624760737737
1624760737757
1624760737777
1624760737797
1624760737817
1624760737839
1624760737858
1624760737877
1624760737896
1624760737916
1624760737937
1624760737958
1624760737977
1624760737996
1624760738016
1624760738039
1624760738058
1624760738076
1624760738097
1624760738117
1624760738137
1624760738157
1624760738177
1624760738197
1624760738217
1624760738237
1624760738257
1624760738277
1624760738297
1624760738317
1624760738337
1624760738357
1624760738377
1624760738396
1624760738417
1624760738437
1624760738457
1624760738477
1624760738497
1624760738517
1624760738537
1624760738559
1624760738577
1624760738596
1624760738617
1624760738636
1624760738657
1624760738677
1624760738697
1624760738716
1624760738737
1624760738758
1624760738776
1624760738797
1624760738817
1624760738837
1624760738859
1624760738878
1624760738896
1624760738917
1624760738937
1624760738957
1624760738976
1624760738997
1624760739017
1624760739037
1624760739057
1624760739077
1624760739096
1624760739118
1624760739137
1624760739158
1624760739179
1624760739197
1624760739216
1624760739237
1624760739257
1624760739277
1624760739297
1624760739317
1624760739338
1624760739358
1624760739378
1624760739397
1624760739416
1624760739436
1624760739456
1624760739477
1624760739498
1624760739517
1624760739537
1624760739558
1624760739580
1624760739597
1624760739617
1624760739638
1624760739657
1624760739678
1624760739697
1624760739716
1624760739737
1624760739758
1624760739777
1624760739798
1624760739817
1624760739837
1624760739858
1624760739878
1624760739898
1624760739917
1624760739938
1624760739957
1624760739978
1624760739997
1624760740017
1624760740038
1624760740058
1624760740078
1624760740099
1624760740118
1624760740138
1624760740157
1624760740176
1624760740198
1624760740218
1624760740238
1624760740258
1624760740278
1624760740298
1624760740318
1624760740338
1624760740358
1624760740377
1624760740398
1624760740418
1624760740437
1624760740458
1624760740477
1624760740498
1624760740518
1624760740538
1624760740558
1624760740578
1624760740598
1624760740618
1624760740638
1624760740658
1624760740677
1624760740699
1624760740718
1624760740738
1624760740758
1624760740778
1624760740798
1624760740817
1624760740838
1624760740858
1624760740878
1624760740898
1624760740919
1624760740938
1624760740958
1624760740978
1624760740998
1624760741018
1624760741038
1624760741058
1624760741078
1624760741099
1624760741119
1624760741138
1624760741158
1624760741178
1624760741198
1624760741218
1624760741238
1624760741257
1624760741278
1624760741298
1624760741320
1624760741338
1624760741357
1624760741379
1624760741398
1624760741425
1624760741442
1624760741458
1624760741477
1624760741497
1624760741522
1624760741539
1624760741558
1624760741578
1624760741597
1624760741619
1624760741641
1624760741657
1624760741678
1624760741698
1624760741719
1624760741738
1624760741758
1624760741778
1624760741798
1624760741818
1624760741838
1624760741858
1624760741878
1624760741898
1624760741920
1624760741938
1624760741958
1624760741978
1624760741998
1624760742018
1624760742039
1624760742059
1624760742078
1624760742098
1624760742118
1624760742138
1624760742159
1624760742179
1624760742198
1624760742219
1624760742238
1624760742257
1624760742278
1624760742298
1624760742318
1624760742338
1624760742358
1624760742378
1624760742398
1624760742418
1624760742439
1624760742458
1624760742478
1624760742499
1624760742518
1624760742538
1624760742558
1624760742578
1624760742599
1624760742619
1624760742638
1624760742659
1624760742679
1624760742699
1624760742719
1624760742739
1624760742760
1624760742779
1624760742799
1624760742818
1624760742841
1624760742859
1624760742879
1624760742898
1624760742919
1624760742939
1624760742960
1624760742979
1624760742999
1624760743019
1624760743040
1624760743060
1624760743079
1624760743099
1624760743119
1624760743139
1624760743159
1624760743179
1624760743199
1624760743219
1624760743239
1624760743260
1624760743278
1624760743299
1624760743319
1624760743340
1624760743361
1624760743379
1624760743399
1624760743419
1624760743439
1624760743461
1624760743479
1624760743498
1624760743519
1624760743539
1624760743561
1624760743579
1624760743599
1624760743619
1624760743639
1624760743659
1624760743680
1624760743699
1624760743720
1624760743739
1624760743758
1624760743779
1624760743799
1624760743819
1624760743839
1624760743860
1624760743879
1624760743899
1624760743919
1624760743939
1624760743959
1624760743979
1624760743999
1624760744019
1624760744039
1624760744060
1624760744079
1624760744100
1624760744119
1624760744139
1624760744159
1624760744180
1624760744199
1624760744219
1624760744239
1624760744260
1624760744281
1624760744299
1624760744319
1624760744339
1624760744359
1624760744379
1624760744399
1624760744419
1624760744439
1624760744459
1624760744480
1624760744499
1624760744519
1624760744538
1624760744559
1624760744580
1624760744599
1624760744620
1624760744639
1624760744659
1624760744681
1624760744698
1624760744718
1624760744738
1624760744758
1624760744780
1624760744800
1624760744819
1624760744839
1624760744858
1624760744878
1624760744899
1624760744920
1624760744940
1624760744959
1624760744980
1624760745000
1624760745021
1624760745039
1624760745060
1624760745080
1624760745100
1624760745118
1624760745139
1624760745160
1624760745180
1624760745200
1624760745219
1624760745240
1624760745259
1624760745279
1624760745299
1624760745320
1624760745340
1624760745359
1624760745379
1624760745399
1624760745418
1624760745439
1624760745460
1624760745479
1624760745500
1624760745520
1624760745540
1624760745560
1624760745580
1624760745601
1624760745619
1624760745641
1624760745659
1624760745680
1624760745701
1624760745719
1624760745741
1624760745762
1624760745779
1624760745800
1624760745820
1624760745842
1624760745860
1624760745879
1624760745900
1624760745921
1624760745939
1624760745959
1624760745979
1624760746000
1624760746020
1624760746040
1624760746059
1624760746080
1624760746101
1624760746120
1624760746141
1624760746160
1624760746180
1624760746200
1624760746220
1624760746239
1624760746262
1624760746280
1624760746300
1624760746321
1624760746340
1624760746360
1624760746381
1624760746399
1624760746420
1624760746440
1624760746460
1624760746482
1624760746500
1624760746521
1624760746540
1624760746561
1624760746582
1624760746600
1624760746621
1624760746639
1624760746660
1624760746681
1624760746700
1624760746722
1624760746740
1624760746761
1624760746781
1624760746799
1624760746820
1624760746840
1624760746860
1624760746881
1624760746900
1624760746920
1624760746939
1624760746961
1624760746981
1624760747001
1624760747021
1624760747041
1624760747060
1624760747081
1624760747100
1624760747121
1624760747140
1624760747161
1624760747180
1624760747202
1624760747220
1624760747239
1624760747261
1624760747282
1624760747302
1624760747320
1624760747341
1624760747361
1624760747382
1624760747402
1624760747420
1624760747442
1624760747461
1624760747479
1624760747500
1624760747520
1624760747541
1624760747560
1624760747584
1624760747599
1624760747620
1624760747644
1624760747662
1624760747685
1624760747699
1624760747720
1624760747742
1624760747760
1624760747780
1624760747800
1624760747820
1624760747841
1624760747861
1624760747880
1624760747900
1624760747921
1624760747941
1624760747959
1624760747981
1624760748001
1624760748020
1624760748040
1624760748061
1624760748081
1624760748102
1624760748121
1624760748142
1624760748162
1624760748181
1624760748202
1624760748222
1624760748240
1624760748261
1624760748281
1624760748302
1624760748322
1624760748341
1624760748361
1624760748381
1624760748401
1624760748421
1624760748441
1624760748462
1624760748481
1624760748502
1624760748522
1624760748541
1624760748563
1624760748580
1624760748601
1624760748622
1624760748641
1624760748662
1624760748681
1624760748702
1624760748723
1624760748742
1624760748760
1624760748781
1624760748802
1624760748822
1624760748841
1624760748862
1624760748881
1624760748902
1624760748922
1624760748941
1624760748961
1624760748982
1624760749001
1624760749022
1624760749042
1624760749061
1624760749081
1624760749101
1624760749122
1624760749141
1624760749162
1624760749184
1624760749201
1624760749222
1624760749242
1624760749261
1624760749282
1624760749301
1624760749322
1624760749342
1624760749363
1624760749380
1624760749402
1624760749430
1624760749441
1624760749462
1624760749482
1624760749501
1624760749522
1624760749541
1624760749561
1624760749582
1624760749601
1624760749622
1624760749641
1624760749661
1624760749683
1624760749701
1624760749722
1624760749741
1624760749761
1624760749784
1624760749801
1624760749823
1624760749841
1624760749861
1624760749882
1624760749902
1624760749920
1624760749943
1624760749962
1624760749982
1624760750002
1624760750022
1624760750042
1624760750061
1624760750082
1624760750102
1624760750122
1624760750142
1624760750161
1624760750181
1624760750202
1624760750221
1624760750241
1624760750262
1624760750281
1624760750302
1624760750322
1624760750343
1624760750362
1624760750383
1624760750402
1624760750422
1624760750443
1624760750462
1624760750482
1624760750502
1624760750521
1624760750543
1624760750562
1624760750582
1624760750604
1624760750621
1624760750642
1624760750662
1624760750681
1624760750703
1624760750722
1624760750741
1624760750761
1624760750781
1624760750802
1624760750821
1624760750843
1624760750862
1624760750882
1624760750903
1624760750921
1624760750942
1624760750962
1624760750982
1624760751002
1624760751022
1624760751042
1624760751063
1624760751082
1624760751103
1624760751122
1624760751142
1624760751163
1624760751182
1624760751202
1624760751222
1624760751241
1624760751263
1624760751283
1624760751301
1624760751323
1624760751342
1624760751363
1624760751383
1624760751403
1624760751422
1624760751442
1624760751463
1624760751482
1624760751502
1624760751523
1624760751542
1624760751563
1624760751583
1624760751601
1624760751622
1624760751641
1624760751663
1624760751683
1624760751702
1624760751723
1624760751741
1624760751762
1624760751783
1624760751802
1624760751823
1624760751842
1624760751862
1624760751882
1624760751902
1624760751922
1624760751943
1624760751963
1624760751983
1624760752002
1624760752024
1624760752042
1624760752064
1624760752083
1624760752102
1624760752122
1624760752142
1624760752163
1624760752183
1624760752202
1624760752224
1624760752243
1624760752263
1624760752283
1624760752305
1624760752322
1624760752342
1624760752362
1624760752383
1624760752403
1624760752422
1624760752443
1624760752463
1624760752483
1624760752503
1624760752522
1624760752542
1624760752563
1624760752582
1624760752602
1624760752622
1624760752642
1624760752663
1624760752682
1624760752702
1624760752722
1624760752743
1624760752761
1624760752782
1624760752802
1624760752823
1624760752843
1624760752863
1624760752883
1624760752903
1624760752923
1624760752943
1624760752963
1624760752984
1624760753003
1624760753023
1624760753042
1624760753063
1624760753084
1624760753103
1624760753122
1624760753143
1624760753163
1624760753182
1624760753202
1624760753222
1624760753242
1624760753262
1624760753283
1624760753303
1624760753323
1624760753342
1624760753363
1624760753383
1624760753403
1624760753424
1624760753443
1624760753463
1624760753483
1624760753503
1624760753522
1624760753542
1624760753563
1624760753583
1624760753602
1624760753622
1624760753643
1624760753662
1624760753683
1624760753702
1624760753723
1624760753742
1624760753763
1624760753782
1624760753803
1624760753823
1624760753842
1624760753863
1624760753884
1624760753903
1624760753924
1624760753943
1624760753964
1624760753982
1624760754004
1624760754024
1624760754043
1624760754062
1624760754083
1624760754102
1624760754124
1624760754143
1624760754163
1624760754185
1624760754203
1624760754223
1624760754244
1624760754263
1624760754282
1624760754304
1624760754324
1624760754343
1624760754364
1624760754383
1624760754404
1624760754423
1624760754443
1624760754463
1624760754482
1624760754502
1624760754522
1624760754542
1624760754565
1624760754583
1624760754603
1624760754624
1624760754644
1624760754663
1624760754683
1624760754703
1624760754724
1624760754743
1624760754763
1624760754784
1624760754803
1624760754824
1624760754844
1624760754863
1624760754883
1624760754904
1624760754923
1624760754944
1624760754964
1624760754983
1624760755004
1624760755024
1624760755044
1624760755063
1624760755083
1624760755104
1624760755123
1624760755143
1624760755164
1624760755183
1624760755204
1624760755223
1624760755245
1624760755263
1624760755283
1624760755303
1624760755323
1624760755343
1624760755363
1624760755385
1624760755403
1624760755423
1624760755445
1624760755463
1624760755484
1624760755503
1624760755524
1624760755544
1624760755563
1624760755583
1624760755604
1624760755623
1624760755644
1624760755666
1624760755683
1624760755704
1624760755722
1624760755743
1624760755764
1624760755784
1624760755803
1624760755825
1624760755844
1624760755864
1624760755883
1624760755904
1624760755924
1624760755944
1624760755964
1624760755984
1624760756003
1624760756025
1624760756044
1624760756063
1624760756084
1624760756104
1624760756124
1624760756144
1624760756164
1624760756183
1624760756204
1624760756224
1624760756245
1624760756264
1624760756284
1624760756303
1624760756324
1624760756344
1624760756364
1624760756383
1624760756403
1624760756423
1624760756444
1624760756464
1624760756484
1624760756504
1624760756525
1624760756545
1624760756564
1624760756584
1624760756604
1624760756625
1624760756645
1624760756665
1624760756685
1624760756704
1624760756724
1624760756745
1624760756765
1624760756783
1624760756804
1624760756824
1624760756844
1624760756864
1624760756884
1624760756903
1624760756925
1624760756945
1624760756964
1624760756984
1624760757003
1624760757024
1624760757045
1624760757064
1624760757085
1624760757106
1624760757124
1624760757144
1624760757165
1624760757185
1624760757205
1624760757225
1624760757245
1624760757265
1624760757285
1624760757304
1624760757324
1624760757344
1624760757364
1624760757384
1624760757404
1624760757424
1624760757445
1624760757465
1624760757484
1624760757505
1624760757524
1624760757545
1624760757565
1624760757585
1624760757604
1624760757625
1624760757645
1624760757666
1624760757685
1624760757705
1624760757726
1624760757745
1624760757765
1624760757786
1624760757806
1624760757825
1624760757846
1624760757865
1624760757886
1624760757906
1624760757925
1624760757946
1624760757966
1624760757985
1624760758005
1624760758025
1624760758046
1624760758065
1624760758085
1624760758104
1624760758125
1624760758145
1624760758166
1624760758186
1624760758205
1624760758224
1624760758245
1624760758265
1624760758285
1624760758306
1624760758325
1624760758346
1624760758364
1624760758386
1624760758405
1624760758426
1624760758445
1624760758463
1624760758485
1624760758505
1624760758525
1624760758545
1624760758566
1624760758584
1624760758606
1624760758624
1624760758645
1624760758665
1624760758685
1624760758705
1624760758723
1624760758745
1624760758765
1624760758785
1624760758804
1624760758824
1624760758844
1624760758865
1624760758884
1624760758905
1624760758924
1624760758944
1624760758966
1624760758984
1624760759004
1624760759026
1624760759045
1624760759064
1624760759084
1624760759105
1624760759126
1624760759145
1624760759165
1624760759185
1624760759205
1624760759225
1624760759245
1624760759265
1624760759285
1624760759304
1624760759325
1624760759343
1624760759365
1624760759385
1624760759406
1624760759425
1624760759445
1624760759466
1624760759484
1624760759505
1624760759525
1624760759545
1624760759564
1624760759585
1624760759604
1624760759625
1624760759645
1624760759664
1624760759685
1624760759704
1624760759725
1624760759745
1624760759768
1624760759784
1624760759804
1624760759825
1624760759844
1624760759865
1624760759884
1624760759908
1624760759924
1624760759945
1624760759968
1624760759985
1624760760005
1624760760025
1624760760045
1624760760065
1624760760086
1624760760104
1624760760124
1624760760145
1624760760168
1624760760185
1624760760205
1624760760224
1624760760245
1624760760265
1624760760285
1624760760305
1624760760325
1624760760345
1624760760365
1624760760385
1624760760406
1624760760425
1624760760445
1624760760465
1624760760486
1624760760505
1624760760525
1624760760545
1624760760565
1624760760585
1624760760605
1624760760625
1624760760645
1624760760665
1624760760685
1624760760706
1624760760725
1624760760745
1624760760765
1624760760785
1624760760805
1624760760825
1624760760845
1624760760866
1624760760885
1624760760905
1624760760926
1624760760945
1624760760966
1624760760986
1624760761006
1624760761025
1624760761045
1624760761065
1624760761085
1624760761104
1624760761125
1624760761145
1624760761166
1624760761185
1624760761205
1624760761224
1624760761245
1624760761265
1624760761285
1624760761306
1624760761325
1624760761345
1624760761365
1624760761386
1624760761405
1624760761427
1624760761445
1624760761464
1624760761487
1624760761505
1624760761525
1624760761547
1624760761565
1624760761587
1624760761606
1624760761625
1624760761645
1624760761665
1624760761685
1624760761705
1624760761725
1624760761746
1624760761765
1624760761785
1624760761805
1624760761828
1624760761846
1624760761866
1624760761886
1624760761905
1624760761927
1624760761945
1624760761966
1624760761986
1624760762006
1624760762025
1624760762046
1624760762066
1624760762086
1624760762105
1624760762125
1624760762146
1624760762166
1624760762186
1624760762206
1624760762226
1624760762245
1624760762266
1624760762286
1624760762306
1624760762326
1624760762346
1624760762366
1624760762386
1624760762405
1624760762427
1624760762446
1624760762467
1624760762486
1624760762506
1624760762526
1624760762546
1624760762567
1624760762586
1624760762608
1624760762626
1624760762646
1624760762666
1624760762686
1624760762706
1624760762727
1624760762746
1624760762766
1624760762786
1624760762806
1624760762826
1624760762846
1624760762866
1624760762886
1624760762907
1624760762926
1624760762948
1624760762966
1624760762985
1624760763006
1624760763026
1624760763047
1624760763066
1624760763086
1624760763107
1624760763126
1624760763146
1624760763166
1624760763187
1624760763207
1624760763229
1624760763246
1624760763266
1624760763286
1624760763306
1624760763326
1624760763346
1624760763366
1624760763387
1624760763406
1624760763426
1624760763446
1624760763467
1624760763486
1624760763506
1624760763526
1624760763546
1624760763568
1624760763586
1624760763606
1624760763628
1624760763647
1624760763668
1624760763686
1624760763706
1624760763726
1624760763746
1624760763766
1624760763788
1624760763806
1624760763826
1624760763848
1624760763867
1624760763886
1624760763907
1624760763926
1624760763946
1624760763966
1624760763986
1624760764006
1624760764026
1624760764046
1624760764067
1624760764087
1624760764106
1624760764126
1624760764146
1624760764166
1624760764187
1624760764206
1624760764226
1624760764246
1624760764266
1624760764286
1624760764306
1624760764326
1624760764347
1624760764366
1624760764386
1624760764407
1624760764426
1624760764447
1624760764467
1624760764487
1624760764507
1624760764528
1624760764547
1624760764567
1624760764588
1624760764608
1624760764628
1624760764647
1624760764668
1624760764687
1624760764706
1624760764727
1624760764748
1624760764767
1624760764787
1624760764808
1624760764828
1624760764848
1624760764867
1624760764887
1624760764907
1624760764927
1624760764947
1624760764967
1624760764987
1624760765008
1624760765027
1624760765046
1624760765067
1624760765087
1624760765107
1624760765127
1624760765147
1624760765167
1624760765187
1624760765206
1624760765227
1624760765247
1624760765267
1624760765287
1624760765307
1624760765327
1624760765347
1624760765367
1624760765387
1624760765407
1624760765428
1624760765447
1624760765467
1624760765487
1624760765508
1624760765528
1624760765548
1624760765568
1624760765588
1624760765608
1624760765628
1624760765647
1624760765668
1624760765688
1624760765708
1624760765727
1624760765747
1624760765767
1624760765787
1624760765808
1624760765827
1624760765849
1624760765867
1624760765887
1624760765907
1624760765927
1624760765947
1624760765968
1624760765987
1624760766007
1624760766027
1624760766048
1624760766067
1624760766087
1624760766107
1624760766127
1624760766147
1624760766168
1624760766188
1624760766207
1624760766227
1624760766247
1624760766267
1624760766288
1624760766308
1624760766328
1624760766348
1624760766368
1624760766388
1624760766408
1624760766428
1624760766448
1624760766468
1624760766488
1624760766509
1624760766526
1624760766547
1624760766573
