-1.3380127
-0.4964447
0.78445435
0.98677063
0.8048096
1.0442352
1.300415
1.0885315
0.47322083
-0.005630493
-0.3587799
-0.56347656
-0.49884033
-0.32765198
-0.36117554
-0.40068054
-0.07626343
0.41934204
0.5115204
0.3594818
-0.005630493
-0.1253357
0.16316223
0.18591309
0.07936096
-0.06430054
0.021896362
-0.16723633
-0.12414551
-0.11218262
-0.22590637
-0.33244324
-0.3192749
-0.47250366
-0.7238922
-0.9764862
-0.85557556
-0.28456116
0.3439331
0.5833435
0.4456787
0.035064697
-0.010421753
0.56658936
1.0178986
0.97239685
0.97839355
0.56658936
0.0925293
0.08294678
0.34033203
0.58454895
0.6515808
0.31999207
0.38941956
1.0119171
1.3363342
1.1292267
1.0226898
1.2405548
1.5553894
2.0497894
2.289215
2.1252136
1.6715088
1.0155029
0.32476807
-0.1828003
-0.40307617
-0.16365051
0.43011475
0.98677063
1.1160583
0.96881104
0.96043396
1.0023346
0.85150146
0.57736206
0.55940247
0.8574829
1.1567535
1.3291473
1.2070312
0.9520569
0.37145996
-0.10739136
-0.23068237
-0.051132202
0.5809479
1.1244354
1.2285919
1.0095062
0.68629456
0.40019226
0.18710327
-0.05949402
-0.30729675
-0.4497528
-0.3946991
-0.30729675
-0.15287781
-0.07865906
0.28886414
0.97958374
1.5482178
1.8187561
1.5326538
1.2884369
1.652359
2.098877
1.6547546
1.1771088
1.4859619
1.9228973
2.1659088
2.280838
2.036621
1.7421417
1.4847717
1.3303375
1.2178192
1.2692871
1.454834
1.4165344
1.1878815
1.3494873
1.6595459
1.4763794
1.3375244
1.5302582
1.6739044
1.7792511
1.8929749
1.9037476
1.8343201
1.1543732
-0.27139282
-0.6460724
-0.28814697
-0.68678284
-0.9740906
-0.76937866
-0.7214966
-0.35040283
0.118881226
0.4756012
0.35350037
-0.24386597
-0.4605255
-0.4174347
-0.6628418
-0.9154358
-1.1596375
-1.1883698
-0.7681885
-0.2115326
0.005142212
-0.06788635
-0.016403198
0.17393494
0.7353821
1.10289
1.0286713
1.0274811
1.4177246
2.1060638
2.7560883
2.8722076
2.4161072
1.7481232
1.162735
1.0334473
1.02388
0.8443146
0.8143921
0.9724121
1.1795044
1.3973694
1.2513275
1.0538025
1.0861359
1.1986542
1.3770294
1.3770294
1.1639404
1.1459808
0.91973877
0.84072876
0.8371277
0.6443939
0.3846283
0.3738556
0.48399353
0.65397644
0.66355896
0.72221375
0.9927521
1.0131073
0.86586
0.7413635
0.8072052
1.0442352
1.0430298
0.72340393
0.4540558
0.37265015
0.30203247
0.19189453
0.3738556
0.68510437
0.9221344
1.0142975
0.83114624
1.2860413
2.1922455
2.6782684
2.569336
2.5525818
2.4197083
2.265274
2.237732
2.194641
1.802002
1.612854
1.5039215
1.4404755
1.2956238
1.4021606
1.4859619
0.8167877
0.68629456
1.3028107
1.5027161
1.1938629
0.44088745
0.4061737
0.5222931
0.6300354
0.5187073
0.15478516
0.06858826
0.03147888
0.042251587
-0.17800903
-0.5874176
-0.73347473
-0.604187
-0.16963196
0.24456787
0.23498535
0.07217407
-0.08943176
-0.12295532
0.16316223
0.52589417
0.78445435
0.70066833
0.4468689
0.19309998
-0.30012512
-0.8136749
-1.0471039
-0.79093933
-0.25582886
0.09611511
0.09132385
0.21583557
1.2190094
2.7692566
2.672287
1.9516296
1.7876282
2.4220886
3.463562
4.008255
3.458786
2.3107605
1.0370483
0.012329102
-0.43299866
-0.2965393
-0.046340942
0.14161682
0.40856934
0.54504395
0.3092041
-0.08584595
-0.3994751
-0.47969055
-0.44735718
-0.3946991
-0.33842468
-0.3887024
0.07577515
0.63482666
0.40496826
-0.18640137
-0.91304016
-1.1572418
-0.6412964
0.28286743
0.98677063
1.4416656
1.573349
1.434494
1.1531677
0.94966125
0.7844696
0.4827881
0.14640808
-0.24266052
-0.5754547
-0.624527
-0.49165344
0.002746582
0.55940247
0.7425537
0.53666687
0.52827454
0.83473206
1.3518829
1.5661621
0.63124084
-0.24624634
-0.051116943
0.5869293
1.5793304
2.5082855
2.596878
1.9025574
0.9484558
0.14640808
-0.025985718
0.31040955
0.68510437
0.8957977
1.039444
1.2190094
1.3231506
1.0514221
0.4708252
0.07696533
0.17633057
0.106903076
-0.5227814
-0.8483887
-0.2223053
0.7760773
-0.09660339
-1.5570831
-2.3615265
-2.0526733
-0.877121
-0.23786926
-0.6736145
-1.5415192
-1.40625
-0.62454224
-0.1708374
-0.10978699
-0.19836426
-0.3204651
-0.42941284
-0.5036316
-0.67601013
-0.9669037
-1.0794373
-0.9345856
-0.8543701
-0.8136749
-0.73706055
-0.5167999
-0.21632385
0.5354614
1.5793457
1.7098236
0.8754425
0.77368164
1.4608154
2.1204224
2.6268005
2.9859314
2.948822
2.146759
0.8143921
-0.08703613
-0.39468384
-0.20794678
0.19189453
0.4708252
0.57736206
0.47920227
0.2756958
0.2541504
0.2361908
0.11528015
0.08415222
0.2361908
0.57736206
0.7964325
0.9161377
0.5211029
-0.36715698
-0.8914795
-1.0207825
-1.1416779
-0.80529785
-0.17442322
0.03627014
0.395401
0.68629456
0.70306396
0.6599579
0.5211029
0.6204529
0.8000183
0.67193604
0.51272583
0.7581177
0.9376831
0.9532471
1.0526123
1.1783142
1.1938629
0.91734314
0.5809479
0.74017334
1.2776642
1.8319244
2.2784424
2.3730164
2.2533112
2.2269592
2.50589
2.97995
2.8949432
2.0426178
1.1495819
0.7186127
0.73298645
0.8179779
0.8395233
0.9125519
1.0178986
1.2106323
1.4045563
1.4608154
1.4141388
1.1531677
0.74375916
0.6875
0.68270874
0.44448853
0.09371948
0.0063323975
-0.0116119385
-0.63531494
-1.4649048
-1.6971436
-1.7833252
-1.6660156
-1.16922
-0.53715515
0.142807
0.7593231
0.9364929
0.48039246
0.013519287
-0.016418457
0.12007141
-0.049926758
-0.22351074
-0.27616882
-0.41983032
-1.4206085
-2.3148499
-1.4241943
-1.221878
