1.4493256
2.0802002
2.600937
2.3016663
1.4493256
0.7657776
0.88549805
1.5307312
1.5618591
1.1045685
0.743042
0.76698303
1.138092
1.6576233
2.1113281
2.1256866
1.8359985
1.6851501
1.6947327
1.6408691
1.6648102
2.0299225
2.4896088
2.7050934
2.3818665
1.9664764
1.9676666
2.039505
1.5798187
1.0231628
1.1261139
1.5151672
1.8707123
1.7509918
1.197937
0.5179901
-0.11289978
-0.25654602
0.51319885
1.4636841
0.95132446
0.4796753
0.55747986
0.7143097
0.8483887
0.7897186
0.6927643
0.7550049
1.3056793
1.7964935
2.0047913
2.25737
2.5937653
2.2992706
1.7067108
1.2960968
1.0099945
0.6365051
0.24145508
0.21870422
0.7047272
1.3427887
1.723465
1.7677612
1.4517212
1.197937
1.1105499
1.3332062
1.7833252
2.2705383
2.5566406
2.7146606
2.5877686
2.2561798
2.0107727
1.9628906
2.0814056
2.241806
2.2226562
2.1951141
2.2920837
2.305252
2.320816
2.1137238
1.5474854
0.7849426
0.46650696
0.61494446
0.5778351
0.35157776
0.29891968
0.35757446
0.57424927
0.87950134
1.2182922
1.5474854
1.7354279
1.7090912
1.4840393
1.221878
1.055481
0.9668884
1.1153412
1.5331268
1.9976044
2.1017456
1.6815643
1.2541962
0.9716797
0.8328247
0.60298157
0.23545837
0.01638794
0.5215759
1.3200378
1.7186737
1.5702362
1.2541962
0.97766113
0.9788666
1.4373627
2.0227356
2.4537048
2.707489
2.5985413
2.4477081
2.4405365
2.4836273
2.4800262
2.4752502
2.6955109
3.083374
3.2234344
2.712265
2.1184998
2.3639069
2.6548157
2.2920837
1.7940826
1.6276855
1.5486908
1.395462
1.1967316
0.83161926
0.8005066
1.2350464
1.644455
2.0885773
2.4931946
2.6859283
2.719452
2.490799
2.2693481
2.2956848
2.475235
2.4285583
2.4022217
2.430954
2.123291
1.7785339
1.3679199
0.8831024
0.2737732
-0.27450562
-0.4420929
0.33003235
1.2302551
1.4600983
0.87950134
0.35517883
0.42819214
0.8627472
1.257782
1.5786133
1.7533875
2.0275269
2.3567352
2.4560852
2.454895
2.3399658
2.3746796
2.7936707
3.2473755
3.380249
3.1025238
2.7086792
2.5398865
2.1484375
1.652832
1.1728058
0.5335388
0.19117737
0.49882507
0.96209717
0.95492554
0.9130249
1.1524506
1.395462
1.6336823
1.8012848
1.9940186
2.2956848
2.4979858
2.4058075
2.226242
2.1963196
2.2226562
2.154419
2.2932892
2.585373
2.3938446
1.5905762
1.0518951
1.0566711
1.4624939
1.9736633
1.613327
0.54911804
-0.10810852
0.38630676
1.0482941
0.94415283
0.5287628
0.59458923
0.9740753
1.5678406
2.039505
2.2190704
1.9700623
2.0766144
2.0023956
1.6696014
1.5810089
1.4636993
1.2266693
1.4816437
1.9461212
2.1376648
1.9688721
1.865921
1.7940979
1.7845154
1.4756622
1.1177368
1.182373
0.90345764
0.4796753
0.2618103
0.43418884
0.5658722
0.5802307
0.7621918
1.2098999
1.5929871
1.9149933
2.1831512
2.147232
1.9353485
1.6145325
1.3308105
1.0746307
1.0818176
1.490036
1.6791687
1.2913055
0.7178955
0.5479126
0.73825073
0.6448822
-0.4995575
-2.1766968
-2.8578491
-1.5769501
0.48207092
1.8730927
1.8802795
1.0866089
0.3240509
0.11216736
0.33244324
0.63290405
0.95492554
1.2494049
1.4337616
1.4840546
1.4313812
1.3763123
1.4852448
1.810852
2.138855
2.1556091
1.8216248
1.6612091
1.850357
2.0251312
1.4253845
0.14089966
-0.9305115
-0.7748871
0.113357544
0.6987457
0.8771057
0.91542053
0.99324036
1.1512451
1.2960968
1.4074249
1.5618591
1.6324768
1.5056
1.352356
1.1811829
1.1380768
1.3224335
1.7162781
2.123291
2.1209106
1.8874664
1.5786133
1.5043945
1.4385529
1.3571472
0.71910095
-0.52949524
-1.5003357
-1.0957184
0.3204651
1.3822937
1.4888306
0.9381714
0.40904236
0.33363342
0.7502289
1.3679199
1.9066162
2.047882
1.9341583
1.9616852
2.0802002
2.0490723
1.9592896
1.9461212
2.210678
2.063446
2.0562592
2.3746948
2.743393
2.59375
2.0981598
1.0111847
0.34799194
1.1632233
1.7677612
1.7653656
0.9956207
0.3240509
0.42700195
0.9824524
1.4493256
1.6516418
1.7174835
1.7258606
1.7342377
1.7102966
1.6696014
1.6013641
1.4780579
1.5163727
1.608551
1.5678406
1.4241943
0.99801636
0.8364105
0.9633026
0.94296265
0.6077728
-0.10092163
-0.8395386
-0.6503906
0.7262726
1.9317627
1.6420593
0.5981903
-0.04585266
-0.11289978
-0.0027618408
0.26179504
0.71310425
1.3463745
1.6552277
1.4636841
1.2482147
1.3032837
1.589386
1.9030304
2.1376648
2.186737
1.9317627
1.5702362
1.5223541
1.5666351
1.5067902
1.1704102
0.5203705
0.14089966
0.43060303
0.69395447
0.6352997
0.6305084
0.49523926
0.33961487
0.45812988
0.7143097
1.024353
1.1476593
1.1991272
1.3044739
1.4086304
1.4074249
1.6001587
1.7330322
1.5546722
1.4696808
1.5786133
1.7450104
1.644455
1.308075
0.84599304
0.7550049
1.2087097
1.2470093
0.6700134
0.21392822
0.43058777
1.0171661
1.3547516
1.0075989
0.5012207
0.3707428
0.64367676
1.3403931
1.9365387
2.1843414
2.1999054
2.304062
2.269333
1.9401398
1.8563385
1.9616852
2.090973
1.8731079
1.6959229
2.1927338
2.837967
3.004364
2.8056488
2.799652
2.6200867
2.0730133
1.5163727
1.3451843
1.332016
1.3930664
1.5283356
1.6360779
1.6863556
1.8336029
1.9976044
2.1616058
2.360321
2.5243225
2.4979858
2.2621613
2.118515
2.8571167
3.2976532
2.202301
1.6887512
