-0.075912476
2.4414062E-4
-0.15794373
-0.448761
-0.55474854
-0.42106628
-0.2772522
-0.35342407
-0.5861664
-0.737442
-0.7001648
-0.48443604
-0.22291565
-0.08656311
-0.11853027
-0.19363403
-0.22132874
-0.20640564
-0.18457031
-0.13397217
-0.024780273
0.15205383
0.32569885
0.37683105
0.3320923
0.37576294
0.4359436
0.4242401
0.37841797
0.35339355
0.3848114
0.4519348
0.41305542
0.21064758
-0.04875183
-0.1872406
-0.09828186
0.10412598
0.24687195
0.23461914
0.184021
0.2436676
0.38961792
0.4753723
0.33953857
0.22502136
0.26498413
0.24739075
0.29374695
0.38215637
0.40931702
0.31344604
0.020492554
-0.3294525
-0.48924255
-0.5419769
-0.6064148
-0.62345886
-0.47911072
-0.23356628
-0.053009033
-0.019454956
-0.17338562
-0.43118286
-0.64956665
-0.69377136
-0.5584717
-0.34329224
-0.15687561
-0.03703308
-0.01626587
-0.10041809
-0.22930908
-0.2884369
-0.24476624
-0.1446228
-0.03224182
0.09240723
0.21490479
0.2974701
0.3113098
0.25112915
0.12063599
-0.0460968
-0.18403625
-0.14195251
0.034347534
0.18081665
0.19520569
0.12275696
0.08175659
0.09346008
0.15525818
0.2314148
0.28575134
0.29800415
0.2671051
0.19093323
0.088134766
-0.018920898
-0.08390808
-0.07325745
0.024230957
0.088134766
0.0236969
-0.15847778
-0.35342407
-0.4295807
-0.42160034
-0.47380066
-0.5632782
-0.45088196
-0.15048218
0.078552246
0.10092163
-0.08177185
-0.3326416
-0.49349976
-0.512146
-0.38430786
-0.1914978
-0.036499023
0.022094727
-0.040222168
-0.08602905
-0.04396057
0.01890564
0.07801819
0.19999695
0.35179138
0.4620514
0.49186707
0.40559387
0.27722168
0.24633789
0.2244873
0.16590881
0.22502136
0.27456665
0.266037
0.27243042
0.24420166
0.20425415
0.25112915
0.33953857
0.42636108
0.44873047
0.39920044
0.32783508
0.21704102
0.06736755
-0.06846619
-0.15048218
-0.13983154
-0.11479187
-0.13609314
-0.21759033
-0.33370972
-0.40827942
-0.40507507
-0.38217163
-0.44023132
-0.4849701
-0.37365723
-0.1126709
0.12756348
0.11531067
-0.15048218
-0.42318726
-0.51426697
-0.43171692
-0.27618408
-0.17764282
-0.15527344
-0.12704468
-0.09616089
-0.111068726
-0.17019653
-0.25328064
-0.27511597
-0.1835022
-0.07537842
-0.038635254
-0.099349976
-0.19522095
-0.25593567
-0.30334473
-0.33850098
-0.3710022
-0.38804626
-0.31878662
-0.13397217
0.0476532
0.099868774
0.03274536
0.010375977
0.031692505
0.01890564
-0.021591187
-0.06365967
-0.07324219
-0.10041809
-0.20480347
-0.3358307
-0.40454102
-0.40827942
-0.40827942
-0.39656067
-0.37898254
-0.41627502
-0.52705383
-0.62506104
-0.5829773
-0.37205505
-0.22558594
-0.34275818
-0.6319885
-0.7598114
-0.6511688
-0.46847534
-0.44450378
-0.563797
-0.64157104
-0.594162
-0.5052185
-0.45674133
-0.4929657
-0.57499695
-0.6506195
-0.7347717
-0.7965698
-0.8189392
-0.88179016
-0.93292236
-0.78590393
-0.5132141
-0.36140442
-0.33210754
-0.36140442
-0.3795166
-0.3518219
-0.34754944
-0.37472534
-0.41041565
-0.4583435
-0.5164032
-0.54623413
-0.5179901
-0.48710632
-0.45622253
-0.37419128
-0.2740631
-0.18244934
-0.13929749
-0.19415283
-0.3560791
-0.55900574
-0.71720886
-0.8242645
-0.8711395
-0.8200073
-0.6793823
-0.5574188
-0.55848694
-0.63464355
-0.66181946
-0.5797882
-0.5313263
-0.78804016
-1.2849884
-1.436264
-1.0240021
-0.40081787
-0.13237
-0.39816284
-0.9062805
-1.2967072
-1.4341278
-1.3217468
-1.0916443
-0.9116211
-0.8354492
-0.8162689
-0.80989075
-0.81947327
-0.79496765
-0.7113495
-0.5659332
-0.39762878
-0.26766968
-0.18191528
-0.09188843
0.04978943
0.14405823
-0.008270264
-0.3118744
-0.43437195
-0.26020813
0.13075256
0.4284973
0.48495483
0.40133667
0.29693604
0.17602539
0.053512573
-0.04663086
-0.104141235
-0.15208435
-0.22877502
-0.31506348
-0.3875122
-0.3944397
-0.33370972
-0.23890686
-0.15473938
-0.17391968
-0.29536438
-0.4295807
-0.512146
-0.5387726
-0.59043884
-0.7912445
-1.1081543
-1.1635437
-0.8386383
-0.35394287
-0.02798462
-0.08444214
-0.37791443
-0.5989685
-0.6144104
-0.4237213
-0.1595459
0.0077056885
-0.004547119
-0.13557434
-0.24476624
-0.29483032
-0.32891846
-0.35928345
-0.34703064
-0.26339722
-0.13024902
0.026885986
0.24899292
0.36831665
0.32995605
0.109451294
-0.29589844
-0.481781
-0.24156189
0.050323486
0.0987854
-0.12438965
-0.34542847
-0.35287476
-0.12332153
0.06843567
0.060440063
-0.03970337
-0.13504028
-0.18830872
-0.2069397
-0.23091125
-0.27085876
-0.31454468
-0.32199097
-0.29483032
-0.29855347
-0.32092285
-0.32891846
-0.29908752
-0.21279907
-0.14782715
-0.24263
-0.52545166
-0.6894989
-0.47485352
-0.05567932
0.20692444
0.06790161
-0.35714722
-0.7454376
-0.95103455
-0.9180145
-0.707077
-0.47964478
-0.31027222
-0.24475098
-0.3017578
-0.38804626
-0.38217163
-0.25221252
-0.08444214
0.022094727
0.078552246
0.118499756
0.17070007
0.25752258
0.3347473
0.31558228
0.14407349
0.002380371
0.050857544
0.19573975
0.3251648
0.3917389
0.34753418
0.2617798
0.25325012
0.282547
0.33688354
0.41410828
0.46525574
0.5036011
0.5142517
0.46151733
0.38587952
0.32356262
0.23194885
0.09931946
-0.008804321
-0.038101196
-0.053009033
-0.12599182
-0.20747375
-0.19042969
-0.09562683
0.0236969
0.06629944
-0.038635254
-0.12757874
-0.09136963
-0.013595581
-0.073791504
-0.34649658
-0.66075134
-0.7688751
-0.63571167
-0.39283752
-0.18403625
-0.071121216
-0.031707764
-0.008804321
0.0135650635
-0.043426514
-0.13929749
-0.16540527
-0.1084137
0.0061187744
0.10784912
0.22503662
0.37950134
0.45993042
0.43647766
0.38961792
0.3416748
0.2905426
0.25431824
0.26657104
0.36138916
0.47642517
0.5376892
0.5467377
0.4950714
0.39707947
0.3086548
0.26071167
0.23034668
0.15205383
0.03327942
-0.06951904
-0.11000061
-0.1211853
-0.16273499
-0.22877502
-0.3283844
-0.3949585
