30.259705
30.297852
29.862976
27.348328
27.78778
28.375244
26.911926
26.9104
28.051758
26.577759
25.953674
25.126648
24.250793
25.128174
23.587036
23.664856
23.664856
23.664856
21.488953
22.865295
24.33014
24.189758
21.925354
23.600769
25.413513
23.939514
25.540161
24.813843
24.751282
26.538086
26.576233
26.313782
26.725769
25.99945
26.449585
24.085999
24.46289
24.961853
25.564575
25.125122
26.126099
24.838257
26.25122
27.137756
25.375366
25.027466
26.037598
25.686646
26.998901
27.323914
27.62146
27.534485
28.036499
27.47345
27.923584
27.848816
26.913452
25.335693
26.45111
24.812317
26.625061
25.749207
24.525452
24.775696
23.01178
24.087524
23.902893
23.175049
24.061584
24.316406
24.099731
22.67456
23.999023
24.56665
23.71521
22.52655
23.0896
23.400879
21.839905
23.526001
23.487854
24.687195
23.175049
23.153687
22.050476
23.025513
23.777771
23.487854
22.01233
22.01233
24.339294
22.676086
24.424744
22.938538
24.586487
24.624634
25.827026
25.437927
26.412964
24.751282
25.462341
24.127197
24.861145
23.81134
24.77417
24.212646
25.663757
23.524475
24.151611
24.25232
23.150635
23.838806
23.001099
23.68927
22.964478
24.102783
21.824646
20.223999
18.789673
20.013428
17.900085
19.45343
18.97583
19.822693
19.863892
19.862366
20.13855
18.701172
20.716858
20.574951
22.451782
20.187378
22.885132
23.623657
23.298645
25.860596
24.62616
26.249695
26.786804
27.435303
27.308655
27.223206
25.77362
27.323914
26.312256
27.784729
27.885437
28.947449
29.722595
29.446411
28.657532
29.096985
29.161072
29.096985
26.182556
27.659607
26.119995
27.223206
25.622559
26.161194
25.875854
25.335693
25.827026
25.827026
25.811768
24.023438
24.111938
25.0
24.235535
23.812866
23.0896
25.027466
23.397827
22.875977
23.590088
22.488403
23.713684
22.772217
22.924805
24.900818
23.939514
22.462463
21.948242
22.387695
23.937988
21.887207
22.485352
22.174072
21.551514
22.276306
19.410706
21.089172
20.788574
21.289062
21.678162
21.461487
19.761658
20.014954
20.487976
21.949768
22.389221
21.261597
21.487427
21.22345
21.113586
19.94934
19.036865
20.225525
20.265198
18.325806
18.624878
18.850708
19.140625
18.66455
15.625
17.565918
17.201233
13.964844
16.52832
17.227173
15.751648
15.667725
14.375305
14.904785
13.052368
14.465332
13.941956
14.089966
14.666748
14.042664
12.840271
13.17749
10.76355
12.2543335
11.24115
10.177612
10.865784
10.865784
11.965942
10.890198
10.5911255
10.163879
9.00116
9.490967
6.9763184
9.538269
7.878113
8.502197
7.939148
6.47583
5.5267334
6.814575
6.088257
5.6518555
6.0028076
5.0872803
5.1864624
5.6259155
3.2363892
4.3640137
2.8640747
2.8274536
2.0507812
0.17547607
-0.81481934
-2.0019531
-0.33721924
-1.4404297
-2.1759033
-2.5009155
-4.940796
-5.7022095
-6.666565
-4.1900635
-6.866455
-7.2418213
-8.406067
-10.342407
-9.506226
-9.718323
-12.007141
-10.969543
-13.5849
-13.397217
-13.560486
-14.712524
-14.173889
-14.910889
-13.609314
-14.624023
-14.537048
-15.187073
-12.686157
-15.411377
-14.4973755
-16.537476
-15.376282
-16.563416
-16.1026
-15.724182
-15.074158
-15.463257
-15.788269
-16.262817
-15.226746
-18.051147
-16.22467
-16.22467
-15.661621
-17.61322
-15.852356
-15.852356
-17.225647
-18.392944
-20.117188
-19.151306
-18.650818
-19.465637
-18.139648
-19.239807
-19.529724
-19.680786
-18.869019
-20.968628
-21.91925
-22.158813
-21.633911
-22.607422
-24.008179
-23.173523
-23.861694
-23.486328
-22.549438
-24.588013
-22.964478
-22.940063
-23.150635
-24.664307
-25.352478
-24.465942
-24.313354
-24.339294
-24.276733
-23.976135
-23.626709
-21.64917
-20.913696
-21.513367
-19.12384
-21.27533
-20.387268
-21.36383
-20.413208
-19.924927
-24.28894
-22.52655
-19.851685
-21.276855
-21.942139
-21.366882
-23.252869
-22.866821
-23.190308
-22.328186
-23.19336
-24.005127
-23.280334
-23.233032
-22.177124
-22.781372
-22.409058
-22.195435
-22.65625
-23.156738
-23.033142
-21.946716
-23.510742
-24.80011
-23.635864
-22.158813
-22.007751
-22.93396
-24.049377
-23.799133
-25.215149
-25.215149
-25.215149
-23.098755
-24.240112
-23.472595
-24.617004
-24.23706
-24.864197
-23.51532
-25.300598
-24.487305
-23.724365
-24.075317
-23.677063
-26.026917
-23.162842
-23.036194
-21.723938
-21.072388
-22.172546
-21.910095
-20.576477
-21.684265
-21.598816
-22.373962
-23.448181
-22.071838
-20.43457
-20.996094
-20.71228
-22.096252
-19.46106
-19.332886
-18.858337
-18.457031
-20.521545
-20.544434
-21.098328
-19.770813
-20.15686
-19.747925
-18.359375
-17.67273
-18.193054
-18.797302
-17.355347
-17.919922
-18.296814
-18.482971
-19.210815
-18.321228
-19.558716
-20.410156
-18.359375
-17.610168
-20.08667
-19.184875
-18.2724
-18.019104
-18.83545
-17.584229
-18.270874
-17.671204
-17.733765
-18.058777
-17.044067
-15.818787
-15.318298
-14.691162
-13.442993
-12.492371
-10.704041
-12.402344
-12.078857
-12.078857
-12.078857
-9.890747
-11.390686
-10.4904175
-10.791016
-10.61554
-8.137512
-10.139465
-7.939148
-8.288574
-7.814026
-6.02417
-7.537842
-7.725525
-6.436157
-5.0857544
-3.3859253
-5.963135
