-0.20225525
-0.47390747
-0.6230316
-0.45259094
-0.1990509
-0.09413147
-0.16177368
-0.29493713
-0.34020996
-0.25552368
-0.11543274
0.028915405
0.11732483
0.04222107
-0.18414307
-0.39187622
-0.35139465
-0.08880615
0.108810425
0.050750732
-0.16656494
-0.4131775
-0.53408813
-0.2965393
0.14768982
0.36553955
0.24249268
0.015060425
-0.1239624
-0.22462463
-0.22729492
-0.23847961
-0.40412903
-0.5846863
-0.6624603
-0.45046997
-0.25871277
-0.19532776
-0.11064148
0.061401367
0.10774231
-0.081344604
-0.120224
0.10508728
0.29629517
0.33145142
0.34742737
0.4369049
0.564209
0.7431793
0.79377747
0.5242615
0.06619263
-0.29386902
-0.4323578
-0.5101166
-0.55378723
-0.46751404
-0.18840027
0.11627197
0.25953674
0.30534363
0.3341217
0.3053589
0.23077393
0.2238617
0.2238617
0.057678223
-0.23474121
-0.35298157
-0.1159668
0.22918701
0.31333923
0.042755127
-0.40678406
-0.7450104
-0.77749634
-0.4573822
0.031570435
0.39855957
0.49710083
0.3761902
0.19828796
0.08377075
0.06513977
0.12159729
0.23451233
0.358078
0.42253113
0.45448303
0.46247864
0.43424988
0.374588
0.2238617
0.052871704
-0.017959595
0.08590698
0.26539612
0.30162048
0.1343689
-0.106918335
-0.16230774
0.0022735596
0.2046814
0.28085327
0.2403717
0.12585449
-0.046722412
-0.22036743
-0.33328247
-0.3396759
-0.2571106
-0.19320679
-0.16070557
-0.18521118
-0.2459259
-0.28268433
-0.2054596
0.055007935
0.23504639
-0.069625854
-0.5873413
-0.7348938
-0.41210938
0.054473877
0.24676514
0.10987854
-0.07815552
-0.13780212
-0.102127075
0.001739502
0.09762573
0.12213135
0.035308838
-0.07229614
-0.08081055
0.017196655
0.07951355
0.040100098
0.0022735596
0.028381348
0.1146698
0.30854797
0.61001587
0.8901825
0.8736725
0.39537048
-0.17616272
-0.324234
-0.017959595
0.2403717
0.1503601
-0.12608337
-0.2651062
-0.05632019
0.29789734
0.4038849
0.17326355
-0.15644836
-0.35565186
-0.3705597
-0.27947998
-0.22355652
-0.23634338
-0.22409058
-0.13780212
-0.018508911
0.02305603
-0.08241272
-0.31410217
-0.48721313
-0.4270172
-0.2539215
-0.16070557
-0.1479187
-0.06376648
0.12371826
0.2803192
0.2361145
-0.03555298
-0.3828125
-0.5431366
-0.3812256
-0.017959595
0.2680664
0.28936768
0.18551636
0.14822388
0.18019104
0.24783325
0.30908203
0.30480957
0.26060486
0.26753235
0.38098145
0.5663452
0.7410431
0.8044281
0.64889526
0.29948425
-0.0035858154
-0.026489258
0.14768982
0.21907043
0.03477478
-0.21343994
-0.24913025
-0.09359741
0.068862915
0.13543701
0.12852478
0.035308838
-0.036071777
-0.007843018
0.059799194
0.03050232
-0.073898315
-0.09146118
-0.014770508
-9.1552734E-4
-0.11756897
-0.20118713
-0.20704651
-0.1990509
-0.2416687
-0.37695312
-0.54048157
-0.48402405
-0.18893433
0.07258606
0.054473877
-0.18681335
-0.39559937
-0.32102966
-0.029159546
0.21426392
0.2957611
0.27285767
0.1849823
0.10455322
0.08377075
0.12265015
0.2004242
0.23716736
0.16473389
0.050216675
0.028915405
0.16633606
0.34954834
0.32131958
-0.062164307
-0.43608093
-0.39292908
-0.04034424
0.15248108
0.037963867
-0.1324768
-0.18148804
-0.09573364
0.047561646
0.11946106
0.120529175
0.073654175
-0.017959595
-0.09146118
-0.118637085
-0.14579773
-0.2565918
-0.31677246
-0.22569275
-0.3082428
-0.24327087
0.110946655
0.3506317
0.21214294
-0.020629883
-0.12609863
-0.36097717
-0.69281006
-0.7258301
-0.38815308
-0.029144287
-0.07229614
-0.42170715
-0.5511322
-0.29600525
0.082717896
0.2531433
0.14076233
-0.031814575
-0.11224365
-0.109054565
-0.120773315
-0.14472961
-0.11489868
-0.07495117
-0.09146118
-0.12608337
-0.07336426
0.085372925
0.33624268
0.5434418
0.43904114
0.0070648193
-0.33595276
-0.3162384
-0.066970825
0.0912323
0.0028076172
-0.1862793
-0.2677765
-0.16763306
-0.0035858154
0.01878357
-0.11917114
-0.21185303
-0.13833618
-0.010498047
0.017715454
-0.02809143
-0.06430054
-0.031280518
0.07525635
0.19828796
0.18338013
0.048095703
-0.067489624
-0.062179565
0.07685852
0.2584839
0.2169342
-0.16656494
-0.64593506
-0.79400635
-0.48934937
-0.09199524
-0.024353027
-0.33753967
-0.67630005
-0.66404724
-0.3466034
-0.046722412
0.023040771
-0.015838623
0.07044983
0.29257202
0.38630676
0.26327515
0.17166138
0.16101074
0.0912323
-0.038208008
-0.07122803
0.092300415
0.37565613
0.63238525
0.7341156
0.5056305
0.024108887
-0.19372559
0.07685852
0.36872864
0.28829956
0.01399231
-0.123428345
-0.01423645
0.1615448
0.14768982
-0.0493927
-0.19000244
-0.13674927
0.00920105
0.054473877
-0.041397095
-0.08773804
-0.029678345
0.016647339
-0.026489258
-0.11810303
-0.18946838
-0.22250366
-0.09838867
0.17858887
0.32984924
0.09069824
-0.44779968
-0.77589417
-0.5458069
-0.007843018
0.35754395
0.30801392
-0.012634277
-0.26350403
-0.23794556
-0.031280518
0.11999512
0.1535492
0.19456482
0.23451233
0.18070984
0.06086731
0.007598877
0.040100098
0.075790405
0.10455322
0.14183044
0.18391418
0.22918701
0.26113892
0.2957611
0.35702515
0.33198547
0.07312012
-0.30665588
-0.39933777
-0.1159668
0.085372925
-0.04246521
-0.20651245
-0.18893433
-0.1324768
-0.19906616
-0.21769714
-0.12236023
0.0070648193
0.08483887
0.16792297
0.3058777
0.3857727
0.29948425
0.10134888
-0.059509277
-0.08773804
-0.041931152
-0.039276123
-0.06324768
-0.07336426
-0.11917114
-0.15005493
-0.18946838
-0.36790466
-0.64860535
-0.6491394
-0.1239624
0.57325745
0.8923187
0.6174774
0.040100098
-0.32902527
-0.2581787
0.0715332
0.30215454
0.23716736
0.0869751
0.014526367
-0.006790161
-0.039276123
-0.09945679
-0.09945679
0.0049438477
0.15301514
0.2526245
0.2584839
0.22279358
0.26541138
0.39109802
0.3570099
-0.08720398
-0.6912079
-0.8467407
-0.3828125
0.12638855
0.19509888
-0.07069397
-0.28961182
-0.25764465
-0.046188354
0.10241699
0.10934448
0.09442139
0.051818848
-0.09199524
-0.23847961
-0.24699402
-0.16444397
-0.13568115
-0.19319153
-0.27043152
-0.23527527
-0.11224365
-0.05204773
-0.090408325
-0.12289429
-0.050979614
0.045425415
0.059280396
0.031570435
0.212677
0.64356995
0.94610596
0.7932434
0.2638092
-0.260849
-0.51065063
-0.4222412
-0.09359741
0.21586609
0.29522705
0.1807251
0.01878357
-0.08241272
-0.111709595
-0.046188354
0.06088257
0.09390259
0.044891357
0.0028076172
0.07632446
0.2472992
0.40974426
0.35221863
-0.040863037
-0.54473877
-0.70080566
-0.29866028
0.21479797
0.32878113
0.045959473
-0.25073242
-0.2528534
-0.04725647
0.07632446
0.017730713
-0.09945679
-0.11917114
0.028381348
0.1620636
0.16740417
0.10295105
0.20149231
0.30162048
0.08325195
0.062469482
