0.31082153
-0.23779297
-0.8663025
-1.0607147
-0.7805481
-0.34591675
-0.10836792
-0.076416016
0.007217407
0.07859802
0.058883667
0.11268616
0.18778992
0.10202026
-0.1307373
-0.30703735
-0.2649536
-0.10624695
-0.048706055
-0.19252014
-0.41304016
-0.5983887
-0.62342834
-0.3379364
0.09829712
0.284729
0.18830872
0.041305542
-0.043914795
0.029052734
0.1717987
-0.004501343
-0.058303833
0.075927734
0.3704834
0.45303345
0.30336
-0.034866333
-0.6010437
-0.9808197
-1.0085144
-1.0639191
-0.9073181
-0.3848114
0.0418396
-0.06576538
-0.2164917
-0.08013916
0.22293091
0.70602417
1.1907349
1.368103
1.2557068
0.8956604
0.4024353
0.19204712
0.02746582
-0.24578857
-0.32835388
-0.26922607
-0.29638672
-0.3603058
-0.4194336
-0.5025177
-0.5744171
-0.4540558
-0.21063232
-0.0945282
-0.11529541
-0.1967926
-0.30171204
-0.31982422
-0.2868042
-0.2441864
-0.19200134
-0.107299805
-0.027404785
-0.04977417
-0.11582947
-0.1541748
-0.17866516
-0.205307
-0.24046326
-0.2979889
-0.34858704
-0.36190796
-0.30010986
-0.13447571
0.07220459
0.2740631
0.40083313
0.40350342
0.29431152
0.07273865
-0.04019165
0.010940552
0.2575531
0.49884033
0.40882874
0.0024261475
-0.47535706
-0.7384796
-0.6079712
-0.17121887
0.21707153
0.4413147
0.5750122
0.6357269
0.59684753
0.41680908
0.045043945
-0.31929016
-0.2756195
0.05569458
0.22666931
0.15156555
-0.11262512
-0.19944763
-0.11955261
2.89917E-4
-0.015151978
-0.041793823
0.0098724365
0.09989929
0.18191528
0.10682678
-0.114227295
-0.28520203
-0.26976013
-0.043930054
0.19416809
0.23678589
0.18244934
0.15582275
0.10682678
-0.045516968
-0.16749573
-0.20637512
-0.11262512
0.06048584
0.15263367
0.05781555
-0.12594604
-0.27348328
-0.22235107
-0.05935669
0.0029449463
0.061553955
0.10736084
0.25222778
0.3555603
0.18244934
-0.2202301
-0.6463318
-0.8135681
-0.5760193
-0.11955261
0.37313843
0.7374573
0.779541
0.5659485
0.3587494
0.13931274
-0.12913513
-0.31982422
-0.24099731
0.039718628
0.26394653
0.29112244
0.174469
0.1361084
0.19844055
0.14356995
-0.13180542
-0.44126892
-0.43273926
-0.20318604
0.033325195
0.15370178
0.10310364
-0.03274536
-0.12487793
-0.20584106
-0.19465637
-0.13659668
-0.23886108
-0.43753052
-0.56536865
-0.64419556
-0.7347412
-0.8135834
-0.7640381
-0.47961426
-2.4414062E-4
0.33158875
0.36035156
0.35716248
0.4700775
0.42959595
0.08178711
-0.31982422
-0.4247589
-0.1845398
0.047698975
-0.00289917
-0.23832703
-0.35977173
-0.20956421
0.11534119
0.36834717
0.44717407
0.3539734
0.13505554
-0.03805542
-0.010360718
0.013076782
-0.11955261
-0.18614197
-0.05458069
0.11375427
0.09138489
0.049835205
0.18405151
0.34916687
0.3209381
0.0066833496
-0.444458
-0.6101074
-0.3571167
-0.011962891
0.029586792
-0.14405823
-0.14138794
0.09403992
0.3555603
0.5585022
0.6192169
0.55636597
0.32254028
0.035446167
-0.114227295
-0.11795044
-0.037521362
0.051956177
0.22080994
0.38378906
0.30070496
-0.016220093
-0.21116638
-0.18719482
-0.31982422
-0.47642517
-0.4828186
-0.17601013
0.10948181
0.0178833
-0.24099731
-0.4556427
-0.444458
-0.15470886
0.20535278
0.3486328
0.23092651
0.0844574
0.08018494
0.111083984
0.0929718
0.06739807
0.50842285
1.3968658
0.9361267
0.08604431
-0.16642761
-0.092926025
-0.22128296
-0.24472046
0.014144897
0.12812805
-0.15364075
-0.46203613
-0.34379578
0.059417725
0.24476624
0.026931763
-0.43806458
-0.59680176
-0.31396484
0.010406494
0.13291931
0.10256958
-0.029006958
-0.16215515
-0.22502136
-0.2591095
-0.16589355
0.03492737
0.19683838
0.22346497
0.23252869
0.2101593
0.1952362
0.36621094
0.50523376
0.30656433
-0.057769775
-0.29266357
-0.13978577
0.15315247
0.26768494
0.17926025
-0.07640076
-0.34379578
-0.47003174
-0.42315674
-0.3299408
-0.2841339
-0.2479248
-0.20744324
-0.16749573
-0.13180542
-0.12860107
-0.22341919
-0.30491638
-0.23672485
-0.12861633
-0.13233948
-0.20744324
-0.15950012
0.111083984
0.50523376
0.5963135
0.20588684
-0.4045105
-0.89720154
-1.0612488
-0.92915344
-0.8066559
-0.70918274
-0.55685425
-0.3144989
0.10362244
0.5270691
0.60324097
0.33000183
-0.081207275
-0.38746643
-0.603714
-0.74539185
-0.63513184
-0.2244873
0.32200623
0.7299957
0.8583679
0.6905823
0.44717407
0.33532715
0.22241211
-0.15789795
-0.587204
-0.49346924
0.07699585
0.55636597
0.5835266
0.29644775
-0.0029144287
-0.0753479
0.025863647
0.09136963
0.02532959
-0.12701416
-0.2606964
-0.25857544
-0.16056824
-0.106781006
-0.11529541
-0.12434387
-0.0796051
0.0098724365
0.08552551
-0.0018463135
-0.29745483
-0.46096802
-0.16749573
0.36994934
0.5765991
0.29484558
-0.097717285
-0.14245605
0.12652588
0.24371338
0.009338379
-0.28199768
-0.4194336
-0.26441956
0.10203552
0.30870056
0.1829834
-0.055099487
-0.1376648
-0.11262512
-0.13233948
-0.19252014
-0.16217041
0.029052734
0.33798218
0.5020294
0.41362
0.38645935
0.65223694
0.79444885
0.7800751
0.749176
0.40989685
-0.029006958
0.31082153
1.1395874
0.74757385
-0.06523132
-0.45884705
-0.49186707
-0.5579071
-0.67562866
-0.5728302
-0.2899933
-0.019424438
0.07060242
-0.1030426
-0.32089233
-0.35923767
-0.22181702
-0.13873291
-0.1738739
-0.21328735
-0.19200134
-0.17601013
-0.235672
-0.32196045
-0.3613739
-0.22128296
-0.052978516
-0.09346008
-0.39492798
-0.48919678
-0.1307373
0.29110718
0.31082153
-0.1307373
-0.68681335
-0.8817444
-0.5813446
-0.052978516
0.32040405
0.31881714
0.23838806
0.24636841
0.30496216
0.35183716
0.301239
0.19416809
0.120666504
0.24423218
0.54304504
0.6746063
0.44877625
0.14303589
0.17233276
0.39657593
0.3486328
0.02798462
-0.119018555
0.12866211
0.34384155
0.115875244
-0.31396484
-0.5690918
-0.5493927
-0.36402893
-0.19572449
-0.06788635
0.043441772
0.07859802
-0.0476532
-0.26708984
-0.41836548
-0.40878296
-0.30543518
-0.20477295
-0.19625854
-0.17868042
-0.08280945
-0.06576538
-0.16270447
-0.24897766
-0.2745514
-0.34591675
-0.46470642
-0.63887024
-0.67562866
-0.56855774
-0.4236908
-0.33312988
-0.33154297
-0.35124207
-0.30010986
-0.06309509
0.29910278
0.5520935
0.61335754
0.56648254
0.49990845
0.42694092
0.2602234
0.064208984
0.029067993
0.2298584
0.5611572
0.74598694
0.6485138
0.38220215
0.2335968
0.21600342
0.18832397
0.082855225
0.02319336
0.23146057
0.49137878
0.39764404
-0.039657593
-0.46310425
-0.53393555
-0.29852295
0.0050811768
0.19950867
0.23039246
0.09776306
-0.027938843
-0.043914795
0.07966614
0.30122375
0.6293335
0.7768707
0.22825623
-0.057769775
