28.530884
30.509949
32.211304
29.133606
28.536987
29.673767
27.885437
27.970886
29.2984
30.099487
29.348755
29.736328
28.533936
28.570557
30.099487
29.736328
28.309631
27.384949
27.947998
28.910828
27.186584
28.137207
28.263855
25.785828
26.313782
27.61383
24.961853
27.95105
27.200317
26.850891
26.786804
27.72522
25.349426
26.275635
26.412964
27.32544
26.312256
27.539062
26.573181
26.599121
27.374268
26.000977
25.886536
27.241516
27.061462
26.211548
26.576233
27.037048
26.948547
27.851868
26.649475
28.09906
31.13556
31.549072
29.884338
30.397034
30.358887
29.534912
29.449463
30.509949
29.23584
29.386902
28.808594
29.800415
28.63617
29.386902
29.26178
28.69873
28.974915
28.974915
28.974915
25.726318
26.473999
27.61383
26.849365
24.836731
25.041199
26.289368
26.039124
26.512146
25.350952
24.725342
25.787354
24.249268
26.25122
22.87445
22.399902
24.363708
22.964478
23.651123
23.07434
24.588013
24.150085
25.100708
23.61145
24.06311
24.62616
25.0
26.974487
26.249695
26.002502
26.335144
25.273132
25.898743
26.524353
29.199219
27.972412
27.31018
28.747559
28.910828
27.410889
30.387878
27.784729
27.371216
27.824402
26.93634
28.826904
27.349854
26.560974
27.09961
27.388
26.747131
26.750183
26.412964
26.687622
26.063538
26.213074
26.213074
25.50354
25.56305
25.498962
24.938965
26.148987
25.0
25.898743
26.10321
25.22583
23.776245
26.513672
25.875854
24.101257
24.627686
25.312805
23.500061
25.723267
25.723267
25.726318
25.062561
26.586914
25.061035
25.125122
26.87378
25.99945
26.437378
25.836182
25.186157
25.77362
24.874878
25.53711
26.31073
27.31018
28.985596
28.66211
27.947998
27.626038
26.473999
27.622986
27.435303
26.823425
27.973938
27.575684
25.872803
26.45111
28.475952
26.53656
27.662659
25.500488
24.560547
24.77417
24.172974
24.937439
26.876831
25.314331
24.588013
23.30017
25.93689
23.175049
22.676086
22.67456
22.138977
22.402954
20.84961
20.84961
19.448853
21.98944
21.949768
22.964478
23.275757
22.261047
22.711182
21.824646
24.136353
23.939514
21.73767
21.84906
22.987366
23.46344
23.236084
22.923279
22.673035
22.982788
23.686218
23.449707
22.610474
23.30017
24.234009
23.898315
23.550415
23.550415
23.550415
23.272705
23.249817
22.860718
23.362732
22.44873
24.02649
22.488403
23.48938
21.862793
21.4859
21.588135
22.23816
21.28601
19.599915
20.67871
21.115112
20.851135
20.887756
21.777344
22.48993
22.639465
21.612549
21.650696
21.264648
20.762634
20.700073
21.925354
21.113586
20.326233
20.388794
21.263123
19.889832
19.862366
20.640564
20.576477
19.989014
20.988464
19.82727
20.077515
19.490051
18.35022
17.752075
18.89038
18.537903
17.575073
17.185974
17.140198
17.663574
19.203186
18.753052
18.000793
18.415833
17.912292
18.554688
18.06488
15.65094
16.27655
15.602112
16.566467
14.524841
14.152527
12.364197
13.427734
13.464355
11.24115
9.387207
10.0997925
10.115051
9.951782
9.140015
9.490967
7.3287964
7.3287964
7.3287964
7.4142456
5.4626465
5.6274414
4.901123
4.185486
4.0893555
4.873657
5.001831
3.9886475
5.912781
5.128479
5.6030273
4.5898438
2.4627686
4.774475
4.525757
5.5007935
5.41687
4.4403076
3.465271
3.111267
3.401184
2.4871826
0.90026855
1.0391235
-0.08850098
0.3479004
-0.90179443
-0.064086914
-2.5009155
-1.4007568
-2.4414062
-3.038025
-4.5654297
-3.6651611
-4.6279907
-4.3899536
-5.041504
-5.267334
-6.980896
-7.8048706
-9.568787
-9.307861
-11.358643
-12.64801
-12.760925
-14.587402
-15.748596
-15.774536
-16.160583
-16.098022
-15.87677
-16.375732
-18.579102
-18.74237
-20.491028
-19.476318
-20.092773
-19.340515
-19.114685
-19.11621
-19.555664
-19.366455
-18.991089
-19.117737
-21.194458
-21.879578
-20.568848
-21.783447
-19.555664
-19.468689
-22.006226
-20.343018
-20.343018
-20.343018
-20.27893
-21.382141
-20.718384
-21.946716
-21.88263
-22.720337
-22.445679
-22.071838
-23.709106
-23.27118
-23.771667
-24.935913
-24.334717
-24.62616
-25.898743
-24.737549
-25.187683
-24.565125
-25.624084
-25.964355
-26.589966
-26.454163
-25.852966
-26.504517
-26.255798
-28.393555
-27.043152
-27.708435
-26.382446
-27.871704
-28.49884
-28.64685
-26.171875
-28.639221
-28.147888
-28.248596
-29.953003
-28.149414
-25.836182
-28.126526
-26.73645
-26.359558
-25.2594
-24.710083
-24.157715
-25.897217
-23.382568
-22.259521
-23.695374
-22.470093
-24.067688
-22.595215
-24.021912
-23.095703
-24.673462
-24.69635
-23.072815
-23.883057
-24.783325
-23.384094
-25.170898
-22.885132
-22.82257
-24.459839
-23.486328
-24.732971
-22.470093
-23.724365
-23.886108
-23.060608
-24.487305
-23.060608
-23.060608
-23.060608
-23.362732
-24.612427
-23.062134
-22.911072
-23.635864
-24.327087
-22.912598
-25.115967
-24.864197
-24.363708
-24.925232
-24.45221
-24.691772
-25.590515
-25.076294
-23.265076
-23.14148
-23.07434
-23.764038
-22.488403
-21.600342
-22.297668
-20.974731
-19.685364
-20.471191
-21.19751
-20.747375
-20.384216
-21.595764
-19.685364
-20.536804
-19.972229
-19.346619
-20.469666
-21.096802
-19.306946
-18.769836
-18.643188
-20.74585
-18.919373
-18.2724
-19.458008
-19.206238
-18.043518
-17.567444
-16.894531
-19.081116
-18.959045
-18.710327
-17.607117
-19.309998
-17.39502
-18.89801
-18.797302
-19.848633
-18.421936
-19.436646
-19.309998
-18.936157
-19.68689
-20.561218
-20.149231
-20.811462
-20.022583
-19.08722
-17.04712
-17.259216
-16.522217
-17.736816
-16.522217
-17.044067
-16.670227
-16.796875
-16.796875
-15.731812
-15.834045
-15.9210205
-13.243103
-14.344788
-13.529968
-11.828613
-14.070129
-13.568115
-11.804199
-11.154175
-10.614014
-11.303711
-10.726929
-10.704041
-10.926819
-8.6883545
-9.042358
-8.062744
-7.775879
-8.274841
-7.711792
-7.998657
-7.4127197
-7.1014404
-5.3619385
-5.7113647
