1624764287689
1624764287689
1624764287709
1624764287741
1624764287752
1624764287770
1624764287790
1624764287810
1624764287830
1624764287850
1624764287870
1624764287890
1624764287911
1624764287931
1624764287951
1624764287970
1624764287990
1624764288011
1624764288030
1624764288051
1624764288072
1624764288091
1624764288110
1624764288131
1624764288151
1624764288171
1624764288191
1624764288211
1624764288232
1624764288250
1624764288271
1624764288292
1624764288311
1624764288333
1624764288352
1624764288372
1624764288392
1624764288412
1624764288430
1624764288451
1624764288470
1624764288491
1624764288511
1624764288530
1624764288552
1624764288571
1624764288591
1624764288611
1624764288631
1624764288651
1624764288671
1624764288691
1624764288711
1624764288731
1624764288751
1624764288771
1624764288791
1624764288811
1624764288831
1624764288851
1624764288871
1624764288891
1624764288911
1624764288931
1624764288951
1624764288971
1624764288991
1624764289011
1624764289031
1624764289051
1624764289071
1624764289091
1624764289111
1624764289131
1624764289151
1624764289171
1624764289191
1624764289211
1624764289231
1624764289251
1624764289271
1624764289291
1624764289311
1624764289331
1624764289351
1624764289372
1624764289391
1624764289411
1624764289431
1624764289451
1624764289472
1624764289492
1624764289511
1624764289531
1624764289551
1624764289571
1624764289591
1624764289611
1624764289631
1624764289651
1624764289671
1624764289691
1624764289710
1624764289732
1624764289750
1624764289771
1624764289792
1624764289812
1624764289832
1624764289853
1624764289872
1624764289892
1624764289913
1624764289932
1624764289951
1624764289972
1624764289992
1624764290011
1624764290033
1624764290052
1624764290072
1624764290092
1624764290112
1624764290133
1624764290154
1624764290172
1624764290192
1624764290211
1624764290232
1624764290252
1624764290272
1624764290292
1624764290312
1624764290333
1624764290353
1624764290373
1624764290392
1624764290412
1624764290431
1624764290451
1624764290472
1624764290493
1624764290513
1624764290533
1624764290553
1624764290572
1624764290592
1624764290612
1624764290632
1624764290652
1624764290672
1624764290692
1624764290712
1624764290732
1624764290752
1624764290772
1624764290792
1624764290812
1624764290832
1624764290852
1624764290872
1624764290891
1624764290912
1624764290932
1624764290952
1624764290972
1624764290992
1624764291012
1624764291032
1624764291052
1624764291072
1624764291092
1624764291112
1624764291133
1624764291153
1624764291174
1624764291193
1624764291213
1624764291233
1624764291253
1624764291272
1624764291293
1624764291312
1624764291332
1624764291352
1624764291372
1624764291392
1624764291413
1624764291432
1624764291452
1624764291478
1624764291492
1624764291511
1624764291532
1624764291551
1624764291572
1624764291592
1624764291613
1624764291632
1624764291652
1624764291672
1624764291692
1624764291712
1624764291732
1624764291752
1624764291772
1624764291792
1624764291812
1624764291832
1624764291853
1624764291873
1624764291892
1624764291912
1624764291934
1624764291953
1624764291973
1624764291992
1624764292012
1624764292032
1624764292052
1624764292073
1624764292093
1624764292113
1624764292133
1624764292152
1624764292172
1624764292192
1624764292213
1624764292233
1624764292253
1624764292273
1624764292293
1624764292312
1624764292333
1624764292353
1624764292373
1624764292393
1624764292412
1624764292432
1624764292453
1624764292472
1624764292492
1624764292512
1624764292533
1624764292553
1624764292573
1624764292593
1624764292613
1624764292633
1624764292653
1624764292673
1624764292694
1624764292714
1624764292732
1624764292752
1624764292772
1624764292793
1624764292813
1624764292832
1624764292852
1624764292872
1624764292892
1624764292914
1624764292934
1624764292953
1624764292973
1624764292993
1624764293014
1624764293034
1624764293067
1624764293072
1624764293092
1624764293123
1624764293132
1624764293152
1624764293172
1624764293192
1624764293213
1624764293233
1624764293253
1624764293272
1624764293292
1624764293314
1624764293333
1624764293354
1624764293372
1624764293392
1624764293414
1624764293433
1624764293453
1624764293472
1624764293493
1624764293513
1624764293534
1624764293553
1624764293573
1624764293593
1624764293613
1624764293635
1624764293654
1624764293674
1624764293694
1624764293714
1624764293734
1624764293754
1624764293774
1624764293794
1624764293814
1624764293834
1624764293853
1624764293873
1624764293893
1624764293913
1624764293933
1624764293954
1624764293974
1624764293993
1624764294013
1624764294033
1624764294053
1624764294073
1624764294094
1624764294114
1624764294133
1624764294153
1624764294173
1624764294193
1624764294213
1624764294233
1624764294254
1624764294274
1624764294294
1624764294314
1624764294333
1624764294353
1624764294373
1624764294393
1624764294413
1624764294433
1624764294453
1624764294473
1624764294493
1624764294513
1624764294533
1624764294553
1624764294573
1624764294593
1624764294615
1624764294633
1624764294653
1624764294674
1624764294693
1624764294714
1624764294733
1624764294754
1624764294774
1624764294795
1624764294814
1624764294833
1624764294853
1624764294873
1624764294893
1624764294913
1624764294934
1624764294953
1624764294973
1624764294993
1624764295013
1624764295033
1624764295053
1624764295074
1624764295094
1624764295113
1624764295133
1624764295154
1624764295173
1624764295194
1624764295213
1624764295234
1624764295254
1624764295274
1624764295293
1624764295314
1624764295334
1624764295353
1624764295374
1624764295393
1624764295413
1624764295433
1624764295453
1624764295475
1624764295495
1624764295515
1624764295535
1624764295555
1624764295575
1624764295594
1624764295615
1624764295635
1624764295655
1624764295674
1624764295694
1624764295714
1624764295734
1624764295755
1624764295774
1624764295794
1624764295813
1624764295834
1624764295854
1624764295874
1624764295894
1624764295914
1624764295934
1624764295954
1624764295973
1624764295993
1624764296014
1624764296033
1624764296054
1624764296080
1624764296093
1624764296114
1624764296134
1624764296154
1624764296174
1624764296194
1624764296214
1624764296233
1624764296255
1624764296275
1624764296295
1624764296314
1624764296334
1624764296353
1624764296374
1624764296394
1624764296415
1624764296434
1624764296455
1624764296474
1624764296495
1624764296514
1624764296534
1624764296555
1624764296575
1624764296595
1624764296616
1624764296635
1624764296655
1624764296675
1624764296695
1624764296714
1624764296734
1624764296754
1624764296775
1624764296794
1624764296814
1624764296834
1624764296856
1624764296874
1624764296894
1624764296914
1624764296934
1624764296954
1624764296974
1624764296994
1624764297014
1624764297034
1624764297055
1624764297075
1624764297095
1624764297115
1624764297136
1624764297155
1624764297175
1624764297195
1624764297215
1624764297235
1624764297256
1624764297274
1624764297296
1624764297315
1624764297335
1624764297355
1624764297375
1624764297394
1624764297416
1624764297436
1624764297456
1624764297476
1624764297495
1624764297515
1624764297545
1624764297554
1624764297574
1624764297595
1624764297615
1624764297635
1624764297656
1624764297677
1624764297695
1624764297715
1624764297734
1624764297754
1624764297774
1624764297794
1624764297814
1624764297835
1624764297854
1624764297874
1624764297895
1624764297915
1624764297935
1624764297955
1624764297975
1624764297995
1624764298015
1624764298035
1624764298055
1624764298075
1624764298095
1624764298115
1624764298136
1624764298156
1624764298176
1624764298196
1624764298216
1624764298237
1624764298256
1624764298275
1624764298295
1624764298315
1624764298336
1624764298356
1624764298375
1624764298395
1624764298415
1624764298436
1624764298455
1624764298474
1624764298494
1624764298515
