-2.5626373
-2.7422028
-1.8072662
-1.1033783
-1.0710602
-0.8711395
-0.5419464
-0.18400574
0.11048889
0.2577362
-0.41864014
-0.94177246
-0.67481995
-0.42341614
-0.37911987
-0.36476135
0.11407471
0.77249146
0.96043396
0.8155823
0.6886902
0.46124268
0.27209473
0.13204956
0.50434875
1.0980988
1.2872467
1.1495819
1.3889923
2.1611176
1.0550079
-0.6113739
-0.4964447
0.30921936
0.70783997
0.80241394
0.8251648
0.8143921
0.60849
0.53427124
0.6216583
0.5246887
0.23379517
0.23738098
0.54504395
0.7569275
0.8718567
0.9472656
0.86946106
0.7305908
0.8826294
1.2405548
1.4500427
1.3243561
0.66833496
0.16795349
0.11288452
0.14640808
0.29244995
0.14520264
-0.272583
-0.3192749
0.10092163
0.7090454
0.7964325
0.6779175
0.6228485
0.36068726
-0.1253357
-0.28097534
-0.059509277
0.27330017
-0.32884216
-0.6532593
-0.39588928
-0.17323303
-0.11935425
0.035064697
0.023101807
-0.12535095
-0.16723633
0.023086548
0.16197205
0.014709473
-0.20196533
0.28886414
1.3590698
1.8522644
1.9444427
2.6076508
2.466385
1.0514069
-0.017608643
-0.3982849
-0.10620117
0.5809479
1.1902771
1.3135834
1.1483765
1.0178986
0.8574829
0.77249146
0.70066833
0.6372223
0.6264343
0.5007477
0.3738556
0.52349854
0.84910583
1.0131073
1.0526123
1.0370483
1.0741577
0.99635315
0.9771881
0.84791565
0.45884705
-0.10020447
-0.36836243
-0.4162445
-0.5790405
-0.604187
-0.41384888
0.11048889
0.6659546
0.6671448
0.51989746
0.33914185
0.23498535
0.5713806
1.1435852
1.5122986
1.7732697
2.0162811
1.9121246
1.5877075
1.6332092
1.846283
1.2034454
0.0015411377
-0.3994751
0.0745697
0.36906433
0.6731262
0.80960083
0.5318756
0.4073639
0.747345
0.38702393
-0.13012695
-0.10499573
0.17633057
0.49476624
0.68989563
0.62405396
0.45526123
0.3594818
0.36427307
0.42652893
0.35949707
0.37026978
0.45765686
0.56539917
0.850296
1.1747131
1.28125
1.3147736
1.3878021
1.6894684
1.7457275
0.9903717
0.1715393
-0.1133728
-0.2115326
0.24337769
1.3578796
1.6906586
1.138794
0.78445435
0.68629456
0.6958771
0.8179779
0.7377777
0.49116516
-0.10140991
-0.7143097
-0.7813568
-0.10020447
0.7952423
1.2058411
1.3530731
1.4727936
1.4440613
1.4871521
1.296814
0.6910858
0.026687622
-0.18519592
0.33555603
1.6200409
1.9480438
1.1567535
0.3451233
0.1320343
0.474411
1.257309
1.371048
1.0765533
0.99754333
1.1076813
1.2010498
0.9939575
0.5725708
0.28527832
0.24575806
0.4241333
0.71502686
1.2034454
1.5745392
1.4823761
0.8730469
0.47920227
0.50912476
0.5187073
1.0657806
1.5458221
1.1244354
0.6767273
0.46842957
0.5354614
1.0933075
1.7182007
1.4775848
0.43371582
-0.48686218
-0.68559265
-0.32765198
0.1499939
0.58573914
0.80122375
0.67074585
0.06259155
-0.49884033
0.25654602
1.3985748
1.4716034
0.93888855
0.83833313
1.5960999
2.8087616
2.9919128
1.7349548
0.7976227
0.40737915
0.19309998
0.3379364
0.6264343
0.7018585
0.50434875
0.49476624
0.6779175
0.97958374
1.3614655
1.8127747
2.0055084
1.849884
1.375824
1.039444
1.5230713
2.0881042
1.5769348
0.5785675
0.03387451
-0.31687927
-0.07028198
0.889801
1.2848511
1.0801392
0.45526123
0.18830872
0.63601685
0.8790283
0.63482666
0.41934204
0.24575806
0.32836914
0.7090454
0.94607544
1.0155029
1.0358582
0.5318756
-0.06309509
-0.4054718
-0.8208618
-1.1045685
-1.0040131
-0.74064636
-0.5455322
0.90415955
2.8123474
2.8638306
1.8594513
1.0574036
0.8179779
0.9652252
0.9472656
0.592926
0.42053223
0.6491852
0.9747925
1.4380798
1.8594513
1.988739
1.5290527
1.1148529
1.147171
1.4464569
1.6403961
1.6451721
1.8115692
1.178299
0.026687622
-0.3491974
0.080566406
0.32357788
0.12007141
0.25653076
0.8179779
1.0897217
0.97958374
0.72221375
0.43011475
-0.0738678
-0.65086365
-1.0207672
-0.95014954
-0.7933197
-0.41864014
0.33076477
1.1591492
1.0669861
0.37983704
0.08055115
0.36787415
1.0538177
0.97120667
0.48997498
0.44328308
1.02388
1.9552307
1.6846771
0.35949707
0.08294678
0.35829163
0.88861084
1.1938782
0.75213623
0.5905304
0.86227417
1.0358582
0.79763794
0.38223267
0.2589264
0.4133606
0.5474243
0.6731262
0.58573914
0.19548035
-0.29652405
-1.0818329
-1.3978577
-1.0758362
-1.1752014
-1.648056
-1.9664917
-2.1472473
-1.845581
-0.8471985
-0.03794861
0.1954956
0.1667633
0.18591309
0.18710327
0.11288452
0.09492493
0.014709473
-0.15048218
-0.19596863
-0.24266052
-0.32525635
-0.08105469
0.40498352
0.7174225
0.72221375
0.74494934
1.0226746
1.8510742
1.9121246
1.1926727
0.9460602
1.3075867
1.7660828
2.1084595
2.0533905
1.8127747
1.6703186
1.4907532
1.2034454
0.78086853
0.36547852
0.31280518
0.77368164
1.4141388
1.7349548
1.6619263
1.5266571
1.5458221
1.6535492
1.6439819
1.6499634
1.7397461
1.6236267
1.3183746
1.5996857
1.5877075
0.3594818
-0.8579712
-0.901062
-0.2977295
0.41096497
0.9951477
1.1304169
0.73298645
0.46603394
0.5211029
0.5079346
0.1894989
-0.27020264
-0.59820557
-0.6772003
-0.5335541
-0.2115326
-0.16246033
-0.35638428
-0.3779297
-0.21751404
-0.0846405
-0.0032348633
0.30322266
1.0550079
1.7804565
1.7912292
1.5613708
1.6200409
1.6475677
1.7660828
2.0701447
2.2856293
2.1659088
1.7900238
1.4668121
1.134018
0.79045105
0.53427124
0.22062683
0.17034912
0.8072052
1.3638611
1.5015259
1.41893
1.3243561
1.1842957
1.2513275
1.3590698
1.2094269
1.0825348
0.9724121
0.6001129
0.039855957
-0.25941467
-0.046340942
0.21343994
0.5007477
0.82395935
1.0801392
0.82276917
0.2290039
-0.0846405
-0.16244507
-0.061904907
0.31999207
0.6204529
0.6515808
0.61447144
0.58573914
0.47799683
0.50553894
0.7700958
0.97839355
1.0334625
1.0777435
1.415329
2.8482666
3.2720337
1.7924194
1.2393646
1.6008759
1.8295288
1.9360809
2.0234528
1.612854
0.7988281
0.31159973
0.098526
0.2361908
0.43850708
0.46124268
0.5246887
0.73298645
0.8670502
0.66116333
0.36906433
0.2182312
0.10809326
0.34272766
0.73417664
0.7593231
0.5797577
0.024291992
-1.3248444
-0.4784851
1.0933075
-0.46531677
-2.676361
-3.0055695
-1.5079956
-1.411026
-1.1117554
-0.49165344
-0.7095337
-0.8699341
-0.51200867
-0.6424866
-0.96450806
-0.67959595
-0.35758972
-0.5084076
-0.67840576
-0.8759308
-1.1452789
-1.3667297
-1.3439941
-1.2278748
-1.2111053
-1.0435181
-0.98965454
-1.0818329
-0.683197
-0.027175903
0.56539917
1.5745544
2.3502655
1.77565
0.92930603
0.889801
1.178299
1.1651306
0.7700958
0.56658936
0.5761566
0.57377625
0.45166016
0.15118408
-0.15287781
-0.2402649
-0.010421753
0.46603394
0.86227417
1.1363983
1.3470917
1.3674469
1.166336
1.0322571
0.9329071
0.6384125
0.44448853
0.84191895
0.9329071
0.6491852
0.6551666
0.70425415
0.57377625
0.5438385
0.65397644
0.86346436
0.85269165
0.32955933
-0.22470093
-0.643692
-0.6233368
-0.11097717
0.51631165
1.0011444
1.2130127
1.213028
1.0466156
0.4827881
-0.11816406
-0.2977295
0.5833435
1.4524384
1.3937836
1.1531677
1.423706
1.3195648
1.0909119
1.3099823
1.4859619
1.3614655
1.1124725
1.0681763
1.3315277
1.6463776
1.8319244
1.751709
1.4261017
1.2513275
1.1902771
1.1854858
1.2716827
1.217804
0.8670654
0.592926
0.68270874
0.8287506
0.92930603
1.0047302
0.7784729
0.7461548
0.87065125
0.84791565
1.2261963
2.09169
2.2521057
1.949234
1.6535492
1.463211
1.221405
0.78326416
0.4169464
0.22660828
0.19429016
0.32955933
0.37983704
0.41455078
0.53067017
0.5905304
0.7102356
0.6491852
0.3594818
0.018310547
-0.25701904
-0.12294006
0.53067017
1.1447906
1.1567688
0.8682556
1.3171692
1.7505188
1.5039215
0.81199646
0.54862976
0.79522705
0.84550476
1.039444
1.1136627
0.85269165
0.70306396
0.7138214
0.68629456
0.5905304
0.36427307
0.039855957
0.03627014
0.23858643
0.24098206
0.2984314
0.45526123
0.33914185
0.047042847
0.11767578
0.33554077
0.063797
-0.70114136
-1.490036
-1.5355225
-1.114151
-0.73587036
-0.34680176
-0.2618103
-0.38990784
-0.2103424
-0.24984741
-0.856781
-1.0219727
-0.8471985
-0.44256592
-0.18040466
-0.10499573
-0.041549683
-0.2869568
-0.4210205
-0.31806946
-0.4689026
-0.8100891
-1.059082
-0.9968262
-0.233078
0.6228485
0.85987854
0.4540558
0.45526123
1.2477417
1.762497
0.93170166
-0.09422302
-0.28456116
-0.20913696
0.34991455
0.7066498
0.3882141
0.055419922
-0.016403198
0.118881226
0.08773804
-0.33963013
-0.5144043
-0.30490112
-0.193573
-0.051132202
0.3918152
0.79045105
0.60369873
0.23498535
0.36187744
0.026687622
-0.54911804
