11.2881775
10.741104
11.802933
11.769424
10.82132
10.379593
10.508881
11.04158
11.148117
10.186844
8.786255
7.874054
7.1019287
6.625473
7.2348022
8.277481
8.527679
8.162567
8.163757
8.623444
9.669708
9.921097
9.481766
10.378387
11.691605
12.140518
11.379166
10.754272
10.341278
10.189255
11.958557
13.877518
13.324463
10.501694
8.051224
7.850113
9.201645
9.7140045
8.764694
7.3784637
6.720047
6.862503
7.676544
8.656952
8.999329
8.58992
7.99736
7.7579346
7.7543488
7.941101
8.401978
8.7491455
8.929901
9.457825
9.943848
9.812164
9.740326
10.428665
11.729919
12.561905
12.452972
11.239105
10.550766
11.479721
12.36438
11.811325
9.929474
8.064392
7.755539
8.473801
8.466614
7.2479706
6.1717834
5.7599792
6.703293
7.692093
8.459442
8.613861
8.443878
8.269104
8.409164
8.573166
9.110657
10.036026
10.873993
11.704773
12.223114
12.93779
13.665619
13.51001
13.875122
14.484451
13.45015
10.828506
7.842926
5.995804
5.2164917
5.351761
6.6123047
8.25473
9.360855
9.176498
7.8010254
6.69252
6.5368958
7.340149
8.230789
8.559998
7.8836365
7.341339
8.030869
9.412338
10.075516
9.411133
8.559998
9.074753
10.918274
12.5224
12.479309
10.9470215
9.844482
9.590698
9.172913
8.680908
9.581116
11.823288
12.621765
11.339661
9.745117
8.777863
8.07756
7.6980743
7.6466064
7.4850006
6.7691345
6.2843018
6.11911
6.585968
8.211639
10.814133
12.485291
12.767807
12.863571
12.604996
12.242279
11.891525
10.634567
9.470993
9.87561
11.1493225
11.620987
10.482544
8.514511
7.3221893
7.419159
8.050034
8.060806
7.1330566
6.2112885
6.316635
7.3341675
8.309799
8.872437
8.855682
8.419937
8.395996
8.878418
9.548798
10.11264
10.381989
10.68605
11.5802765
12.845612
12.929413
10.927856
8.819763
9.121429
11.752655
13.642883
12.253052
8.795822
6.663788
6.799057
7.7854767
7.5903473
6.8409576
6.79068
7.5328827
8.106293
8.777863
9.630203
10.24791
10.355652
9.821732
9.777451
10.1689
10.524445
10.805756
10.669296
9.849274
9.3428955
10.07074
11.756256
12.52359
11.466553
9.504501
8.11467
7.6274414
7.431122
7.1414185
7.0229187
7.332962
7.8692627
8.7144165
9.527252
9.959396
10.22995
10.393951
10.296982
10.334106
10.806946
10.754272
9.809769
8.737167
8.41275
10.623795
13.320862
13.626129
11.838852
9.6948395
8.2439575
7.3700714
6.4758453
5.604355
5.2009277
5.8832703
7.373657
8.516907
8.917923
9.202835
9.936661
11.245087
12.514023
12.073486
10.593872
10.378387
12.154892
14.127716
13.629715
10.21199
7.738785
8.787445
11.134964
11.57309
9.97258
7.9901733
6.597946
6.026932
6.518936
7.4227448
8.09671
8.206848
7.9398956
7.7842712
8.0859375
8.57077
8.696457
8.818573
8.655762
9.293823
11.096649
12.347626
11.6592865
10.214386
8.882019
8.677307
10.769836
13.238266
13.902649
11.759842
9.115448
8.306213
8.406769
8.091934
7.004959
5.968277
5.6665955
6.3968353
7.404785
7.850113
8.225998
9.542816
11.169678
11.355225
11.166092
12.017227
13.354385
14.00322
12.243469
9.966583
10.386765
11.999268
12.390717
10.693222
8.324158
7.031296
7.0576324
8.141006
9.078339
9.136993
8.107483
6.5764008
6.0293274
6.996582
8.157776
8.49176
8.111084
8.132629
8.84491
9.160934
9.845673
11.53479
12.7426605
12.628937
11.699997
10.530426
8.842514
7.7651215
8.5121155
10.153336
10.493317
8.695267
6.3537445
5.5001984
6.048477
6.8517303
7.0253143
7.149811
7.7818756
9.275864
10.82251
11.130173
10.261078
9.651749
10.305359
11.856812
12.361984
11.164886
10.3580475
9.693649
9.318954
11.963348
13.840408
12.822876
10.593872
9.469788
9.542816
9.880402
9.909119
9.120239
7.8297577
7.076782
7.1917114
7.87764
8.532455
9.048416
9.211212
9.372818
10.125809
11.196014
11.113403
10.298187
10.22995
11.211563
11.765823
11.107422
10.118622
9.990524
10.514862
10.753082
10.288605
9.005325
7.4957733
6.63385
6.3944397
6.6194916
7.2192383
7.7196198
7.7806854
7.8094025
8.227203
9.268677
10.524429
11.581482
11.996872
11.885544
11.861603
12.848007
14.398254
14.36235
12.419449
9.794205
7.6322327
7.1809387
8.458237
9.89476
10.383179
9.917496
8.648575
7.530487
7.051651
7.2000885
7.771103
8.358887
8.770691
8.90596
8.680908
8.23439
8.258331
8.860458
9.285431
9.304596
9.277054
9.245941
9.901947
11.61499
13.219116
12.684006
10.286209
8.896378
9.723572
11.430649
12.122574
11.21756
9.214813
7.44429
6.5644226
6.414795
6.7499847
7.2204437
7.6154785
7.933914
8.506134
9.49852
10.64415
10.986511
10.592667
10.3185425
10.507675
10.826111
11.3229065
12.54155
13.310089
12.4062805
10.250305
8.406769
7.586746
7.767517
8.757523
9.856461
10.118622
9.139389
7.8405304
7.288666
7.4263306
7.930313
8.447464
8.3936
8.302612
8.872437
9.724777
10.216782
10.203613
9.606262
9.172913
9.10228
9.178894
9.941452
10.982925
11.743088
11.588654
10.692032
10.337692
11.052353
11.710754
11.19841
9.670914
8.343323
7.7579346
7.77948
8.13382
8.474991
8.5013275
8.23558
8.07637
8.206848
8.51091
8.654572
8.776672
9.18129
9.645767
10.03363
9.951019
10.006088
11.575485
13.507614
13.257416
10.507675
7.9075775
7.530487
8.858078
9.99173
9.724777
8.515701
7.775894
7.9003906
8.555206
8.779068
8.190094
7.6190796
7.60112
7.810608
7.712448
7.134247
6.5919647
6.4291534
6.897217
7.8608856
8.218811
8.592316
11.182846
11.923843
10.811737
8.919128
8.96582
10.737518
14.628098
17.252136
16.262146
12.000458
8.144592
7.3197937
7.7734985
7.5831604
6.4447174
4.7556
4.0337524
4.9148254
6.3812714
7.7842712
8.876022
9.432678
9.457809
9.561966
9.662521
10.134186
10.632172
11.308533
12.02919
12.379944
11.512039
10.97934
12.338043
13.281357
11.898712
9.139389
7.822586
8.565979
9.933075
9.998901
8.682098
7.1414337
6.408798
6.63266
7.075592
7.6071014
8.143402
8.537247
8.391205
7.688507
7.665756
8.904755
10.563934
11.512039
12.130951
12.861176
12.992859
13.745834
14.800476
14.237839
11.761032
9.091507
7.696884
7.0731964
6.4100037
5.4654846
5.1925507
5.7970886
6.6434326
7.336563
7.8141937
8.464233
9.820541
11.307343
11.83168
10.996094
9.445847
9.123825
10.338882
11.334869
11.029617
11.018829
11.960968
11.901108
11.023636
10.5208435
10.535202
10.98053
11.215164
11.143341
10.245514
8.82695
7.6466064
7.055237
6.7068787
6.4530945
6.2866974
6.7152557
7.4011993
8.0069275
8.264313
8.170929
8.503723
9.350082
10.30896
10.957779
11.224747
11.529999
11.607819
11.47493
11.638947
10.614212
9.207626
10.140167
12.193192
12.521194
10.681259
8.33255
7.4143677
7.9482727
8.647385
8.483383
7.6394196
6.7140656
6.6865387
7.6585846
8.64978
9.140579
8.682098
8.210449
8.587524
9.743927
11.318115
11.670059
10.966171
10.862015
11.751465
11.464157
10.009689
9.388382
10.087494
10.538803
9.552383
8.282272
7.7663116
7.874054
8.552811
9.053207
8.60788
7.5879517
6.8361664
6.578781
6.969055
7.659775
8.002136
8.044037
8.056015
8.215225
9.2638855
10.676468
11.201996
10.517258
10.24791
11.907089
14.079819
13.797302
11.5336
10.859619
11.581482
11.307343
9.808563
8.222412
7.1725464
7.094742
7.450287
7.450287
7.099533
6.775116
6.9271545
7.513733
8.202057
8.685684
9.030457
8.961014
8.806595
9.267471
10.717178
11.77182
11.714355
11.4964905
12.00885
11.992081
10.659714
9.054398
9.059189
10.7734375
12.083069
11.387543
9.120239
7.158188
6.7535706
7.9901733
9.014893
8.527679
7.044464
6.2950745
6.918762
8.130234
8.970596
9.048416
8.692871
8.477402
7.5089417
7.834549
9.63739
10.302963
10.617813
