-0.34446716
-0.3828125
-0.3087921
-0.038742065
0.04914856
-0.20811462
-0.692276
-1.137558
-1.2712402
-1.0512695
-0.73275757
-0.48028564
-0.35725403
-0.36471558
-0.32263184
-0.12075806
0.027832031
0.075790405
-0.0062561035
-0.10105896
-0.08615112
0.1508789
0.43478394
0.47631836
0.5817871
0.7437134
0.7516937
0.4880371
0.10507202
-0.2885437
-0.62623596
-0.57829285
-0.18946838
0.07312012
-0.09094238
-0.45791626
-0.546875
-0.23368835
0.15089417
0.3154602
0.23609924
0.045959473
-0.10372925
-0.09094238
0.066207886
0.23664856
0.28671265
0.19668579
0.059280396
-0.03074646
0.011871338
0.16101074
0.259552
0.25048828
0.2558136
0.29203796
0.22918701
0.0869751
0.027832031
0.08164978
0.13650513
0.08856201
-0.11331177
-0.3742981
-0.49093628
-0.45898438
-0.41690063
-0.48667908
-0.5814972
-0.48561096
-0.1905365
0.0635376
0.11679077
-0.008377075
-0.12236023
-0.055252075
0.1109314
0.2558136
0.27871704
0.20787048
0.15834045
0.22172546
0.3500824
0.4880371
0.6084137
0.7010956
0.7053528
0.5167999
0.22918701
-0.08720398
-0.46217346
-0.6422119
-0.4568634
-0.095199585
0.15994263
0.2089386
0.13383484
-0.00944519
-0.1543274
-0.17988586
-0.046722412
0.14822388
0.23930359
0.15727234
-0.026489258
-0.16444397
-0.12236023
0.06726074
0.20254517
0.104019165
-0.10317993
-0.12182617
0.10081482
0.28990173
0.19616699
-0.09199524
-0.26989746
-0.22781372
-0.10371399
-0.07496643
-0.20011902
-0.37483215
-0.56285095
-0.8691101
-1.1876221
-1.1098633
-0.61291504
-0.19960022
-0.13035583
-0.17562866
-0.11703491
0.048614502
0.28404236
0.5253296
0.65849304
0.5519562
0.27764893
-0.12503052
-0.60598755
-0.8749695
-0.6779022
-0.27256775
0.02357483
0.18070984
0.20414734
0.22439575
0.26113892
0.15568542
-0.11010742
-0.25924683
-0.09892273
0.19721985
0.27978516
0.057144165
-0.23155212
-0.27896118
-0.036071777
0.25367737
0.31440735
0.15940857
0.028915405
0.080581665
0.26860046
0.46673584
0.5194702
0.4273224
0.35009766
0.35221863
0.3261261
0.19189453
-0.08294678
-0.3663025
-0.41796875
-0.15965271
0.047546387
-0.17774963
-0.7322235
-1.0794983
-0.8312988
-0.21876526
0.115737915
-0.060577393
-0.3386078
-0.31784058
-0.029144287
0.3053589
0.5748596
0.723999
0.6936493
0.48431396
0.3138733
0.27604675
0.24995422
0.07951355
-0.1862793
-0.33221436
-0.32209778
-0.213974
-0.04246521
0.02571106
-0.18041992
-0.5122528
-0.63475037
-0.38069153
0.031036377
0.27659607
0.27764893
0.20788574
0.18656921
0.20307922
0.22598267
0.2403717
0.19563293
0.097091675
0.08909607
0.23130798
0.42253113
0.5556793
0.53704834
0.36553955
0.2238617
0.23184204
0.23930359
0.07258606
-0.30291748
-0.7306366
-0.8403473
-0.62623596
-0.41105652
-0.31677246
-0.30558777
-0.33807373
-0.34713745
-0.3082428
-0.23101807
-0.116500854
0.062469482
0.2558136
0.32133484
0.20735168
0.05607605
0.029968262
0.22758484
0.517334
0.53118896
0.23130798
-0.015304565
0.120529175
0.54930115
0.70002747
0.22705078
-0.5356903
-0.88349915
-0.6512604
-0.24859619
-0.012634277
0.027313232
-0.062698364
-0.12715149
-0.015838623
0.24728394
0.5104065
0.630249
0.55674744
0.3804474
0.28138733
0.29948425
0.3495636
0.3069458
0.043304443
-0.20758057
-0.17616272
0.026779175
0.1146698
0.00440979
-0.32635498
-0.725296
-0.87124634
-0.64967346
-0.3119812
-0.23794556
-0.36151123
-0.3753662
-0.16976929
0.12850952
0.33145142
0.36766052
0.29789734
0.2824402
0.25794983
-0.00730896
-0.39878845
-0.5665741
-0.48028564
-0.43447876
-0.453125
-0.2997284
0.11306763
0.5093384
0.43211365
-0.08720398
-0.46058655
-0.42756653
-0.16604614
-0.04246521
-0.11543274
-0.26296997
-0.2731018
-0.040863037
0.34103394
0.66700745
0.7506256
0.5402374
0.2835083
0.2627411
0.47898865
0.76768494
0.94664
0.9200134
0.66967773
0.21746826
-0.07069397
0.08590698
0.50349426
0.77726746
0.73039246
0.46194458
0.029434204
-0.4211731
-0.57136536
-0.32369995
0.01399231
0.05821228
-0.14526367
-0.26190186
-0.15325928
0.07525635
0.2819214
0.35542297
0.3026886
0.25794983
0.3058777
0.3191986
0.20680237
0.05607605
0.049682617
0.29096985
0.4715271
0.24942017
-0.23155212
-0.8067932
-1.1806946
-0.88243103
-0.32955933
-0.17881775
-0.4643097
-0.7833557
-0.8717804
-0.71092224
-0.39241028
-0.054718018
0.123184204
0.11306763
0.10241699
0.21000671
0.374588
0.48538208
0.47633362
0.42253113
0.44436646
0.4752655
0.39004517
0.2238617
0.15248108
0.264328
0.37086487
0.29310608
0.10081482
-0.009979248
0.03744507
0.15887451
0.23184204
0.16101074
-0.029159546
-0.2182312
-0.33488464
-0.31570435
-0.15698242
6.713867E-4
0.035842896
-0.017959595
-0.08241272
-0.09094238
-0.0051727295
0.1503601
0.20840454
-0.014770508
-0.40092468
-0.54473877
-0.213974
0.35488892
0.7676697
0.7532959
0.3426361
-0.054718018
-0.118637085
0.04170227
0.20307922
0.24356079
0.1423645
-0.022216797
-0.12715149
-0.08880615
0.073654175
0.27392578
0.42678833
0.46141052
0.35328674
0.2004242
0.1977539
0.37672424
0.5530243
0.564209
0.388443
0.06086731
-0.23262024
-0.21929932
0.08270264
0.27711487
0.10774231
-0.1985321
-0.29759216
-0.10585022
0.21321106
0.39855957
0.30908203
0.036376953
-0.22036743
-0.3194275
-0.23687744
-0.05206299
0.078445435
0.058746338
0.019851685
0.12904358
0.30215454
0.3804474
0.35542297
0.33198547
0.32080078
0.23344421
0.12745667
0.2004242
0.4550171
0.65689087
0.60627747
0.33943176
-0.020629883
-0.29386902
-0.3039856
-0.064834595
0.15301514
0.10455322
-0.13301086
-0.30133057
-0.26617432
-0.09466553
0.040100098
0.01612854
-0.060043335
0.0012054443
0.21479797
0.48324585
0.67819214
0.71707153
0.64038086
0.49017334
0.3735199
0.4161377
0.56314087
0.630249
0.43637085
0.040634155
-0.2693634
-0.277359
-0.08880615
0.031036377
-0.038742065
-0.15698242
-0.17190552
-0.069625854
0.06993103
0.16687012
0.15408325
0.051818848
-0.01637268
0.029968262
0.12797546
0.12852478
0.07206726
0.0954895
0.1769867
0.22172546
0.06567383
-0.23262024
-0.23953247
0.13490295
0.43743896
0.28778076
-0.13726807
-0.40945435
-0.354599
-0.11810303
0.044891357
0.03263855
-0.031814575
-0.0051879883
0.14450073
0.27978516
0.28297424
0.21800232
0.20628357
0.25102234
0.30055237
0.30534363
0.21853638
0.087509155
-0.0067749023
0.04914856
0.28883362
0.34103394
0.23078918
-0.11810303
-0.4685669
-0.6667023
-0.60066223
-0.45259094
-0.16870117
0.1104126
0.14396667
-0.26882935
-0.70240784
-0.69706726
-0.3631134
-0.022232056
0.113601685
-0.0035858154
-0.15484619
-0.17562866
-0.08560181
0.007598877
0.045425415
-0.007843018
-0.083480835
-0.054718018
0.08804321
0.28883362
0.46461487
0.55249023
0.4587555
0.17591858
-0.29226685
-0.70825195
-0.64967346
-0.25071716
-0.11543274
-0.5133209
-1.0038605
-1.0406189
-0.58361816
-0.024887085
0.27764893
0.26753235
0.1508789
0.115737915
0.17645264
0.30801392
0.47312927
0.6265259
0.6537018
0.48857117
0.30908203
0.2803192
0.28778076
0.1461029
-0.07495117
-0.23580933
-0.31304932
-0.23580933
-0.029159546
0.085372925
-0.079208374
-0.3865509
-0.5138397
-0.4142456
-0.30984497
-0.3524475
-0.41157532
-0.34074402
-0.17456055
-0.04512024
-0.028076172
-0.0259552
0.1104126
0.33358765
0.48324585
0.43850708
0.2680664
0.22865295
0.46087646
0.6654053
0.5860443
0.41934204
0.3692627
0.28831482
0.08483887
-0.16496277
-0.3854828
-0.5260925
-0.5580597
-0.45205688
-0.27842712
-0.12236023
0.014526367
0.13916016
0.2472992
0.31759644
0.30429077
0.259552
0.20680237
0.17964172
0.16526794
0.1423645
0.21958923
0.37565613
0.4592743
0.37298584
0.16259766
0.03956604
0.035842896
0.0677948
0.062469482
-0.12928772
-0.45098877
-0.5415497
-0.26617432
0.045959473
0.008132935
-0.28907776
-0.47177124
-0.354599
-0.030212402
0.26327515
0.39216614
0.35328674
0.26113892
0.26113892
0.36021423
0.47579956
0.41081238
0.15887451
-0.036605835
-0.007843018
0.21054077
0.358078
0.3223877
0.28457642
0.3453064
0.2526245
-0.034469604
-0.22302246
-0.13887024
-0.007843018
-0.11703491
-0.36790466
-0.56977844
-0.58628845
-0.36364746
-0.02116394
0.20787048
0.21321106
0.094955444
0.015060425
0.07951355
0.22705078
0.32133484
0.3191986
0.23558044
0.08963013
0.031036377
0.06993103
-0.025421143
-0.38175964
-0.6576538
-0.47549438
-0.00944519
0.1977539
-0.05418396
-0.32902527
-0.31677246
-0.18360901
-0.1351471
-0.19107056
-0.23208618
-0.090927124
0.16847229
0.38258362
0.45822144
0.42678833
0.33517456
0.2403717
0.20521545
0.23130798
0.26593018
0.21321106
0.08004761
0.007598877
0.1274414
0.26966858
0.23930359
0.113601685
0.12478638
0.17433167
0.016662598
-0.38974
-0.6890869
-0.58947754
-0.1756134
0.19935608
0.24197388
0.011856079
-0.20332336
-0.17242432
0.026779175
0.1301117
0.015060425
-0.14579773
-0.17828369
-0.07548523
0.07737732
0.21960449
0.32505798
0.37512207
0.22439575
0.1269226
0.14289856
0.06726074
