5.6427
5.1879883
6.866455
7.847595
6.538391
6.4224243
7.3883057
7.23114
8.006287
8.070374
7.8048706
10.140991
10.700989
9.851074
7.7651978
8.642578
9.623718
10.296631
9.602356
9.436035
8.998108
9.945679
8.351135
6.0440063
7.4935913
6.2286377
4.841614
4.5059204
4.9346924
4.1046143
4.9316406
4.0756226
3.7109375
3.277588
3.251648
2.8625488
5.317688
4.7546387
4.8980713
5.3985596
5.4229736
3.9291382
4.5532227
4.724121
5.4779053
3.981018
3.37677
4.6035767
3.7231445
4.231262
3.819275
2.519226
3.718567
3.9749146
3.4088135
2.1896362
4.7286987
3.9154053
4.4296265
4.350281
4.722595
5.0064087
3.3050537
4.9438477
4.470825
5.963135
7.321167
6.1203003
7.3013306
7.3013306
6.1203003
6.088257
5.0201416
6.0440063
5.4229736
5.4229736
6.7504883
5.519104
5.944824
5.053711
4.1778564
4.7088623
4.637146
5.2124023
3.1524658
4.551697
1.0650635
2.357483
1.6952515
1.0238647
0.61187744
-0.27008057
0.29907227
-1.7272949
0.08087158
-0.19226074
0.2166748
0.07476807
0.27618408
-0.0869751
-1.0467529
1.0162354
0.92315674
0.79956055
1.0864258
0.1953125
1.8920898
2.0568848
0.9613037
1.1627197
1.3961792
2.105713
3.1311035
1.9592285
2.2384644
2.2720337
4.3807983
3.3966064
4.2007446
4.9865723
4.193115
6.1294556
5.545044
5.670166
6.8389893
7.5637817
6.8878174
6.706238
7.121277
8.323669
7.583618
7.182312
8.332825
8.053589
5.870056
5.1223755
4.5394897
5.39093
4.763794
3.7353516
5.7876587
6.843567
5.874634
5.9509277
5.0354004
5.7724
4.9987793
4.458618
5.4092407
4.0115356
4.5944214
4.8202515
4.46167
6.6467285
6.6467285
6.6467285
6.451416
6.274414
6.251526
4.99115
6.466675
5.758667
6.919861
6.9229126
6.0424805
8.015442
8.065796
7.444763
8.522034
7.9299927
8.052063
6.945801
7.8948975
9.713745
9.403992
10.043335
10.441589
10.241699
10.9313965
12.4053955
12.141418
11.547852
12.701416
13.154602
13.848877
13.124084
12.631226
12.588501
10.8932495
11.151123
10.797119
9.472656
10.281372
10.681152
10.22644
10.415649
9.985352
10.183716
8.74939
11.515808
11.444092
11.811829
11.186218
9.80072
11.260986
10.191345
10.864258
8.67157
9.837341
10.350037
11.222839
8.328247
8.691406
9.085083
9.474182
8.094788
7.7285767
8.2473755
8.300781
7.83844
7.511902
5.8532715
6.8359375
8.673096
7.221985
9.020996
6.877136
6.794739
6.8847656
7.1762085
9.049988
8.300781
7.420349
8.352661
8.352661
7.70874
8.084106
7.133484
6.7733765
6.3827515
6.2713623
6.4559937
5.014038
6.3980103
4.312134
5.24292
4.3548584
4.017639
3.8375854
1.4205933
0.7019043
2.0248413
1.0238647
2.4429321
1.6769409
0.04425049
1.222229
3.0975342
1.7730713
2.6260376
1.7333984
1.0055542
1.3656616
0.9338379
0.65460205
-0.14801025
1.512146
0.57525635
1.2619019
-0.869751
-1.1871338
-0.30670166
-0.41351318
-1.2374878
-0.87280273
0.4196167
0.0030517578
1.385498
-0.14953613
0.63171387
-0.69732666
0.1953125
1.9622803
3.3843994
1.4984131
1.7150879
1.8432617
2.7160645
0.0
0.030517578
0.8117676
0.37384033
-0.21820068
-0.36468506
-1.2817383
1.1810303
1.0925293
0.46081543
-2.3727417
0.30975342
0.0289917
-0.5783081
-1.3076782
-0.33416748
-1.322937
0.34942627
-0.58288574
-0.54016113
-1.8203735
-1.3168335
-0.76904297
-0.53100586
-3.111267
-3.111267
-3.111267
-0.6958008
-1.2695312
-3.1417847
-2.4108887
-4.7668457
-5.9646606
-4.6188354
-2.7374268
-4.524231
-2.8152466
-3.791809
-3.5964966
-4.1885376
-2.558899
-2.6474
-1.9958496
-0.7614136
-1.8997192
-1.763916
-0.72784424
-1.197815
1.4953613
0.27923584
-0.2609253
0.70648193
0.32043457
1.5380859
-1.0864258
-0.99334717
-0.53863525
-1.1901855
-0.6668091
0.8087158
0.8544922
0.8911133
1.4419556
1.4633179
2.5100708
4.3273926
4.0786743
7.498169
5.97229
5.7037354
8.09021
8.178711
10.374451
9.074402
10.56366
11.097717
12.057495
11.575317
11.140442
11.69281
12.638855
13.919067
12.440491
13.311768
12.3550415
13.650513
13.407898
13.713074
14.089966
14.506531
14.649963
14.277649
14.329529
14.993286
14.099121
15.570068
15.533447
15.345764
16.72821
16.482544
13.63678
15.692139
14.346313
14.613342
15.286255
15.310669
15.310669
15.100098
14.050293
14.041138
13.8671875
14.724731
15.509033
13.490295
14.405823
14.445496
13.88855
14.962769
14.155579
13.478088
13.330078
13.104248
12.802124
14.43634
13.357544
12.815857
12.284851
10.702515
11.862183
12.402344
11.7126465
10.249329
9.664917
10.385132
10.749817
8.050537
8.154297
9.286499
8.81958
9.596252
9.007263
7.688904
8.053589
7.1884155
7.9544067
7.1014404
7.658386
5.961609
5.5480957
6.2088013
5.4748535
6.0928345
5.2505493
5.319214
4.7348022
3.2089233
1.8066406
4.4647217
4.5898438
1.9699097
2.1316528
0.5935669
-0.13122559
0.9475708
-0.05340576
1.4404297
0.43182373
-0.93688965
-0.73547363
-1.6784668
-1.8188477
-0.1586914
-0.5844116
-0.20446777
-2.2659302
-1.9744873
-2.470398
-3.1448364
-3.930664
-2.5268555
-2.9327393
-3.4378052
-5.026245
-5.0811768
-5.0811768
-5.0811768
-5.7174683
-4.486084
-6.1416626
-7.725525
-7.145691
-7.861328
-8.293152
-9.284973
-9.776306
-9.283447
-9.869385
-12.17041
-11.297607
-11.602783
-11.149597
-11.878967
-11.682129
-12.750244
-13.061523
-13.291931
-13.928223
-12.927246
-14.179993
-12.971497
-14.689636
-14.179993
-14.984131
-14.935303
-14.595032
-15.441895
-15.112305
-14.254761
-13.983154
-14.282227
-14.057922
-13.365173
-14.694214
-13.433838
-14.64386
-14.642334
-14.736938
-14.335632
-13.0355835
-13.15155
-15.428162
-14.840698
-15.94696
-15.103149
-16.101074
-15.748596
-15.567017
-16.99524
-16.212463
-16.218567
-15.602112
-14.810181
-14.768982
-16.511536
-16.160583
-17.45758
-15.913391
-16.493225
-16.616821
-16.210938
-16.052246
-18.164062
-15.304565
-15.863037
-15.931702
-17.071533
-15.963745
-16.802979
-16.781616
-15.350342
-16.487122
-15.937805
-14.692688
-15.5303955
-15.5303955
-15.5303955
-13.856506
-14.109802
-14.03656
-13.806152
-15.336609
-15.336609
-14.2074585
-14.646912
-14.053345
-13.83667
-13.247681
-12.17804
-12.944031
-14.320374
-14.015198
-12.374878
-13.0859375
-12.174988
-12.234497
-13.244629
-14.649963
-12.483215
-12.789917
-12.573242
-12.452698
-13.233948
-10.777283
-13.258362
-10.426331
-12.612915
-11.268616
-11.743164
-11.343384
-10.960388
-10.949707
-11.360168
-11.862183
-11.645508
-11.282349
-11.572266
-11.129761
-11.849976
-11.677551
-10.366821
-11.138916
-10.107422
-10.639954
-10.624695
-9.162903
-8.811951
-8.651733
-8.804321
-9.625244
-8.21228
-7.7026367
-8.757019
-10.290527
-9.536743
-8.805847
-10.139465
-8.6883545
-8.097839
-7.8338623
-10.710144
-9.341431
-9.120178
-9.024048
-8.920288
-8.457947
-8.691406
-8.459473
-8.442688
-8.377075
-9.165955
-7.814026
-8.375549
-8.465576
-7.8155518
-7.8155518
-7.8155518
-6.425476
-8.51593
-8.610535
-8.015442
-7.928467
-7.2875977
-7.1289062
-8.094788
-8.180237
-7.2738647
-8.485413
-7.675171
-7.9544067
-7.5927734
-8.312988
-5.4855347
-5.9020996
-8.099365
-7.9711914
-9.049988
-9.017944
-7.597351
-8.450317
-8.686829
-7.5805664
-8.886719
-9.703064
-7.78656
-7.2799683
-7.8079224
-7.861328
-7.7651978
-8.467102
-8.517456
-8.47168
-6.803894
-7.3165894
-6.9473267
-8.416748
-8.825684
-7.3013306
-7.8079224
-7.875061
-8.03833
-8.586121
-8.752441
-8.31604
-8.848572
-9.336853
-8.331299
-7.8704834
-9.799194
-7.6934814
-7.5698853
-8.039856
-6.578064
-9.996033
-8.868408
-7.3013306
-7.1746826
-7.272339
-8.082581
-7.2921753
-7.4432373
-8.969116
-7.2784424
-6.8511963
-7.6446533
-8.843994
-7.3898315
-8.512878
-8.1604
-7.3791504
-7.7438354
-8.328247
-6.8008423
-6.2698364
-7.6019287
-7.6019287
-7.6019287
-8.03833
-6.944275
-8.38623
-6.994629
-8.383179
-7.89032
-7.9956055
-8.686829
-9.257507
-8.383179
-7.9681396
-7.5302124
-6.2942505
-9.217834
-8.026123
-7.3883057
-7.432556
-8.779907
-8.631897
-9.228516
-10.379028
-7.357788
-8.242798
-9.706116
-9.236145
-7.9940796
-7.951355
-8.076477
-7.6416016
-8.375549
-8.679199
-8.581543
-9.187317
-6.2942505
