-40.83252
-40.322876
-40.483093
-39.4989
-39.830017
-37.93335
-37.921143
-35.221863
-33.691406
-34.99756
-32.995605
-33.753967
-32.85675
-33.546448
-31.584167
-32.313538
-31.43158
-30.599976
-30.57251
-29.96521
-29.956055
-30.10254
-31.648254
-30.722046
-31.776428
-30.917358
-30.458069
-32.707214
-35.113525
-33.651733
-34.350586
-33.81958
-34.344482
-35.40497
-34.13849
-33.44879
-35.08911
-35.681152
-35.632324
-33.532715
-35.1532
-35.136414
-35.646057
-33.499146
-34.475708
-34.15222
-34.095764
-35.168457
-33.676147
-33.5083
-34.86786
-33.665466
-32.913208
-32.93152
-32.76062
-32.807922
-30.644226
-31.881714
-32.374573
-31.43158
-29.57611
-31.266785
-30.044556
-29.759216
-29.762268
-29.32129
-31.167603
-32.02057
-31.375122
-31.375122
-32.02057
-32.795715
-31.30951
-31.382751
-30.671692
-30.671692
-30.740356
-28.903198
-29.580688
-30.027771
-30.00946
-30.751038
-30.369568
-29.107666
-29.226685
-28.205872
-27.5177
-26.939392
-25.730896
-26.461792
-27.41394
-26.582336
-27.209473
-26.856995
-27.638245
-28.18451
-29.579163
-30.593872
-30.630493
-31.207275
-29.025269
-29.670715
-28.938293
-29.844666
-28.782654
-29.380798
-30.09491
-29.838562
-29.38385
-30.07965
-28.935242
-28.75061
-29.534912
-28.341675
-29.676819
-29.359436
-28.30658
-27.868652
-28.062439
-25.558472
-26.53656
-27.32544
-27.566528
-27.11792
-27.853394
-26.393127
-25.700378
-22.039795
-24.554443
-24.414062
-22.109985
-23.052979
-22.982788
-21.342468
-22.367859
-21.95282
-22.651672
-21.302795
-23.85254
-22.711182
-24.990845
-24.287415
-24.502563
-24.835205
-27.836609
-26.419067
-28.660583
-29.605103
-27.250671
-27.764893
-27.36969
-25.764465
-26.445007
-26.385498
-26.385498
-26.385498
-26.657104
-27.581787
-27.331543
-27.134705
-26.446533
-26.629639
-25.839233
-26.602173
-25.109863
-25.785828
-25.004578
-25.51117
-25.566101
-27.238464
-26.4328
-27.91748
-27.810669
-27.464294
-27.05841
-27.102661
-27.172852
-26.782227
-26.046753
-25.865173
-27.278137
-28.952026
-26.38092
-25.77362
-26.765442
-26.853943
-27.522278
-26.567078
-25.854492
-26.330566
-28.079224
-26.016235
-27.127075
-27.249146
-27.806091
-29.57611
-30.789185
-31.027222
-31.959534
-31.199646
-31.478882
-31.715393
-30.900574
-30.74646
-31.080627
-32.5531
-28.865051
-31.01654
-30.734253
-31.228638
-30.888367
-31.233215
-31.874084
-33.32672
-30.905151
-32.937622
-31.938171
-33.348083
-33.329773
-32.359314
-32.51953
-32.911682
-32.485962
-31.474304
-32.97119
-31.513977
-32.730103
-30.363464
-30.332947
-30.33905
-29.72107
-33.329773
-32.244873
-33.006287
-33.006287
-32.452393
-33.911133
-33.306885
-30.978394
-33.09326
-32.366943
-32.96814
-32.374573
-32.22351
-34.439087
-34.48944
-32.435608
-34.381104
-34.44214
-32.536316
-34.8114
-33.15277
-33.329773
-32.608032
-32.859802
-34.365845
-33.262634
-32.443237
-33.8974
-33.00476
-33.146667
-33.589172
-32.554626
-33.36029
-32.78656
-32.237244
-32.963562
-35.10742
-34.013367
-34.71527
-33.03528
-34.529114
-34.56421
-34.477234
-33.95233
-33.779907
-34.375
-33.106995
-32.89795
-32.435608
-33.12683
-32.42798
-32.304382
-32.44629
-34.39331
-34.21936
-34.381104
-34.34601
-33.917236
-32.836914
-32.3761
-32.366943
-34.19342
-34.443665
-33.77533
-33.6792
-34.16748
-35.64911
-33.6792
-34.170532
-32.37915
-31.45752
-30.477905
-31.736755
-31.652832
-30.744934
-29.728699
-31.344604
-31.254578
-28.9505
-29.22821
-29.252625
-27.401733
-27.401733
-27.401733
-29.103088
-27.406311
-28.990173
-29.309082
-28.81012
-29.968262
-29.525757
-29.77295
-30.258179
-28.829956
-26.959229
-29.545593
-28.260803
-29.25415
-25.819397
-28.814697
-27.49176
-26.234436
-27.618408
-27.02179
-27.78778
-27.307129
-28.06549
-25.796509
-25.430298
-25.097656
-24.339294
-24.591064
-25.325012
-25.428772
-26.05133
-25.672913
-25.796509
-27.210999
-27.503967
-25.280762
-25.631714
-27.27356
-25.709534
-23.394775
-25.276184
-22.975159
-23.880005
-23.602295
-23.114014
-24.685669
-23.736572
-23.091125
-24.545288
-23.46344
-22.04132
-22.795105
-23.989868
-23.677063
-24.327087
-24.403381
-24.064636
-22.645569
-23.085022
-25.102234
-24.59259
-23.805237
-23.46344
-23.414612
-21.754456
-21.531677
-23.197937
-23.033142
-22.395325
-22.914124
-22.10846
-21.499634
-20.101929
-20.578003
-22.654724
-20.394897
-18.778992
-19.013977
-19.97528
-19.97528
-18.107605
-15.956116
-18.04657
-19.735718
-16.648865
-16.644287
-17.971802
-18.99414
-16.38031
-18.041992
-17.332458
-17.086792
-16.595459
-15.881348
-18.400574
-16.816711
-15.463257
-15.002441
-16.453552
-15.711975
-16.741943
-15.492249
-14.3966675
-15.132141
-14.34021
-14.581299
-12.763977
-13.153076
-12.718201
-12.324524
-12.359619
-14.143372
-12.612915
-11.431885
-13.853455
-11.131287
-12.692261
-12.998962
-13.485718
-12.229919
-12.582397
-13.890076
-11.175537
-10.092163
-9.786987
-9.04541
-8.816528
-8.753967
-9.410095
-10.125732
-9.657288
-8.802795
-9.970093
-9.356689
-8.384705
-9.437561
-10.203552
-10.075378
-10.194397
-9.251404
-9.191895
-8.821106
-10.1501465
-10.656738
-10.977173
-10.299683
-9.970093
-9.78241
-9.3811035
-9.288025
-8.595276
-8.952332
-8.54187
-8.317566
-8.283997
-8.346558
-9.024048
-9.024048
-9.024048
-8.52356
-7.6568604
-7.5927734
-8.418274
-7.4127197
-7.0358276
-8.2473755
-6.587219
-6.5979004
-6.892395
-6.829834
-5.7540894
-5.718994
-6.6360474
-5.773926
-5.760193
-4.321289
-6.7581177
-5.5404663
-7.041931
-4.496765
-3.6590576
-4.6829224
-5.104065
-4.597473
-4.0237427
-3.8284302
-3.0471802
-5.331421
-3.9276123
-6.930542
-3.843689
-3.956604
-2.4246216
-3.7765503
-3.2440186
-3.529358
-4.286194
-2.748108
-3.0532837
-2.3208618
-2.4429321
-3.137207
-2.307129
-2.7511597
-3.1204224
-1.3412476
-1.473999
-0.06561279
-0.20904541
-0.6057739
0.7583618
1.0665894
2.2888184
0.04272461
1.4770508
1.2329102
3.2592773
2.456665
2.7954102
3.8650513
3.5186768
3.0181885
1.675415
2.746582
2.1530151
2.4841309
1.3824463
0.49438477
2.055359
-0.18005371
2.960205
2.7618408
1.1932373
2.2979736
1.5625
0.90179443
0.87890625
0.87890625
0.87890625
1.4816284
1.2954712
1.4205933
2.923584
2.36969
2.36969
2.7923584
3.1051636
1.5151978
1.8432617
1.0162354
2.4887085
1.9836426
0.55999756
1.222229
1.0498047
1.4770508
2.0309448
1.8615723
0.5584717
1.0116577
1.3183594
1.1138916
1.2878418
2.6535034
2.191162
3.2043457
3.9657593
2.4536133
2.0385742
3.1951904
3.9031982
3.3752441
3.90625
1.9226074
3.4698486
1.826477
2.406311
2.8320312
2.531433
1.0482788
2.494812
1.6311646
2.3162842
2.8808594
1.2817383
1.3626099
2.3864746
1.8981934
1.0971069
2.015686
-0.43029785
0.012207031
1.701355
1.8173218
1.1154175
1.0192871
0.3479004
0.02746582
0.5065918
2.003479
1.1764526
2.9968262
1.5930176
1.5319824
1.197815
0.1586914
1.6189575
-0.010681152
-0.090026855
0.29449463
0.8590698
1.8508911
-0.3479004
-0.819397
1.5457153
1.5151978
-0.5142212
-0.5142212
-0.5142212
-0.7720947
0.73394775
1.7715454
-0.12359619
0.21209717
0.16784668
1.0864258
0.41351318
-0.37994385
0.12359619
-0.8895874
0.9567261
-0.97198486
-0.74920654
-2.7191162
0.6072998
0.012207031
-1.3748169
-1.53656
-1.1779785
-0.40283203
0.01373291
-0.8773804
-0.19378662
-0.08087158
-0.6149292
-1.6479492
-1.5792847
-1.3595581
-1.3809204
-1.399231
0.9277344
-0.7827759
-1.2588501
0.28533936
-0.90026855
-1.3717651
-1.6082764
-0.0015258789
-2.1240234
-0.5004883
-1.3809204
-2.067566
-2.2232056
-2.4536133
-1.9989014
-1.9561768
-0.80718994
-1.2756348
-1.7593384
-2.8305054
-0.61035156
-1.499939
-0.9994507
-1.7654419
-2.2521973
-1.3366699
0.050354004
-0.5004883
-0.20446777
-2.2262573
-0.8102417
-2.3330688
-0.8544922
-2.1728516
-1.0040283
-2.7999878
-1.2252808
-1.5701294
-0.83618164
-2.3269653
-3.1295776
-2.82135
-2.281189
-2.5222778
-1.3580322
-2.0996094
-1.7745972
-1.7745972
-1.7745972
-2.2232056
-2.3727417
-1.7776489
-2.848816
-2.2354126
-2.937317
-3.2791138
-3.6102295
-2.2705078
-2.2354126
-1.335144
-4.6066284
-4.4021606
-2.4612427
-4.51355
-4.1000366
-2.8396606
-2.8762817
-3.591919
-5.0613403
-4.319763
-3.0197144
-4.6875
-3.894043
-3.5339355
-3.7368774
-4.6936035
-5.2948
-4.5394897
-3.7628174
-5.1361084
-3.2165527
-5.303955
-4.4021606
