-32.0
-31.875
-31.9375
-32.125
-32.125
-32.125
-32.1875
-32.1875
-32.3125
-32.25
-32.3125
-32.0
-31.75
-31.875
-32.0625
-32.5
-32.6875
-32.625
-32.875
-32.625
-32.75
-32.5625
-32.375
-32.3125
-32.375
-32.25
-32.375
-32.375
-32.5
-32.4375
-32.625
-33.0
-33.0
-32.75
-32.6875
-32.3125
-31.6875
-31.25
-30.9375
-30.5625
-30.3125
-29.9375
-30.0
-30.0625
-30.25
-30.625
-31.0
-31.0
-30.875
-30.9375
-31.3125
-31.25
-31.0625
-31.0625
-30.6875
-30.5
-30.5625
-30.625
-30.3125
-30.25
-30.3125
-30.4375
-30.5
-30.9375
-31.0625
-31.0625
-30.875
-30.75
-30.8125
-31.0
-31.0625
-31.0
-31.0625
-31.375
-31.375
-31.1875
-30.8125
-30.5
-30.1875
-29.9375
-29.875
-29.8125
-29.75
-29.8125
-30.0
-30.0625
-30.125
-30.375
-30.4375
-30.5625
-30.6875
-30.625
-30.375
-30.3125
-30.0
-29.375
-29.1875
-28.875
-28.9375
-29.0625
-29.4375
-29.8125
-29.875
-29.5625
-29.1875
-28.625
-28.625
-28.875
-29.0
-29.0
-28.9375
-28.9375
-28.875
-29.0
-28.9375
-29.25
-29.3125
-29.25
-29.25
-29.375
-29.375
-29.75
-30.0625
-29.8125
-29.625
-29.5625
-30.0625
-30.4375
-30.3125
-30.1875
-30.125
-29.875
-29.875
-29.625
-29.75
-29.5
-29.5
-29.5
-29.4375
-29.1875
-29.0625
-29.125
-29.3125
-29.3125
-29.4375
-29.1875
-29.0625
-29.0625
-28.9375
-28.625
-28.3125
-27.9375
-27.75
-27.8125
-27.875
-27.8125
-27.5625
-27.5
-27.25
-27.25
-27.3125
-27.5
-27.5
-27.625
-27.875
-28.0
-28.125
-28.4375
-28.625
-28.875
-29.0
-29.3125
-29.5625
-29.375
-29.5
-29.3125
-29.1875
-29.25
-29.4375
-29.625
-30.1875
-30.4375
-30.6875
-30.1875
-29.6875
-29.25
-28.8125
-28.5
-28.1875
-28.0
-27.9375
-27.9375
-27.75
-27.625
-27.375
-27.375
-27.375
-27.5
-27.3125
-27.1875
-27.0625
-27.1875
-27.25
-27.375
-27.125
-26.5625
-26.25
-26.5
-27.0
-27.3125
-27.3125
-27.1875
-26.9375
-26.875
-27.0
-27.125
-27.0
-26.6875
-26.625
-26.375
-26.3125
-26.1875
-26.125
-26.0
-26.0
-26.0
-26.4375
-26.5
-26.8125
-26.875
-26.875
-26.8125
-27.0
-27.0
-27.25
-27.125
-26.875
-26.75
-26.625
-26.4375
-26.4375
-26.25
-26.25
-26.125
-26.25
-26.375
-26.1875
-25.9375
-25.75
-25.5625
-25.625
-25.5
-25.375
-25.3125
-25.375
-25.25
-25.0625
-24.9375
-25.0
-24.8125
-24.625
-24.125
-24.1875
-24.4375
-24.75
-24.9375
-24.875
-24.5
-24.4375
-24.1875
-24.375
-24.3125
-24.3125
-24.25
-24.1875
-24.1875
-24.1875
-23.875
-24.125
-23.875
-24.1875
-24.5
-24.6875
-24.875
-24.9375
-24.875
-24.75
-24.5625
-24.875
-25.0625
-25.4375
-25.875
-25.9375
-25.75
-25.4375
-25.5
-25.6875
-25.625
-25.6875
-25.6875
-25.6875
-25.6875
-25.75
-25.625
-25.25
-25.25
-24.8125
-24.75
-24.6875
-24.8125
-24.75
-24.75
-24.625
-24.5
-24.125
-23.9375
-23.625
-23.8125
-23.8125
-23.8125
-23.5625
-23.4375
-23.4375
-23.3125
-23.3125
-23.4375
-23.25
-23.25
-23.125
-23.0
-22.875
-22.75
-22.625
-22.5625
-22.875
-23.1875
-23.375
-23.4375
-23.5625
-23.6875
-23.75
-24.0625
-24.3125
-24.375
-24.625
-24.5625
-24.625
-24.3125
-24.25
-24.1875
-24.3125
-24.4375
-24.375
-24.375
-24.5
-24.3125
-24.25
-23.875
-23.875
-23.875
-23.875
-24.125
-23.9375
-23.875
-23.875
-23.6875
-23.6875
-23.375
-23.0625
-22.625
-22.5
-22.9375
-23.25
-23.5
-23.625
-23.8125
-23.875
-24.0
-24.3125
-24.1875
-24.0
-23.8125
-23.9375
-24.0625
-23.8125
-23.8125
-23.875
-24.0
-24.5625
-25.25
-25.6875
-25.625
-25.5625
-25.6875
-25.8125
-25.5625
-26.0
-26.1875
-26.1875
-25.8125
-25.5625
-25.3125
-25.25
-25.3125
-25.5625
-25.375
-25.375
-25.5
-25.6875
-25.8125
-25.9375
-25.8125
-25.75
-25.75
-25.8125
-25.75
-25.625
-25.6875
-25.6875
-25.8125
-25.9375
-25.75
-25.5625
-25.6875
-25.875
-26.0625
-26.125
-26.0
-25.875
-26.0625
-26.4375
-26.6875
-26.6875
-26.625
-26.75
-26.875
-26.875
-26.8125
-26.8125
-27.25
-27.5625
-27.5625
-28.0
-28.25
-28.3125
-28.4375
-28.5625
-28.4375
-27.9375
-28.0625
-28.375
-28.5625
-28.5625
-28.4375
-28.5
-28.3125
-28.375
-28.3125
-28.3125
-28.4375
-28.4375
-28.4375
-28.625
-28.3125
-28.5
-28.5
-28.625
-28.5625
-28.6875
-28.5625
-28.3125
-27.9375
-28.0
-27.6875
-27.625
-27.3125
-27.5
-27.6875
-28.1875
-28.0625
-27.9375
-27.8125
-28.0
-27.875
-27.6875
-27.625
-27.6875
-27.4375
-27.5625
-27.5625
-27.5
-27.3125
-27.0625
-27.4375
-27.5
-27.6875
-27.875
-27.8125
-27.6875
-27.625
-27.5
-27.25
-26.875
-27.1875
-27.25
-27.0625
-26.75
-26.375
-26.125
-26.1875
-26.0
-25.625
-25.5625
-25.6875
-25.625
-25.1875
-24.75
-24.4375
-24.1875
-24.3125
-24.8125
-24.75
-24.75
-24.6875
-24.8125
-25.0625
-25.0625
-24.8125
-24.5
-24.0
-24.0625
-24.0
-24.0
-23.875
-23.5625
-23.5
-23.5625
-23.8125
-24.0
-24.0
-23.875
-24.125
-24.125
-24.1875
-24.25
-24.1875
-24.3125
-24.75
-25.0
-25.25
-25.125
-25.1875
-25.4375
-25.8125
-26.0
-25.875
-26.0
-26.4375
-26.625
-26.4375
-26.125
-25.875
-26.125
-26.125
-26.125
-25.9375
-25.625
-25.5625
-25.5625
-25.375
-25.375
-25.125
-25.3125
-25.3125
-25.1875
-25.25
-25.25
-25.3125
-25.5625
-25.625
-25.8125
-26.0
-26.0
-25.6875
-25.75
