1677552995294
1677552995307
1677552995347
1677552995347
1677552995423
1677552995423
1677552995423
1677552995423
1677552995441
1677552995458
1677552995478
1677552995498
1677552995518
1677552995539
1677552995559
1677552995579
1677552995599
1677552995619
1677552995639
1677552995659
1677552995680
1677552995698
1677552995718
1677552995738
1677552995759
1677552995779
1677552995798
1677552995819
1677552995838
1677552995859
1677552995879
1677552995898
1677552995918
1677552995939
1677552995959
1677552995979
1677552996002
1677552996018
1677552996043
1677552996059
1677552996078
1677552996098
1677552996119
1677552996138
1677552996158
1677552996178
1677552996198
1677552996219
1677552996239
1677552996258
1677552996279
1677552996298
1677552996319
1677552996340
1677552996359
1677552996380
1677552996399
1677552996419
1677552996440
1677552996459
1677552996479
1677552996498
1677552996518
1677552996539
1677552996558
1677552996579
1677552996598
1677552996619
1677552996638
1677552996659
1677552996679
1677552996699
1677552996719
1677552996740
1677552996759
1677552996779
1677552996799
1677552996819
1677552996839
1677552996859
1677552996879
1677552996899
1677552996919
1677552996939
1677552996959
1677552996979
1677552997000
1677552997019
1677552997039
1677552997059
1677552997079
1677552997099
1677552997119
1677552997139
1677552997159
1677552997179
1677552997199
1677552997219
1677552997239
1677552997259
1677552997279
1677552997327
1677552997327
1677552997339
1677552997359
1677552997379
1677552997398
1677552997419
1677552997438
1677552997463
1677552997478
1677552997499
1677552997519
1677552997539
1677552997559
1677552997579
1677552997599
1677552997619
1677552997639
1677552997659
1677552997679
1677552997699
1677552997719
1677552997739
1677552997759
1677552997779
1677552997799
1677552997819
1677552997839
1677552997859
1677552997879
1677552997899
1677552997919
1677552997939
1677552997959
1677552997979
1677552997999
1677552998019
1677552998039
1677552998060
1677552998079
1677552998099
1677552998119
1677552998138
1677552998159
1677552998179
1677552998199
1677552998219
1677552998241
1677552998259
1677552998279
1677552998299
1677552998319
1677552998339
1677552998358
1677552998380
1677552998399
1677552998419
1677552998439
1677552998459
1677552998479
1677552998500
1677552998519
1677552998539
1677552998559
1677552998579
1677552998599
1677552998619
1677552998639
1677552998659
1677552998678
1677552998699
1677552998719
1677552998740
1677552998759
1677552998779
1677552998799
1677552998819
1677552998839
1677552998859
1677552998878
1677552998899
1677552998918
1677552998939
1677552998959
1677552998979
1677552998999
1677552999019
1677552999039
1677552999059
1677552999079
1677552999099
1677552999120
1677552999138
1677552999159
1677552999179
1677552999199
1677552999219
1677552999238
1677552999260
1677552999279
1677552999299
1677552999319
1677552999340
1677552999359
1677552999380
1677552999399
1677552999419
1677552999438
1677552999459
1677552999479
1677552999499
1677552999519
1677552999539
1677552999559
1677552999579
1677552999599
1677552999619
1677552999639
1677552999659
1677552999679
1677552999699
1677552999719
1677552999739
1677552999759
1677552999779
1677552999799
1677552999819
1677552999839
1677552999859
1677552999879
1677552999899
1677552999919
1677552999938
1677552999958
1677552999979
1677552999999
1677553000019
1677553000039
1677553000059
1677553000079
1677553000099
1677553000119
1677553000139
1677553000159
1677553000179
1677553000199
1677553000219
1677553000239
1677553000259
1677553000279
1677553000299
1677553000319
1677553000339
1677553000359
1677553000379
1677553000399
1677553000419
1677553000439
1677553000459
1677553000479
1677553000499
1677553000519
1677553000539
1677553000559
1677553000579
1677553000599
1677553000619
1677553000639
1677553000659
1677553000680
1677553000700
1677553000719
1677553000739
1677553000759
1677553000780
1677553000799
1677553000819
1677553000838
1677553000859
1677553000881
1677553000899
1677553000919
1677553000939
1677553000959
1677553000979
1677553000999
1677553001019
1677553001038
1677553001059
1677553001079
1677553001099
1677553001119
1677553001139
1677553001159
1677553001179
1677553001199
1677553001219
1677553001239
1677553001259
1677553001279
1677553001299
1677553001319
1677553001339
1677553001359
1677553001379
1677553001399
1677553001419
1677553001439
1677553001459
1677553001479
1677553001499
1677553001519
1677553001539
1677553001559
1677553001579
1677553001598
1677553001619
1677553001638
1677553001659
1677553001695
1677553001698
1677553001718
1677553001739
1677553001759
1677553001779
1677553001799
1677553001819
1677553001839
1677553001859
1677553001879
1677553001899
1677553001919
1677553001939
1677553001959
1677553001979
1677553001999
1677553002019
1677553002039
1677553002059
1677553002079
1677553002099
1677553002119
1677553002139
1677553002159
1677553002179
1677553002199
1677553002219
1677553002240
1677553002259
1677553002279
1677553002299
1677553002319
1677553002339
1677553002359
1677553002379
1677553002399
1677553002419
1677553002439
1677553002459
1677553002479
1677553002501
1677553002519
1677553002539
1677553002559
1677553002579
1677553002599
1677553002619
1677553002639
1677553002659
1677553002679
1677553002699
1677553002719
1677553002739
1677553002760
1677553002778
1677553002798
1677553002819
1677553002839
1677553002859
1677553002879
1677553002899
1677553002919
1677553002939
1677553002959
1677553002979
1677553002999
1677553003020
1677553003039
1677553003059
1677553003078
1677553003099
1677553003119
1677553003139
1677553003158
1677553003179
1677553003199
1677553003219
1677553003239
1677553003259
1677553003279
1677553003299
1677553003319
1677553003339
1677553003359
1677553003379
1677553003399
1677553003420
1677553003439
1677553003459
1677553003479
1677553003499
1677553003519
1677553003539
1677553003560
1677553003579
1677553003599
1677553003619
1677553003639
1677553003659
1677553003679
1677553003699
1677553003719
1677553003739
1677553003759
1677553003779
1677553003799
1677553003820
1677553003839
1677553003859
1677553003879
1677553003900
1677553003919
1677553003939
1677553003959
1677553003979
1677553004000
1677553004019
1677553004039
1677553004059
1677553004079
1677553004099
1677553004119
1677553004139
1677553004159
1677553004179
1677553004199
1677553004219
1677553004239
1677553004262
1677553004278
1677553004299
1677553004319
1677553004340
1677553004358
1677553004379
1677553004399
1677553004419
1677553004439
1677553004459
1677553004479
1677553004499
1677553004519
1677553004539
1677553004559
1677553004579
1677553004599
1677553004619
1677553004639
1677553004659
1677553004679
1677553004699
1677553004719
1677553004739
1677553004759
1677553004779
1677553004799
1677553004819
1677553004839
1677553004859
1677553004879
1677553004899
1677553004919
1677553004939
1677553004959
1677553004979
1677553004999
1677553005019
1677553005040
1677553005059
1677553005078
1677553005099
1677553005119
1677553005139
1677553005159
1677553005179
1677553005199
1677553005219
1677553005239
1677553005259
1677553005279
1677553005299
1677553005319
1677553005339
1677553005359
1677553005379
1677553005398
1677553005418
1677553005438
1677553005459
1677553005479
1677553005499
1677553005519
1677553005539
1677553005559
1677553005579
1677553005599
1677553005619
1677553005639
1677553005660
1677553005679
1677553005699
1677553005718
1677553005739
1677553005759
1677553005779
1677553005799
1677553005819
1677553005839
1677553005859
1677553005880
1677553005899
1677553005920
1677553005939
1677553005958
1677553005979
1677553005999
1677553006019
1677553006038
1677553006058
1677553006079
1677553006099
1677553006119
1677553006139
1677553006159
1677553006180
1677553006199
1677553006219
1677553006239
1677553006259
1677553006279
1677553006299
1677553006319
1677553006342
1677553006359
1677553006379
1677553006399
1677553006419
1677553006440
1677553006459
1677553006479
1677553006499
1677553006519
1677553006539
1677553006559
1677553006579
1677553006598
1677553006619
1677553006639
1677553006659
1677553006679
1677553006699
1677553006719
1677553006739
1677553006759
1677553006779
1677553006799
1677553006819
1677553006839
1677553006859
1677553006879
1677553006899
1677553006919
1677553006939
1677553006961
