1.9090118
2.3567352
2.561432
2.4752502
2.5434723
2.5039825
2.245407
1.9293671
1.8742981
2.032318
2.1903381
2.2046967
1.8359985
1.3020782
1.0961761
1.3439789
1.5606537
1.5917816
1.5786133
1.6971283
1.8084564
1.9664764
2.0550537
2.0143585
1.8778839
1.8982391
1.8766937
1.7749481
1.60495
1.5247498
1.5606537
1.5534668
1.490036
1.4253845
1.4289703
1.5750275
1.692337
1.6791687
1.5786133
1.4840393
1.5271454
1.644455
1.6731873
1.6336823
1.5642548
1.5127716
1.5031891
1.5223541
1.4672852
1.4134216
1.4385529
1.4361572
1.3882751
1.3212433
1.3679199
1.415802
1.4289703
1.4074249
1.3822937
1.4361572
1.4684753
1.4972076
1.4565125
1.4409485
1.5067902
1.5199585
1.5211487
1.5223541
1.4565125
1.439743
1.4170074
1.4038391
1.4229889
1.4014435
1.3619385
1.4217987
1.470871
1.4924164
1.5091858
1.513977
1.4684906
1.490036
1.5606537
1.5953674
1.573822
1.5786133
1.6360779
1.6240997
1.5199585
1.4445343
1.5043945
1.5917816
1.6061554
1.5187683
1.4325714
1.470871
1.5905914
1.6205139
1.6109467
1.6037598
1.5726318
1.4972076
1.474472
1.5450897
1.5750275
1.5319366
1.5163574
1.5678406
1.5762177
1.5618591
1.5319366
1.5307312
1.5355225
1.6073456
1.6360779
1.6061401
1.5810089
1.565445
1.6061401
1.6013641
1.5475006
1.5810089
1.6779785
1.7138824
1.613327
1.470871
1.4672852
1.5953827
1.7126923
1.6815643
1.549881
1.4457397
1.4062347
1.4541168
1.4936218
1.553482
1.6360779
1.7198792
1.747406
1.7174835
1.692337
1.6336823
1.5858002
1.6001587
1.6324768
1.6612091
1.6959229
1.6851501
1.6695862
1.6803741
1.7498016
1.7438202
1.6456451
1.5953674
1.6803741
1.7198792
1.5989685
1.4948273
1.4936218
1.6145325
1.7282562
1.7893066
1.7270508
1.6624146
1.6648102
1.6767731
1.6959229
1.6815643
1.652832
1.6624146
1.7007294
1.7593689
1.7857208
1.7785339
1.7162781
1.6420593
1.6181183
1.6312866
1.7162781
1.7881165
1.7438202
1.668396
1.6636047
1.6671906
1.7055054
1.7509918
1.7857208
1.7521973
1.6432648
1.5678406
1.6157227
1.7498016
1.7857208
1.771347
1.6983185
1.5977631
1.5822144
1.6169281
1.6516418
1.6779785
1.6695862
1.6516418
1.6624146
1.6767731
1.6372681
1.6061554
1.6097412
1.5666504
1.5091858
1.5235443
1.5869904
1.6324921
1.6193085
1.6312866
1.6420593
1.6193237
1.5905762
1.6552277
1.68396
1.6492462
1.5666504
1.608551
1.6959381
1.7174835
1.6911469
1.6576233
1.6420593
1.5379181
1.4708862
1.4852448
1.5522766
1.5953827
1.6636047
1.7067108
1.6516418
1.5989685
1.6097412
1.6037598
1.5774231
1.6181183
1.7055054
1.7007294
1.6540375
1.6743774
1.7533875
1.731842
1.6504364
1.6264954
1.7270508
1.7162781
1.5953674
1.549881
1.6588135
1.8072662
1.7904968
1.6911469
1.624115
1.5762177
1.5462952
1.58461
1.5953674
1.6312866
1.6863556
1.6983185
1.6971283
1.7150879
1.7282562
1.7246552
1.707901
1.6336823
1.6121368
1.6624146
1.68396
1.6648102
1.6779633
1.7282562
1.7055054
1.652832
1.6827698
1.7581787
1.6971283
1.573822
1.5307312
1.6276855
1.7809296
1.7605743
1.6851501
1.668396
1.6205139
1.5642548
1.5666351
1.6276855
1.668396
1.7102966
1.7031097
1.6696014
1.6612091
1.7222748
1.7593842
1.7426147
1.7114868
1.6983185
1.6899414
1.7031097
1.7294464
1.7378235
1.7090912
1.6767731
1.6660004
1.731842
1.7928925
1.7007141
1.5391083
1.5426941
1.7126923
1.8611298
1.84198
1.7366333
1.6731873
1.6540375
1.6480408
1.6815643
1.7186737
1.7617645
1.786911
1.7893066
1.7521973
1.6791687
1.6384735
1.6600189
1.6612244
1.6552277
1.6779785
1.7258606
1.7509918
1.7725525
1.8467712
1.8479614
1.7833252
1.6971283
1.7270508
1.7689514
1.6983185
1.6205139
1.6863556
1.8096466
1.8719025
1.8300018
1.7701569
1.7210693
1.6743774
1.6815643
1.7366333
1.8156433
1.7940979
1.771347
1.7952881
1.8144379
1.7964935
1.7557831
1.7162781
1.6911469
1.6803741
1.7246704
1.7917023
1.8096466
1.7486115
1.7641602
1.7976837
1.7533875
1.7330475
1.8036652
1.8754883
1.7881012
1.6743774
1.6971283
1.8778839
1.9784546
1.9102173
1.8084564
1.7641602
1.7150879
1.6743774
1.6779785
1.7066956
1.7581787
1.7725372
1.7485962
1.7426147
1.7246552
1.731842
1.7342377
1.7402191
1.7150879
1.7749329
1.8012695
1.7797241
1.7378387
1.7306519
1.7402191
1.6672058
1.5917816
1.6480408
1.7126923
1.6636047
1.6037598
1.573822
1.68396
1.8084564
1.818039
1.7773285
1.6899414
1.6408691
1.6648102
1.6911469
1.6875458
1.7043152
1.6827545
1.6791687
1.7102966
1.7390289
1.7258606
1.7725525
1.8755035
1.9461212
1.9987946
2.0167542
1.9832306
1.9377441
1.9557037
1.865921
1.6324768
1.4876404
1.510376
1.6947327
1.8982391
1.980835
1.9006348
1.7904968
1.8539429
2.087387
2.2789154
2.360321
2.3818665
2.3974304
2.4094086
2.363922
2.3926392
2.4668732
2.4692535
2.554245
2.8810577
3.1803436
2.9552765
2.5363007
2.3746796
2.3938446
2.4764404
2.5506592
2.569809
2.343567
1.5223541
0.96928406
1.4481354
1.6408691
1.4409485
0.6819916
-0.17753601
-0.05303955
0.33842468
0.14807129
-0.10810852
0.09062195
0.23068237
0.2223053
0.34799194
0.5886078
0.78852844
0.83880615
0.84239197
0.9202118
1.2003326
1.6061401
1.9245758
2.011963
1.9796448
2.0861816
2.312439
2.4848175
2.2825165
1.8575287
1.8371887
1.7521973
1.3571625
1.0471039
1.0171814
1.1129456
1.4864349
1.7917023
1.6205139
1.1380768
0.8029022
0.7933197
0.90345764
1.0973816
1.3188477
1.4457397
1.628891
1.9892273
2.2932892
2.3423615
2.2669525
2.217865
2.3004608
2.3220215
2.2202606
2.3076477
2.2442017
1.7785339
1.3858795
1.589386
1.079422
0.15167236
-0.1847229
0.058288574
0.47369385
0.8184509
1.0471039
1.3403931
1.7689514
2.0813904
2.1855469
2.130478
1.925766
1.8527527
1.9066162
1.9233856
2.0191498
2.0802002
1.9880219
1.9114075
2.0011902
2.2633514
2.4764404
2.7505798
2.4752502
1.479248
0.7143097
0.36116028
0.49284363
1.0925903
1.4421387
1.2506104
0.86872864
0.62571716
0.65805054
0.98365784
1.3439789
1.5642548
1.6911469
1.8994446
2.0814056
2.2070923
1.9999847
1.6157227
1.4038391
1.3966522
1.3679199
1.2206726
1.0447083
0.83880615
0.91423035
1.2398376
1.7414246
1.9736633
1.565445
1.3786926
1.5067902
1.6205139
1.2362366
0.43537903
-0.15838623
-0.118881226
0.4832611
1.1021729
1.5091858
1.8479614
2.1017456
2.202301
2.3256073
2.4165802
2.2861023
2.0574493
1.8946381
1.9832306
2.1807556
2.2442017
2.4429169
2.6476288
2.427353
1.8719025
1.2721558
0.85676575
0.95492554
1.1596375
1.1021729
1.1117554
0.9597168
0.91781616
1.2745514
1.707901
2.1807556
2.6979065
3.2054749
3.4209595
3.253357
2.8607025
2.4776306
2.2992706
2.2082825
2.0406952
1.9485168
1.9485168
2.008377
2.0299225
1.8695068
1.7845154
1.6887512
1.3882751
1.2757416
1.2194824
1.0482941
0.7945099
0.5622711
0.58621216
1.0686493
1.747406
2.2513885
2.6835327
3.1061096
3.3191986
3.237793
2.980423
2.7050934
2.3172302
1.8946533
1.652832
1.6456604
1.8850708
2.0885773
2.1520233
2.102951
1.7988892
1.7162781
1.8958435
1.8695068
1.7258606
1.5786133
1.5163727
1.5091858
1.5905914
1.5558624
1.4672852
1.4457397
1.3763123
1.9533081
2.3244019
2.2741241
2.2597656
2.2429962
2.169983
2.0957642
2.0287323
1.8826752
1.6767731
1.7797241
1.7007141
1.4756622
1.4289703
1.4361572
1.5032043
1.261383
0.81726074
0.7358551
0.9537201
1.024353
0.5778351
0.13371277
0.18878174
0.6412811
1.1668091
1.5953674
1.8431702
2.028717
2.1484375
2.0215454
2.0131683
1.8958435
1.7904968
1.7330322
1.6648102
1.648056
1.6336823
1.668396
1.8611298
1.8874664
1.5941772
1.0901947
0.59698486
0.5503082
0.7909241
0.80049133
0.48565674
0.1828003
0.113357544
0.31088257
0.65205383
0.94654846
1.1261139
1.257782
1.3631439
1.4732666
1.6264954
1.7450104
1.7498016
1.7378235
1.8156433
1.8946533
1.9976044
1.8312073
1.0483093
0.37313843
0.33840942
0.62213135
0.7250824
0.31806946
-0.05064392
0.0211792
0.4605255
0.91781616
0.8723297
0.46650696
0.26060486
0.40426636
0.87831116
1.411026
1.7366333
2.0490723
2.4955902
2.8559113
2.9229584
2.75177
2.6895294
2.6584015
2.6787415
2.7577515
2.7625427
2.578186
2.3148346
1.707901
1.3008881
0.9680939
0.4964447
0.41741943
1.1117554
1.6803589
1.5989685
1.3224335
1.395462
1.6420593
1.7893066
1.8599396
1.9760437
2.2226562
2.5231323
2.633255
2.4010315
2.02034
2.068222
2.463272
2.609314
2.7924805
2.760147
2.3016663
1.7102966
1.2625732
1.3356018
1.723465
2.2549744
1.8850708
1.103363
0.83880615
0.8950653
0.94415283
0.78852844
0.6376953
0.6496582
1.0578766
1.6025543
2.0251312
2.162796
1.8527527
1.5056
1.5558777
1.8635254
1.8982391
1.6911469
1.668396
1.9987946
2.0765991
1.68396
1.2362366
0.6999512
0.35876465
0.64009094
0.984848
1.0111847
0.8471832
0.8196564
1.0710449
1.2111053
1.094986
1.0746307
1.4325714
1.8683167
2.1616058
2.2370148
2.0933685
2.0921783
2.1460419
2.032318
1.846756
1.7581787
1.7581787
1.7821198
1.7114868
1.1105499
0.57543945
0.7167053
1.5056
1.7378387
0.9453583
0.25941467
0.087020874
0.44496155
0.59698486
0.35638428
0.40545654
0.6951599
0.7945099
0.64367676
0.5622711
0.70832825
1.0985718
1.60495
1.9461212
2.0335236
2.023941
1.94133
1.9006348
1.6300812
1.3415985
1.3535614
1.4038391
1.2063141
1.1967468
1.158432
0.61135864
0.06666565
0.30010986
0.7059326
0.87472534
0.8340149
0.66282654
0.53474426
0.64009094
0.94773865
1.2003326
1.5043945
1.9521027
2.1556244
2.1807556
2.1723785
2.0419006
1.7773285
1.2721558
1.1129456
1.173996
0.94055176
0.48686218
0.47846985
0.9226074
0.5981903
-0.20866394
-0.4085846
-0.133255
-0.015930176
0.051101685
0.24743652
0.5790405
0.9621124
1.1931458
1.2829285
1.2949066
1.221878
1.1296997
1.2649841
1.450531
1.6743774
1.9233856
2.023941
1.6743927
1.3415833
1.5905914
1.8563385
1.6803741
1.2266693
1.1081543
0.97528076
0.624527
0.8507843
0.95492554
0.9489441
0.8807068
0.76698303
0.71910095
0.72268677
0.7346649
1.0961761
1.3607483
1.5774231
1.6420593
1.8766937
2.1903381
2.2513885
1.9185944
1.6492462
1.7809296
1.8359833
1.5570679
1.0866089
0.84480286
0.9094391
1.2829285
0.9788666
0.16603088
-0.17514038
0.26060486
0.69155884
0.53115845
0.14089966
-0.01473999
0.4282074
1.0866089
1.5223541
1.6947327
1.4888306
1.233841
1.2829285
1.431366
1.5199585
1.5977783
1.6336823
1.5953827
1.4936218
1.213501
0.97288513
1.0075989
0.9393616
1.1165314
1.5271454
1.3451843
0.65086365
0.33242798
0.6388855
0.861557
0.89985657
0.81726074
0.7167053
0.8831024
1.3116608
1.707901
1.8395844
1.7498016
1.7749481
1.9628906
2.09935
2.2358246
2.3663025
2.2214508
1.7833252
1.3763123
1.2410278
1.450531
1.7019196
1.7414246
1.5510712
1.1835785
0.54670715
-0.4947815
-0.9101715
-0.5785675
0.041534424
0.49882507
0.8340149
1.2470245
1.5929718
1.9425354
2.2477875
2.2286377
1.7067108
1.2937012
1.5019989
1.9676666
2.193924
2.2430115
2.1221008
1.8994293
1.8623352
1.8312073
1.5522766
1.4541168
1.5774231
1.668396
1.6695862
1.6731873
1.3834839
1.0818176
1.0447083
0.980072
0.8256378
0.94415283
1.1069641
1.197937
1.2649689
1.3978577
1.6755829
1.9209747
1.7689514
1.400238
1.3344116
1.7498016
2.1771698
2.1400452
1.9317627
2.075409
2.2453918
2.0742188
1.5762177
1.4289856
1.608551
1.7007141
1.355957
0.77656555
0.06906128
-0.7162323
-0.70066833
-0.15000916
-0.01473999
-0.47203064
-0.9939575
-0.6001129
0.5598755
1.1165314
0.36116028
-0.2577362
0.29771423
1.0183716
1.2697601
0.8842926
0.44256592
0.3420105
0.7167053
1.2625732
1.8599243
1.818039
1.0315399
0.6556549
1.2589874
1.4589081
0.70114136
-0.087753296
-0.12008667
0.25820923
0.15048218
-0.22302246
-0.40737915
-0.17874146
0.13012695
0.27497864
0.1468811
-0.12606812
-0.13323975
-0.3283844
0.08103943
0.7969055
1.182373
1.024353
0.88908386
1.134491
1.7438202
1.8395844
1.4852448
1.253006
1.213501
1.5486908
1.9616852
2.1592102
1.9976044
1.8934479
1.8096466
2.0215454
2.3782806
2.1208954
1.1943359
0.68437195
0.9237976
1.2015381
1.3200378
1.1141357
0.62571716
0.29293823
0.36714172
0.6173401
0.7370453
0.7562103
0.8471832
1.1249084
1.5139618
1.8671112
2.059845
2.1352692
2.0646362
1.9808502
2.0023956
2.1173096
2.2250519
2.289688
2.3004608
2.2681427
2.126892
1.6169281
1.1656189
0.94296265
1.2817383
1.8491516
2.2956848
2.5805817
2.5877686
2.3256073
1.9317627
1.7569733
1.7521973
1.692337
1.7210693
1.8731079
1.9568939
1.976059
2.0490723
2.1604004
2.1424408
1.9030304
1.5869904
1.4804535
1.6109467
1.5618591
1.3511658
1.1644135
1.1668091
1.4600983
1.7833252
2.0107727
1.8647156
1.3906708
0.83161926
0.3635559
0.20074463
0.39707947
0.76698303
1.1249084
1.42659
1.5175629
1.5079803
1.411026
1.3595428
1.569046
2.0227356
2.4046173
2.6476288
2.9038086
3.233017
3.320404
2.9995728
2.5362854
2.1221008
1.7150879
1.558258
1.4792633
1.5211487
1.4840393
1.3427887
1.3763123
1.3691254
1.2098999
1.0482941
1.2170868
1.6540375
1.9185944
1.7857208
1.4624939
1.3499756
1.5558624
1.6899414
1.5438995
1.3308105
1.4373627
1.6097412
1.6935272
1.6995239
1.8300018
1.9916077
1.886261
1.6504364
1.5510864
1.4385529
1.3236389
1.2948914
1.4864349
1.4636993
1.1093597
0.8040924
0.7370453
1.0052032
1.3020935
1.1871643
0.8651428
0.7286682
0.9561157
1.3463745
1.534317
1.4433441
1.1811829
1.1644135
1.513977
1.925766
2.281311
2.4141846
2.269333
2.1101227
2.1328735
2.1532288
2.0921783
1.9832306
1.905426
1.9066162
1.8994293
1.5199585
1.5223541
1.6899414
1.6396637
1.5642548
1.7641602
2.0215454
1.7653656
1.2817383
1.2470093
1.6432495
1.8431702
1.5881958
1.4229889
1.5762177
1.9772491
2.2693481
2.1915283
2.0610504
1.8838654
1.7557831
1.692337
1.6300964
1.4517212
1.2182922
1.0877991
1.1476593
1.4577026
1.8000793
2.0550537
1.9042206
1.52594
1.2541962
1.2949066
1.5905914
1.7833252
1.6492462
1.3116608
1.308075
1.6612244
1.8958435
1.9389496
1.9341583
1.94133
2.047882
2.3267975
2.6260834
2.7050934
2.475235
2.186737
2.1496277
2.1975098
2.1113281
1.8707123
1.9078217
2.035904
1.6013641
1.1464539
1.2470093
1.2087097
1.1296997
1.3056793
1.5965729
1.6767731
1.455307
1.253006
1.2386475
1.2960968
1.3092651
1.233841
1.1548462
1.3176422
1.5642395
1.9281616
2.2250519
2.0885773
1.8204346
1.6588135
1.7414246
1.8766937
1.8539581
1.7761383
1.6336823
1.4313812
1.5008087
1.747406
1.7797241
1.5008087
1.0925903
0.9249878
1.2973022
1.7342377
2.0718231
2.114914
1.9317627
1.6755829
1.5056
1.4277802
1.4014435
1.4972076
1.6217041
1.7126923
1.7988739
1.9150085
1.9042206
1.7102966
1.4852448
1.4241791
1.5666351
1.6731873
1.5750275
1.6037445
1.5055847
1.6815643
1.9712677
1.7593689
1.4565125
1.4768524
1.7498016
1.8910675
1.5929718
1.332016
1.4696808
1.8012695
1.9389496
1.7976837
1.5391083
1.5151672
1.6707916
1.7761383
1.8850708
1.8946533
1.7737427
1.6899414
1.7940979
1.9557037
2.0694275
2.0502777
2.0538635
1.8683167
1.7126923
1.628891
1.3427887
0.92619324
0.8232422
0.98365784
1.0279541
1.0686493
1.3535614
1.2554016
0.6891632
0.3743286
0.50361633
0.8519745
0.9824524
1.0387268
1.439743
2.1137238
2.509964
2.4956055
2.3651123
2.281311
2.3064575
2.1987152
1.8539429
1.7222595
1.6767731
1.5031891
1.2051239
1.0890045
1.0423126
1.0147858
1.182373
1.1811829
1.0458984
1.158432
1.4696808
1.5810089
1.6181183
1.6097412
1.5594635
1.4696808
1.5546722
1.8707123
1.9592896
1.8048706
1.5618591
1.5570679
1.692337
1.6947327
1.6109314
1.4421387
1.3284149
1.221878
1.0937958
1.1165314
1.2901154
1.6695862
1.4924316
0.6017761
-0.05543518
0.031951904
0.7466278
1.411026
1.5953827
1.4589081
1.4146118
1.5858002
1.7821198
1.7509918
1.5953674
1.5199585
1.5199585
1.6408691
1.822815
2.0382996
1.9557037
1.5786133
1.6396637
2.2190704
2.8750763
3.0247192
2.3339844
1.1847687
0.49882507
0.74064636
1.2518005
1.0806122
0.67601013
0.8926697
1.4972076
2.1161194
2.6428375
2.3459473
1.6492462
1.1716003
1.063858
1.1536407
1.2865295
1.2338562
1.221878
1.4062347
1.6576233
1.8096466
1.8144379
1.9353485
2.0538635
1.8982391
1.8228302
1.9149933
1.7581787
1.1093445
0.50601196
0.5443268
1.1716003
1.8874664
1.8647156
1.2170868
0.41862488
0.12773132
0.2953186
0.6963501
0.8447876
0.71191406
0.6927643
0.921402
1.1404724
1.1081543
0.9249878
0.7538147
0.72987366
0.8926697
1.142868
1.4529266
1.6588287
1.6360779
1.5032043
1.2494049
1.5091858
2.5626373
2.5997467
1.4481354
0.6233368
0.010406494
0.33721924
0.624527
0.38989258
0.12654114
0.17440796
0.46411133
0.78852844
0.6316986
0.687973
0.9968262
1.3415833
1.3392029
1.0997772
0.8759155
0.81007385
1.0267487
1.1859589
1.1296997
1.1332855
1.2781525
1.4277802
1.4589081
1.5594635
1.7725372
1.8647308
1.8587341
1.9413452
1.9628906
1.573822
0.7454376
0.11695862
0.18159485
0.4437561
0.27856445
-0.3726654
-0.6180725
-0.0027618408
0.450943
0.1133728
-0.78926086
-1.2465515
-0.8862152
0.015197754
0.7645874
1.1991425
1.2793427
1.1320953
1.1919556
1.4936218
1.6348724
1.4852448
1.2111053
1.0758362
1.2015381
1.2386322
1.1320953
0.80648804
0.39349365
0.2546234
0.5119934
0.45812988
0.2665863
0.6053772
1.1644135
1.316452
0.78134155
0.21032715
0.01878357
0.17440796
0.49404907
0.83999634
1.1356964
1.4026337
1.6408691
1.6887512
1.5726318
1.3667297
1.1333008
0.9094391
1.0830078
1.6612091
1.9521179
1.5594635
0.9908447
1.0686493
1.4397583
1.534317
1.0602722
0.13252258
-0.52949524
-0.07218933
0.7107239
0.86154175
0.68318176
0.6963501
1.0518951
1.4732666
1.7366333
1.707901
1.4457397
1.2649689
1.4325714
1.8671112
2.0802002
2.0718231
1.9305573
1.8850708
1.8144531
1.7641602
1.8012695
1.897049
1.7917023
1.5355225
1.2625732
1.0830231
1.1177216
1.1440735
0.9716797
0.5335388
0.25222778
0.41622925
0.7214966
0.9022522
0.8519745
0.8627472
1.0746307
1.3571472
1.5774231
1.6803589
1.7366333
1.8096619
1.7366333
1.7019196
1.624115
1.1763916
0.687973
0.703537
1.0734406
1.5367126
2.0107727
1.723465
0.72387695
-0.23260498
-0.6791229
-0.34872437
0.490448
1.2889099
1.8407745
2.126892
2.1616058
1.9269714
1.6085358
1.4924164
1.573822
1.7593842
1.9904175
2.1484375
2.059845
1.8635254
1.7210693
1.723465
1.7952881
1.5953827
1.4062347
1.0746307
0.14927673
-0.7186279
-0.5821533
0.22947693
0.624527
0.664032
0.68078613
0.84480286
1.0734406
1.2350464
1.4062347
1.5019989
1.5462952
1.771347
2.0706177
2.2537842
2.344757
2.4345398
2.5315094
2.541092
2.304062
1.786911
1.4421539
1.3140564
1.1141357
0.77415466
-0.078186035
-0.7174225
-0.54862976
0.35159302
1.0255585
1.1249084
1.0674591
1.1225128
1.2625732
1.4385529
1.5427094
1.3415985
1.1368866
1.182373
1.4421539
1.3583527
1.2745514
1.5618591
1.8790894
1.9557037
1.5043945
0.78733826
-0.051849365
0.063079834
0.8759155
0.9716797
-0.13923645
-0.9209442
0.09301758
1.3739014
1.5462952
0.48686218
-0.68870544
-0.53666687
0.50361633
1.1931458
1.0111847
0.4832611
0.56347656
1.0734406
1.1392822
0.50361633
0.14208984
0.18518066
0.9824524
1.6097412
1.0566864
0.9776764
1.1572266
0.6592407
-0.15000916
-0.37625122
-0.24577332
0.15885925
0.5981903
0.73706055
0.6819763
0.71191406
0.9908447
1.2111053
1.3332062
1.352356
1.233841
1.253006
1.4852448
1.6600189
1.7821198
1.8443756
1.8719025
1.8635254
1.7462006
1.6803741
1.7881012
1.8527527
1.7761383
1.4660797
0.9429474
0.9166107
1.42659
1.7533875
1.6097412
1.4720764
1.6803741
2.0011902
2.0371094
1.7186737
1.4158173
1.2865143
1.360733
1.4074249
1.3427887
1.1512451
1.1309052
1.3152466
1.4421539
1.3344116
1.1572418
1.118927
1.3308105
1.5977631
1.3511658
0.61135864
0.19715881
0.42700195
1.0674438
1.7701569
1.5714264
0.66282654
0.17321777
0.47727966
0.94773865
1.2470093
0.9525299
0.4677124
0.30010986
0.5526886
0.8435974
0.921402
1.0542908
1.3415833
1.4960175
1.3894806
1.2745514
1.2278595
1.1704102
1.1081543
1.1009674
1.0626678
0.97288513
0.7346649
0.48446655
0.0032196045
-0.29844666
0.13252258
0.6388855
1.000412
1.2458191
1.34758
1.1644135
0.9597168
0.8759155
0.83999634
0.8232422
0.7154999
0.6676178
0.89985657
1.1775818
1.3499603
1.1488495
0.8196564
0.6101532
0.33242798
-0.21464539
-0.44210815
-0.26971436
0.08583069
0.4282074
0.45932007
0.35636902
0.49284363
0.57543945
0.16363525
-0.41575623
-0.62286377
-0.18592834
0.3204651
0.6281128
0.5670624
0.45812988
0.39108276
0.21032715
0.08103943
0.22470093
0.48805237
0.78015137
1.1225281
1.332016
1.3248291
1.1931458
1.0363312
0.8591614
0.71910095
0.75260925
0.8016968
0.6867676
0.41862488
0.0499115
0.04272461
0.23545837
0.35038757
0.4724884
0.6867676
1.0566711
1.411026
1.2506104
0.8878784
0.6424866
0.51678467
0.56466675
0.7550049
0.9597168
0.98005676
0.89985657
0.9956207
1.2039185
1.237442
0.94773865
0.5095978
-0.03149414
-0.37625122
-0.025512695
0.5514984
0.7574005
0.5874176
0.3527832
0.22947693
-0.027908325
-0.5318756
-0.56181335
0.01399231
0.49882507
0.569458
0.41622925
0.24264526
0.17919922
0.24743652
0.4677124
0.6556549
0.7645874
0.9621124
1.1512451
1.3248291
1.3679199
1.1967316
0.8483887
0.5838318
0.48565674
0.36595154
0.31567383
0.490448
0.79571533
0.79930115
0.450943
0.33602905
0.40426636
0.29652405
0.4222107
0.79930115
1.182373
1.4373474
1.1751862
0.7562103
0.67601013
0.8543701
0.93218994
0.80529785
0.7621918
0.88908386
1.182373
1.450531
1.534317
1.431366
1.2913055
1.1787872
0.9513397
0.4210205
0.07745361
0.2270813
0.648468
1.0758362
1.1775818
1.1045685
0.94055176
0.42939758
-0.104522705
-0.05303955
0.52516174
1.0854034
1.4074249
1.2482147
0.83880615
0.48088074
0.4617157
0.67240906
0.79571533
0.8232422
0.88549805
1.0435181
1.3655243
1.7737427
1.9317627
1.7390289
1.4732666
1.3403931
1.4481354
1.5522766
1.4098206
1.1680145
0.86872864
0.61016846
0.6951599
1.1117401
1.2518005
1.0530853
0.7131195
0.5730438
0.83161926
1.2709656
1.5379181
1.613327
1.707901
1.6420593
1.4577026
1.3296204
1.3415833
1.4481354
1.6935272
1.9784393
1.9090118
1.6360779
1.5618591
1.7055054
1.8671112
1.7174835
1.371521
1.276947
1.5391083
1.7581787
1.5977783
1.4038391
1.1859741
1.1596222
1.1368866
0.8232422
0.6197357
0.74783325
0.9561157
1.142868
1.2039185
1.142868
0.97766113
0.9908447
1.221878
1.4972076
1.5977631
1.6696014
1.9066162
2.1400604
2.193924
1.9221802
1.4589081
1.1404724
1.2422333
1.6324768
1.7701569
1.6037598
1.3691254
1.2146912
1.0482941
0.9321747
0.94415283
1.4194031
2.0179596
2.5123596
2.585373
2.1292877
1.7007294
1.4600983
1.4996033
1.573822
1.4840393
1.4445343
1.4026337
1.3655243
1.4624939
1.5283356
1.4660797
1.3595428
1.1763916
0.9537201
0.76937866
0.61135864
0.6987457
1.0518951
1.3463745
1.5115814
1.6372681
1.8515625
1.9401398
1.3679199
0.70832825
0.51797485
0.71191406
0.8543701
0.75860596
0.664032
0.7286682
0.91900635
1.1129456
1.2278595
1.4122162
1.7186737
1.9580994
2.0059814
2.0131683
2.0562592
1.9389496
1.6097412
1.2554016
0.9489441
0.82922363
0.8232422
0.6963501
0.51319885
0.71910095
1.3272247
1.7007141
1.7414246
1.6707916
1.6348877
1.5642548
1.391861
1.1285095
1.0686493
1.1500549
1.1811829
1.1309052
1.1045685
1.3894806
1.6875458
1.7725525
1.7414246
1.8635254
2.023941
2.1017456
2.1280823
2.1843414
1.84198
1.6719971
1.9604797
1.9090118
1.7174683
1.7593842
1.549881
1.2230835
0.9896393
0.7729645
0.5048218
0.53474426
0.69395447
1.1081543
1.5008087
1.6420593
1.7557831
2.0335083
2.0670319
1.9305573
1.7653656
1.7881012
1.9772491
2.0658417
2.1735687
2.4010162
2.602127
2.5434723
2.5279083
2.6931152
2.878662
2.9433136
2.8595123
2.9085846
3.0726013
2.7852936
2.2370148
1.9856262
2.0299225
1.8766937
1.5247498
1.3751068
1.6121368
2.0550537
2.407013
2.391449
2.1891327
2.0382996
2.147232
2.289688
2.3339844
2.304062
2.1460419
2.023941
2.0251312
2.0035858
1.9329529
1.9233856
1.9305573
1.857544
1.9389496
2.1915283
2.2992706
2.2848969
2.4105988
2.5075684
2.557846
2.269333
1.6588135
1.118927
0.79571533
0.901062
1.0447083
1.213501
1.4265747
1.4996033
1.5235443
1.5379181
1.5822144
1.5786133
1.6420593
1.8455658
2.0526733
2.186737
1.9928131
2.1460419
2.4333496
2.5590363
2.6751556
2.6990967
2.4489136
2.2465973
2.3974304
2.9792175
3.2713165
2.870285
2.2537842
1.8647308
1.7066956
1.4421387
1.0925903
1.0710449
1.5965729
2.087387
2.2154694
1.980835
1.6240997
1.4517212
1.4696808
1.6181183
1.8671112
2.2202606
2.5913544
2.7565613
2.6320648
2.3938446
2.2597656
2.233429
2.1340637
1.9999847
1.9784393
2.0179443
1.8826752
1.573822
1.2853241
1.103363
1.0123901
0.743042
0.55389404
0.46290588
0.61494446
0.90823364
1.0937958
0.8986664
0.53474426
0.28575134
0.31088257
0.55270386
1.0291443
1.3870697
1.5438995
1.8946533
2.1412506
2.1807556
1.8934479
1.6636047
1.6240997
1.6456451
1.6935425
1.6193085
1.6372681
1.8838806
2.1173096
2.229828
2.1197052
1.9114075
1.5869904
0.98605347
0.2546234
0.38749695
0.8543701
1.0614624
0.8902893
0.70233154
0.67240906
0.92500305
1.3415833
1.7988892
1.9796448
1.8838806
1.8156433
1.8347931
1.9257812
1.9868164
2.013153
2.0861816
2.265747
2.4022217
2.288498
1.8347931
1.3966522
1.3008881
1.5630493
1.3595428
0.75860596
0.43060303
0.79930115
1.3751068
1.6672058
1.4589081
1.142868
1.0075989
1.2877197
1.802475
2.0969543
2.1735687
2.233429
2.2250519
2.0885773
2.013153
1.980835
1.9006348
1.9185944
2.1089325
2.430954
2.7146606
2.8846436
2.9947815
2.9528809
2.8092346
2.6548004
2.3818665
2.1280823
1.8395844
1.7438049
1.897049
2.0131683
1.9341583
1.6504364
1.4253845
1.371521
1.4864349
1.7557831
2.0658417
2.4225616
2.7386017
2.8882446
2.9145813
2.8044434
2.6392517
2.6356506
2.5985413
2.5961456
2.4955902
2.375885
2.3722992
2.5219269
2.7350159
2.8810577
2.7110748
2.0538635
1.5486908
1.1871643
1.2960968
1.529541
1.5115814
1.3906708
1.3930664
1.6181183
1.976059
2.2705383
2.4896088
2.5231323
2.4333496
2.281311
2.264557
2.3064423
2.423767
2.1424408
1.944931
2.2980804
2.7505798
2.885849
2.8487396
2.8559265
2.7242432
2.7242432
2.6979065
2.4584808
1.8790894
1.2577972
0.78492737
1.0219574
1.6205139
2.004776
1.8755035
1.518753
1.3176422
1.5750275
2.0658264
2.4297485
2.3950348
2.304062
2.4764404
2.6500244
2.6751556
2.5111542
2.2478027
1.9688721
1.9712677
2.1125183
2.0634308
1.9090118
2.0263214
2.0981598
1.960495
1.5450897
0.8627472
0.70114136
1.2565918
1.8407745
1.8359985
1.2721558
0.9429474
0.901062
1.2733612
1.6300964
1.7342377
1.6863556
1.5786133
1.5630493
1.7390289
2.0179443
2.1568146
2.1137238
2.0586548
2.1436462
2.2322388
2.248993
2.3184204
2.391449
2.1508331
1.4146118
0.6987457
0.26539612
0.01159668
0.18159485
0.6855774
0.9034424
0.8148651
0.60775757
0.6137543
0.85795593
1.0961914
1.1799774
1.0099945
0.8627472
1.1057587
1.589386
1.8647308
1.7533875
1.4900208
1.3894806
1.3906708
1.4768677
1.6504364
1.8455658
1.7605743
1.3822937
0.93577576
-0.039871216
-0.96403503
-0.87664795
0.065475464
0.33961487
0.048706055
0.17442322
0.70233154
1.1835632
1.3834839
1.3751068
1.355957
1.494812
1.6360779
1.6121368
1.510376
1.3858795
1.434967
1.7102966
2.0897827
2.3926392
2.578186
2.4524994
2.3974304
2.4596863
2.2166748
1.747406
1.3188477
1.0111847
1.2075043
1.7126923
2.0574646
1.7162781
1.2254639
1.1835785
1.4613037
1.7725525
2.0622406
2.197525
2.114914
2.0406952
2.1807556
2.4249725
2.6320648
2.633255
2.4333496
2.205902
2.1951294
2.3256073
2.3256073
2.3148346
2.0023804
1.2757568
0.84599304
0.41383362
0.17800903
0.43537903
0.7945099
0.8052826
0.47369385
0.39108276
0.8040924
1.3882751
1.8036652
1.9138031
1.9461212
1.9281769
1.8240204
1.7857208
1.9233856
2.0107727
2.0
2.039505
2.2082977
2.4764404
2.3938446
2.0765991
2.011963
2.2789154
2.3339844
2.250183
1.944931
1.7725372
1.5355225
1.2098999
1.1380768
1.237442
1.553482
1.7904968
1.8766937
2.046692
2.284912
2.4884186
2.5877686
2.6907196
2.760147
2.7481842
2.6380463
2.5710144
2.5410767
2.3160248
2.0957642
2.166397
2.391449
2.3088531
1.925766
1.9401398
1.92099
1.6504364
0.89746094
0.20793152
0.002029419
0.6604309
1.3834839
1.5762177
1.332016
0.89027405
0.5790405
0.6580353
1.2745514
1.9185944
2.2286377
2.2549744
2.0957642
1.8479614
1.7246552
1.7330475
1.6983185
1.6121368
1.6719971
1.8276062
1.8515472
1.9784546
2.1975098
2.2777252
2.312439
1.9078217
1.5462952
1.2996826
0.94296265
0.61854553
0.41264343
0.3491974
0.42939758
0.63290405
0.98605347
1.3044739
1.5008087
1.4636841
1.2853241
1.2063141
1.1883545
1.1907501
1.2015381
1.0914001
0.8016968
0.7610016
1.000412
1.0471039
0.6700134
0.41383362
0.6281128
1.0530853
0.70951843
-0.0051574707
-0.5306854
-0.36787415
0.17082214
0.6712036
0.77775574
0.61854553
0.57424927
0.82684326
1.1811829
1.5929718
1.9401398
1.9281616
1.6576233
1.3966522
1.3583527
1.5307312
1.6205139
1.52594
1.2949066
1.0662537
1.0087891
1.308075
1.4289856
1.4217987
1.4337616
1.1476593
0.74783325
0.5946045
0.5263672
0.39587402
0.36236572
0.490448
0.75141907
1.0758362
1.3631439
1.5606537
1.7893066
2.0466766
2.138855
1.9796448
1.7533875
1.6600189
1.8144531
1.9748535
1.9533081
1.5618591
1.1991425
1.0913849
1.3308105
1.5834045
1.7390289
1.6300964
1.0530853
0.27018738
-0.46484375
-0.6444092
-0.26252747
-0.0051574707
0.25701904
0.77415466
1.5929871
2.2669525
2.6524048
2.8092346
2.8116302
2.746994
2.6392517
2.407013
2.3148346
2.329193
2.4524994
2.7182617
2.9911957
2.972046
2.6105194
2.3375702
2.1508331
2.008377
1.7653656
1.5151672
1.3344116
0.9956207
0.8651428
0.8759155
0.7346649
0.74064636
0.822052
0.7262726
0.70233154
0.98005676
1.4768677
1.8395844
2.0526733
2.193924
2.2801056
2.193924
2.0670319
2.0251312
2.0347137
2.0418854
1.9999847
1.8228302
1.6300964
1.608551
1.7306366
1.8707123
2.0143585
1.5115814
0.703537
0.38749695
0.80288696
1.0303497
1.0375214
1.063858
1.2494202
1.5582733
1.925766
2.3267975
2.533905
2.5350952
2.580597
2.7014923
2.6703644
2.538681
2.4872131
2.5554504
2.7625427
2.8894348
2.8415527
2.7122803
2.6595917
2.5123596
2.4261627
2.360321
2.114914
1.8000793
1.7138977
1.7462158
1.534317
1.316452
1.3846893
1.3403931
1.3966522
1.5211487
1.7821198
2.2011108
2.565033
2.679947
2.4872131
2.4321442
2.4596863
2.2920837
2.083786
2.2118835
2.6033325
2.9002075
2.7793121
2.5363007
2.3112488
1.9832306
1.4792633
0.8435974
0.25941467
0.053497314
0.41383362
0.8555603
1.0375214
0.88908386
0.7250824
0.9393616
1.3631439
1.8132477
2.264557
2.4944
2.4441223
2.446518
2.8176117
3.2485657
3.2713165
2.5901642
1.6743774
1.0435028
0.83761597
1.0686493
1.4840393
1.5821991
1.3379974
1.3152618
1.6540375
1.7533875
1.731842
1.5067902
0.94415283
0.8184509
0.945343
0.95492554
0.9740753
1.1177368
1.3918762
1.8994293
2.557846
2.9995728
2.9289398
2.4345398
1.92099
1.4864349
1.2793427
1.439743
1.6803589
1.7354279
1.5714264
1.5319214
1.7186737
2.2118835
2.5075684
1.8216248
0.45573425
-0.23739624
-0.19070435
0.22828674
0.6137543
0.9142151
1.3978577
1.9173889
2.126892
2.1280823
2.1208954
2.1831512
2.33638
2.466858
2.5674286
2.6823425
2.683548
2.5363007
2.233429
1.9796448
1.9317627
2.2070923
2.3399658
2.1568146
2.154419
2.1795654
1.9125977
1.5199585
0.9525299
0.5946045
0.77775574
0.78134155
0.5658722
0.7250824
1.2853241
1.7306366
2.0694275
2.2861023
2.2825165
2.1017456
1.9940033
1.8599396
1.5834045
1.3751068
1.4816437
1.8132477
1.8132477
1.4325714
1.1057587
1.0411224
1.4780579
1.6815643
0.9190216
0.19596863
-0.12007141
0.110961914
0.35636902
0.47727966
0.72029114
1.1787872
1.9233704
2.466858
2.549469
2.2908936
1.9880219
1.984436
2.1903381
2.1843567
1.8144531
1.5510864
1.7306519
1.9509125
1.8838806
1.9161987
2.2046967
2.09935
1.5917816
1.3583527
1.4972076
1.6312866
1.4613037
0.9740753
0.62931824
0.6305084
0.61854553
0.7729645
1.0842133
1.4074249
1.9413452
2.5135498
2.9588623
3.2114563
3.1456146
2.7505798
2.3399658
1.960495
1.5642548
1.2937012
1.0052032
0.76698303
0.8040924
1.0088043
1.3798981
1.2637787
0.7633972
0.27018738
0.22470093
0.9094391
1.3918762
1.2877197
1.0471039
1.2051239
1.7306519
2.0143585
2.1113281
2.2370148
2.3950348
2.3315887
2.1604004
1.901825
1.7821198
1.8192291
1.9724579
1.9497223
1.8144379
1.8934479
2.2322235
2.3866577
2.3076477
2.2142792
2.0107574
1.7821198
1.2506104
0.41981506
0.45213318
0.5179901
0.23786926
0.5000305
1.292511
2.0658264
2.6416473
2.9121857
2.9780273
2.9971771
2.9995728
2.8259888
2.3734894
2.0227356
2.2011108
2.4884033
2.2956696
1.7940826
1.6061401
1.4864349
1.5822144
1.4720764
0.9202118
0.5550995
0.71191406
1.1716003
1.450531
1.4600983
1.4972076
1.6648102
1.8515472
2.1436462
2.4572906
2.712265
2.7613525
2.6823425
2.736206
2.8164215
2.549469
2.343567
2.4249725
2.5446777
2.5901642
2.6356506
2.798462
2.6907196
2.6045227
2.5434723
2.351944
2.1101227
1.8946533
1.545105
1.4409485
1.7773285
1.7689514
1.4756622
1.4888306
2.0897827
2.7685394
3.1396332
3.256958
3.2593384
3.1767426
3.0247192
2.8714905
2.8128357
2.8451538
2.6500244
2.288498
2.1113281
2.3686981
2.8678894
3.3455353
3.4544678
2.7374115
1.7270508
1.1237183
1.2194824
1.6827545
1.8000793
1.6660004
1.6516418
1.8671112
2.33638
2.7541656
3.0259094
3.1324615
2.9995728
2.9121857
2.7876892
2.696701
2.712265
2.8367615
3.174347
3.426941
3.3610992
3.1144867
3.1528015
3.1360474
2.9062042
2.657196
2.320816
1.7988739
1.6277008
1.7138824
1.5594635
1.434967
1.2003326
1.1703949
1.52594
1.9066162
2.3782806
2.7816925
3.06781
3.24617
3.3335571
3.1132965
2.9971771
3.052246
2.8966217
2.6500244
2.6619873
2.9995728
3.0426788
2.6751556
2.2561798
2.181961
2.308838
2.008377
1.4325714
0.9669037
0.7657776
0.69395447
0.92500305
1.1620331
1.0878143
1.1656189
1.3308105
1.9030304
2.4441223
2.7206573
2.736206
2.4920044
2.023941
1.7677612
2.083786
2.5949554
2.770935
2.5243225
2.1208954
1.9473267
2.171173
2.2034912
1.8994293
1.292511
0.67840576
0.15046692
-0.16078186
-0.03388977
0.3887024
0.7059326
0.7562103
0.743042
0.9118347
1.4098206
2.1376648
2.4572906
2.4955902
2.4010315
2.1604156
1.9688721
1.8683167
1.9856262
1.8479614
1.4445343
1.2170868
1.5606537
2.210678
2.6081238
2.2753296
1.4589081
0.980072
1.2889099
1.8455658
2.0347137
1.8084564
1.3188477
1.1309052
1.3906708
1.7294464
1.802475
1.5175629
1.2123108
1.2170868
1.4589081
1.6492462
1.6372833
1.5283356
1.5163574
1.5941772
1.9712677
2.3746948
2.1592102
1.6803741
1.5750275
2.265747
3.0893555
3.6819153
3.467636
2.0011902
2.2717438
2.6141052
2.2992706
2.245407
2.399826
2.344757
2.446518
2.6464233
2.5590363
2.1221008
1.7222595
1.6660004
1.810852
1.9557037
2.1951141
2.3710938
2.2669525
2.1280823
2.0742188
2.1041412
2.1891327
2.09935
2.0718231
2.248993
2.3375854
2.1999054
2.0730133
1.9497223
1.9161987
2.0742188
2.2597656
2.25737
2.1903381
2.1795654
2.217865
2.2430115
2.2082825
2.1759644
2.1855469
2.1520233
2.1460419
2.1041412
2.1651917
2.2956848
2.250183
2.0957642
1.944931
1.7893066
1.7665558
1.9078217
2.0885773
2.0957642
2.0227356
1.9748535
2.011963
2.1089325
2.138855
2.1161041
2.1568146
2.1208954
2.1041412
2.1244965
2.107727
2.1460419
2.1843567
2.0227356
1.7126923
1.5606537
1.6169128
1.8491669
2.0454865
2.0371094
1.8395844
1.731842
1.7917023
1.9138031
1.9712677
1.9676819
1.9329529
1.8790894
1.8000793
1.7653656
1.7881165
1.9090118
1.9533081
1.9760437
1.9880219
1.9700623
1.8695068
1.7677612
1.7067108
1.5858002
1.529541
1.6851654
1.8551483
2.0227356
2.1532288
2.2394104
2.264557
2.209488
2.1747742
2.1436462
2.1484375
2.083786
1.9461212
1.7761383
1.6743927
1.692337
1.8204346
1.9138031
1.9736633
1.9676666
1.9389496
1.9832306
2.0706177
2.1340637
2.1376648
2.1221008
2.0430908
1.9341583
1.8000793
1.7450104
1.8120575
1.9090118
1.905426
1.7545929
1.7402191
1.9401398
2.0766144
1.9904175
1.8288116
1.7294464
1.6660004
1.7162781
1.818039
1.8336029
1.8359833
1.9030304
1.9892273
2.052658
2.0107727
1.92099
1.8084564
1.7091064
1.6552277
1.6899414
1.7438202
1.8000793
1.8491516
1.8910522
1.9090118
1.7821198
1.7557831
1.9006348
2.0287323
1.9485168
1.7438202
1.6181183
1.68396
1.731842
1.723465
1.7294464
1.7785339
1.7055054
1.5714264
1.5510864
1.6145325
1.6372681
1.5881958
1.5941772
1.6767731
1.7785339
1.7725525
1.7749329
1.8383789
1.8731079
1.8742981
1.7330475
1.6025543
1.731842
1.8790894
1.8695068
1.7893066
1.7976837
1.818039
1.7701569
1.7114868
1.6935272
1.7378387
1.8276062
1.881485
1.8563385
1.8000793
1.7701569
1.7485962
1.7174683
1.7366333
1.7366333
1.7102966
1.7174835
1.7605743
1.8204346
1.8443756
1.7533875
1.68396
1.747406
1.8611298
1.8515625
1.7976837
1.7426147
1.6827545
1.6600189
1.6959381
1.7833252
1.8731079
1.901825
1.8695068
1.8527527
1.8048706
1.7653656
1.7342377
1.7246552
1.7569733
1.7976837
1.7881165
1.7701569
1.8479614
1.9521179
1.8695068
1.7258606
1.7617798
1.9305573
2.0035858
1.857544
1.9425354
1.8216248
1.6480408
1.6408691
1.7533875
1.8431702
1.8790894
1.8850708
1.8826752
1.8707123
1.8467712
1.7893066
1.7761383
1.7737427
1.7893066
1.8168335
1.786911
1.8623352
1.9185944
1.9425354
1.7797241
1.6372833
1.8084564
2.0861816
2.0981598
1.8790894
1.723465
1.7533875
1.8323975
1.905426
1.9341583
1.9102173
1.944931
2.0275269
2.0825958
2.1005402
2.0347137
1.9521027
2.0023956
2.0227356
1.965271
1.8934479
2.0167542
2.1903381
2.202301
2.0981598
2.0299225
2.0586548
2.193924
2.3387756
2.423767
2.4010162
2.3591156
2.4082031
2.5207367
2.6500244
2.67276
2.5913696
2.530304
2.5566406
2.664383
2.6811523
2.6536102
2.6177063
2.5961456
2.6536102
2.7805023
2.8188171
2.7792969
2.7840881
2.8607025
2.8032532
2.6344604
2.578186
2.6859283
2.7972565
2.8140259
2.794876
2.7840881
2.736206
2.6739655
2.6787567
2.6895294
2.7338104
2.815216
2.8092346
2.7409973
2.688324
2.6584015
2.5782013
2.533905
2.5530548
2.5590363
2.5961456
2.6476288
2.657196
2.5793915
2.509964
2.5267181
2.6141052
2.676361
2.6536102
2.6236877
2.5518646
2.5171509
2.4201813
2.3220215
2.3854675
2.5195312
2.5913696
2.636856
2.7026978
2.7541656
2.7481842
2.6679688
2.5769958
2.5566406
2.545868
2.5171356
2.554245
2.6057281
2.5746002
2.3866577
2.2980652
2.4105988
2.5590363
2.5470734
2.4872131
2.4357452
2.407013
2.384262
2.3627167
2.3639069
2.423767
2.5135498
2.5123444
2.4824219
2.439331
2.4536896
2.4596863
2.4261627
2.420166
2.430954
2.3591156
2.289688
2.407013
2.696701
2.676361
2.375885
2.2633514
2.4082031
2.4189758
2.3974304
2.6751556
2.2011108
