9.06517
8.209244
9.036438
9.661331
9.518875
9.262695
9.570343
9.642166
9.451828
9.123825
8.998138
9.464996
10.165314
10.241913
9.874405
9.474579
9.3824005
9.32016
9.002914
8.824554
8.858063
8.998123
9.151367
9.135803
9.063965
9.113052
9.417114
9.664917
9.492538
9.298599
9.296219
9.468597
9.727173
9.764282
9.492538
9.274658
9.348877
9.514084
9.504501
9.468597
9.457825
9.4219055
9.387192
9.4219055
9.522461
9.587097
9.522461
9.3979645
9.40036
9.49852
9.554794
9.485352
9.435074
9.374023
9.412323
9.443451
9.370422
9.391983
9.49852
9.496124
9.48056
9.637375
9.798996
9.824127
9.771454
9.535629
9.323746
9.368042
9.393173
9.3428955
9.208817
9.172913
9.320145
9.57634
9.668503
9.587112
9.43866
9.492538
9.63739
9.636185
9.48056
9.314163
9.239944
9.317764
9.406342
9.432678
9.41951
9.450638
9.510498
9.602676
9.593094
9.334518
9.295013
9.49852
9.696045
9.644577
9.402756
9.148972
9.061584
9.199249
9.403946
9.46022
9.414719
9.470993
9.528442
9.523651
9.584717
9.669708
9.538025
9.374023
9.40155
9.5212555
9.505707
9.357269
9.190857
9.249527
9.430283
9.575134
9.587097
9.585907
9.563171
9.487747
9.309387
9.254318
9.496124
9.79541
9.739136
9.424301
9.205231
9.2243805
9.424301
9.672104
9.748718
9.55957
9.384796
9.4374695
9.55957
9.473373
9.218399
9.089111
9.236359
9.436264
9.445847
9.407547
9.324936
9.292618
9.323746
9.447052
9.5559845
9.505707
9.415924
9.352478
9.493729
9.663727
9.405151
9.138199
9.283051
9.67569
9.753494
9.475769
9.235153
9.272263
9.433884
9.532043
9.510483
9.403946
9.376419
9.436264
9.528442
9.630203
9.508087
9.304596
9.227966
9.299805
9.430283
9.53923
9.533234
9.365646
9.202835
9.2196045
9.358459
9.534439
9.549988
9.352478
9.351273
9.454224
9.314163
9.265091
9.509293
9.745132
9.585907
9.256714
9.142975
9.273468
9.475784
9.628998
9.546402
9.327332
9.295013
9.47937
9.602676
9.526062
9.463806
9.425491
9.385986
9.388382
9.411133
9.445847
9.462601
9.474579
9.433884
9.3979645
9.401566
9.38121
9.380005
9.487747
9.561966
9.390778
9.317764
9.601471
9.785828
9.692444
9.436279
9.3022
9.330933
9.372818
9.345291
9.312973
9.407547
9.515289
9.487747
9.3405
9.296204
9.407547
9.523651
9.55957
9.614639
9.607452
9.522461
9.387192
9.328522
9.345291
9.371628
9.370438
9.32016
9.2638855
9.371628
9.53923
9.4769745
9.420715
9.687668
9.878006
9.606262
9.229172
9.123825
9.297409
9.407547
9.390778
9.378815
9.380005
9.395569
9.40036
9.408737
9.456619
9.491333
9.4374695
9.3824005
9.393173
9.449432
9.459015
9.408737
9.369232
9.378815
9.407547
9.456619
9.522461
9.474579
9.443451
9.415924
9.334518
9.439865
9.73674
9.795395
9.541611
9.296204
9.249527
9.32254
9.362045
9.330933
9.328537
9.411133
9.468597
9.396759
9.40036
9.475769
9.581116
9.588303
9.464996
9.318954
9.357269
9.472183
9.469788
9.389587
9.324936
9.347687
9.408737
9.462616
9.49971
9.457825
9.243546
9.075943
9.394379
9.873215
9.869614
9.463806
9.139389
9.151367
9.372818
9.582321
9.548798
9.413528
9.364441
9.444656
9.466202
9.40036
9.292618
9.32135
9.470993
9.542816
9.493729
9.442261
9.426697
9.406342
9.466202
9.491348
9.403946
9.255508
9.177704
9.335724
9.536835
9.468597
9.24115
9.347687
9.667313
9.755905
9.518875
9.237549
9.214813
9.41832
9.590698
9.575134
9.475769
9.424301
9.420715
9.443451
9.514084
9.478165
9.327332
9.192062
9.256714
9.431488
9.484161
9.396774
9.3033905
9.352478
9.344101
9.316559
9.352478
9.333328
9.341705
9.47937
9.436264
9.265091
9.436279
9.790619
9.777451
9.407547
9.175308
9.24234
9.391983
9.442261
9.423096
9.365646
9.3405
9.344101
9.317749
9.287827
9.305786
9.335709
9.394379
9.447052
9.467392
9.470993
9.435074
9.4219055
9.266281
9.287827
9.423111
9.414719
9.248322
9.368042
9.612244
9.561966
9.212418
9.200439
9.679291
9.855255
9.441055
9.026871
8.892792
9.035248
9.24234
9.306992
9.235153
9.113052
9.178894
9.426697
9.5954895
9.599075
9.5954895
9.699631
9.868423
9.867233
9.553589
9.110657
8.819763
8.855682
9.022079
9.068771
9.047211
8.896378
8.885605
9.253113
9.607452
9.438675
8.928696
9.087921
9.700836
9.809769
9.384796
9.038834
9.114258
9.356064
9.427887
9.388382
9.551193
9.733154
9.812164
9.862442
9.731949
9.329727
8.981369
8.874832
8.981369
9.670898
10.3424835
10.280228
9.612244
8.994553
8.909546
9.953415
10.97934
10.098267
8.387604
8.721603
10.256287
11.975327
12.731888
12.795334
12.04834
10.463379
9.080734
9.323746
10.153336
9.955811
9.017288
8.040451
7.767517
8.154175
8.68689
8.806595
8.255936
7.458664
7.3197937
7.835739
8.258316
8.540848
9.008911
9.977356
11.046371
11.45697
11.083481
10.318527
11.136154
13.13652
13.832016
11.937012
9.532043
8.775467
9.199249
9.503311
9.18248
8.287048
7.6825104
7.565201
7.621475
7.386841
7.043274
6.7451935
6.6973114
7.1857147
7.7579346
8.131439
8.482178
9.00412
10.3185425
12.5798645
13.997223
12.68161
10.915894
11.04039
12.237488
12.433807
11.181641
9.83371
9.642166
9.990524
10.094681
9.405151
8.105087
6.94989
6.2795258
6.2364197
6.424362
6.7487793
7.2647247
7.676529
8.117065
8.783859
9.481766
9.927078
9.748718
9.609848
10.147354
11.284592
11.63176
11.658096
12.171646
12.068695
10.52803
9.150162
9.284241
10.273041
11.172058
11.060745
10.05159
9.078339
8.276276
7.486191
6.7368164
6.4890137
6.7451935
7.1533966
7.6346283
8.09433
8.49295
9.011307
9.415924
10.2108
11.531204
12.429016
12.372757
11.476135
10.913498
11.198395
11.631744
11.479721
11.0703125
10.879974
10.447815
9.651749
9.091507
9.057983
8.680893
7.3820496
5.841385
4.9148254
5.1123505
6.4614716
8.135025
9.271072
9.63739
9.6002655
9.697235
10.280228
10.8967285
10.947006
10.748291
10.523239
11.142136
12.457748
13.0550995
11.935822
9.784622
8.7659
9.718796
11.0260315
11.197205
9.996521
8.15657
6.8170166
6.206497
6.242401
6.6362457
7.056427
7.455078
7.8130035
8.336136
8.500137
8.27269
8.3780365
9.092697
10.019257
11.145737
11.705978
11.491699
11.569504
11.890335
11.813721
11.114609
10.336487
9.951019
9.809769
9.816956
9.6792755
9.014893
7.83815
6.751175
6.268738
6.2998657
6.5943604
7.194107
8.142197
8.989746
9.856461
10.839264
11.445007
11.04039
10.138977
9.757095
10.208405
10.589081
10.243118
9.980942
10.889557
12.103409
11.467758
9.785828
8.837723
9.529648
10.899124
10.968567
9.839691
8.330154
7.3269806
6.55365
6.194519
6.6123047
7.037277
7.0863647
7.0025635
7.309021
8.107483
9.103485
9.561966
9.55838
9.789413
10.578308
11.301361
11.209183
10.970963
11.47493
11.927444
11.399521
10.129395
9.347687
9.872009
10.797379
10.8572235
9.668503
8.121857
6.9834137
6.4842224
6.518936
6.9067993
7.110306
7.8525085
8.84491
9.496124
9.789413
9.864838
10.032425
10.148544
10.383179
10.511261
10.1449585
10.366425
11.637741
12.506836
12.02919
10.948212
10.397537
10.84407
11.387543
11.13974
9.965393
8.598297
7.5999146
7.320999
7.450287
7.4933777
7.3629
7.131851
7.173752
7.550827
7.944687
8.15657
8.334946
8.795822
9.826523
11.423462
12.768997
12.7534485
12.6636505
13.0155945
12.874344
12.08905
10.9865265
9.606262
8.7096405
8.738358
9.166916
9.281845
8.587524
7.8010254
7.166565
6.498596
6.4100037
6.8409576
7.7770844
8.859268
9.546402
10.117416
10.341278
9.945038
9.213608
9.174103
10.03363
10.668091
10.0659485
10.140167
11.518021
12.163269
10.871597
8.825745
8.149384
8.84729
9.672104
9.868423
9.506897
8.938278
8.382828
7.87764
7.447891
7.3628845
7.4371185
7.434723
7.2479706
6.5512543
7.7591248
9.220795
9.165726
8.466614
8.877228
10.535202
12.24707
12.054337
10.620209
9.844482
11.034409
12.455353
12.329666
10.88237
9.332123
9.0460205
9.700836
9.962997
9.172913
7.668152
6.694916
7.0217285
8.002136
8.618652
8.666534
8.446274
8.838913
9.383591
9.275864
8.789841
8.921509
10.063553
11.37677
11.192429
10.116226
9.921097
10.787796
11.342056
11.184036
10.6633
10.729141
11.085876
10.848846
9.860046
8.78624
7.8536987
7.1809387
6.811035
6.7882843
7.166565
7.6298523
8.15657
8.610275
8.870041
9.1848755
9.59668
10.816528
12.795334
13.013214
11.096649
9.146576
9.572739
12.145309
14.06546
13.323257
10.580704
8.057205
7.3820496
8.158966
8.899979
8.661743
7.458664
6.5943604
6.815811
7.7256165
8.320572
8.434296
8.17453
8.13382
8.520493
9.244736
10.138962
11.253479
12.006454
11.482117
10.879974
11.896317
13.782944
14.037933
12.268616
10.353256
9.526047
9.348877
9.229172
8.895187
8.567184
8.203262
7.735199
7.641815
7.969818
7.538864
6.45549
6.2471924
7.012146
7.8058167
8.173325
8.679703
10.0264435
12.162064
13.900253
13.014404
10.712387
9.67569
10.846451
12.642105
12.650482
10.680069
8.955032
8.868851
9.663727
9.900742
8.550415
6.876877
6.3273926
7.2324066
8.4965515
9.002914
8.583939
8.181702
8.411545
9.151367
9.293823
8.865265
8.999329
9.970184
10.771042
10.767441
10.465775
10.990112
12.474518
11.883148
10.243118
9.327332
9.510498
10.292206
10.517258
10.147354
9.275864
7.956665
7.6382294
8.506119
8.781464
8.119461
7.360504
6.7332153
6.905594
7.6322327
8.099106
8.266693
8.98616
10.451416
12.339233
12.643295
11.121796
10.3628235
11.617386
12.8767395
12.864777
11.725128
10.287415
9.552383
9.8528595
9.723572
8.539642
7.032501
6.0401
6.047287
6.8517303
7.688507
8.052429
8.202057
8.427124
8.756317
9.122635
9.366837
9.250717
9.711609
11.43663
12.60141
10.832092
9.207626
11.641327
14.616119
14.041519
11.134964
9.300995
9.136993
9.468597
9.265076
8.5168915
7.5280914
7.0540466
7.095932
7.4383087
7.633438
7.402405
7.332962
7.8082123
8.555206
9.372833
10.165314
10.608231
10.845261
10.832092
10.90152
11.02124
10.378387
9.520065
10.183273
12.066299
13.548309
13.632111
12.475708
11.002075
10.002502
9.207626
8.197266
7.162979
6.2998657
5.992218
6.569214
7.434723
7.8884125
8.141006
8.482178
8.78624
9.298599
9.767868
9.837296
9.6397705
9.358459
9.425507
9.985748
10.684845
10.465775
9.649353
9.887573
11.099045
11.348038
10.4023285
9.547607
9.291412
9.372818
9.380005
8.922714
8.051224
7.213257
7.336563
8.079956
8.392395
8.490555
8.498947
8.2990265
8.489365
9.042419
9.358459
9.431488
9.581131
9.869629
10.452606
10.890747
11.154114
11.042786
10.777023
10.97934
12.403885
13.171234
11.825684
10.034821
9.909119
10.438248
10.682449
9.527252
7.9315186
7.590332
8.090729
8.376846
8.592316
8.558792
8.41275
8.593521
9.662521
10.472961
9.923492
8.567169
8.112274
9.553589
11.1098175
11.132568
10.504089
10.0659485
11.017639
12.312897
12.280579
11.834061
11.15889
10.3472595
9.899551
9.6744995
9.468597
9.334518
9.536819
9.797791
9.749908
8.750336
7.628647
7.7136383
8.4965515
8.605484
8.045242
7.6944885
8.058411
8.882019
9.642166
10.064758
9.910324
8.941864
8.799408
10.098267
10.841675
10.301773
9.372833
8.953842
9.608658
11.462967
12.725906
12.078278
10.134186
8.266708
7.7220306
8.955032
9.792999
9.566757
8.901169
8.289444
8.477402
9.269882
9.238754
8.196075
7.34494
7.1833344
7.580765
8.424728
9.115448
9.384796
9.698441
10.23114
10.577103
10.471771
10.522049
11.057144
11.31572
10.569931
10.000107
10.167709
10.674072
9.91153
8.040451
7.0803833
7.9243317
9.472183
10.311356
10.381973
10.346069
10.200012
9.358459
8.216431
7.479004
6.9953766
6.6829376
6.7643433
7.3257904
8.010529
8.579147
9.10228
10.006088
11.251083
12.411072
12.870743
12.044754
10.924271
10.109039
9.552383
10.202423
11.484512
11.641327
10.569931
9.210022
8.345718
8.231995
8.336136
8.302612
8.160156
8.126648
8.182907
8.180511
8.018906
7.7100525
7.4023895
7.2395935
7.3066254
7.7016754
8.53006
9.607452
10.581894
11.468948
12.007645
12.193192
11.643723
10.751892
9.721176
9.121429
9.141785
9.794205
10.288605
10.055176
9.293808
8.890396
9.067566
9.275864
9.324936
9.411133
9.500916
8.859268
7.822586
7.241989
7.4742126
8.142197
8.340927
7.991379
7.975815
7.9997406
8.340927
9.57753
11.314514
12.400299
12.3272705
11.607819
11.500076
11.958557
12.2877655
12.079468
10.659714
8.698853
7.6585693
8.358887
9.524857
9.955811
9.297409
8.237976
8.024887
8.51091
8.787445
8.416336
7.6909027
7.2910614
7.7184296
8.594711
9.239944
8.922714
8.555206
9.079544
10.306564
10.897934
10.348465
9.856461
10.047989
10.791382
12.180023
13.19278
12.604996
9.872009
7.7184296
7.4431
8.743149
9.704422
9.528442
8.684494
8.270294
8.592316
8.843704
8.455841
7.578369
7.257538
7.799835
8.735962
9.305786
9.336914
9.281845
9.651749
10.555557
11.410294
11.643723
11.103836
10.64415
9.933075
9.482956
10.015671
10.957794
11.04039
9.444656
7.8525085
7.664566
9.157349
9.99292
9.448242
8.391205
8.124252
8.861664
9.296204
8.683289
7.62027
6.991791
7.276703
8.350494
9.469788
10.015671
10.378387
10.932648
11.374374
11.331284
10.7052
10.275436
9.73436
9.3033905
9.705627
9.848068
9.047211
8.144608
8.25354
9.146576
9.462616
9.108261
8.98735
9.338104
9.652939
9.311783
8.227203
7.268326
6.7942657
6.885254
7.6274567
8.573166
9.107071
9.623016
10.380783
10.756668
10.500488
10.662109
11.654495
12.44339
12.231506
11.269028
10.555557
10.708786
11.031998
10.54599
9.166916
7.7028656
6.981018
7.2515564
8.141006
8.473801
8.470215
8.849686
9.10347
8.744339
7.923126
7.328171
7.384445
7.9985504
8.733582
9.375229
9.751114
10.238327
10.834488
11.422256
11.747879
11.546768
10.48613
9.856461
10.749481
11.723923
10.953003
8.911942
7.854904
8.374451
9.218399
9.4207
8.961029
8.497742
8.199661
7.8058167
7.683716
7.9111633
7.8201904
7.6106873
7.95665
9.248322
10.749496
11.485718
11.4857025
11.154114
10.982925
10.968552
10.86441
9.976166
9.536835
10.647736
12.178833
12.183624
10.227554
7.984192
6.653015
6.664978
8.010529
8.977783
8.744354
7.9865723
7.475418
7.9710236
8.82695
8.885605
8.27388
8.161362
8.822159
9.608658
10.378387
10.578308
10.590286
10.622589
10.659714
10.969757
10.99968
10.783005
10.797379
11.176865
10.44902
8.743149
7.8082123
8.11467
8.764694
8.867645
8.428314
8.028473
8.106293
8.403183
8.400772
8.355286
8.385223
8.300232
7.992569
8.290649
9.0460205
9.599075
9.7690735
9.854065
9.917511
9.662521
9.500916
10.191635
11.066727
10.915894
9.731949
9.436279
11.213974
13.172424
13.0898285
10.964966
8.568375
7.5364685
7.537674
8.160156
8.622238
8.398392
7.878845
7.5999146
8.030869
8.940674
9.472183
9.049606
8.151779
7.9279327
8.575562
9.433884
10.080307
10.073135
9.151352
8.876022
10.285019
12.152496
12.291351
11.006866
10.628586
12.134537
12.948563
11.267838
8.340927
6.3896484
6.3980255
7.728012
8.715622
8.945465
8.835327
8.647385
8.568375
8.67012
9.093903
9.329727
8.680908
7.830963
7.490982
8.161362
9.312973
9.861237
9.73555
9.771454
10.354446
11.054749
11.601822
11.340866
10.549576
9.849274
9.402756
10.550766
12.026794
12.4266205
11.181641
9.255508
7.901581
7.3940125
7.2240295
7.0696106
7.080368
7.167755
7.2671204
7.6513977
8.289459
8.6701355
8.484573
8.2990265
8.791031
9.632599
10.512466
11.504852
11.508453
10.340073
10.829697
12.478104
12.650482
11.761047
10.996094
11.042786
10.815338
9.484146
7.6035156
6.6386566
7.3233795
8.326569
8.217621
7.5041504
7.3988037
8.149384
9.022079
9.415924
9.266281
8.545624
8.058411
8.258316
8.678513
8.623444
8.106293
7.8273773
8.162552
8.698853
8.816177
8.44986
8.142212
8.321777
9.309372
10.3628235
10.288605
9.357254
9.491333
11.067917
12.705551
12.729492
10.913498
8.850891
8.21283
9.24115
10.161713
9.783432
8.366058
7.052841
6.7739105
7.4766083
8.331345
8.603088
8.436691
8.776672
9.571548
10.113831
10.125809
9.998901
10.073135
10.404724
10.818924
10.393951
10.176071
11.573105
12.824066
11.886734
9.7966
8.618652
8.806595
9.747513
10.498093
10.512466
9.824142
8.880814
8.29184
8.03447
7.7818756
7.502945
7.332962
7.7902527
8.392395
8.993347
9.227982
9.233963
9.298599
9.712799
10.444229
10.985321
10.766251
10.152145
10.154526
12.012436
13.821259
13.525574
11.389938
9.468597
8.867645
9.096298
8.876022
7.6908875
6.347748
5.6067505
5.9742584
7.2467804
8.613861
9.217209
8.993347
8.723999
8.676117
8.977783
9.362045
9.466202
9.643372
10.024048
9.846878
9.731949
10.593872
11.957367
12.071091
10.907501
9.794205
9.521271
9.91391
10.15094
9.615845
8.691681
8.41275
8.586334
8.646179
8.733582
8.4223175
8.107498
8.111084
8.240372
8.154175
8.108688
8.455841
9.819336
11.577881
12.417053
11.737091
10.460983
9.080734
8.57077
10.372406
12.599014
13.506424
12.561905
10.942215
9.463806
8.600693
8.083542
7.44429
6.8409576
7.032486
7.965027
8.820969
8.911942
8.507324
8.310989
8.480988
8.783844
9.069962
9.442261
9.569153
9.328537
8.853287
9.111862
11.643723
14.489243
14.483246
12.223129
10.352051
9.789413
9.856461
9.509293
8.939468
8.561188
8.428314
8.360077
8.418732
8.624634
8.502533
8.15538
8.100311
8.190094
8.131439
7.8848267
7.9434814
8.755127
9.71759
10.227554
10.058762
9.995316
10.862015
12.773788
13.884705
13.183197
11.23671
10.222763
9.966583
9.569153
8.84729
8.048828
7.5951385
7.6944885
7.820175
7.810608
7.838135
8.406769
9.362045
9.698441
9.248322
8.276276
8.044052
9.147766
10.344879
10.429871
9.472183
9.514084
11.497681
12.436203
10.894348
8.455841
7.626251
8.666534
9.781036
10.361633
10.009689
9.275864
8.648575
8.756317
9.262695
9.218399
8.883209
9.8923645
11.2283325
11.569504
10.870392
10.083893
9.660126
10.393951
11.281006
11.133759
11.332474
11.835266
12.497253
13.083832
11.465347
9.447037
8.295441
8.413956
8.756317
8.9670105
8.8089905
8.2595215
7.8321533
8.123047
8.947861
9.289032
8.972992
8.627029
8.574356
9.012497
9.648163
10.043198
9.6948395
8.852081
8.518097
9.152557
9.982147
10.198822
9.830124
9.869629
10.455002
10.238327
9.067566
7.9985504
7.6466064
8.326553
9.449432
10.190445
9.712799
8.764694
8.610275
9.175308
9.364441
8.773071
8.023682
8.2595215
9.412323
10.156921
9.803772
9.233963
9.364441
10.490921
12.072296
13.298126
13.068268
10.7052
9.67569
11.194809
12.299728
11.055954
8.375641
6.250778
6.1262817
7.76033
9.352478
9.640976
8.741959
7.973419
7.930313
8.112274
8.306213
8.610275
8.782654
9.02446
9.636185
10.259872
10.4418335
10.119812
9.520065
9.186081
9.5954895
10.872787
11.732315
11.5204315
10.711182
9.709213
8.787445
8.440277
9.129822
10.240723
10.690826
10.375992
9.741531
9.202835
8.437897
7.499359
6.839752
6.3621216
6.0700226
6.5093536
8.287048
10.197632
11.737106
12.648087
12.357193
11.21637
10.457397
10.557953
11.167282
11.112213
10.484924
10.634567
11.707169
12.329666
11.103836
8.855682
7.209671
6.905594
7.5161285
8.248749
8.696472
8.785049
8.694061
8.476196
8.252335
8.146988
8.108688
7.827362
7.802231
8.695267
9.965393
10.718369
10.751892
10.38916
10.292206
10.798569
11.741882
11.937012
11.503662
11.163696
10.775833
9.561966
8.058411
7.2012787
7.5903473
8.458237
8.858063
9.232758
9.644562
9.651749
8.702454
7.743561
7.447891
7.6477966
7.865677
8.021301
8.718018
10.031235
11.21875
12.212357
12.518799
11.891525
11.06073
10.731537
10.967361
11.300156
11.551544
11.667664
11.391129
10.488525
8.981369
7.827362
7.687317
8.124252
8.367264
8.340927
8.3517
8.148193
7.8752594
7.7172394
7.6980743
7.499359
7.395218
7.507736
8.15657
9.248322
10.200027
10.572311
10.698013
10.660904
10.40831
10.474152
10.9913025
11.221146
11.223541
11.597031
11.728729
10.480133
8.567184
7.6142883
8.112274
8.956238
9.190857
9.159744
9.365646
9.459015
8.899963
8.242767
7.8441315
7.720825
7.6382294
7.7567444
7.9901733
8.465424
10.004898
12.338043
13.891876
13.270584
11.859207
10.988907
10.681259
10.251495
9.530838
9.757095
10.794983
11.021225
9.402756
7.3257904
6.380081
6.7703247
7.870468
8.803009
9.018478
9.097488
9.293823
9.081924
8.330154
7.553238
7.2120514
6.8601074
6.965454
7.811798
9.1453705
10.283829
10.9517975
11.170868
11.379166
11.618591
11.927444
12.091446
11.880753
11.152908
10.507675
10.553162
10.545975
9.639786
8.6306305
8.4319
8.712021
8.6354065
8.413956
8.506119
8.943069
8.868835
8.215225
7.7256165
7.6513977
7.7639313
7.786667
7.786667
8.099106
8.565979
9.044815
9.566757
10.021652
10.767441
11.697601
12.413452
12.464935
12.1465
11.819702
10.840469
10.578308
11.5252075
11.759842
10.07193
7.4131775
5.870102
6.408798
7.991379
8.920319
8.643784
8.03566
7.8441315
8.024887
8.19368
8.25354
7.8405304
7.373657
7.4454956
8.592316
9.899551
10.551971
10.361633
9.832504
9.821747
10.366409
10.852432
11.1098175
11.051163
11.2798
11.43663
10.432266
9.049606
8.295441
8.5563965
9.492538
9.9318695
9.766678
9.368042
8.819763
7.9518585
7.118683
6.684143
6.9355316
7.6106873
8.058411
8.117065
8.532455
9.692444
11.093063
11.993271
12.615768
12.460144
11.612595
10.854828
10.709991
10.700409
10.042007
10.194031
11.179245
11.201996
9.571548
7.7806854
7.237198
7.755539
8.015305
7.7986298
7.7148438
8.040451
8.5959015
8.92392
8.583939
7.739975
7.083969
7.2168427
7.8920135
8.5013275
9.3022
10.379593
11.300156
11.735901
11.947784
12.06749
11.51564
10.659714
10.98053
11.544357
10.420288
8.774277
7.949478
8.849686
10.117416
9.901947
8.792221
8.228394
8.508514
9.0855255
9.402756
8.878418
7.999756
7.925537
8.319366
8.1649475
7.9375
8.237976
8.902359
9.646957
10.385574
11.099045
11.351639
10.759064
10.678864
11.328888
11.697601
11.502472
11.206787
11.383957
12.018417
11.567108
9.7738495
7.7088623
6.6422424
6.7535706
7.281494
7.388031
7.3221893
7.510132
7.656189
8.038055
8.66893
8.929901
8.599503
8.090729
8.19487
8.585129
8.999329
9.478165
9.589493
9.455429
9.299805
9.206436
9.613449
9.840897
9.881592
9.515274
9.624222
10.6944275
11.5204315
10.90152
9.253113
8.229599
8.342117
9.059189
9.229172
8.866455
8.380432
7.652588
7.2647247
8.017715
8.964615
9.159744
8.791031
8.865265
9.947433
11.196014
11.399521
10.604645
9.826523
9.951035
10.544785
10.748291
10.629776
9.490143
8.437897
9.266281
10.954193
11.433029
10.336487
8.994537
8.773087
9.473389
9.563156
8.611465
7.664566
7.1533966
7.514923
8.188889
8.574356
8.400787
8.13382
8.423523
8.751526
7.9794006
7.4023895
7.3221893
7.4718323
7.925537
8.343323
8.423523
8.856873
9.10347
9.603867
10.265854
10.500488
10.534012
11.02124
11.767029
11.926239
10.96138
9.614639
9.157349
9.500916
9.91272
9.886383
9.370438
8.774277
8.303818
7.878845
7.470627
7.1091156
6.8038483
7.1402283
7.854904
8.4570465
8.972992
9.412338
9.611053
9.778641
9.916306
10.373596
11.441406
11.954971
11.371979
10.772232
10.913498
11.4857025
11.252274
9.882782
8.385208
8.176926
9.352478
10.3233185
10.261078
9.436264
8.283463
7.8165894
7.929123
7.930313
8.059601
7.8034363
7.659775
8.053619
8.593521
9.022079
9.366837
9.722382
9.940247
9.870819
9.602661
9.7547
9.7295685
9.323746
9.978561
12.199173
14.106171
12.815689
9.49852
7.604706
8.066788
9.838501
10.70401
10.068344
8.82695
8.07756
8.294235
8.721603
8.3780365
7.9075775
7.763916
7.8764496
8.198471
8.770691
9.338104
9.4219055
9.431488
10.354446
11.746674
12.128555
10.992508
10.313751
11.093063
12.171646
11.696396
9.989334
8.459427
8.257126
9.305786
10.198822
10.161713
8.940674
7.134247
6.090378
6.3932495
7.534073
8.308609
8.303818
8.297821
8.692871
9.231567
9.5954895
9.831314
9.897156
9.655334
9.352478
9.336914
9.333313
9.086716
9.211212
9.970184
11.04039
11.284592
10.519638
9.304596
8.522888
8.580338
9.426697
10.322128
10.413101
9.626602
8.623444
8.018906
7.6717377
7.3461304
7.1222687
7.289871
7.6549835
8.1601715
8.788635
9.254318
9.389587
9.545212
10.162903
10.761459
10.828506
10.1844635
9.769058
10.1844635
10.927856
11.576691
11.05835
9.696045
8.911942
9.371628
10.016861
10.012085
9.120239
8.300217
7.944687
7.8884277
7.589142
7.273102
7.7028656
8.362473
8.079956
8.362473
8.963409
9.508102
9.67569
9.32135
9.016083
9.2196045
9.684067
10.07193
10.155731
10.125809
10.809341
12.28418
13.007233
11.344452
8.76709
7.5520325
7.925537
9.233963
10.142563
9.807373
9.054398
8.604294
8.508514
8.5360565
8.443878
8.0416565
7.6825104
7.7806854
8.050018
8.297836
8.282272
8.13382
8.473801
9.456619
10.4813385
10.909897
10.480148
10.192841
11.117004
12.323685
12.065109
10.335297
8.331345
7.411972
8.883209
11.024826
11.661682
10.016861
8.060806
7.3700714
7.8058167
8.49176
8.776672
8.5168915
8.23558
8.139816
8.261917
8.623444
8.955032
8.911942
8.662949
9.111862
10.300583
10.587875
10.172485
12.132141
14.67598
14.452133
11.418671
8.721603
7.93631
8.625839
9.324936
9.090317
8.180511
7.890808
8.477386
9.10228
9.090317
8.306213
7.7483673
7.7770844
8.33374
8.981384
9.521271
10.098267
10.365219
10.372406
10.665695
10.422684
10.000107
11.330078
12.606201
12.648087
11.393539
9.424301
8.968201
9.916306
10.397537
9.81456
8.606674
7.6621704
7.103119
6.9487
7.371277
8.063202
8.567169
8.82576
8.876022
8.67012
8.373245
8.395996
8.659348
8.946655
9.278259
9.882797
9.87561
9.607452
11.182846
13.009613
12.499649
10.095871
8.594711
8.787445
9.704422
10.076721
9.715195
8.825745
7.941086
7.5316772
7.7100525
8.050034
8.215225
8.078766
7.854904
7.978195
8.543228
9.284241
9.456619
9.464996
9.959396
10.890747
11.841248
11.764633
11.39592
11.96814
12.745056
12.350006
10.823715
9.169312
8.58992
9.001724
9.538025
9.297409
8.009323
6.732025
6.371689
6.9666595
7.659775
8.044037
8.399582
8.659348
8.745544
8.884399
9.210022
9.570343
9.903137
9.843277
10.087494
10.46817
10.05397
9.295013
9.528442
10.761459
10.794983
10.028839
9.561966
9.91272
10.380783
10.179672
9.627808
8.763504
7.8489075
7.056427
6.8038483
7.213257
7.652588
7.7854614
7.728012
7.664566
7.790268
8.388809
9.365646
9.763077
9.362061
9.35965
10.455002
12.186005
12.650497
11.508453
10.577103
11.445007
12.336853
11.654495
9.858856
8.090729
7.324585
8.539642
10.298187
10.781815
9.528442
7.465851
6.194519
6.143051
7.067215
8.063202
8.65097
8.981369
9.425507
9.935471
10.361633
10.478943
10.226364
10.087494
10.324524
10.099472
9.277054
9.651749
11.507263
12.888718
12.001663
10.234741
9.432678
9.7164
10.171295
9.830124
8.722794
7.6238556
6.8050385
6.5991516
7.044464
7.3341675
7.4766235
7.7220306
8.316986
9.0855255
9.7187805
9.930679
9.97377
10.336487
11.290588
12.134537
11.925049
11.495285
11.551544
12.174042
12.594223
11.989685
10.195236
8.202057
7.6298523
8.684494
9.67569
9.364441
7.68132
6.028122
5.261978
5.9036255
7.2910614
8.358887
8.829346
9.329727
9.916306
10.092285
9.705612
9.327332
9.46022
9.597885
9.429092
9.360855
10.668091
12.591827
13.35318
12.795334
12.278183
12.120163
11.726318
10.96138
9.9318695
8.752731
7.755539
7.0097504
6.490204
6.213669
6.1610107
6.617096
7.2395935
7.802231
8.277481
8.831741
9.170517
9.472183
10.000107
10.935043
11.765839
11.834061
11.011658
9.95462
10.107849
11.829269
12.830048
12.041168
10.14975
8.853287
8.678513
9.012497
8.814972
7.912369
6.811035
5.9419403
5.8485565
6.5009766
7.218048
8.030869
8.883209
9.706818
10.136581
10.021652
9.563156
9.012497
9.127426
9.988129
10.797379
10.888351
10.234741
10.244308
11.260651
12.085449
11.29776
9.645767
8.74675
9.364441
10.662109
10.753082
9.528442
8.143402
7.5795746
7.8453217
8.0069275
7.510132
6.862503
6.77153
7.8285675
9.316559
9.827728
9.32135
8.914337
9.497314
10.888351
12.369171
12.70076
11.105026
9.621826
10.480148
12.60141
13.064682
11.1098175
9.005325
8.684494
9.760681
9.73555
8.3780365
6.8014526
5.80307
5.6079407
5.9742584
6.4566956
6.834976
7.309021
7.783066
8.484573
9.351273
10.4813385
11.046371
10.870392
10.829697
11.028412
10.798569
9.686462
9.217194
10.208405
11.393539
10.935043
9.370422
8.361282
8.615067
9.915115
10.985321
10.753082
9.052002
7.1964874
6.2591705
6.0065765
6.1370697
6.5596313
6.996582
7.5017548
8.74794
9.941452
10.623795
10.572311
10.237122
10.539993
11.443802
12.0854645
11.886734
11.51564
11.588669
11.460571
10.678864
9.806168
8.996933
8.084747
7.616684
8.1254425
9.169312
9.523666
8.121857
6.3585205
5.5049896
6.0688324
7.4215546
8.622238
9.442261
9.71759
9.755905
10.003693
10.44902
11.082291
11.391144
11.351639
11.1098175
10.721954
10.696823
11.61261
11.987289
10.682449
8.804199
7.9003906
8.7144165
10.551971
11.807724
11.222351
9.028061
7.130661
6.0891724
5.688141
5.6642
5.830597
6.3776703
7.276703
8.320572
9.540421
10.3580475
10.4370575
10.629776
11.461761
12.660065
12.944977
11.358826
9.43866
8.951447
10.471756
11.970535
12.190796
11.134949
9.612244
8.303818
7.4933777
7.593933
7.826172
7.070801
6.076004
5.5636444
5.708496
6.5596466
7.9794006
9.681671
11.088272
11.091858
10.100662
9.895966
10.846466
11.787369
11.722733
10.579498
9.352478
9.706818
11.028412
11.081085
9.612244
8.111084
8.759903
10.836884
11.899902
11.136154
9.068756
7.288666
6.558441
6.265152
6.1526184
6.3393707
6.8565216
7.7136536
8.682098
9.485352
10.013275
10.121017
10.371201
11.223541
12.402679
12.76181
11.568314
10.2634735
10.462189
11.829269
12.2482605
11.02243
9.02446
7.930313
7.930313
8.352905
8.410355
7.846527
6.732025
6.1753693
6.8098297
7.705261
8.380432
8.897583
9.492538
10.024048
9.921097
9.608658
9.463806
9.798996
10.78421
11.513245
11.185226
10.903915
11.285782
11.288193
10.107849
8.577942
8.300232
10.032425
12.018417
12.296143
10.240723
8.184113
6.8637085
6.190933
6.213669
6.668579
6.9439087
7.159378
7.954254
9.122635
10.214386
10.463379
10.182068
10.574722
11.071518
11.099045
10.117416
9.710403
10.793777
11.841248
11.703583
10.692032
9.861237
9.292618
8.5959015
7.894409
7.640625
7.5903473
6.989395
6.4530945
6.263962
6.9391174
8.345718
9.606262
10.256287
10.478943
10.422684
10.572311
10.820129
11.227127
11.389938
10.72316
9.719986
9.923492
11.211578
11.514435
10.6633
9.603867
9.5212555
11.170868
12.901871
12.512817
10.286209
7.1952972
4.9028473
4.3617554
4.9303894
5.746811
6.560837
7.3629
8.191284
9.470993
10.475357
10.512466
10.296982
10.762665
12.152496
12.994064
12.396698
11.702377
11.7382965
12.32608
11.919052
10.179672
8.384018
7.653778
7.5568237
7.3341675
6.7810974
6.2400055
5.9479218
5.9742584
6.1394653
6.629074
7.5017548
8.700058
9.851669
10.787796
11.361206
11.182846
10.835678
10.987717
11.33847
11.224731
10.736328
10.640549
10.9913025
10.879974
9.916306
8.949051
8.817368
10.088699
11.010452
10.343674
8.544434
7.079178
6.5081635
6.5129547
6.4052124
6.222046
6.445923
7.2084656
8.2439575
8.8880005
9.055588
9.008911
9.378815
10.457397
11.412689
11.922653
11.758652
11.175659
10.9075165
11.750259
12.389511
12.271011
11.128967
9.65654
8.759918
8.803009
8.794632
8.020096
7.1138916
6.0496826
5.3026886
5.482239
6.574005
7.626251
8.588715
9.350082
9.757095
9.7535095
9.48056
9.356064
9.794205
10.40831
10.208405
9.380005
9.467392
11.172073
13.07666
12.907867
10.865616
9.547607
10.030029
11.295364
11.304947
9.631409
7.5640106
6.0341034
5.4080353
5.4894257
5.8294067
6.1011505
6.371689
6.8876495
7.6669464
8.751526
9.767868
9.958206
9.449448
9.672104
10.646545
11.878357
12.643311
12.467331
12.160873
12.314102
12.4457855
11.909485
11.005676
9.845688
8.507324
7.803421
7.862091
8.660553
9.298599
7.920746
5.937149
5.1087494
5.8318024
7.775894
9.633789
10.240723
9.837296
9.194458
8.987366
9.363251
10.069534
10.814133
10.642944
9.67688
9.482956
10.398743
11.643723
12.510422
12.439789
11.636551
10.741119
10.106644
9.73555
9.235153
8.655762
7.8453217
7.159378
6.965454
7.3976135
8.172134
8.633011
8.928696
9.062775
8.953842
8.947861
9.415924
9.957016
9.945038
9.621826
9.869629
10.480148
11.2834015
12.056732
11.73111
10.194031
8.965805
9.24115
10.14975
10.359238
9.810959
9.079544
8.527679
8.546829
8.698853
8.710831
8.66893
8.585129
8.921524
9.4614105
9.388397
8.49057
8.024887
8.819763
9.923492
10.632172
10.914688
10.046799
9.560776
9.597885
7.1258698
8.155365
9.964188
10.085098
9.273468
8.084747
8.03566
8.928696
9.878006
10.226364
9.922287
9.57634
9.357269
9.692444
9.57634
9.170517
9.040024
9.359665
9.470978
9.256699
9.067566
9.139389
9.451828
9.666107
9.327332
8.965805
8.963425
9.254318
9.678085
9.880402
9.38121
9.056793
9.299805
9.686462
9.532043
9.000519
8.574356
8.709625
9.099884
9.509293
9.561966
9.353668
9.153763
9.056793
8.995743
8.82814
8.8329315
9.243546
9.880386
10.267059
10.15094
9.565567
9.089111
9.172913
9.51767
9.745117
9.730759
9.602676
9.315369
9.090317
9.148972
9.334518
9.455429
9.329727
9.109467
9.052002
9.187271
9.384796
9.51767
9.703232
9.87442
9.63858
9.229172
9.18129
9.533234
9.948624
9.8528595
9.376419
9.011307
8.992142
9.2243805
9.412338
9.305786
9.108261
9.1800995
9.455429
9.542816
9.3824005
9.253113
9.414719
9.687668
9.819336
9.851669
9.889969
9.767868
9.439865
9.1250305
8.975388
8.859268
8.958633
9.245926
9.427887
9.412323
9.168121
9.069962
9.18129
9.362045
9.4374695
9.457825
9.571548
9.617035
9.510483
9.425491
9.409927
9.49971
9.612244
9.540421
9.413528
9.221985
9.113052
9.16452
9.365646
9.41832
9.292618
8.962219
9.012497
9.557175
9.952225
9.606262
9.013702
8.896378
9.1453705
9.3979645
9.527252
9.472183
9.368042
9.299805
9.408737
9.5559845
9.5954895
9.473373
9.369232
9.328522
9.374023
9.460205
9.521271
9.47937
9.347687
9.3022
9.237549
8.961014
9.060379
9.589493
9.916306
9.700836
9.169312
8.980179
9.244736
9.540421
9.769058
9.842087
9.63739
9.300995
9.170517
9.235153
9.2638855
9.214813
9.193253
9.347687
9.540421
9.698441
9.737946
9.625412
9.567947
9.545212
9.454224
9.136993
8.905945
9.153748
9.607452
9.742737
9.485352
9.407547
9.374023
9.297409
9.281845
9.358459
9.456619
9.594284
9.608658
9.459015
9.329727
9.334518
9.41832
9.57753
9.564362
9.431488
9.347687
9.350082
9.338104
9.3022
9.229172
9.041229
8.937088
9.171707
9.548798
9.644562
9.442261
9.308182
9.32135
9.403946
9.462616
9.5954895
9.664917
9.655334
9.584717
9.504501
9.356064
9.332123
9.364441
9.469788
9.608658
9.611053
9.491333
9.391983
9.372833
9.482956
9.455429
9.16452
9.175308
9.425507
9.680481
9.699631
9.547607
9.1645355
8.945465
9.174103
9.473389
9.591888
9.388382
9.159744
9.127426
9.189667
9.245926
9.333313
9.431488
9.53923
9.566757
9.632599
9.570343
9.535629
9.554794
9.493729
9.235153
8.937073
9.295013
9.888779
9.917496
9.255508
8.763504
8.8484955
9.41951
9.767868
9.631393
9.380005
9.378815
9.522461
9.553589
9.496124
9.3824005
9.314163
9.353668
9.492538
9.493729
9.486557
9.528442
9.546402
9.522461
9.4614105
9.134598
9.040024
9.384796
9.7582855
9.633789
9.26149
9.040024
8.978973
9.024475
9.235168
9.374023
9.225586
8.975388
8.8880005
9.073547
9.312973
9.248322
9.062775
8.914337
8.953842
9.129822
9.176498
8.993347
8.883209
9.113052
9.24353
9.158539
9.095093
9.117844
9.402756
9.600281
9.353668
9.107071
9.011307
9.053192
9.146576
9.256699
9.326141
9.309372
9.2243805
9.055603
9.037643
9.122635
9.1405945
9.126221
9.230377
9.326141
9.378815
9.360855
9.24115
9.131012
9.050812
9.16333
9.481766
9.687668
9.552383
9.326141
9.171722
9.008896
8.915543
9.0065155
9.256699
9.324936
9.219589
9.265091
9.356064
9.323746
9.273468
9.186081
9.089111
9.175308
9.3824005
9.51767
9.375214
9.211212
9.233963
9.116638
8.988556
9.247131
9.63858
9.646957
9.238754
8.919128
8.910751
9.097488
9.256714
9.193268
9.211212
9.371628
9.41951
9.3033905
9.279449
9.388397
9.362061
9.424301
9.542816
9.316559
9.075943
9.116638
9.469788
9.801392
9.600281
8.376831
8.400772
9.306992
9.49852
9.231567
9.036438
9.1250305
9.564362
10.185654
9.402756
