0.26924133
0.3336792
0.2905426
0.16751099
0.046066284
-0.05621338
-0.13397217
-0.1515503
-0.13609314
-0.12651062
-0.16059875
-0.2580719
-0.36567688
-0.39656067
-0.30015564
-0.099349976
0.08494568
0.15472412
0.16802979
0.1882782
0.19041443
0.17602539
0.137146
0.074295044
0.022628784
-0.001876831
-0.041290283
-0.07218933
-0.07537842
-0.07644653
-0.073791504
-0.0657959
-0.05833435
-0.040222168
-0.008804321
0.018371582
-2.746582E-4
-0.050872803
-0.08390808
-0.07644653
-0.031173706
-0.011459351
-0.031173706
-0.059936523
-0.08230591
-0.087631226
-0.07325745
-0.069000244
-0.08230591
-0.07751465
-0.049819946
-0.034362793
-0.03756714
-0.033843994
-0.020523071
-0.0098724365
-0.0050811768
-0.007736206
0.0045166016
0.033813477
0.046066284
0.03327942
0.017837524
0.022628784
0.026351929
0.009841919
-0.010940552
-0.03489685
-0.062057495
-0.07644653
-0.08337402
-0.08444214
-0.08444214
-0.08177185
-0.06312561
-0.039154053
-0.017852783
-2.89917E-4
0.010910034
0.017303467
0.033813477
0.05937195
0.07322693
0.07110596
0.06097412
0.055648804
0.0471344
0.024765015
-0.0040130615
-0.0055999756
0.021026611
0.025817871
-0.003479004
-0.022659302
-0.015197754
0.015167236
0.03967285
0.032211304
0.015167236
0.0013122559
-0.013595581
-0.020523071
-0.009338379
0.0018463135
-0.0056152344
-0.008270264
-0.006668091
-0.008270264
-0.011459351
-0.015731812
-0.015731812
-0.01838684
-0.019454956
-0.011993408
-0.015731812
-0.022644043
-0.01838684
-0.008270264
0.0029144287
0.0034484863
-0.0040130615
0.0146484375
0.03274536
0.0061187744
-0.038635254
-0.038101196
-2.89917E-4
0.019958496
0.0061035156
-0.03277588
-0.059936523
-0.051940918
-0.017333984
0.0066375732
0.019439697
0.03753662
0.0476532
0.039138794
0.020492554
0.0029144287
-0.009338379
-0.016784668
-0.010940552
0.0045166016
0.018371582
0.017303467
0.010375977
0.0013122559
0.002380371
0.009307861
0.0077056885
-0.011459351
-0.033843994
-0.021591187
0.0061035156
-0.0098724365
-0.03491211
-0.024261475
0.023162842
0.062042236
0.06150818
0.041275024
0.009307861
-0.004547119
-0.0040130615
-2.746582E-4
0.0029144287
0.005050659
0.009841919
0.019973755
0.022094727
0.017837524
0.005569458
-0.01625061
-0.03756714
-0.03916931
-0.021057129
0.0018463135
0.016235352
0.010910034
-0.008270264
-0.020523071
-0.009338379
0.005584717
0.0013122559
-0.005065918
-0.0072021484
-0.029571533
-0.04396057
-0.019989014
0.019439697
0.027954102
0.0077056885
-0.012527466
-0.03489685
-0.041290283
-0.024246216
-0.0013427734
0.010375977
0.008773804
0.007171631
0.010375977
0.010910034
0.002380371
-0.006134033
-0.0013427734
7.7819824E-4
-0.010940552
-0.008270264
0.01890564
0.03541565
0.03062439
0.023162842
0.025283813
0.021560669
0.008239746
0.014099121
0.032211304
0.018371582
-0.006149292
-0.0024108887
0.016235352
0.015701294
-0.006668091
-0.022125244
-0.03224182
-0.04928589
-0.06312561
-0.050872803
-0.024780273
-0.0013427734
0.013580322
0.020492554
0.009841919
-0.004547119
-0.0013580322
0.009307861
0.010910034
0.018371582
0.037017822
0.03488159
0.013580322
0.003982544
0.011444092
0.01676941
0.005050659
-0.0055999756
0.011978149
0.027954102
-0.0024108887
-0.024780273
0.0018463135
0.035949707
0.021026611
-0.017868042
-0.03543091
-0.033309937
-0.02798462
-0.017868042
-0.0056152344
0.007171631
0.01676941
0.013580322
0.010375977
0.013046265
0.014633179
0.011444092
0.0013122559
-0.012542725
-0.017318726
-0.0050811768
0.008239746
0.007171631
0.0034484863
0.0077056885
0.0135650635
0.008773804
0.0045166016
0.019958496
0.019958496
-0.015197754
-0.024780273
0.0135650635
0.048736572
0.038604736
0.005584717
-0.008270264
-0.011459351
-0.015197754
-0.010406494
0.008239746
0.024765015
0.027954102
0.0236969
0.013580322
0.008773804
0.019439697
0.0236969
0.011444092
-0.0024108887
-0.0055999756
-0.001876831
0.0029144287
0.005584717
0.005050659
-8.087158E-4
-8.087158E-4
-0.0024108887
-0.0040130615
0.008239746
0.0045166016
-0.025314331
-0.025314331
0.020492554
0.050857544
0.03062439
-0.0098724365
-0.026916504
-0.026382446
-0.023712158
-0.015197754
-0.001876831
0.008239746
0.010910034
0.005569458
-0.0040130615
-0.017333984
-0.020523071
-0.0072021484
0.0029144287
0.003982544
0.008239746
0.020507812
0.022628784
0.018371582
0.017837524
0.016235352
0.0034484863
-0.021057129
-0.025848389
-0.0050811768
-0.0098724365
-0.03277588
-0.015731812
0.021560669
0.030090332
0.0034484863
-0.022125244
-0.030639648
-0.03224182
-0.024246216
-0.006668091
0.012512207
0.0146484375
7.7819824E-4
-0.001876831
7.7819824E-4
-0.0072021484
-0.018920898
-0.022644043
-0.018920898
-0.016784668
-0.008270264
0.0066375732
0.015701294
0.013046265
0.0013122559
0.007171631
0.019973755
0.012512207
0.009307861
0.025299072
0.013580322
-0.01838684
-0.0098724365
0.037002563
0.06097412
0.03274536
-0.006668091
-0.022125244
-0.02798462
-0.030639648
-0.025314331
-0.010406494
0.0029144287
0.005050659
0.0029144287
-0.0013427734
-0.0098724365
-0.01626587
-0.01626587
-0.014129639
-0.012527466
-0.0050811768
7.7819824E-4
-0.017318726
-0.031173706
-0.03010559
-0.024780273
-0.019454956
-0.029052734
-0.029037476
-8.087158E-4
0.002380371
-0.026916504
-0.038101196
-0.015731812
0.003982544
-0.0040130615
-0.031707764
-0.056732178
-0.064193726
-0.0466156
-0.024246216
-0.012008667
-8.239746E-4
0.0077056885
0.011978149
0.015701294
0.022094727
0.029022217
0.040740967
0.06417847
0.08761597
0.08921814
0.0710907
0.04978943
0.024765015
-0.007736206
-0.031173706
-0.05567932
-0.069000244
-0.024780273
0.06629944
0.14193726
0.17495728
0.16111755
0.12808228
0.13449097
0.17390442
0.19200134
0.17921448
0.14407349
0.099853516
0.05458069
0.03274536
0.02583313
0.019439697
0.019439697
0.05831909
0.1493988
0.24526978
0.27456665
0.21490479
0.13874817
0.10624695
0.12702942
0.14779663
0.09133911
-0.022125244
-0.1446228
-0.20640564
-0.122787476
0.057785034
0.045532227
-0.22930908
-0.50468445
-0.4897766
-0.3241272
-0.28897095
-0.3986969
-0.46580505
-0.41200256
-0.36405945
-0.33370972
-0.23890686
-0.12171936
-0.07537842
-0.07644653
-0.040222168
0.04660034
0.12435913
0.13447571
0.09880066
0.07269287
0.10624695
0.19146729
0.25752258
0.25538635
0.24420166
0.28149414
0.37683105
0.44340515
0.40771484
0.3374176
0.31184387
0.35179138
0.3486023
0.2197113
0.013580322
-0.11479187
-0.087631226
0.005569458
0.071624756
0.104660034
0.10997009
0.113708496
0.11424255
0.08068848
0.0045166016
-0.04396057
-0.02798462
0.01889038
0.05618286
0.043930054
-0.033843994
-0.1680603
-0.38537598
-0.54463196
-0.5936279
-0.7523651
-0.9574127
-0.91534424
-0.5952301
-0.19042969
0.03967285
0.053512573
0.03753662
0.097732544
0.16802979
0.17176819
0.09187317
-0.0013427734
-0.031173706
-0.010406494
0.030090332
0.06790161
0.050857544
0.007171631
-0.010406494
0.023162842
0.1414032
0.32037354
0.41677856
0.34327698
0.15951538
-0.022659302
-0.053009033
0.08175659
0.30439758
0.5227661
0.5941467
0.47270203
0.31930542
0.27563477
0.30065918
0.3214264
0.30012512
0.25219727
0.20851135
0.15579224
0.08494568
-0.040756226
-0.19789124
-0.26979065
-0.22879028
-0.14781189
-0.12545776
-0.17977905
-0.21279907
-0.14408875
0.033813477
0.22822571
0.235672
0.05885315
-0.099349976
-0.11639404
-0.0934906
-0.25167847
-0.561676
-0.8082886
-0.81521606
-0.545166
-0.17712402
0.06417847
0.15205383
0.17922974
0.16697693
0.12808228
0.083358765
0.005569458
-0.10202026
-0.16220093
-0.12864685
-0.01838684
0.111587524
0.16323853
0.10731506
-0.03543091
-0.23623657
-0.3725891
-0.33424377
-0.14196777
0.090270996
0.27722168
0.3959961
0.39920044
0.36618042
0.4306183
0.5312958
0.58296204
0.5643158
0.4870758
0.37948608
0.19946289
-0.0072021484
-0.122787476
-0.13397217
-0.10307312
-0.10467529
-0.10255432
-0.10095215
-0.16007996
-0.22718811
-0.22612
-0.20214844
-0.21652222
-0.23358154
-0.22824097
-0.1984253
-0.20640564
-0.3076172
-0.38804626
-0.36779785
-0.2303772
-0.028518677
0.12223816
0.18188477
0.18988037
0.16271973
0.06311035
-0.09136963
-0.21760559
-0.2980194
-0.33052063
-0.26660156
-0.1169281
0.07269287
0.24153137
0.3443451
0.3581848
0.3262329
0.3182373
0.32196045
0.30226135
0.26924133
0.24952698
0.23887634
0.26976013
0.2932129
0.2159729
0.1025238
0.09666443
0.16751099
0.23834229
0.2793579
0.22982788
0.11477661
0.012512207
-0.071121216
-0.15473938
-0.18403625
-0.13716125
-0.09402466
-0.06260681
-0.025848389
-0.041305542
-0.057266235
-0.009338379
-0.038101196
-0.21812439
-0.37898254
-0.40667725
-0.3406372
-0.3017578
-0.39282227
-0.5579529
-0.5867157
-0.42211914
-0.1914978
-0.033294678
0.04499817
0.050323486
0.0050354004
-0.056732178
-0.10520935
-0.0977478
-0.09030151
-0.12490845
-0.14408875
-0.09509277
0.0061187744
0.11956787
0.20478821
0.23887634
0.1962738
0.10038757
0.021560669
0.030090332
0.10092163
0.14726257
0.10145569
-0.003479004
-0.07272339
-0.06259155
-0.013061523
-0.0040130615
-0.045562744
-0.097213745
-0.1361084
-0.17977905
-0.2191925
-0.23570251
-0.23304749
-0.22984314
-0.21546936
-0.17019653
-0.11959839
-0.1403656
-0.2772522
-0.39816284
-0.32891846
-0.124923706
-0.05407715
-0.13343811
-0.23570251
-0.24049377
-0.15527344
-0.12171936
-0.23783875
-0.46366882
-0.6474304
-0.64263916
-0.448761
-0.22505188
-0.087631226
-0.019989014
0.046066284
0.07801819
0.015167236
-0.12438965
-0.28364563
-0.39016724
-0.39762878
-0.34010315
-0.31080627
-0.3587494
-0.42158508
-0.45780945
-0.4844513
-0.48231506
-0.434906
-0.2618103
0.04499817
0.27722168
0.32463074
0.23461914
0.1456604
0.13768005
0.1451416
0.10998535
0.041275024
-0.011459351
-0.04396057
-0.08123779
-0.18510437
-0.31027222
-0.33477783
-0.28683472
-0.21228027
-0.12490845
-0.14622498
-0.18191528
-0.26820374
-0.29908752
-0.11373901
0.15898132
0.2591095
0.050857544
-0.32731628
-0.5648651
-0.6074829
-0.6623535
-0.7986908
-0.92492676
-0.95635986
-0.88497925
-0.7310486
-0.6383667
-0.68258667
-0.83651733
-0.9947052
-1.0447693
-1.0074921
-0.9947052
-1.0415802
-1.053833
-0.9888458
-0.9062805
-0.85302734
-0.82214355
-0.7688751
-0.67033386
-0.51000977
-0.29055786
-0.15794373
-0.16592407
-0.20108032
-0.18403625
-0.18830872
-0.2538147
-0.31347656
-0.3022766
-0.24316406
-0.2191925
-0.27990723
-0.40081787
-0.51161194
-0.55955505
-0.6117401
-0.6948395
-0.7363739
-0.6863098
-0.64476013
-0.6889801
-0.8301239
-0.9254608
-0.7955017
-0.5499573
-0.5419769
-0.84609985
-1.0799255
-1.086853
-0.97979736
-0.8578186
-0.8370514
-0.85302734
-0.7971039
-0.7102814
-0.6442261
-0.60961914
-0.514801
-0.31452942
-0.13183594
-0.0892334
-0.15527344
-0.25967407
-0.3645935
-0.42478943
-0.4460907
-0.47805786
-0.47966003
-0.42160034
-0.35554504
-0.32572937
-0.34809875
-0.4429016
-0.54196167
-0.5025635
-0.35447693
-0.27246094
-0.32199097
-0.418396
-0.49775696
-0.5414276
-0.53079224
-0.49775696
-0.4610138
-0.40135193
-0.43011475
-0.5936432
-0.6990967
-0.6990967
-0.7310486
-0.78271484
-0.78538513
-0.75927734
-0.75608826
-0.7379761
-0.6522217
-0.594162
-0.69377136
-0.8519592
-0.90097046
-0.8588867
-0.8077545
-0.78538513
-0.76034546
-0.7086792
-0.61387634
-0.51374817
-0.45248413
-0.40934753
-0.38163757
-0.3592682
-0.3006897
-0.21174622
-0.15687561
-0.14675903
-0.16113281
-0.19096375
-0.19628906
-0.1254425
0.011978149
0.1259613
0.15151978
0.16218567
0.20532227
0.24633789
0.31930542
0.38536072
0.38641357
0.35765076
0.26817322
0.1770935
0.15525818
0.17549133
0.23355103
0.31504822
0.33528137
0.25698853
0.18934631
0.18667603
0.13500977
-0.021057129
-0.14889526
-0.14303589
-0.101486206
-0.15901184
-0.2618103
-0.26127625
-0.106277466
-0.029037476
-0.16912842
-0.3683319
-0.4114685
-0.2841797
-0.13822937
-0.14355469
-0.27192688
-0.37472534
-0.33796692
-0.13717651
0.03488159
0.023162842
-0.106277466
-0.22665405
-0.2618103
-0.23677063
-0.21865845
-0.22612
-0.21600342
-0.1723175
-0.1211853
-0.05407715
0.04286194
0.23194885
0.46684265
0.64741516
0.6681824
0.5201111
0.34379578
0.18667603
0.17123413
0.28201294
0.31930542
0.24794006
0.20265198
0.22929382
0.28201294
0.3086548
0.28840637
0.20211792
0.08973694
0.012512207
-0.020523071
-0.029037476
-0.017868042
-0.05142212
-0.16433716
-0.28683472
-0.3022766
-0.2346344
-0.17605591
-0.15422058
-0.16645813
-0.32199097
-0.58883667
-0.7331848
-0.707077
-0.5030823
-0.20214844
0.014633179
0.10731506
0.16430664
0.21704102
0.25271606
0.24420166
0.14620972
-0.025314331
-0.15740967
-0.14888
-0.020523071
0.08015442
0.062042236
-0.021057129
-0.09829712
-0.11639404
-0.06312561
0.0013122559
0.06311035
0.19520569
0.33901978
0.41252136
0.3965454
0.31237793
0.21864319
0.18081665
0.18721008
0.18881226
0.2037201
0.22555542
0.21917725
0.200531
0.18241882
0.17495728
0.15951538
0.08441162
-0.0743103
-0.15367126
-0.050872803
0.08229065
0.0710907
-0.023712158
-0.03010559
0.010375977
-0.040771484
-0.14302063
-0.18403625
-0.12971497
-0.0849762
-0.18617249
-0.3672638
-0.6165314
-0.74650574
-0.59788513
-0.35128784
-0.26127625
-0.40827942
-0.54888916
-0.4615326
-0.19096375
0.02848816
-2.89917E-4
-0.13929749
-0.040756226
0.22343445
0.31930542
0.15898132
-0.066329956
-0.11639404
0.043395996
0.20639038
0.2862854
0.24259949
0.083343506
-0.006668091
0.12808228
0.23675537
0.116378784
-0.07218933
-0.021057129
0.15046692
0.20851135
0.10838318
0.11584473
0.26445007
0.40559387
0.43647766
0.37789917
0.28042603
0.22608948
0.2505951
0.3086548
0.42956543
0.42956543
0.2628479
0.14300537
0.15737915
0.19573975
0.1685791
0.05404663
-0.06312561
-0.09881592
0.0077056885
0.18455505
0.23143005
0.15791321
0.09880066
0.11956787
0.15844727
0.11691284
-0.16859436
-0.530777
-0.6367798
-0.5020294
-0.24156189
-0.06845093
-0.12171936
-0.3214569
-0.46420288
-0.45941162
-0.3683319
-0.28736877
-0.19470215
-0.0849762
0.05618286
0.19520569
0.2740326
0.27349854
0.22076416
0.14886475
0.06896973
0.041809082
0.05618286
0.041275024
-0.008804321
-0.05407715
-0.07272339
-0.07644653
-0.08177185
-0.07165527
-0.0050811768
0.15205383
0.39653015
0.585083
0.6138611
0.5568695
0.45033264
0.3139801
0.20639038
0.1568451
0.13287354
0.11689758
0.12223816
0.11477661
0.099853516
0.09931946
0.09719849
0.06364441
-0.0029449463
-0.059402466
-0.06472778
-0.024780273
-0.0040130615
-0.048217773
-0.113204956
-0.1281128
-0.026916504
0.12489319
0.16377258
0.015701294
-0.22505188
-0.39337158
-0.42585754
-0.31987
-0.09988403
0.12808228
0.25698853
0.2628479
0.13075256
-0.057800293
-0.19308472
-0.24263
-0.20321655
-0.10467529
-0.017333984
-0.008804321
-0.061538696
-0.13078308
-0.2149353
-0.33477783
-0.465271
-0.5414276
-0.56007385
-0.50468445
-0.36886597
-0.2111969
-0.05621338
0.0982666
0.22982788
0.282547
0.29426575
0.38587952
0.5488739
0.69747925
0.711853
0.5712433
0.36138916
0.20585632
0.15472412
0.1174469
0.03488159
-0.053009033
-0.05621338
0.024765015
0.09931946
0.11477661
0.12489319
0.15579224
0.15205383
0.0790863
-0.031707764
-0.13343811
-0.19628906
-0.21014404
-0.21279907
-0.27885437
-0.41734314
-0.50735474
-0.43011475
-0.25595093
-0.15475464
-0.20588684
-0.3315735
-0.34649658
-0.2580719
-0.17124939
-0.17710876
-0.21865845
-0.24795532
-0.22132874
-0.10681152
0.0135650635
0.06097412
0.024230957
-0.06793213
-0.1680603
-0.23677063
-0.2735138
-0.28364563
-0.2495575
-0.17019653
-0.07965088
0.008773804
0.111587524
0.21916199
0.345932
0.47270203
0.5472717
0.56591797
0.535553
0.43701172
0.2905426
0.230896
0.29161072
0.31770325
0.20159912
0.06790161
0.07055664
0.15205383
0.16856384
0.09080505
0.003982544
-0.03489685
-0.050354004
-0.041290283
-0.03491211
-0.0695343
-0.13822937
-0.19096375
-0.21707153
-0.20640564
-0.1643219
-0.16699219
-0.30174255
-0.45248413
-0.45780945
-0.30706787
-0.09509277
0.05192566
0.08547974
0.0513916
0.0471344
0.0940094
0.12754822
0.09187317
0.040740967
0.023162842
0.04660034
0.08441162
0.08761597
0.016235352
-0.11639404
-0.25967407
-0.35661316
-0.40455627
-0.41680908
-0.37365723
-0.26979065
-0.16859436
-0.13076782
-0.07858276
0.009841919
0.08547974
0.17495728
0.2894745
0.38694763
0.41944885
0.36990356
0.29000854
0.26550293
0.2937317
0.30332947
0.29533386
0.3027954
0.35604858
0.4316864
0.49134827
0.47535706
0.36138916
0.21917725
0.1174469
0.071640015
0.078552246
0.062576294
0.003982544
-0.040222168
-0.041290283
-0.010406494
-0.0072021484
-0.08869934
-0.26660156
-0.43597412
-0.49775696
-0.35021973
-0.06686401
0.1217041
0.14353943
0.03488159
-0.10734558
-0.19682312
-0.22612
-0.19682312
-0.124923706
-0.05407715
-0.013595581
0.003982544
0.0077056885
-0.013061523
-0.07325745
-0.1403656
-0.16752625
-0.15740967
-0.12545776
-0.09509277
-0.05886841
0.012512207
0.123291016
0.18348694
0.15951538
0.15045166
0.22608948
0.33581543
0.38002014
0.32781982
0.23674011
0.23355103
0.3113098
0.32409668
0.23568726
0.13128662
0.09719849
0.1563263
0.20957947
0.200531
0.14300537
0.071640015
0.03062439
0.007171631
-0.009338379
-0.048217773
-0.1126709
-0.1717987
-0.22451782
-0.27618408
-0.3683319
-0.47538757
-0.5110779
-0.42851257
-0.27352905
-0.14515686
-0.07858276
-0.13237
-0.34436035
-0.6335907
-0.7709961
-0.64263916
-0.3864441
-0.15899658
-0.014663696
0.11264038
0.23674011
0.2601776
0.14993286
-0.015197754
-0.1446228
-0.22558594
-0.2548828
-0.24581909
-0.22026062
-0.1558075
-0.064193726
0.06364441
0.17123413
0.25645447
0.376297
0.4284973
0.4386139
0.48069763
0.4812317
0.42210388
0.31079102
0.19680786
0.12489319
0.11210632
0.090270996
0.09454346
0.14672852
0.16430664
0.12223816
0.11477661
0.1328888
0.10517883
0.05618286
0.043411255
0.06311035
0.07801819
0.07696533
0.06523132
0.08282471
0.11264038
0.10891724
-0.02796936
-0.3518219
-0.60162354
-0.52812195
-0.24902344
-0.05407715
-0.017333984
-0.09828186
-0.20535278
-0.26872253
-0.31559753
-0.36193848
-0.39816284
-0.4237213
-0.4098816
-0.3353119
-0.23623657
-0.18937683
-0.20428467
-0.24209595
-0.20535278
-0.042892456
0.10305786
0.036483765
-0.21546936
-0.4263916
-0.46420288
-0.26766968
0.0013122559
0.14353943
0.24313354
0.44766235
0.72943115
0.88708496
0.838089
0.60105896
0.28042603
0.034347534
-0.064193726
-8.087158E-4
0.11956787
0.16644287
0.13981628
0.15206909
0.22290039
0.24313354
0.21278381
0.22822571
0.23674011
0.19306946
0.123291016
0.06097412
0.019973755
-0.01838684
-0.041290283
0.055648804
0.2708435
0.4194336
0.37469482
0.10517883
-0.19256592
-0.30708313
-0.23623657
-0.10095215
-0.04928589
-0.07751465
-0.10202026
-0.1126709
-0.13450623
-0.19256592
-0.2538147
-0.2660675
-0.19895935
-0.07911682
0.03062439
0.1179657
0.16590881
0.16537476
0.11956787
0.069503784
0.1179657
0.26870728
0.20478821
-0.08602905
-0.37738037
-0.35394287
-0.14888
-0.06472778
0.010910034
-0.011474609
-0.031707764
0.024230957
0.057785034
0.03807068
0.0029144287
-0.012008667
-0.040756226
-0.13397217
-0.31985474
-0.48657227
-0.57925415
-0.59950256
-0.5925598
-0.60801697
-0.6202698
-0.624527
-0.62345886
-0.6287842
-0.6117401
-0.5851135
-0.6053467
-0.65701294
-0.6911011
-0.7102814
-0.77420044
-0.93717957
-1.0831146
-1.0421143
-0.9222717
-0.9851227
-1.2056274
-1.2881927
-1.1411743
-1.0138855
-1.1411896
-1.4144135
-1.5854034
-1.468216
-1.1353302
-0.8178711
-0.6953583
-0.72946167
-0.8082886
-0.82691956
-0.7768707
-0.74757385
-0.8109436
-0.88604736
-0.88871765
-0.83065796
-0.7736664
-0.7667389
-0.79496765
-0.78538513
-0.704422
-0.6021576
-0.5691376
-0.6021576
-0.61920166
-0.6154785
-0.6639404
-0.85728455
-1.0916443
-1.1848602
-1.1310577
-1.0122833
-0.9116211
-0.84291077
-0.79922485
-0.8056183
-0.87646484
-0.990448
-1.102829
-1.1848602
-1.2146912
-1.1289368
-0.9451752
-0.8551636
-0.9425049
-1.037323
-0.9813843
-0.831192
-0.74757385
-0.87965393
-1.1172028
-1.1768646
-1.0431671
-0.8162689
-0.7305145
-0.849823
-0.94836426
-0.927063
-0.8658142
-0.83065796
-0.8556824
-0.93984985
-0.96061707
-0.861557
-0.71347046
-0.6287842
-0.6378479
-0.67193604
-0.67033386
-0.6154785
-0.5345154
-0.43544006
-0.35235596
-0.3486328
-0.448761
-0.5313263
-0.528656
-0.52279663
-0.56700134
-0.6708679
-0.8205414
-0.92652893
-0.91748047
-0.8519592
-0.84342957
-0.91960144
-0.9973755
-1.0096283
-0.957428
-0.9403839
-1.009079
-1.0762024
-1.1113586
-1.1651459
-1.2317352
-1.2860565
-1.3494415
-1.3936462
-1.3664856
-1.230133
-1.0479736
-0.9957733
-1.1784668
-1.5001678
-1.7052307
-1.7308044
-1.5518341
-1.2168121
-0.9222717
-0.8189392
-0.83865356
-0.92066956
-1.0660858
-1.2216034
-1.2743378
-1.2279968
-1.1592865
-1.0916443
-1.0415802
-1.020813
-1.006424
-0.95422363
-0.8279877
-0.6442261
-0.50361633
-0.42745972
-0.4530182
-0.5936279
-0.7054901
-0.6831207
-0.50468445
-0.37791443
-0.434906
-0.5259857
-0.5350342
-0.5068207
-0.48284912
-0.4626007
-0.44129944
-0.4194641
-0.3907013
-0.36087036
-0.35289
-0.36619568
-0.3821869
-0.39762878
-0.4253235
-0.4998932
-0.59895325
-0.6437073
-0.5867157
-0.51960754
-0.5962982
-0.76460266
-0.7848511
-0.6064148
-0.3630066
-0.21759033
-0.2623291
-0.39283752
-0.47431946
-0.47857666
-0.44822693
-0.40507507
-0.38909912
-0.42266846
-0.41999817
-0.36247253
-0.31401062
-0.2980194
-0.29162598
-0.32466125
-0.4418335
-0.5414276
-0.5249176
-0.37898254
-0.05567932
0.32676697
0.38375854
0.10412598
-0.045547485
0.22929382
0.6255646
0.6527405
0.23674011
-0.20214844
-0.2383728
0.104660034
0.3379364
0.27189636
0.08654785
0.03062439
0.101989746
0.101989746
-0.02798462
-0.113204956
-0.031707764
0.12435913
0.2548523
0.15045166
0.011444092
-0.022659302
-0.09030151
-0.32199097
-0.47964478
-0.41893005
-0.23304749
-0.046081543
0.043930054
0.06736755
0.09399414
0.1222229
0.086013794
-0.013061523
-0.13664246
-0.2383728
-0.22505188
-0.12385559
-0.03916931
-0.021057129
-0.0466156
-0.10360718
-0.15315247
-0.17871094
-0.19470215
-0.19363403
-0.19735718
-0.21226501
-0.23197937
-0.22665405
-0.106277466
0.11531067
0.30545044
0.38801575
0.4247589
0.48335266
0.53182983
0.4774933
0.31344604
0.15312195
0.07215881
0.062576294
0.062042236
0.01890564
-0.012527466
0.021026611
0.101989746
0.15419006
0.15579224
0.15686035
0.17442322
0.20213318
0.17921448
0.052459717
-0.12225342
-0.16752625
-0.068984985
0.0748291
0.092941284
-0.13131714
-0.418396
-0.50787354
-0.35128784
-0.11534119
-0.012008667
-0.08177185
-0.21226501
-0.25009155
-0.20854187
-0.14250183
-0.059402466
0.011444092
0.040740967
0.02848816
-0.006134033
-0.06526184
-0.11959839
-0.1281128
-0.11160278
-0.09295654
-0.075912476
-0.06365967
-0.057800293
-0.06472778
-0.06526184
0.038604736
0.2905426
0.57762146
0.7544708
0.79548645
0.7288971
0.58454895
0.44021606
0.3320923
0.24845886
0.17762756
0.104644775
0.057785034
0.069503784
0.13128662
0.153656
0.0705719
-0.06260681
-0.15048218
-0.1914978
-0.23783875
-0.22132874
-0.07698059
0.10305786
0.20158386
0.1605835
0.06364441
-0.019454956
-0.16273499
-0.41574097
-0.65382385
-0.66075134
-0.42585754
-0.18084717
-0.0849762
-0.14941406
-0.2745819
-0.388031
-0.48124695
-0.49084473
-0.3672638
-0.17658997
-0.001876831
0.13395691
0.19360352
0.1690979
0.09080505
0.023162842
-0.0098724365
-0.020523071
-0.012008667
-0.008804321
-0.036499023
-0.06314087
-0.038101196
0.086013794
0.2543335
0.41784668
0.5701752
0.73475647
0.8556671
0.86364746
0.7267761
0.5174408
0.3448639
0.2559204
0.23355103
0.24526978
0.27243042
0.2436676
0.1845398
0.17230225
0.21276855
0.22343445
0.14779663
0.06578064
0.04499817
0.08015442
0.21064758
0.37948608
0.4119873
0.30651855
0.14672852
-0.021057129
-0.21812439
-0.40242004
-0.42425537
-0.2538147
-0.08177185
-0.099349976
-0.24263
-0.37738037
-0.4540863
-0.4530182
-0.39709473
-0.34170532
-0.31506348
-0.26339722
-0.195755
-0.17285156
-0.21333313
-0.29589844
-0.39230347
-0.4610138
-0.5041504
-0.5238495
-0.48017883
-0.355011
-0.20054626
-0.11213684
-0.102005005
-0.08016968
-0.014663696
0.1025238
0.2655182
0.470047
0.60054016
0.5808258
0.44126892
0.26231384
0.13874817
0.090270996
0.041275024
-0.03968811
-0.10467529
-0.10095215
-0.038635254
0.003982544
-0.015731812
-0.06845093
-0.1084137
-0.14515686
-0.19628906
-0.20481873
-0.13769531
0.025817871
0.23568726
0.3805542
0.40878296
0.30332947
0.04234314
-0.30441284
-0.5190582
-0.46473694
-0.2149353
-0.0029449463
0.04020691
-0.07751465
-0.25434875
-0.38272095
-0.41467285
-0.3821869
-0.36886597
-0.35821533
-0.32092285
-0.23303223
-0.102005005
-0.006134033
-0.022125244
-0.12171936
-0.21279907
-0.22505188
-0.1877594
-0.15420532
-0.14195251
-0.1211853
-0.04875183
0.07536316
0.2862854
0.51690674
0.6346283
0.6143799
0.566452
0.55952454
0.58029175
0.5888214
0.5211792
0.36297607
0.18507385
0.025817871
-0.10574341
-0.17764282
-0.19096375
-0.15740967
-0.10786438
-0.07537842
-0.10202026
-0.17338562
-0.20321655
-0.15794373
-0.11160278
-0.1403656
-0.24581909
-0.31347656
-0.27352905
-0.2234497
-0.25967407
-0.31399536
-0.30654907
-0.26927185
-0.25061035
-0.23944092
-0.17071533
-0.022644043
0.10092163
0.13926697
0.09719849
0.0045166016
-0.11000061
-0.1872406
-0.15901184
-0.080703735
-0.041290283
-0.02796936
0.013031006
0.03541565
-0.014129639
-0.13822937
-0.2799225
-0.3203888
-0.26339722
-0.14355469
-0.06951904
-0.050872803
0.0034484863
0.08175659
0.16218567
0.22557068
0.33155823
0.568573
0.838089
0.9376831
0.838089
0.582428
0.32302856
0.17921448
0.137146
0.14193726
0.12384033
0.09187317
0.08229065
0.09666443
0.12435913
0.15791321
0.1648407
0.14247131
0.10891724
0.09187317
0.116363525
0.17762756
0.2862854
0.42422485
0.47909546
0.4354248
0.34007263
0.2585907
0.09399414
-0.20108032
-0.4152069
-0.44929504
-0.3438263
-0.24316406
-0.24209595
-0.27778625
-0.25700378
-0.21865845
-0.2234497
-0.2500763
-0.2548828
-0.23995972
-0.24316406
-0.30708313
-0.38484192
-0.44023132
-0.49668884
-0.575531
-0.63357544
-0.62931824
-0.55049133
-0.41093445
-0.25860596
-0.108932495
0.09613037
0.33155823
0.5115814
0.5946808
0.5808258
0.5211792
0.43754578
0.32409668
0.25112915
0.21383667
0.19093323
0.15258789
0.08387756
0.021026611
0.014633179
0.009841919
-0.04449463
-0.07484436
-0.048217773
-0.027450562
-0.019989014
-0.0013427734
0.017837524
0.005050659
-0.031173706
0.01890564
0.05831909
-0.022659302
-0.15901184
-0.19468689
-0.14888
-0.22132874
-0.34703064
-0.42160034
-0.40402222
-0.28311157
-0.11532593
-2.746582E-4
0.029556274
0.019958496
-0.033828735
-0.1765747
-0.32678223
-0.355011
-0.29003906
-0.20428467
-0.11853027
-0.03543091
0.017837524
0.01889038
-0.014129639
-0.040222168
-0.054611206
-0.06951904
-0.09828186
-0.11639404
-0.113204956
-0.13237
-0.1984253
-0.24263
-0.22772217
-0.16752625
-0.066329956
0.032226562
0.1605835
0.3496704
0.5366211
0.64634705
0.64208984
0.50146484
0.33901978
0.26071167
0.24261475
0.20799255
0.13768005
0.08866882
0.09559631
0.12542725
0.16004944
0.184021
0.20692444
0.23248291
0.2314148
0.21278381
0.21064758
0.19786072
0.17123413
0.16644287
0.16377258
0.07962036
-0.15953064
-0.4157257
-0.5275879
-0.5664673
-0.512146
-0.39762878
-0.30334473
-0.25328064
-0.25860596
-0.31134033
-0.33796692
-0.30973816
-0.27139282
-0.2069397
-0.11425781
-0.033843994
-0.006134033
-0.033309937
-0.054611206
-0.059402466
-0.059402466
-0.055145264
-0.09562683
-0.15794373
-0.18936157
-0.12597656
-0.003479004
0.045532227
-0.004547119
-0.03437805
0.014099121
0.12861633
0.20692444
0.2197113
0.2782898
0.42636108
0.55526733
0.54408264
0.39334106
0.22502136
0.12435913
0.1179657
0.1648407
0.20425415
0.24526978
0.28201294
0.26231384
0.13873291
-0.0231781
-0.15208435
-0.21760559
-0.23890686
-0.23997498
-0.21812439
-0.19735718
-0.21707153
-0.25701904
-0.27192688
-0.26553345
-0.25860596
-0.29536438
-0.31985474
-0.2500763
-0.092422485
0.06311035
0.08547974
-0.030639648
-0.20800781
-0.34275818
-0.37419128
-0.2926941
-0.19309998
-0.07165527
0.002380371
-0.03543091
-0.05088806
-0.13822937
-0.272995
-0.3645935
-0.38430786
-0.37739563
-0.34754944
-0.28897095
-0.17445374
-0.015197754
0.15151978
0.2713623
0.30545044
0.28788757
0.19573975
0.0061035156
-0.1211853
-0.053009033
0.17230225
0.3347473
0.35446167
0.28042603
0.2351532
0.2548523
0.30918884
0.33422852
0.27723694
0.1451416
0.018371582
-0.03437805
-0.015197754
0.015182495
0.005050659
-0.019989014
-0.017318726
-0.0072021484
-0.06100464
-0.19256592
-0.31559753
-0.30281067
-0.2106781
-0.2346344
-0.34329224
-0.35289
-0.1984253
-0.013595581
0.05671692
-0.033843994
-0.17552185
-0.22825623
-0.15101624
-0.031173706
0.010375977
-0.013061523
-0.029037476
-0.043426514
-0.07698059
-0.120666504
-0.14302063
-0.117996216
-0.03437805
0.074295044
0.19306946
0.28894043
0.32144165
0.31611633
0.27989197
0.20904541
0.14407349
0.09880066
0.08229065
0.10571289
0.15312195
0.2671051
0.3816223
0.43701172
0.4274292
0.38801575
0.36297607
0.37522888
0.4008026
0.42477417
0.42370605
0.4077301
0.33795166
0.20851135
0.08920288
0.012512207
-0.0098724365
-0.003479004
-0.01626587
-0.052474976
-0.07537842
-0.05088806
-0.01626587
0.016235352
0.035949707
-0.014663696
-0.14569092
-0.25328064
-0.26818848
-0.17285156
-0.064193726
-2.746582E-4
0.026351929
0.048187256
0.0982666
0.18934631
0.24899292
0.3059845
0.35125732
0.3251648
0.26924133
0.25273132
0.26924133
0.26338196
0.27082825
0.31877136
0.44340515
0.63409424
0.7534027
0.7826996
0.82211304
0.86950684
0.8865509
0.9147949
0.9084015
0.79174805
0.65379333
0.6388855
0.824234
1.091629
1.267395
1.2546082
1.1230469
1.0325012
1.0660553
1.1704407
1.2024078
1.1203766
1.0154572
0.97550964
0.9542084
0.8838959
0.7789612
0.68255615
0.6266327
0.62290955
0.6330261
0.6175842
0.60905457
0.6277008
0.67030334
0.67404175
0.46044922
0.15100098
0.10145569
0.2740326
0.4439392
0.46844482
0.31663513
0.1648407
0.1648407
0.28468323
0.423172
0.4993286
0.5435486
0.5621948
0.5909424
0.66018677
0.71131897
0.71717834
0.69322205
0.6681824
0.70706177
0.78749084
0.87164307
0.96539307
1.0506134
1.0852356
1.0740509
0.97550964
0.8572693
0.9142456
1.030365
1.1768494
1.2567444
1.171524
1.0292969
0.9606018
0.9270477
0.88549805
0.8103943
0.6857605
0.5978699
0.598938
0.6473999
0.6655121
0.5930786
0.4908142
0.48442078
0.54566956
0.62449646
0.69480896
0.7193146
0.6889496
0.55366516
0.27615356
-0.019454956
-0.09828186
0.018371582
0.21330261
0.25326538
0.13128662
0.083343506
0.12649536
0.20425415
0.22290039
0.20213318
0.20478821
0.22183228
0.22822571
0.19573975
0.13182068
0.090270996
0.09347534
0.14353943
0.20425415
0.26231384
0.31504822
0.33102417
0.3773651
0.4993286
0.56803894
0.4242401
0.15419006
0.10891724
0.28149414
0.4785614
0.5765686
0.47642517
0.2585907
0.16271973
0.21064758
0.30545044
0.32781982
0.2836151
0.184021
0.086013794
0.04446411
0.026885986
-0.010925293
-0.050354004
-0.10467529
-0.15953064
-0.17178345
-0.14888
-0.14303589
-0.16273499
-0.18084717
-0.22665405
-0.3587494
-0.46047974
-0.40135193
-0.20480347
-0.09402466
-0.1558075
-0.2745819
-0.35342407
-0.308136
-0.14888
0.0018463135
0.057250977
0.029022217
-0.045028687
-0.11425781
-0.13078308
-0.08123779
-0.013061523
0.01890564
0.04499817
0.11584473
0.21224976
0.26550293
0.27722168
0.3017273
0.3832245
0.45033264
0.40931702
0.28149414
0.16697693
0.10145569
0.052459717
0.111572266
0.22024536
0.26071167
0.25752258
0.22557068
0.19946289
0.18188477
0.16751099
0.16590881
0.10998535
0.003982544
-0.09295654
-0.16912842
-0.22239685
-0.25541687
-0.27297974
-0.22984314
-0.12438965
-0.03491211
-0.012008667
-0.06047058
-0.08604431
-0.023712158
-0.05354309
-0.2815094
-0.55155945
-0.55422974
-0.34649658
-0.17605591
-0.16752625
-0.3645935
-0.62187195
-0.76194763
-0.70228577
-0.45195007
-0.17552185
-0.05619812
-0.09828186
-0.18191528
-0.25274658
-0.29908752
-0.28630066
-0.26872253
-0.25434875
-0.19309998
-0.075912476
0.06629944
0.24526978
0.42156982
0.5201111
0.5430145
0.48760986
0.376297
0.2351532
0.13182068
0.08973694
0.106781006
0.1685791
0.25112915
0.3454132
0.43222046
0.46897888
0.4316864
0.33421326
0.22981262
0.153656
0.10359192
0.055648804
-0.020523071
-0.12225342
-0.17445374
-0.13397217
-0.09616089
-0.11746216
-0.18138123
-0.21546936
-0.13929749
-0.06951904
-0.18510437
-0.4098816
-0.5094757
-0.3960266
-0.17285156
-0.06365967
-0.16645813
-0.3438263
-0.41467285
-0.33210754
-0.1600647
-0.04396057
-0.017868042
-0.047683716
-0.10467529
-0.16326904
-0.16752625
-0.12597656
-0.08816528
-0.054611206
-0.017318726
0.050323486
0.14460754
0.24794006
0.33422852
0.35925293
0.33155823
0.2655182
0.1882782
0.14300537
0.1302185
0.13075256
0.14459229
0.18455505
0.25112915
0.3054657
0.32463074
0.3017273
0.24047852
0.19093323
0.13980103
0.062042236
-0.029037476
-0.08869934
-0.082839966
-0.064193726
-0.11213684
-0.22718811
-0.32678223
-0.3203888
-0.18670654
0.0029144287
0.10411072
0.01890564
-0.23942566
-0.47698975
-0.58032227
-0.53930664
-0.37791443
-0.23942566
-0.16113281
-0.03224182
0.17655945
0.3304901
0.32835388
0.22076416
0.099853516
-0.0013427734
-0.089767456
-0.1835022
-0.23890686
-0.21066284
-0.124923706
-0.027450562
0.03327942
0.042877197
0.019439697
-8.239746E-4
-0.008804321
0.002380371
0.005050659
-0.0098724365
0.0236969
0.08175659
0.15472412
0.24313354
0.32730103
0.38108826
0.36351013
0.2974701
0.2548523
0.2697754
0.29852295
0.3027954
0.2708435
0.18507385
0.062576294
-0.07165527
-0.18563843
-0.22398376
-0.19203186
-0.18403625
-0.22079468
-0.27618408
-0.3368988
-0.32252502
-0.18457031
-0.048217773
-0.0657959
-0.25169373
-0.40242004
-0.4098816
-0.289505
-0.16326904
-0.16433716
-0.22239685
-0.2234497
-0.13771057
-0.014663696
0.048202515
0.029556274
-0.03277588
-0.097229004
-0.16912842
-0.25753784
-0.3315735
-0.35235596
-0.2937622
-0.15315247
-0.0050811768
0.09347534
0.1728363
0.21862793
0.24687195
0.31451416
0.38482666
0.40878296
0.37416077
0.3693695
0.4151764
0.4620514
0.46577454
0.39015198
0.2894745
0.24101257
0.24687195
0.24952698
0.24580383
0.22236633
0.1925354
0.14672852
0.06097412
-0.03489685
-0.066329956
-0.06951904
-0.03491211
0.07322693
0.12542725
0.03753662
-0.11053467
-0.2149353
-0.29588318
-0.40242004
-0.5132141
-0.57232666
-0.51586914
-0.32891846
-0.09562683
0.008239746
-0.0977478
-0.26979065
-0.32359314
-0.22665405
-0.10095215
-0.035964966
-0.03277588
-0.13130188
-0.2618103
-0.30441284
-0.24528503
-0.2980194
-0.5259857
-0.73532104
-0.7411804
-0.4972229
-0.13131714
0.15046692
0.26870728
0.3166504
0.40559387
0.5488739
0.6692352
0.66178894
0.5605774
0.4082489
0.3097229
0.2793579
0.20265198
0.15258789
0.17602539
0.24473572
0.35925293
0.46844482
0.4940033
0.3581848
0.10571289
-0.13769531
-0.30441284
-0.33903503
-0.23942566
-0.13290405
-0.10786438
-0.17605591
-0.22612
-0.10467529
0.03807068
-0.06100464
-0.39923096
-0.76194763
-0.90841675
-0.8066864
-0.5078888
-0.19096375
0.0146484375
0.1222229
0.16590881
0.2037201
0.19041443
0.13287354
0.11477661
0.09719849
0.03753662
-0.0231781
-0.056747437
-0.09295654
-0.17391968
-0.25541687
-0.20800781
-0.03491211
0.12809753
0.20799255
0.2351532
0.28149414
0.34806824
0.36457825
0.31132507
0.2543335
0.21383667
0.21757507
0.21757507
0.19039917
0.19041443
0.23887634
0.2702942
0.24580383
0.18614197
0.12649536
0.08280945
0.013046265
-0.08444214
-0.18563843
-0.23944092
-0.19682312
-0.11479187
-0.089767456
-0.17126465
-0.2495575
-0.1558075
-0.013061523
-0.059936523
-0.2825775
-0.47273254
-0.47485352
-0.34649658
-0.24102783
-0.25115967
-0.25753784
-0.16166687
0.0034484863
0.104644775
0.017837524
-0.17285156
-0.2745819
-0.2660675
-0.2341156
-0.24102783
-0.3161316
-0.3241272
-0.20533752
-0.015197754
0.20213318
0.392807
0.5259552
0.55792236
0.4812317
0.44233704
0.51264954
0.5808258
0.568573
0.45991516
0.266037
0.13235474
0.09454346
0.1217041
0.19200134
0.2505951
0.30438232
0.3347473
0.3555298
0.33262634
0.18455505
-0.03703308
-0.21014404
-0.306015
-0.3203888
-0.3049469
-0.3630066
-0.45036316
-0.50787354
-0.4583435
-0.3837738
-0.46473694
-0.60375977
-0.58618164
-0.38804626
-0.12013245
0.014099121
-0.039154053
-0.15420532
-0.19682312
-0.111068726
0.03807068
0.08494568
0.060440063
0.03062439
-0.027450562
-0.10574341
-0.195755
-0.26872253
-0.25061035
-0.15847778
-0.05088806
0.057785034
0.17388916
0.2740326
0.345932
0.40559387
0.46418762
0.521698
0.5227661
0.46472168
0.39866638
0.3837433
0.34913635
0.2836151
0.31504822
0.47270203
0.5904083
0.52171326
0.35446167
0.20266724
0.10624695
0.0029144287
-0.14622498
-0.31933594
-0.44822693
-0.46899414
-0.4109497
-0.44396973
-0.5899048
-0.6799164
-0.56433105
-0.45568848
-0.49775696
-0.56700134
-0.5622101
-0.42160034
-0.23197937
-0.14888
-0.1914978
-0.2841797
-0.34542847
-0.3241272
-0.23144531
-0.1281128
-0.0743103
-0.07537842
-0.09402466
-0.08444214
-0.085494995
-0.12171936
-0.13024902
-0.03010559
0.12915039
0.28096008
0.41464233
0.48335266
0.48388672
0.4631195
0.4940033
0.5073242
0.42529297
0.31558228
0.22822571
0.17602539
0.18241882
0.15951538
0.08174133
0.057785034
0.12649536
0.2894745
0.39387512
0.3320923
0.18188477
0.019439697
-0.11639404
-0.20960999
-0.26766968
-0.3092041
-0.40081787
-0.49935913
-0.48976135
-0.32891846
-0.09509277
0.10784912
0.08868408
-0.19895935
-0.5195923
-0.61068726
-0.48391724
-0.29216003
-0.24423218
-0.3251953
-0.37686157
-0.30973816
-0.16645813
-0.026382446
0.03060913
-0.006134033
-0.06472778
-0.10041809
-0.13024902
-0.12704468
-0.07165527
0.011444092
0.11691284
0.20106506
0.25486755
0.266037
0.26391602
0.28414917
0.2985382
0.28414917
0.30439758
0.31451416
0.3486023
0.4466095
0.5099945
0.45832825
0.34274292
0.2697754
0.32037354
0.4039917
0.41464233
0.3640442
0.2793579
0.17549133
0.042877197
-0.11053467
-0.2303772
-0.27139282
-0.28578186
-0.27246094
-0.19363403
-0.115859985
-0.108932495
-0.15634155
-0.19789124
-0.13504028
-0.051940918
-0.06686401
-0.14994812
-0.21598816
-0.23730469
-0.22718811
-0.2538147
-0.24635315
-0.26446533
-0.4002838
-0.41467285
-0.27404785
-0.15101624
-0.14302063
-0.20854187
-0.29216003
-0.33317566
-0.30122375
-0.18457031
-0.053009033
0.008773804
0.009307861
0.041809082
0.1493988
0.2601776
0.28681946
0.19573975
0.10038757
0.05404663
0.03541565
0.06524658
0.2037201
0.39387512
0.5019989
0.5062561
0.49772644
0.5504761
0.63835144
0.68948364
0.6356964
0.49293518
0.26924133
0.03062439
-0.12545776
-0.1765747
-0.16113281
-0.17391968
-0.26872253
-0.32678223
-0.22026062
-0.03010559
0.03967285
-0.08444214
-0.31240845
-0.44502258
-0.33903503
-0.10255432
0.015167236
-0.053009033
-0.1600647
-0.16966248
-0.07484436
0.03062439
0.019973755
-0.09988403
-0.18510437
-0.12385559
0.031158447
0.15206909
0.14247131
0.086013794
0.07696533
0.153656
0.27296448
0.36618042
0.36618042
0.26817322
0.22129822
0.31877136
0.45352173
0.4508667
0.19946289
-0.1829834
-0.14515686
0.06843567
0.03274536
-0.11427307
-0.14622498
-0.11160278
-0.08869934
-0.09616089
-0.18989563
-0.36566162
-0.4929657
-0.46420288
-0.31666565
-0.15473938
-0.04396057
0.01890564
0.0061187744
-0.07644653
-0.11160278
-0.06686401
-0.021057129
-0.023712158
-0.029037476
0.01676941
0.04446411
-2.746582E-4
-0.06312561
-0.07911682
-0.03543091
0.012512207
0.017837524
-0.021591187
-0.049819946
-0.07165527
-0.064193726
-0.015731812
0.019973755
0.011444092
-0.026382446
-0.06100464
-0.059402466
-0.04182434
-0.014663696
0.005569458
0.010910034
-0.022125244
-0.08016968
-0.1403656
-0.13822937
-0.066329956
-0.013061523
-0.0040130615
-0.019989014
-0.017333984
7.7819824E-4
0.027420044
0.025283813
0.005050659
0.002380371
0.011444092
0.012512207
0.037017822
0.06843567
0.081222534
0.06629944
-0.004547119
-0.101486206
-0.13131714
-0.08230591
-0.0029449463
0.060440063
0.05618286
-0.008270264
-0.053009033
-0.03756714
0.005050659
0.025283813
0.010910034
-0.036499023
-0.0849762
-0.108947754
-0.10734558
-0.094558716
-0.080703735
-0.07165527
-0.075912476
-0.08177185
-0.09030151
-0.108932495
-0.12332153
-0.11000061
-0.069000244
0.0018463135
0.08708191
0.1605835
0.19146729
0.1925354
0.18241882
0.12223816
0.054595947
0.0066375732
-0.020523071
-0.031707764
-0.050354004
-0.07698059
-0.09135437
-0.07325745
-0.01838684
0.050323486
0.09933472
0.111572266
0.10412598
0.090270996
0.08973694
0.11210632
0.116378784
0.09240723
0.059921265
0.023162842
-0.007736206
-0.026382446
-0.033843994
-0.024261475
0.031692505
0.050323486
0.022094727
0.014633179
0.050323486
0.0710907
0.043930054
-0.009338379
-0.036499023
-0.026382446
-0.006149292
0.0061035156
0.019973755
0.031158447
0.047668457
0.06364441
0.06364441
0.035949707
-0.0050811768
-0.040756226
-0.053009033
-0.0460968
-0.020523071
0.012512207
0.01676941
0.0018463135
0.011444092
0.005584717
-0.023712158
-0.035964966
-0.0098724365
0.0077056885
-0.01626587
-0.071121216
-0.10520935
-0.09083557
-0.06846619
-0.06259155
-0.057281494
-0.0460968
-0.040222168
-0.038635254
-0.020523071
0.017303467
0.04499817
0.052993774
0.060440063
0.08654785
0.10572815
0.11103821
0.1025238
0.08068848
0.074295044
0.059387207
0.019958496
-0.008804321
0.017303467
0.052459717
0.0471344
0.015701294
-0.0072021484
-0.018920898
-0.034362793
-0.047683716
-0.03968811
-0.013061523
0.019439697
0.035949707
0.024749756
0.0018463135
-0.006668091
0.0029144287
0.011444092
0.017303467
0.021560669
0.03327942
0.04020691
0.03488159
0.053512573
0.057250977
0.021560669
7.7819824E-4
0.010910034
0.019958496
0.012512207
-0.013061523
-0.025848389
-0.0231781
-0.0072021484
0.0236969
0.04446411
0.06097412
0.06364441
0.052459717
0.038604736
0.026885986
0.019439697
0.01676941
0.015701294
0.01890564
0.026351929
0.03274536
0.017303467
0.010910034
0.041275024
0.02848816
-0.019454956
-0.01838684
0.024765015
0.031158447
0.0034484863
-0.04396057
-0.08018494
-0.09083557
-0.08337402
-0.041290283
2.4414062E-4
0.019439697
0.018371582
0.0066375732
-0.006149292
-0.013595581
-0.022659302
-0.022659302
-0.015197754
-0.0056152344
0.014633179
0.038604736
0.033813477
0.04020691
0.055648804
0.025283813
-0.006668091
0.027420044
0.09133911
0.08866882
0.029022217
-0.024780273
-0.017318726
0.016235352
0.04499817
0.053527832
0.04925537
0.05192566
0.06364441
0.059906006
0.03327942
-0.012008667
-0.06100464
-0.06526184
-0.04875183
-0.031173706
-0.0066833496
0.013046265
0.017303467
0.015182495
-0.012527466
-0.045547485
-0.046081543
-0.012527466
0.01890564
0.015701294
-0.015197754
-0.040756226
-0.04396057
-0.020523071
-8.087158E-4
-0.010406494
-0.025314331
-0.022644043
0.0077056885
0.034347534
0.038604736
0.025817871
0.005584717
-0.012008667
-0.0072021484
0.025299072
0.045532227
0.0135650635
-0.011993408
-0.01626587
-0.04182434
-0.07272339
-0.06739807
-0.03491211
-0.0055999756
0.0034484863
-0.015197754
-0.036499023
-0.05407715
-0.062057495
-0.059936523
-0.041290283
-0.021591187
-0.0072021484
-0.0072021484
-0.019454956
-0.035964966
-0.05088806
-0.062072754
-0.061538696
-0.040756226
-0.012527466
-8.087158E-4
0.002380371
0.014633179
-0.0040130615
-0.022109985
-0.004547119
0.029556274
0.05192566
0.04925537
0.024765015
0.009841919
0.0061187744
7.7819824E-4
7.7819824E-4
0.023162842
0.064712524
0.09187317
0.090270996
0.08441162
0.07589722
0.05937195
0.037002563
0.014633179
0.0077056885
0.010375977
0.010910034
-0.0029449463
0.0077056885
0.0077056885
-0.033309937
-0.05142212
-0.023712158
0.015167236
0.017303467
-0.007736206
-0.023712158
-0.024246216
-0.02798462
-0.031173706
-0.026382446
-0.006149292
0.018371582
0.022094727
0.013046265
0.002380371
0.002380371
0.0077056885
-0.0029449463
-0.010925293
-0.004547119
-0.003479004
-0.018920898
-0.011474609
0.026351929
0.015701294
-0.05354309
-0.10520935
-0.07537842
-0.03224182
-0.0423584
-0.06047058
-0.07539368
-0.13290405
