20.872498
21.11206
21.55304
20.968628
22.563171
23.146057
22.555542
21.525574
23.686218
22.335815
21.868896
23.492432
24.8703
24.073792
23.454285
23.562622
25.239563
23.397827
22.68219
23.013306
23.487854
24.47052
23.45581
23.266602
24.946594
24.21112
25.41809
23.524475
23.997498
24.63379
23.41919
24.523926
23.21167
23.591614
24.72229
23.098755
24.0448
24.293518
24.76654
24.76654
25.25177
24.795532
24.328613
25.570679
24.516296
24.893188
26.6922
25.160217
25.198364
25.590515
25.117493
24.440002
24.67804
24.946594
24.072266
26.13678
24.56665
25.189209
24.746704
24.64447
24.80774
24.63684
23.908997
24.586487
23.283386
24.655151
25.288391
25.804138
25.40741
23.7854
24.739075
25.36621
24.56665
24.768066
25.36621
23.416138
24.72229
24.33319
27.348328
24.810791
24.673462
25.89569
25.442505
24.655151
25.457764
22.441101
24.673462
24.14856
24.661255
23.608398
25.12207
24.749756
24.461365
24.073792
24.415588
24.372864
23.910522
24.647522
24.673462
25.679016
25.439453
24.299622
26.623535
24.63684
24.493408
23.730469
25.4776
24.328613
24.569702
24.324036
24.198914
24.893188
24.96643
25.91858
25.328064
25.328064
25.328064
25.520325
26.31836
24.938965
23.892212
26.210022
25.117493
25.012207
23.7854
24.095154
23.83728
26.100159
23.805237
25.701904
24.459839
24.586487
25.20752
24.021912
23.638916
24.206543
24.861145
25.746155
23.934937
25.097656
22.433472
25.219727
25.299072
24.243164
24.59259
25.265503
24.56665
24.150085
24.002075
23.910522
25.534058
23.434448
23.146057
23.99292
24.243164
23.510742
24.324036
24.511719
22.775269
25.172424
25.119019
23.286438
22.962952
23.85254
24.664307
24.56665
24.575806
24.717712
23.731995
24.899292
25.11444
23.999023
23.504639
25.082397
23.286438
25.160217
24.893188
24.127197
23.179626
22.639465
24.079895
25.45929
23.806763
22.996521
24.85962
23.550415
24.465942
23.924255
24.679565
23.330688
24.427795
23.106384
23.106384
23.106384
25.071716
23.423767
24.006653
24.098206
23.420715
23.7854
25.071716
25.102234
25.75531
24.858093
23.431396
23.692322
22.683716
23.127747
23.77472
24.235535
24.751282
25.053406
23.396301
24.423218
25.401306
25.18158
23.506165
24.467468
24.291992
23.939514
24.320984
25.109863
22.615051
23.600769
23.472595
24.726868
24.383545
24.073792
25.247192
24.29657
24.243164
23.54889
24.853516
24.147034
23.80066
24.821472
25.038147
22.949219
23.954773
22.698975
25.33722
25.15564
23.402405
24.298096
23.121643
25.294495
25.912476
24.586487
24.092102
23.999023
24.671936
25.386047
23.561096
24.803162
24.243164
24.707031
23.362732
24.717712
24.205017
24.897766
24.446106
23.1781
23.25592
24.601746
24.513245
24.603271
23.202515
24.33014
24.430847
24.430847
24.430847
23.54889
23.40393
23.712158
23.33374
24.934387
22.782898
23.649597
24.461365
23.27118
24.745178
24.761963
24.414062
24.977112
24.125671
23.487854
24.809265
23.83728
24.810791
24.685669
23.426819
24.64447
23.925781
24.034119
23.27118
22.628784
23.312378
23.27118
23.469543
24.290466
23.214722
23.77472
24.034119
23.498535
23.832703
24.328613
23.956299
24.143982
23.368835
25.64392
23.982239
23.731995
22.75238
23.989868
23.477173
23.934937
23.434448
23.509216
23.997498
23.397827
23.834229
24.679565
23.269653
24.015808
23.510742
23.506165
23.072815
22.250366
23.41919
24.095154
24.734497
24.731445
23.513794
23.426819
23.417664
22.996521
24.060059
23.840332
24.002075
24.098206
26.475525
23.121643
24.150085
23.509216
24.728394
24.72992
24.72992
24.72992
25.201416
23.904419
23.825073
24.897766
23.258972
24.497986
23.472595
23.779297
24.588013
24.238586
23.277283
24.154663
23.562622
23.509216
25.315857
21.910095
24.429321
25.935364
23.474121
23.370361
24.893188
23.858643
24.320984
24.752808
22.871399
23.524475
24.72992
23.989868
23.179626
23.18573
23.927307
24.935913
23.6969
23.27118
23.596191
23.423767
24.125671
25.16632
24.751282
23.710632
23.42987
26.100159
23.999023
24.084473
23.171997
24.34082
24.37439
24.749756
24.710083
23.26355
23.725891
24.073792
24.691772
24.513245
24.705505
24.771118
26.042175
25.288391
25.10376
24.507141
24.324036
25.839233
24.717712
26.69983
24.742126
24.632263
24.363708
24.56665
24.760437
26.664734
26.789856
24.861145
25.386047
26.095581
26.205444
26.205444
25.888062
25.793457
25.479126
25.465393
25.292969
25.468445
25.743103
25.820923
24.276733
25.532532
24.03717
26.045227
24.163818
27.08435
26.84021
26.615906
25.376892
24.580383
26.18866
25.405884
24.847412
26.643372
26.438904
26.049805
25.382996
26.74408
23.861694
25.280762
25.483704
25.671387
25.022888
24.784851
27.52533
25.831604
25.883484
25.395203
24.745178
25.482178
27.409363
24.94812
26.242065
26.2146
24.8703
25.616455
25.674438
26.089478
26.026917
25.819397
28.111267
25.81482
27.128601
27.618408
28.16925
28.604126
27.548218
28.529358
28.224182
27.42157
26.824951
26.77002
27.424622
27.598572
28.05481
26.260376
28.070068
26.74408
25.668335
25.816345
25.682068
25.900269
24.952698
26.130676
25.691223
26.589966
24.882507
24.357605
24.357605
23.968506
25.535583
25.854492
24.19281
24.971008
24.649048
23.892212
24.879456
23.950195
24.320984
25.350952
25.445557
25.863647
22.991943
26.271057
24.395752
25.086975
26.512146
26.330566
24.87793
25.492859
26.268005
26.99585
26.132202
25.83313
27.04773
27.502441
29.008484
28.619385
27.871704
25.758362
26.99585
28.022766
26.959229
26.095581
27.575684
27.7771
26.774597
25.968933
28.503418
27.8656
26.64795
27.558899
24.131775
26.319885
27.011108
28.173828
25.317383
23.731995
25.305176
26.931763
26.545715
26.551819
25.717163
25.045776
27.02179
26.98822
26.426697
24.803162
24.365234
24.223328
26.478577
24.134827
25.531006
24.989319
24.693298
25.930786
25.193787
24.255371
26.04065
24.949646
25.352478
25.395203
24.380493
25.177002
25.177002
25.177002
24.665833
24.949646
24.861145
26.353455
26.921082
27.560425
29.051208
28.224182
26.486206
28.166199
27.00653
26.541138
27.224731
26.39618
26.625061
27.278137
28.24707
25.828552
25.115967
26.194763
25.37384
24.571228
25.550842
25.58899
25.473022
25.340271
23.155212
23.309326
23.843384
24.736023
24.137878
22.840881
22.929382
22.879028
23.254395
22.9599
23.802185
22.834778
23.147583
24.255371
22.351074
22.433472
23.765564
23.223877
22.061157
21.331787
23.797607
25.410461
23.368835
23.64502
25.320435
24.172974
25.656128
24.699402
25.682068
24.002075
25.486755
24.33319
25.393677
25.627136
26.22528
24.809265
25.933838
26.889038
25.672913
25.212097
26.434326
26.098633
25.538635
25.172424
26.58081
25.686646
25.434875
24.66278
23.240662
23.240662
23.240662
23.731995
25.357056
22.276306
23.658752
23.310852
22.947693
22.427368
23.428345
22.76764
22.587585
22.795105
20.021057
22.96753
22.576904
22.349548
23.066711
21.414185
22.567749
22.517395
23.887634
24.37439
21.694946
22.781372
23.535156
23.699951
24.754333
25.247192
23.735046
25.631714
25.267029
25.714111
26.850891
26.707458
26.663208
26.61438
25.828552
25.811768
26.104736
25.292969
26.13678
27.267456
26.115417
26.438904
27.738953
26.716614
26.721191
26.133728
27.096558
26.631165
26.533508
27.268982
26.716614
26.44043
26.156616
27.160645
24.85962
26.283264
25.405884
25.83313
25.959778
25.22583
25.881958
25.491333
25.036621
25.92163
25.198364
27.896118
25.27008
25.811768
26.829529
26.130676
27.119446
27.380371
27.326965
27.139282
27.139282
27.92511
26.599121
29.299927
27.934265
27.82898
28.375244
26.382446
27.688599
27.774048
27.20337
27.961731
29.56543
27.34375
26.255798
26.768494
27.825928
27.824402
27.424622
27.720642
28.089905
27.394104
27.278137
25.798035
26.519775
27.186584
25.953674
26.965332
26.820374
25.662231
27.319336
26.548767
26.522827
27.975464
26.464844
27.461243
26.733398
26.583862
25.292969
24.685669
27.131653
25.938416
26.438904
25.856018
26.164246
25.163269
28.048706
26.53656
25.883484
27.311707
26.687622
27.183533
27.565002
27.348328
27.850342
27.947998
27.815247
29.100037
27.941895
28.811646
28.923035
28.57666
28.489685
29.60205
29.36554
31.019592
31.846619
30.2948
31.515503
32.273865
31.034851
32.662964
31.523132
33.17871
34.075928
33.522034
33.5968
33.5968
32.273865
34.318542
32.707214
33.613586
33.428955
32.478333
33.29315
31.147766
32.946777
33.638
32.995605
31.542969
31.495667
32.029724
33.12683
33.22296
33.677673
32.69806
33.473206
34.246826
33.8974
32.444763
32.000732
33.918762
32.495117
33.918762
32.35016
32.048035
33.078003
32.78656
33.662415
32.278442
32.78351
31.988525
33.34503
32.691956
33.761597
32.45697
32.398987
32.156372
31.175232
32.684326
33.43048
32.958984
32.34558
32.458496
31.895447
31.64215
31.286621
33.06427
31.45752
31.575012
32.62329
32.128906
30.15747
32.49817
30.967712
29.41742
29.79889
29.57611
29.180908
29.486084
28.30658
28.709412
29.312134
28.985596
29.116821
27.905273
26.597595
28.42102
28.744507
27.833557
27.511597
26.138306
26.657104
24.80011
24.80011
25.323486
25.627136
24.707031
23.371887
23.568726
21.806335
21.031189
20.976257
20.393372
20.472717
19.581604
18.986511
20.568848
17.739868
17.23938
19.6167
17.208862
16.331482
16.897583
18.016052
16.970825
16.308594
15.72876
15.896606
16.500854
15.464783
14.025879
15.753174
14.161682
15.653992
14.971924
12.783813
13.523865
11.381531
14.094543
13.748169
14.697266
12.780762
14.605713
14.111328
14.61792
15.701294
13.5772705
14.18457
15.048218
15.553284
14.886475
15.266418
15.614319
15.107727
15.6311035
16.290283
15.145874
14.833069
14.762878
15.098572
15.100098
15.185547
13.900757
14.5980835
13.616943
14.31427
15.049744
14.404297
15.553284
14.356995
14.89563
13.447571
15.458679
14.665222
13.963318
14.811707
16.255188
14.501953
14.454651
14.454651
14.454651
15.2282715
13.453674
14.015198
14.300537
13.66272
12.567139
14.730835
13.68866
13.824463
13.977051
13.81073
16.05072
15.924072
16.357422
16.230774
15.704346
15.460205
17.48352
15.779114
17.24701
16.317749
17.454529
18.029785
15.916443
16.355896
16.134644
18.821716
16.593933
17.634583
18.1427
16.288757
16.374207
16.88385
16.804504
15.446472
15.589905
14.570618
15.077209
15.292358
14.234924
14.614868
15.338135
16.021729
14.891052
14.839172
15.318298
14.855957
16.584778
15.37323
14.004517
15.161133
14.430237
14.485168
15.895081
15.170288
14.096069
15.29541
15.689087
15.16571
15.065002
17.21344
16.085815
15.32135
15.437317
15.6311035
15.545654
14.933777
16.793823
15.428162
16.033936
18.353271
17.362976
16.847229
16.044617
16.337585
16.337585
16.337585
16.877747
15.516663
17.912292
16.763306
17.610168
16.89148
17.352295
16.74347
17.94281
18.121338
18.821716
16.552734
17.74292
17.5766
18.76831
18.092346
18.670654
17.926025
17.959595
18.118286
19.406128
19.178772
18.6203
18.405151
19.277954
18.00232
17.970276
17.608643
16.853333
17.366028
17.625427
16.21399
16.763306
15.718079
16.755676
15.150452
15.142822
15.861511
16.549683
16.221619
16.847229
16.352844
15.899658
17.150879
16.119385
15.188599
16.99524
14.985657
15.846252
15.606689
14.520264
14.369202
15.220642
13.890076
12.937927
11.749268
12.5564575
10.501099
10.307312
10.975647
11.109924
9.344482
9.4192505
8.755493
5.9677124
6.352234
6.486511
5.580139
5.6259155
6.767273
4.260254
3.1051636
2.0492554
2.0095825
2.89917
2.89917
2.89917
3.8787842
2.0935059
2.1072388
1.5914917
1.9226074
0.80718994
0.9765625
1.4205933
-0.6072998
-0.48675537
-0.13122559
-0.8239746
-0.2685547
-1.4907837
-1.5777588
-1.1474609
-2.3284912
-2.2888184
-2.5131226
-4.0664673
-2.0935059
-3.2485962
-4.3762207
-3.2867432
-5.0491333
-4.638672
-5.2978516
-5.445862
-5.69458
-4.58374
-6.5231323
-6.4102173
-5.480957
-4.740906
-7.600403
-6.072998
-5.7159424
-6.1660767
-6.7123413
-7.5897217
-6.364441
-7.8292847
-7.0098877
-8.114624
-8.239746
-8.984375
-8.729553
-9.141541
-9.715271
-9.828186
-9.353638
-11.633301
-10.874939
-11.608887
-11.993408
-10.925293
-12.290955
-13.188171
-11.437988
-13.81073
-12.0147705
-12.753296
-11.566162
-13.600159
-13.215637
-11.865234
-10.467529
-13.143921
-10.575867
-12.779236
-11.923218
-12.770081
-11.715698
-11.485291
-12.69989
-12.69989
-12.69989
-12.486267
-12.765503
-13.735962
-14.352417
-14.021301
-14.176941
-14.250183
-15.589905
-15.078735
-15.9713745
-14.170837
-14.318848
-15.931702
-14.926147
-14.376831
-14.807129
-15.049744
-13.414001
-12.820435
-14.2578125
-13.209534
-13.540649
-12.93335
-14.620972
-13.798523
-12.033081
-14.69574
-12.228394
-14.109802
-13.60321
-13.400269
-14.463806
-14.149475
-13.554382
-11.9644165
-11.795044
-13.308716
-14.279175
-13.48114
-13.668823
-12.583923
-10.760498
-13.453674
-10.639954
-11.027527
-11.352539
-11.366272
-11.112976
-11.331177
-10.636902
-9.719849
-9.178162
-8.428955
-8.930969
-9.259033
-7.949829
-8.703613
-8.731079
-8.47168
-6.982422
-6.845093
-6.7977905
-7.4020386
-6.668091
-5.781555
-5.3619385
-4.801941
-5.36499
-6.135559
-5.2261353
-4.638672
-5.2719116
-3.85437
-3.5324097
-2.7328491
-2.7328491
-2.7328491
-2.748108
-2.7664185
-2.6000977
-2.11792
-0.58135986
-3.552246
-2.4337769
-1.5411377
-1.2664795
0.035095215
-1.4205933
-1.3153076
-1.2145996
-1.2145996
-0.7034302
-0.37994385
-1.3031006
-1.0223389
-1.2145996
-2.3773193
-1.3580322
0.4837036
0.55389404
-1.499939
-1.1810303
-0.59051514
-0.1876831
-0.2822876
-0.2883911
0.46691895
0.2685547
-0.021362305
0.2029419
-0.0061035156
-0.82244873
0.692749
-0.13885498
0.50354004
-1.1306763
-2.029419
-1.3305664
-0.47454834
-0.09460449
-0.38757324
-1.0009766
0.4776001
-1.3656616
-0.69732666
-0.103759766
-0.81481934
-1.689148
0.6942749
-0.4547119
-0.091552734
-0.95825195
-0.36315918
-0.79956055
-1.9058228
-0.4547119
0.41809082
-0.69122314
-0.0289917
1.3809204
-1.499939
0.20141602
-0.32196045
0.47454834
-2.0645142
0.53863525
-2.0874023
-0.7507324
-2.140808
-0.1296997
-1.3519287
-0.12207031
-0.12207031
-0.12207031
-0.9918213
-0.7507324
-0.7003784
0.119018555
-1.6586304
-1.0787964
0.38452148
-1.4007568
-0.65460205
0.17700195
-1.0696411
-0.04119873
0.15411377
0.28381348
0.6729126
-0.4837036
0.17242432
-0.5661011
1.4541626
1.4099121
0.24261475
0.13122559
0.6851196
1.8447876
-0.045776367
0.7293701
2.8457642
1.4404297
2.2659302
2.5985718
1.8096924
3.262329
2.6947021
3.1265259
2.597046
2.6000977
3.703308
3.8574219
3.213501
3.515625
4.5822144
4.0039062
2.9769897
5.378723
4.6951294
5.6610107
5.0720215
5.6762695
5.093384
6.4346313
6.097412
5.911255
5.352783
6.0043335
4.7058105
5.9387207
5.9387207
8.439636
6.436157
6.021118
7.4768066
6.588745
7.385254
6.655884
7.8308105
7.749939
7.3883057
8.31604
9.158325
9.814453
9.814453
9.277344
10.671997
10.360718
9.111023
9.111023
9.111023
10.153198
9.915161
11.329651
11.64856
11.817932
12.6297
11.102295
13.357544
11.7752075
13.240051
13.363647
13.642883
14.187622
14.567566
14.242554
13.829041
14.544678
13.713074
13.876343
14.559937
14.271545
14.561462
14.338684
15.071106
14.915466
17.303467
16.868591
16.041565
16.500854
15.388489
16.500854
16.493225
15.774536
17.230225
16.459656
16.142273
15.559387
15.802002
15.254211
16.204834
16.539001
16.712952
16.055298
15.493774
15.351868
16.659546
15.333557
16.360474
15.635681
14.804077
14.8376465
15.6188965
15.675354
15.5685425
16.577148
15.41748
16.046143
15.042114
13.859558
15.562439
15.922546
15.324402
15.324402
16.383362
17.329407
15.19928
17.103577
18.029785
16.041565
16.4917
16.859436
16.726685
17.034912
17.388916
18.382263
18.382263
18.382263
17.219543
16.647339
17.04712
18.070984
18.618774
17.016602
16.925049
16.921997
16.738892
19.11316
17.173767
17.285156
17.695618
18.170166
17.762756
18.183899
18.392944
18.325806
17.581177
17.582703
18.4021
18.10913
16.506958
17.555237
16.27655
15.55481
16.552734
15.103149
15.856934
15.454102
15.997314
16.326904
17.65747
17.378235
17.425537
17.425537
17.311096
18.103027
15.945435
16.706848
16.880798
16.674805
16.7099
17.192078
15.1901245
16.589355
16.511536
15.138245
16.610718
14.790344
14.970398
16.296387
15.391541
14.952087
16.062927
15.684509
15.058899
15.040588
11.895752
13.148499
13.142395
12.1154785
13.525391
10.968018
11.099243
11.247253
10.606384
10.964966
10.809326
9.634399
8.80127
7.1624756
5.8883667
5.9143066
5.6777954
5.6777954
5.6777954
3.8513184
4.008484
3.503418
3.413391
1.7868042
1.5518188
-0.30059814
-1.1062622
-1.3381958
-1.8676758
-2.5802612
-1.663208
-3.8070679
-3.9474487
-3.6254883
-4.626465
-4.46167
-4.9560547
-6.35376
-7.749939
-7.537842
-7.0983887
-8.117676
-7.585144
-8.100891
-9.945679
-7.736206
-8.407593
-6.8603516
-10.186768
-10.272217
-10.134888
-10.813904
-12.924194
-12.171936
-11.801147
-12.139893
-11.791992
-12.539673
-12.030029
-14.448547
-14.945984
-14.36615
-15.776062
-14.183044
-16.12854
-14.736938
-15.101624
-17.32483
-16.090393
-17.167664
-16.854858
-16.636658
-18.000793
-17.289734
-19.190979
-17.732239
-18.986511
-18.94226
-19.67163
-20.019531
-18.562317
-20.73822
-19.091797
-19.978333
-19.284058
-19.89441
-20.6604
-21.037292
-20.96405
-21.02356
-21.618652
-23.353577
-22.598267
-20.358276
-20.358276
-20.358276
-22.143555
-21.36383
-21.636963
-21.925354
-22.654724
-23.291016
-22.869873
-23.083496
-23.57483
-22.703552
-23.306274
-23.269653
-23.34137
-25.00763
-24.674988
-23.768616
-23.5672
-24.855042
-25.456238
-24.72229
-24.932861
-23.751831
-25.646973
-23.930359
-24.076843
-24.536133
-25.331116
-23.745728
-23.704529
-21.588135
-23.664856
-21.846008
-21.940613
-21.627808
-21.455383
-21.18988
-22.561646
-20.58258
-19.984436
-18.069458
-20.477295
-20.040894
-19.328308
-17.906189
-17.123413
-17.886353
-15.859985
-16.835022
-18.190002
-15.92865
-16.706848
-17.24701
-13.873291
-16.282654
-15.937805
-14.059448
-14.674377
-14.054871
-13.935852
-14.927673
-14.428711
-13.264465
-12.889099
-13.580322
-13.790894
-13.322449
-12.965393
-12.872314
-11.56311
-14.421082
-12.182617
-11.235046
-13.0859375
-10.6414795
-11.714172
-11.714172
-11.714172
-9.295654
-9.651184
-7.310486
-7.70874
-9.060669
-8.68988
-9.20105
-6.60553
-7.611084
-7.4508667
-8.195496
-8.531189
-6.2942505
-7.296753
-7.296753
-5.604553
-4.5669556
-4.6798706
-5.769348
-6.642151
-5.9265137
-5.3619385
-5.24292
-5.680847
-6.1706543
-6.25
-5.126953
-5.7418823
-3.95813
-6.7703247
-5.735779
-4.7821045
-8.827209
-6.5444946
-8.787537
-7.460022
-7.2662354
-8.052063
-8.363342
-8.512878
-8.824158
-9.553528
-8.483887
-8.334351
-9.069824
-9.567261
-9.501648
-9.495544
-10.838318
-11.257935
-10.60791
-11.021423
-10.600281
-10.214233
-11.08551
-10.995483
-12.854004
-12.013245
-13.964844
-13.81073
-14.1922
-14.015198
-14.982605
-13.922119
-14.100647
-14.575195
-15.855408
-14.283752
-15.420532
-13.764954
-16.534424
-16.308594
-17.391968
-18.049622
-17.849731
-17.849731
-17.849731
-17.485046
-16.992188
-17.55066
-17.475891
-17.410278
-17.211914
-19.464111
-19.5755
-18.597412
-19.326782
-19.586182
-19.670105
-18.58368
-18.074036
-20.700073
-20.62378
-17.82074
-20.127869
-18.927002
-20.606995
-20.474243
-20.845032
-19.699097
-20.770264
-20.143127
-21.513367
-21.217346
-22.949219
-20.794678
-22.23053
-21.218872
-20.169067
-21.084595
-20.0943
-19.483948
-20.559692
-18.663025
-20.127869
-19.535828
-20.149231
-21.643066
-19.007874
-19.27948
-20.976257
-21.273804
-20.343018
-22.608948
-21.22345
-20.918274
-20.916748
-22.935486
-22.756958
-22.10846
-22.671509
-23.32611
-21.864319
-22.07489
-24.36676
-22.979736
-24.583435
-23.690796
-23.129272
-25.273132
-24.172974
-25.187683
-25.831604
-25.743103
-24.656677
-25.709534
-24.5224
-25.881958
-26.574707
-25.556946
-26.47705
-25.294495
-25.294495
-25.294495
-26.66626
-25.912476
-26.315308
-26.927185
-26.805115
-27.224731
-26.586914
-26.582336
-24.6109
-25.102234
-24.415588
-24.02649
-24.56665
-23.783875
-23.857117
-22.712708
-21.606445
-22.328186
-21.157837
-21.418762
-21.472168
-22.0932
-22.364807
-20.73822
-21.534729
-21.897888
-22.680664
-20.26062
-21.664429
-22.045898
-22.924805
-21.742249
-21.440125
-21.961975
-22.180176
-22.624207
-23.059082
-22.195435
-23.883057
-22.131348
-22.776794
-23.634338
-23.864746
-23.518372
-23.951721
-23.995972
-24.453735
-24.324036
-23.129272
-24.388123
-24.916077
-24.064636
-25.408936
-24.501038
-25.318909
-24.88861
-24.25232
-24.334717
-25.001526
-23.648071
-24.617004
-23.951721
-23.867798
-23.20404
-21.295166
-23.576355
-21.109009
-22.383118
-21.23108
-20.448303
-20.35675
-19.677734
-19.120789
-19.343567
-17.581177
-17.581177
-16.889954
-17.460632
-18.736267
-18.51654
-17.927551
-17.372131
-17.289734
-16.381836
-15.742493
-16.105652
-16.04004
-14.047241
-14.871216
-14.195251
-13.926697
-15.846252
-13.383484
-14.390564
-15.951538
-15.559387
-15.864563
-16.11023
-16.81366
-17.250061
-18.47992
-17.318726
-17.437744
-16.455078
-16.322327
-17.90924
-18.127441
-14.978027
-16.311646
-17.649841
-15.99884
-15.83252
-16.65039
-15.922546
-16.049194
-17.660522
-18.211365
-17.129517
-17.549133
-17.158508
-17.456055
-14.726257
-16.197205
-18.16101
-17.504883
-14.067078
-14.332581
-16.259766
-14.657593
-14.134216
-13.5849
-14.666748
-14.176941
-14.086914
-13.908386
-14.610291
-13.17749
-14.503479
-13.868713
-14.0563965
-15.440369
-14.797974
-14.76593
-13.598633
-15.104675
-14.402771
-14.576721
-13.461304
-16.397095
-16.853333
-17.55371
-18.873596
-18.873596
-18.675232
-21.003723
-20.913696
-19.602966
-21.478271
-21.70868
-21.80481
-21.531677
-21.58966
-20.533752
-20.918274
-19.136047
-20.935059
-21.888733
-20.787048
-22.540283
-21.357727
-20.274353
-21.876526
-21.505737
-20.413208
-20.977783
-19.172668
-22.16034
-20.063782
-19.859314
-19.514465
-19.290161
-19.953918
-20.04242
-19.543457
-18.504333
-20.38269
-18.92395
-18.920898
-19.596863
-19.442749
-18.586731
-17.536926
-19.98291
-18.57605
-20.109558
-21.258545
-20.159912
-18.685913
-18.919373
-17.83142
-19.595337
-19.387817
-20.108032
-18.991089
-19.854736
-19.960022
-19.503784
-20.045471
-19.93866
-23.851013
-23.040771
-24.674988
-23.779297
-23.117065
-24.707031
-24.092102
-26.844788
-24.952698
-24.838257
-26.008606
-25.239563
-26.245117
-24.798584
-26.400757
-26.245117
-27.574158
-27.754211
-26.159668
-26.992798
-26.992798
-28.149414
-28.483582
-28.665161
-28.244019
-29.978943
-29.53186
-29.171753
-27.464294
-26.820374
-27.046204
-27.71759
-27.590942
-27.711487
-25.663757
-29.151917
-24.707031
-26.338196
-25.805664
-24.984741
-26.106262
-24.11499
-26.963806
-25.714111
-25.22583
-25.274658
-23.083496
-23.46344
-24.772644
-23.448181
-22.564697
-22.639465
-22.77069
-24.041748
-25.093079
-25.578308
-26.803589
-26.12915
-26.815796
-26.237488
-27.033997
-28.691101
-25.648499
-29.238892
-29.751587
-28.070068
-28.036499
-29.640198
-29.862976
-29.499817
-31.034851
-33.24585
-30.931091
-31.619263
-30.99823
-30.703735
-30.529785
-31.251526
-31.781006
-31.488037
-29.882812
-30.401611
-30.767822
-30.010986
-28.509521
-29.315186
-28.942871
-30.592346
-31.564331
-32.208252
-32.0755
-33.155823
-32.009888
-33.59375
-32.09381
-33.10547
-31.718445
-32.626343
-32.626343
-32.261658
-32.261658
-32.904053
-32.878113
-33.772278
-32.53174
-32.530212
-33.676147
-34.065247
-33.631897
-32.666016
-33.17108
-32.554626
-33.23059
-33.242798
-31.951904
-32.43103
-31.655884
-33.332825
-31.95343
-32.824707
-36.094666
-36.497498
-34.802246
-36.132812
-35.214233
-35.42633
-36.720276
-35.728455
-36.167908
-35.74524
-35.53009
-36.95221
-36.43036
-34.080505
-37.08954
-35.749817
-37.452698
-36.650085
-37.5412
-36.808777
-37.712097
-37.47101
-36.60431
-37.524414
-34.73053
-36.260986
-35.52704
-34.762573
-36.63788
-34.95941
-34.74579
-35.394287
-33.306885
-33.418274
-33.377075
-33.961487
-33.961487
-32.77588
-33.044434
-32.836914
-33.732605
-33.953857
-33.876038
-34.66797
-33.58612
-33.19397
-34.55963
-32.56836
-35.1593
-32.844543
-34.61151
-33.000183
-33.885193
-33.19702
-35.50415
-35.50415
-35.50415
-34.49402
-36.827087
-35.847473
-34.931946
-35.116577
-36.27472
-34.469604
-35.85205
-35.43701
-36.143494
-36.17096
-36.29303
-35.45227
-36.175537
-36.024475
-36.309814
-36.39679
-34.350586
-34.606934
-34.191895
-33.625793
-34.317017
-34.66797
-34.709167
-32.447815
-32.669067
-31.739807
-29.570007
-31.848145
-32.32727
-30.517578
-31.12793
-30.647278
-30.697632
-29.896545
-31.208801
-31.108093
-33.76007
-31.855774
-29.882812
-31.5979
-29.911804
-31.130981
-30.854797
-30.776978
-28.489685
-29.229736
-29.270935
-28.76892
-27.720642
-29.681396
-29.310608
-29.89502
-29.374695
-29.470825
-28.645325
-28.785706
-30.210876
-29.011536
-29.954529
-28.697205
-29.681396
-30.789185
-30.630493
-30.534363
-31.051636
-31.388855
-32.348633
-31.362915
-29.78363
-31.037903
-32.284546
-30.804443
-30.934143
-30.934143
-30.934143
-30.125427
-29.699707
-30.760193
-30.747986
-28.201294
-29.916382
-28.593445
-28.767395
-27.464294
-29.10614
-28.521729
-29.032898
-27.311707
-29.702759
-28.805542
-27.81372
-28.518677
-27.944946
-29.266357
-28.172302
-29.472351
-27.957153
-27.490234
-27.09198
-28.182983
-27.835083
-27.890015
-28.755188
-29.664612
-30.471802
-30.0354
-30.525208
-30.909729
-30.645752
-28.915405
-30.976868
-31.044006
-31.289673
-31.54602
-31.762695
-31.161499
-30.958557
-31.860352
-31.341553
-32.487488
-33.026123
-33.255005
-34.007263
-33.773804
-33.268738
-32.673645
-33.081055
-34.046936
-33.161926
-34.111023
-32.011414
-31.141663
-33.82263
-32.633972
-32.65686
-31.880188
-32.154846
-31.878662
-32.71637
-31.573486
-33.247375
-32.229614
-31.706238
-32.73468
-32.24945
-32.302856
-32.614136
-32.218933
-33.935547
-32.614136
-33.01544
-33.01544
-32.09839
-31.359863
-33.76465
-33.83026
-32.839966
-33.314514
-35.025024
-33.532715
-35.757446
-35.15625
-36.343384
-36.428833
-36.595154
-37.216187
-37.657166
-36.712646
-35.614014
-39.271545
-38.450623
-40.18097
-37.109375
-39.042664
-40.12451
-41.264343
-40.275574
-41.592407
-42.630005
-42.269897
-41.18347
-41.496277
-42.277527
-41.201782
-41.29181
-41.152954
-41.789246
-42.50946
-43.200684
-43.20526
-40.68756
-42.619324
-43.577576
-40.942383
-41.378784
-41.30249
-41.375732
-42.079163
-42.918396
-41.879272
-41.526794
-42.108154
-40.79895
-41.360474
-40.509033
-40.81421
-41.627502
-39.772034
-42.41638
-40.86609
-42.575073
-40.797424
-40.908813
-41.03241
-41.89148
-41.05072
-42.330933
-42.318726
-41.444397
-40.605164
-40.1886
-41.851807
-40.7547
-38.89923
-39.86206
-38.40027
-39.305115
-38.79547
-38.79547
-38.79547
-39.390564
-37.924194
-36.21216
-37.435913
-37.071228
-36.488342
-37.30774
-35.351562
-35.92224
-35.417175
-34.994507
-34.475708
-34.951782
-34.254456
-34.692383
-35.217285
-34.03778
-34.61609
-34.55658
-33.97827
-34.83734
-34.91516
-35.707092
-34.84192
-33.68225
-34.17816
-34.274292
-34.85565
-34.709167
-35.21881
-34.103394
-34.147644
-35.697937
-35.51178
-36.904907
-35.975647
-34.57794
-34.490967
-33.17566
-35.549927
-36.71112
-36.3739
-35.284424
-35.09674
-34.291077
-33.805847
-36.019897
-34.59015
-35.321045
-36.280823
-34.684753
-35.472107
-34.03015
-34.451294
-32.84607
-31.733704
-33.369446
-34.55658
-32.151794
-34.832764
-34.05609
-34.00116
-34.550476
-34.750366
-33.340454
-34.976196
-33.058167
-33.28247
-35.913086
-33.00476
-35.038757
-35.772705
-35.972595
-33.532715
-37.205505
-37.205505
-37.205505
-36.405945
-36.016846
-39.12964
-37.654114
-36.231995
-37.405396
-39.079285
-37.802124
-37.47101
-36.776733
-37.68921
-37.475586
-38.069153
-37.41455
-37.680054
-38.95111
-38.734436
-37.405396
-38.217163
-38.838196
-38.52539
-37.886047
-38.26294
-36.808777
-38.05237
-37.46338
-37.4588
-38.179016
-37.301636
-37.11853
-36.90033
-38.235474
-36.953735
-36.44104
-36.31134
-36.242676
-36.546326
-37.464905
-35.827637
-36.750793
-36.08246
-36.991882
-35.455322
-35.58197
-36.927795
-36.61194
-36.44867
-37.217712
-37.40387
-35.79254
-36.471558
-37.498474
-38.441467
-38.433838
-38.493347
-38.845825
-38.793945
-38.571167
-37.400818
-37.179565
-38.024902
-38.345337
-37.98828
-36.94763
-38.92975
-37.968445
-37.846375
-39.811707
-38.92517
-40.04364
-38.705444
-36.657715
-37.005615
-37.41913
-37.478638
-38.563538
-38.563538
-38.81378
-36.027527
-38.52539
-38.146973
-37.210083
-37.332153
-36.898804
-36.84845
-35.798645
-35.74829
-36.790466
-34.8526
-33.624268
-34.83734
-34.70459
-32.972717
-34.757996
-34.248352
-34.0271
-34.344482
-34.57794
-33.96759
-34.977722
-34.70764
-34.12628
-34.86023
-33.784485
-33.737183
-36.097717
-34.202576
-36.07483
-36.447144
-35.92224
-34.960938
-35.79712
-34.47876
-33.638
-35.0235
-34.521484
-34.46045
-35.188293
-35.534668
-36.045837
-36.120605
-35.91919
-35.549927
-35.139465
-33.462524
-37.15973
-34.536743
-36.58142
-35.45685
-35.118103
-35.377502
-33.743286
-34.420776
-34.13849
-34.544373
-33.258057
-34.27887
-35.520935
-34.783936
-33.818054
-34.532166
-33.57849
-34.61609
-34.118652
-34.098816
-33.242798
-33.354187
-33.09784
-33.76007
-31.832886
-35.240173
-34.27124
-33.74939
-33.963013
-35.232544
-35.232544
-35.232544
-33.413696
-34.539795
-34.002686
-34.210205
-34.26056
-35.079956
-33.60901
-34.861755
-33.581543
-33.403015
-35.151672
-33.892822
-32.84149
-33.81653
-32.91931
-32.850647
-32.699585
-33.016968
-33.154297
-32.18994
-33.53119
-32.865906
-33.673096
-32.485962
-32.39441
-34.405518
-33.088684
-33.343506
-32.713318
-32.388306
-32.725525
-33.23517
-32.395935
-31.54602
-32.57599
-32.359314
-33.139038
-31.698608
-31.700134
-32.40204
-32.13806
-31.600952
-31.70929
-32.78351
-31.36139
-30.888367
-30.66864
-30.152893
-30.358887
-32.39746
-32.907104
-31.741333
-31.903076
-30.677795
-33.299255
-31.382751
-32.162476
-32.591248
-32.543945
-32.037354
-31.980896
-33.573914
-33.425903
-33.502197
-34.80835
-34.736633
-33.717346
-34.40857
-33.348083
-35.887146
-35.01129
-34.664917
-35.24933
-35.069275
-35.069275
-35.069275
-36.04126
-34.223938
-34.27887
-35.17151
-34.780884
-35.168457
-36.11908
-34.791565
-37.301636
-35.481262
-34.747314
-35.36682
-35.40802
-35.681152
-33.33893
-36.338806
-34.283447
-33.64563
-33.06122
-33.64868
-33.695984
-33.403015
-33.561707
-34.284973
-32.89337
-33.589172
-34.884644
-34.236145
-33.74176
-35.066223
-34.020996
-35.409546
-35.75287
-34.970093
-34.27887
-35.447693
-33.589172
-34.51233
-34.277344
-33.53882
-33.007812
-32.810974
-32.157898
-34.054565
-34.05304
-33.425903
-34.12628
-33.17566
-33.851624
-33.55713
-33.2901
-34.558105
-34.58557
-34.451294
-34.132385
-34.773254
-34.73053
-34.99298
-36.012268
-34.698486
-35.798645
-34.59015
-34.71527
-34.298706
-33.42285
-34.181213
-35.06775
-33.094788
-35.147095
-33.584595
-34.812927
-33.80127
-32.922363
-31.599426
-33.921814
-32.16095
-32.16095
-31.692505
-33.07953
-31.524658
-33.242798
-31.755066
-33.86078
-34.31244
-34.075928
-33.00934
-33.15277
-33.30536
-33.576965
-33.787537
-32.858276
-32.937622
-33.587646
-34.233093
-32.939148
-33.016968
-33.581543
-33.5083
-32.728577
-31.700134
-31.802368
-32.356262
-31.83899
-32.57904
-33.444214
-32.661438
-33.03528
-32.97882
-32.92694
-32.414246
-32.974243
-34.313965
-31.872559
-32.52411
-33.10547
-32.635498
-33.818054
-32.939148
-34.05304
-32.592773
-32.321167
-31.248474
-30.574036
-31.211853
-31.248474
-31.358337
-31.202698
-31.887817
-31.974792
-30.935669
-32.263184
-30.685425
-30.9021
-31.36444
-29.844666
-31.4682
-31.895447
-31.367493
-31.29425
-32.017517
-30.914307
-31.500244
-29.675293
-31.608582
-31.608582
-31.69403
-32.569885
-30.329895
-30.960083
-31.907654
-30.690002
-32.626343
-30.15747
-31.924438
-31.924438
-31.674194
-30.291748
-30.74646
-31.176758
-32.876587
-31.697083
-33.363342
-32.417297
-31.721497
-31.425476
-32.43866
-31.990051
-31.065369
-30.760193
-30.7724
-31.50177
-30.05066
-30.192566
-30.349731
-29.925537
-30.693054
-30.377197
-28.529358
-28.83606
-30.342102
-29.711914
-29.621887
-29.237366
-29.53186
-30.134583
-29.606628
-29.258728
-30.371094
-31.1203
-31.066895
-30.72815
-29.818726
-29.161072
-30.674744
-30.258179
-28.971863
-31.286621
-29.364014
-32.23877
-31.045532
-30.303955
-29.812622
-30.636597
-29.86908
-29.882812
-28.877258
-30.253601
-30.741882
-31.074524
-29.78363
-30.44281
-31.802368
-31.497192
-31.977844
-33.059692
-31.803894
-33.103943
-30.523682
-31.788635
-31.517029
-29.963684
-31.915283
-30.526733
-31.533813
-31.227112
-30.155945
-30.17273
-31.446838
-30.3833
-29.556274
-29.556274
-29.556274
-29.85382
-28.218079
-27.79541
-29.219055
-31.73523
-31.013489
-31.907654
-33.436584
-32.063293
-33.23822
-33.306885
-34.12018
-34.405518
-33.76007
-33.241272
-34.8114
-32.844543
-34.425354
-36.22589
-35.108948
-34.181213
-35.26306
-34.39026
-34.83429
-35.453796
-36.299133
-34.828186
-34.765625
-34.300232
-34.65576
-35.598755
-35.91156
-37.454224
-35.74829
-35.873413
-36.299133
-36.18927
-36.976624
-35.191345
-36.743164
-35.835266
-35.853577
-36.924744
-34.48639
-36.66687
-35.084534
-35.705566
-34.843445
-35.083008
-35.647583
-35.098267
-34.620667
-34.18579
-34.08661
-34.039307
-34.98993
-34.91211
-35.076904
-34.910583
-36.273193
-34.24225
-34.729004
-36.27777
-35.13794
-34.8938
-35.401917
-35.32257
-35.93445
-35.612488
-35.565186
-35.723877
-34.96399
-36.323547
-36.872864
-35.813904
-35.813904
-35.813904
-36.361694
-35.453796
-36.219788
-36.62262
-36.798096
-36.576843
-37.001038
-36.37085
-33.99048
-35.810852
-37.454224
-36.9339
-35.247803
-35.40039
-37.371826
-37.1521
-36.079407
-34.469604
-36.67755
-34.999084
-36.203003
-35.235596
-36.3266
-35.80017
-35.861206
-35.339355
-35.507202
-34.475708
-34.617615
-35.095215
-34.490967
-34.48639
-33.665466
-33.221436
-34.14612
-35.28595
-33.8974
-35.46753
-34.980774
-33.984375
-35.03723
-34.046936
-36.05194
-34.30481
-34.976196
-35.723877
-33.724976
-35.96649
-35.784912
-34.857178
-35.41107
-36.302185
-35.40497
-35.569763
-35.61859
-36.672974
-35.43091
-35.472107
-35.78186
-35.455322
-37.571716
-35.98938
-35.479736
-36.68213
-36.34796
-37.384033
-34.7641
-34.74884
-36.297607
-35.699463
-34.121704
-34.931946
-35.17151
-34.916687
-34.658813
-34.9823
-34.9823
-33.639526
-33.63037
-34.552002
-31.504822
-33.10089
-33.26416
-32.640076
-31.655884
-34.41925
-33.04901
-33.589172
-34.10797
-35.058594
-33.73871
-33.691406
-33.5495
-36.04126
-32.914734
-33.58612
-34.84192
-33.163452
-35.487366
-35.079956
-34.391785
-34.318542
-34.425354
-36.47003
-35.64911
-34.25598
-34.513855
-33.57849
-36.38153
-34.475708
-34.996033
-35.13031
-34.275818
-35.957336
-34.18274
-34.835815
-33.273315
-33.236694
-32.670593
-34.70764
-33.753967
-34.449768
-33.270264
-33.963013
-31.895447
-33.866882
-31.636047
-31.845093
-32.87964
-33.139038
-32.87964
-32.884216
-32.6416
-34.10034
-33.36029
-34.083557
-33.599854
-34.32312
-33.22754
-33.102417
-33.958435
-33.74939
-33.54187
-34.33838
-33.17871
-33.673096
-33.872986
-35.43396
-33.88977
-33.673096
-33.44879
-33.052063
-34.518433
-33.016968
-34.469604
-34.469604
-33.23059
-33.32367
-34.432983
-33.996582
-34.31244
-33.955383
-32.754517
-33.729553
-34.48639
-33.491516
-33.821106
-35.517883
-34.394836
-33.372498
-33.17566
-34.999084
-34.310913
-32.543945
-33.09021
-31.988525
-33.662415
-34.42383
-33.781433
-31.843567
-33.75702
-32.292175
-34.37805
-33.30841
-34.32617
-33.59375
-32.858276
-34.396362
-33.57849
-33.628845
-33.703613
-33.39386
-33.154297
-32.31659
-34.42993
-33.265686
-33.807373
-34.42993
-32.44629
-33.320618
-34.45282
-34.140015
-33.361816
-33.90045
-33.010864
-32.9834
-33.581543
-32.443237
-34.50775
-34.413147
-34.181213
-35.04944
-34.902954
-33.90503
-32.920837
-32.217407
-33.666992
-34.181213
-35.34851
-32.84912
-32.54547
-33.83789
-32.759094
-33.140564
-33.45337
-33.920288
-33.09326
-33.691406
-32.756042
-34.207153
-34.207153
-34.207153
-34.835815
-34.487915
-31.92749
-33.262634
-32.0282
-33.769226
-33.377075
-34.057617
-33.992004
-32.49817
-33.543396
-31.88324
-33.979797
-33.5968
-34.490967
-32.28302
-33.34198
-33.241272
-32.424927
-34.046936
-33.929443
-32.684326
-33.32672
-34.049988
-34.365845
-33.04596
-32.946777
-32.766724
-32.64923
-33.769226
-34.048462
-32.35321
-33.10547
-33.403015
-32.322693
-33.906555
-32.247925
-32.24945
-32.36084
-33.776855
-32.426453
-31.208801
-31.747437
-33.84857
-31.669617
-33.10852
-31.161499
-32.17926
-32.357788
-33.31604
-31.863403
-31.910706
-32.113647
-33.177185
-32.885742
-32.243347
-32.817078
-33.540344
-33.02765
-31.518555
-33.610535
-32.643127
-33.032227
-33.17871
-32.14569
-32.89795
-32.295227
-32.302856
-32.644653
-32.606506
-32.426453
-34.21173
-32.44629
-31.570435
-33.628845
-33.625793
-33.625793
-33.198547
-32.737732
-31.918335
-33.395386
-31.93512
-31.869507
-31.993103
-32.899475
-32.987976
-32.521057
-32.47986
-33.467102
-32.50122
-31.994629
-33.016968
-31.684875
-32.992554
-33.631897
-32.80945
-34.269714
-33.158875
-34.539795
-34.04541
-32.896423
-30.366516
-31.788635
-32.608032
-33.815002
-32.426453
-32.295227
-33.17108
-33.932495
-32.443237
-32.995605
-31.915283
-31.861877
-32.380676
-33.07953
-32.44934
-33.158875
-32.67517
-33.95691
-31.188965
-33.499146
-33.68683
-32.247925
-33.979797
-32.652283
-31.938171
-32.53784
-31.439209
-33.02765
-31.513977
-32.554626
-32.858276
-32.183838
-33.850098
-33.90808
-33.08258
-33.328247
-33.08258
-34.35974
-33.270264
-31.811523
-32.313538
-31.199646
-33.61969
-33.000183
-32.4234
-32.514954
-32.118225
-31.921387
-31.741333
-33.23517
-32.167053
-33.68683
-33.68683
-31.933594
-33.68683
-33.906555
-31.245422
-33.50067
-32.91931
-32.08618
-32.559204
-32.562256
-32.617188
-33.55713
-32.06787
-32.429504
-32.122803
-32.310486
-33.17566
-33.200073
-34.01947
-32.66754
-34.002686
-33.60901
-32.261658
-32.96051
-33.259583
-32.009888
-33.207703
-33.58612
-34.13086
-34.59015
-33.38623
-32.780457
-33.8562
-33.885193
-31.782532
-33.735657
-35.957336
-35.30121
-32.69348
-33.044434
-33.10852
-34.0271
-33.694458
-34.5932
-34.080505
-35.087585
-33.280945
-34.329224
-34.638977
-33.98285
-32.962036
-33.169556
-33.772278
-33.039856
-33.140564
-34.883118
-34.883118
-33.932495
-33.71582
-34.960938
-34.62982
-33.29773
-32.984924
-33.988953
-33.60443
-34.986877
-36.010742
-34.025574
-34.631348
-33.932495
-34.44519
-34.622192
-33.966064
-33.976746
-34.335327
-33.843994
-33.09021
-33.09021
-33.09021
-34.280396
-33.277893
-34.41925
-35.154724
-33.3313
-34.3338
-33.761597
-34.402466
-33.5495
-33.93097
-32.995605
-33.5495
-33.641052
-34.57489
-32.652283
-33.695984
-33.27484
-34.622192
-35.01587
-32.894897
-33.551025
-33.598328
-33.088684
-34.075928
-33.1131
-32.989502
-32.328796
-33.273315
-32.455444
-31.736755
-34.01947
-31.66809
-33.906555
-33.18329
-32.8537
-33.200073
-34.368896
-31.958008
-33.036804
-32.476807
-33.636475
-33.236694
-33.38623
-33.32367
-33.58307
-33.5968
-33.058167
-33.892822
-33.668518
