1.8869934
1.2848511
0.27330017
0.06498718
0.047042847
-0.7131195
-0.56707764
-0.25224304
0.21583557
0.38941956
0.06858826
-0.65086365
-1.2218933
-1.256607
-0.96450806
-0.84480286
-1.0112
-1.0997772
-1.0028229
-0.6855774
-0.37075806
-0.15527344
0.06619263
0.19787598
0.2696991
0.36787415
0.35829163
0.35949707
0.24217224
-0.11576843
-0.35279846
-0.3264618
-0.17800903
-0.10978699
-0.29293823
-0.45214844
-0.12174988
0.44328308
0.53785706
0.3666687
0.45526123
0.7796631
1.4129333
2.1419678
2.3861847
2.1192322
1.5565948
0.94247437
0.513916
0.33554077
0.4013977
0.5617981
0.75213623
1.0250702
1.087326
0.88861084
0.71502686
0.54981995
0.44926453
0.37625122
0.32955933
0.4205475
0.8179779
1.2621002
1.4668121
1.3471069
0.9664154
0.30082703
-0.15287781
-0.31448364
-0.17442322
0.30921936
0.80122375
1.1064758
1.0202942
0.74494934
0.5115204
0.4756012
0.6408081
0.65397644
0.40737915
0.31399536
0.4827881
0.50912476
0.056610107
-0.33602905
-0.10618591
0.5019531
1.10289
1.3542786
1.3411102
1.5601807
1.8929749
2.153946
2.280838
2.3347015
2.359848
2.3490753
2.4005432
2.450821
2.0809174
1.5194855
1.1388092
0.8287506
0.4995575
0.36068726
0.53666687
1.0993042
1.4811707
1.3459015
1.0119019
1.0466309
1.142395
1.1100769
0.9125519
0.8108063
0.97958374
1.236969
1.478775
1.9695892
2.1635132
1.4692078
0.3487091
-0.46652222
-0.4162445
0.17753601
0.826355
1.1196442
1.0202942
0.8443146
0.91134644
1.0346527
0.96043396
0.7640991
0.5031433
0.21343994
0.27209473
0.52108765
0.78326416
0.90896606
0.6707306
0.30082703
0.29125977
0.6623535
0.850296
1.1711273
1.8642426
2.0569763
1.6176453
1.5793457
1.8438873
2.265274
2.6710968
2.6279907
2.2533112
1.9899445
1.7517242
1.3854065
0.9927521
0.94966125
0.9652252
1.0119171
1.0298615
0.9951477
1.063385
1.2046356
1.0250702
0.72579956
0.57377625
0.5498352
0.63601685
0.53427124
0.41815186
0.45526123
0.45645142
-0.058303833
-0.73587036
-0.76698303
-0.2582245
0.4648285
0.9628296
1.1040802
1.0681763
0.9807892
0.9807892
0.9161377
0.5582123
0.09611511
-0.23068237
-0.27497864
-0.12055969
-0.08345032
-0.30371094
-0.44856262
-0.17802429
0.41215515
0.647995
0.48518372
0.3259735
0.31159973
0.61087036
1.5996857
2.1982422
2.019867
1.6212311
1.2860413
1.3016052
1.5937042
1.612854
1.3231506
1.3099976
1.5841217
1.786438
1.6356049
1.5709534
1.5529938
1.1160583
0.8574829
1.0334625
1.178299
1.2034454
1.3099823
1.3063965
1.1519623
1.0753632
0.9077606
0.58573914
0.23258972
0.4528656
0.6300354
0.39300537
0.09613037
-0.03794861
0.09732056
0.27209473
0.3630829
0.4863739
0.34631348
0.06977844
0.015914917
0.30203247
0.80122375
0.9161377
0.20506287
-0.2833557
0.87184143
0.8574829
0.25294495
-0.6125641
-0.5934143
0.24456787
0.2756958
-0.4282074
-0.58981323
-0.188797
0.4133606
1.344696
1.9061432
1.4775848
0.9233246
1.2094269
2.0426178
2.5597687
2.5884857
1.9791718
1.3842163
0.9245148
0.72579956
0.78445435
0.84791565
0.889801
1.2513275
1.1926727
0.8359375
0.9759979
1.1603546
1.157959
0.9807892
0.8251648
0.69706726
0.35949707
0.118881226
0.037460327
0.11886597
0.5438385
1.2884369
1.3279419
0.36427307
-0.5144043
-0.7969208
-0.25701904
0.48876953
0.8179779
0.7964325
0.568985
0.41815186
0.39660645
0.52708435
0.71621704
0.8072052
0.56777954
0.08055115
-0.22709656
-0.16604614
0.023101807
0.28167725
0.43011475
0.5067291
0.6982727
0.65756226
0.36906433
0.6838989
1.7146149
2.5286407
2.601654
2.0821228
1.636795
1.513504
1.9384613
2.8710022
3.427658
2.9117126
1.8965607
1.0693665
0.7569275
0.7305908
0.9640198
1.3806152
1.458435
1.142395
0.97839355
1.0526123
1.0933075
1.0023346
0.826355
0.7569275
0.7497406
0.72579956
0.6108856
0.29364014
-0.049926758
-0.10379028
0.38941956
0.7593231
0.3223877
-0.3767395
-0.43778992
-0.047531128
-0.025985718
-0.048721313
-0.27616882
-0.52996826
-0.46292114
-0.08345032
0.24336243
0.30682373
-0.009231567
-0.40307617
-0.60058594
-0.80410767
-1.0243683
-1.1165466
-1.0183868
-1.0399323
-1.0291595
-0.7167206
-0.35758972
-0.19955444
-0.29533386
-0.11457825
-0.38632202
-0.5000305
0.42892456
1.0897217
0.03627014
-0.58981323
-0.1828003
1.0214844
1.7816467
1.5541992
0.8323364
0.27090454
-0.048721313
-0.14808655
0.10450745
0.24816895
0.19309998
0.3152008
0.38941956
0.4636383
0.48518372
0.23379517
-0.17442322
-0.4784851
-0.37553406
-0.11216736
0.16197205
0.42292786
0.41575623
0.07337952
-0.052322388
0.14042664
0.2182312
0.43849182
0.5905304
0.2649231
-0.03315735
0.68510437
1.4811707
1.8355103
1.7325592
1.047821
0.32955933
0.15957642
0.4169464
0.7784729
0.8287506
0.5821533
0.25654602
-0.051116943
-8.392334E-4
0.30801392
0.5809479
0.9017792
1.2489319
1.2788544
1.2992096
1.331543
1.9145203
2.4065247
2.07135
1.5697479
1.0346527
0.8670654
1.588913
2.7764435
3.3151398
2.5884857
1.1627502
0.16795349
-0.15048218
-0.23068237
-0.039154053
0.3259735
0.4492798
0.48876953
0.8108063
1.1783142
1.1783142
1.1795044
0.826355
0.32237244
0.29484558
-0.009216309
-0.47729492
-0.5790405
-0.46652222
-0.188797
0.06619263
0.014724731
-0.3444214
-0.90226746
-1.0088043
-0.5048218
-0.012817383
0.17034912
0.2409668
0.48518372
0.9185333
1.0502167
0.72340393
0.3846283
0.24577332
-0.11218262
-0.48327637
-0.9286041
-1.3547668
-1.4708862
-1.1656189
-0.86395264
-0.82325745
-0.7167053
-0.32167053
-0.025985718
0.5079346
1.2920227
1.8594513
2.0186768
1.5015259
1.1687317
1.2046356
1.3901978
1.6547546
1.4763794
0.84550476
0.43849182
0.4133606
0.26371765
0.37625122
0.6803131
0.7569275
0.60728455
0.40019226
0.26371765
0.19189453
0.5115204
0.613266
-0.22949219
-0.3192749
-0.39349365
-0.11816406
-0.13252258
