0.21974182
0.3347931
0.46740723
0.49086
0.55104065
0.52760315
0.3555603
0.120147705
-0.235672
-0.5291443
-0.5467224
-0.30970764
0.080718994
0.35928345
0.33319092
2.89917E-4
-0.35284424
-0.49719238
-0.4055786
-0.15151978
0.089782715
0.19737244
0.19258118
0.16435242
0.11534119
0.07432556
0.058883667
0.047698975
0.09724426
0.22879028
0.30921936
0.26182556
0.18884277
0.15956116
0.14570618
0.12387085
0.0184021
-0.1802826
-0.3544464
-0.29052734
-0.064697266
0.012008667
-0.20158386
-0.507843
-0.6532593
-0.5754852
-0.45829773
-0.317688
-0.09825134
0.052490234
0.052490234
-0.038589478
-0.15310669
-0.19891357
-0.1776123
-0.13552856
-0.12861633
-0.12860107
-0.07853699
0.015213013
0.04876709
-0.059890747
-0.21116638
-0.20903015
-0.10517883
-0.009307861
0.025863647
0.087646484
0.21760559
0.2916565
0.13877869
-0.15097046
-0.38639832
-0.39918518
-0.1973114
0.08125305
0.29377747
0.3358612
0.25862122
0.17926025
0.13131714
0.07325745
0.0034942627
-0.071624756
-0.1611023
-0.2122345
-0.18026733
-0.11689758
-0.10197449
-0.057235718
0.049301147
0.118011475
0.0887146
-0.055633545
-0.18293762
-0.15789795
-0.17121887
-0.32833862
-0.4993286
-0.48919678
-0.30863953
-0.10357666
0.07434082
0.14942932
0.09883118
0.028533936
-0.0061035156
-0.0753479
-0.1611023
-0.2713623
-0.33898926
-0.25697327
0.017333984
0.30070496
0.41308594
0.32254028
0.14677429
0.08924866
0.12068176
0.012542725
-0.21116638
-0.3144989
-0.046585083
0.41841125
0.56915283
0.3278656
-0.060424805
-0.32781982
-0.34059143
-0.21063232
-0.048187256
0.120666504
0.23678589
0.30282593
0.3251953
0.2644806
0.07167053
-0.14884949
-0.32035828
-0.30703735
-0.092926025
0.127594
0.23731995
0.3582306
0.5467682
0.72094727
0.68792725
0.4423828
0.044509888
-0.30545044
-0.48068237
-0.56111145
-0.7113037
-0.8386078
-0.7970581
-0.60957336
-0.27720642
0.08552551
0.38804626
0.53027344
0.58566284
0.5536957
0.5137634
0.46102905
0.35769653
0.28205872
0.27833557
0.3305359
0.36514282
0.2879181
0.11694336
0.10522461
0.24317932
0.25915527
0.043441772
-0.121154785
-0.07481384
0.058883667
0.08018494
-0.074279785
-0.2361908
-0.33207703
-0.26922607
-0.059906006
0.16967773
0.25222778
0.1867218
0.055160522
-0.07748413
-0.20158386
-0.31661987
-0.35231018
-0.3352661
-0.29319763
-0.13819885
0.06315613
0.17073059
0.104156494
-0.08706665
-0.20423889
-0.17333984
-0.19252014
-0.31236267
-0.27241516
-0.10569763
0.078063965
0.12333679
-0.01940918
-0.22341919
-0.3501892
-0.32621765
-0.19412231
-0.06681824
0.01361084
0.19630432
0.6458435
0.87327576
0.6261444
0.24052429
-0.008239746
-0.024215698
0.13931274
0.39871216
0.5505066
0.45410156
0.23571777
-0.009292603
-0.10676575
0.02267456
0.1595459
0.11268616
-0.02633667
-0.09185791
-0.060424805
-0.08439636
-0.18560791
-0.2942505
-0.29745483
-0.205307
-0.10357666
-0.071624756
0.019470215
0.2612915
0.6682129
0.15582275
-0.60424805
-0.86257935
-0.5925293
-0.31396484
-0.18347168
-0.050842285
0.07965088
0.14091492
0.12333679
0.09989929
0.12652588
0.20056152
0.1979065
0.035980225
-0.24897766
-0.45884705
-0.47854614
-0.5302124
-0.5094452
-0.28892517
-0.13233948
-0.031143188
0.07965088
0.03704834
-0.13233948
-0.2788086
-0.25271606
-0.088134766
0.0050811768
-0.0066375732
-0.017822266
8.239746E-4
0.10948181
0.26820374
0.4386444
0.4727478
0.32040405
0.1398468
0.10256958
-0.002380371
-0.30970764
-0.52809143
-0.41729736
-0.1334076
-0.00982666
-0.15045166
-0.29638672
-0.30543518
-0.17707825
0.03704834
0.2021637
0.1867218
0.0098724365
-0.18133545
-0.27667236
-0.2207489
-0.0993042
-0.012496948
-0.02368164
-0.0710907
-0.081207275
-0.06362915
-0.053512573
-0.08653259
-0.12327576
-0.08174133
0.09617615
0.20162964
0.12333679
-0.18080139
-0.45777893
-0.57069397
-0.5397949
-0.46150208
-0.46417236
-0.35710144
-0.081726074
0.23039246
0.5105591
0.57766724
0.37953186
0.055160522
-0.14033508
-0.019424438
0.20536804
0.32147217
0.30815125
0.30603027
0.3827362
0.44877625
0.4098816
0.29112244
0.16967773
0.02319336
0.010940552
0.25543213
0.45303345
0.366745
0.17607117
0.13238525
0.24423218
0.2575531
0.0460968
-0.27934265
-0.28041077
0.028533936
0.31347656
0.34544373
0.15209961
-0.15205383
-0.41836548
-0.5632324
-0.5754852
-0.48120117
-0.30117798
-0.09239197
0.09883118
0.24423218
0.34970093
0.34170532
0.26182556
0.19418335
0.18991089
0.19577026
0.3353119
0.796051
0.9371948
-0.00982666
-0.458313
-0.18133545
0.07167053
-0.01889038
-0.44499207
-0.92329407
-1.063385
-0.8354187
-0.364563
0.12547302
0.22506714
0.03012085
-0.12860107
-0.20423889
-0.17068481
-0.13287354
-0.12808228
-0.095581055
0.007217407
0.14570618
0.2186737
0.18565369
0.06793213
-0.060958862
-0.12168884
-0.13819885
-0.19145203
-0.28466797
-0.427948
-0.62875366
-0.908371
-0.9946594
-0.8029175
-0.5589752
-0.43699646
-0.44126892
-0.42155457
-0.19093323
0.30708313
0.7007141
0.8461151
0.763031
0.4535675
0.0849762
-0.13552856
-0.22927856
-0.29585266
-0.3411255
-0.2937317
-0.123809814
-0.025817871
-0.09825134
-0.28201294
-0.30438232
-0.020492554
0.17926025
0.07006836
-0.13233948
-0.003967285
0.3720703
0.50737
0.2644806
-0.13233948
-0.32035828
-0.26657104
-0.1611023
-0.052444458
0.06048584
0.11001587
0.10948181
0.10682678
0.0652771
-0.020477295
-0.076934814
-0.011428833
0.13505554
0.41841125
0.5350647
0.5526428
0.50416565
0.4759369
0.36567688
0.2644806
0.34544373
0.33744812
0.035446167
-0.1616211
-0.050308228
0.11747742
0.07539368
-0.1568451
-0.3491211
-0.27401733
-0.019958496
0.22879028
0.38539124
0.47221375
0.45091248
0.22827148
-0.08227539
-0.32887268
-0.47801208
-0.44552612
-0.2745514
-0.09346008
0.003479004
0.06687927
-2.4414062E-4
-0.17228699
-0.19837952
-0.13873291
-0.21330261
-0.40664673
-0.5893402
-0.4902649
-0.050842285
0.46154785
0.65437317
0.4951172
0.2655487
0.17712402
0.17500305
0.12652588
0.05781555
0.06687927
0.15156555
0.30389404
0.40989685
0.31188965
0.09350586
-0.01889038
0.06314087
0.26608276
0.55955505
0.7140198
0.40615845
0.12120056
-0.034332275
0.04876709
