-26.028442
-25.595093
-24.54071
-25.617981
-25.77362
-24.093628
-24.708557
-23.294067
-23.414612
-25.23346
-23.464966
-25.254822
-25.2594
-25.332642
-25.689697
-25.216675
-23.898315
-24.856567
-25.900269
-25.335693
-25.160217
-25.154114
-24.638367
-26.112366
-26.289368
-24.412537
-24.685669
-23.81897
-25.950623
-23.934937
-23.678589
-23.780823
-24.476624
-25.32959
-25.09613
-23.80066
-22.843933
-22.477722
-24.819946
-23.677063
-22.428894
-22.880554
-24.617004
-24.128723
-25.241089
-24.938965
-24.70398
-25.334167
-24.127197
-24.255371
-25.390625
-23.777771
-23.846436
-25.325012
-25.325012
-25.325012
-24.334717
-24.795532
-24.68872
-23.899841
-24.380493
-24.232483
-25.691223
-26.45874
-25.115967
-25.382996
-26.16272
-25.550842
-24.275208
-27.003479
-27.244568
-23.312378
-24.848938
-25.428772
-24.21112
-24.882507
-25.45166
-26.293945
-25.961304
-24.1745
-23.814392
-23.213196
-25.616455
-21.769714
-24.539185
-25.309753
-24.563599
-25.379944
-24.664307
-25.689697
-26.65863
-25.549316
-26.153564
-23.423767
-24.830627
-25.0
-24.528503
-24.124146
-25.064087
-25.836182
-26.506042
-24.969482
-26.524353
-25.231934
-25.056458
-26.660156
-24.372864
-25.784302
-25.494385
-25.66986
-25.569153
-25.58136
-27.137756
-25.92926
-26.052856
-25.587463
-24.201965
-25.758362
-25.942993
-26.577759
-25.25177
-25.839233
-24.809265
-25.804138
-23.214722
-26.304626
-26.31073
-24.349976
-25.541687
-25.70343
-25.099182
-25.099182
-25.099182
-26.261902
-26.109314
-25.439453
-25.447083
-26.99585
-26.307678
-26.902771
-26.02539
-28.468323
-26.765442
-27.114868
-27.653503
-26.849365
-27.192688
-25.331116
-26.6922
-27.774048
-25.569153
-25.689697
-26.25885
-28.855896
-29.840088
-29.258728
-28.392029
-28.877258
-27.659607
-27.1698
-28.3432
-27.676392
-28.559875
-26.045227
-25.653076
-25.442505
-26.216125
-25.334167
-26.071167
-26.202393
-25.723267
-26.202393
-26.246643
-24.450684
-24.694824
-25.53711
-25.489807
-24.902344
-25.698853
-24.6521
-24.468994
-23.690796
-24.873352
-26.177979
-26.115417
-25.28534
-25.332642
-25.357056
-24.154663
-26.721191
-26.281738
-25.250244
-26.550293
-25.604248
-26.246643
-25.813293
-27.32544
-26.271057
-24.656677
-25.164795
-25.454712
-26.473999
-28.947449
-25.445557
-26.41449
-26.41449
-25.89264
-26.623535
-27.078247
-26.043701
-26.000977
-26.672363
-26.71051
-27.255249
-26.522827
-27.420044
-26.02539
-26.55487
-26.348877
-25.883484
-26.846313
-25.315857
-26.524353
-24.848938
-25.74768
-26.306152
-24.429321
-25.58136
-25.331116
-26.393127
-25.309753
-24.583435
-25.660706
-25.11139
-24.194336
-25.187683
-26.38092
-25.794983
-25.878906
-26.048279
-25.865173
-23.960876
-25.331116
-24.98169
-26.480103
-25.51117
-24.739075
-25.300598
-23.678589
-25.1297
-27.799988
-26.287842
-25.688171
-24.681091
-26.538086
-24.987793
-24.655151
-26.391602
-25.84076
-25.474548
-24.813843
-23.716736
-24.006653
-24.35608
-23.501587
-25.161743
-23.561096
-23.442078
-23.902893
-25.334167
-23.0484
-23.872375
-23.939514
-23.710632
-23.078918
-25.126648
-24.076843
-24.876404
-24.620056
-24.687195
-24.687195
-24.44458
-23.693848
-24.147034
-24.879456
-25.975037
-27.487183
-24.681091
-24.534607
-23.777771
-24.594116
-22.787476
-24.124146
-24.020386
-24.588013
-25.009155
-22.666931
-23.068237
-24.201965
-24.345398
-23.840332
-24.36676
-25.115967
-23.919678
-24.266052
-23.405457
-22.169495
-26.47705
-22.671509
-22.97821
-25.772095
-22.105408
-24.804688
-24.501038
-25.00763
-24.945068
-24.89624
-23.2193
-22.758484
-22.315979
-22.950745
-23.014832
-21.556091
-21.308899
-22.987366
-23.838806
-22.866821
-24.58496
-23.165894
-23.606873
-23.594666
-23.187256
-23.82965
-23.356628
-26.89972
-23.716736
-25.335693
-24.6109
-25.204468
-25.637817
-24.142456
-25.227356
-25.52948
-26.271057
-27.482605
-25.256348
-26.16272
-26.101685
-26.490784
-26.002502
-25.569153
-25.386047
-26.727295
-26.15509
-25.93689
-25.93689
-25.93689
-25.36621
-23.461914
-24.890137
-24.649048
-23.239136
-23.751831
-24.554443
-24.255371
-26.005554
-24.6109
-23.857117
-25.642395
-25.662231
-24.76654
-25.27771
-26.35498
-26.368713
-26.295471
-24.060059
-25.608826
-25.87738
-24.430847
-25.160217
-23.97461
-22.607422
-22.584534
-23.416138
-22.46399
-22.419739
-22.2641
-21.757507
-21.496582
-22.462463
-23.136902
-21.80481
-22.387695
-21.632385
-24.357605
-21.632385
-23.153687
-23.143005
-22.389221
-22.215271
-23.947144
-21.582031
-21.742249
-23.266602
-22.052002
-19.189453
-19.206238
-18.232727
-19.226074
-17.7948
-17.93518
-17.547607
-19.192505
-18.670654
-20.233154
-18.986511
-18.670654
-19.067383
-19.86084
-19.107056
-19.86084
-20.199585
-20.654297
-20.40863
-19.25354
-19.224548
-20.01648
-19.970703
-20.097351
-20.436096
-18.296814
-18.296814
-21.192932
-19.244385
-19.947815
-18.974304
-19.743347
-19.92035
-19.86084
-20.733643
-21.878052
-20.523071
-20.352173
-19.343567
-20.022583
-20.666504
-20.663452
-22.04895
-20.101929
-21.47522
-20.355225
-22.587585
-19.824219
-21.525574
-21.29364
-22.154236
-22.547913
-21.461487
-22.546387
-23.381042
-21.92688
-23.712158
-23.683167
-22.013855
-23.416138
-23.202515
-24.197388
-21.847534
-23.487854
-22.795105
-22.88971
-22.714233
-21.569824
-22.073364
-22.650146
-21.920776
-22.668457
-23.38562
-23.62976
-23.265076
-22.88208
-22.340393
-23.573303
-23.417664
-22.283936
-20.922852
-21.786499
-21.560669
-22.29004
-22.595215
-21.995544
-21.636963
-22.216797
-22.920227
-21.543884
-21.670532
-22.161865
-21.170044
-22.195435
-21.377563
-23.396301
-22.625732
-21.679688
-23.179626
-21.302795
-23.313904
-23.313904
-23.313904
-22.569275
-23.869324
-21.575928
-22.17865
-23.832703
